1.2034524727502376
1.2014654354273475
1.1991012694186403
1.1963613319798354
1.1932472192738579
1.1897607765874152
1.1859041101609724
1.1816796007122776
1.1770899187443740
1.1721380417400598
1.1668272733560203
1.1611612647412617
1.1551440381159450
1.1487800127581000
1.1420740335567932
1.1350314023008428
1.1276579118817796
1.1199598835979532
1.1119442077528967
1.1036183877444850
1.0949905878411357
1.0860696848360472
1.0768653237587906
1.0673879778036388
1.0576490126035727
1.0476607549352952
1.0374365658805955
1.0269909183892389
1.0163394790838356
1.0054991940127471
0.9944883778873899
0.9833268061289043
0.9720358087894535
0.9606383650984884
0.9491591970076035
0.9376248596634692
0.9260638262231061
0.9145065638388233
0.9029855969859045
0.8915355535958767
0.8801931887128285
0.8689973796429930
0.8579890858672624
0.8472112663989938
0.8367087468816237
0.8265280286380511
0.8167170322288995
0.8073247689816129
0.7984009355459198
0.7899954289212854
0.7821577826507807
0.7749365289716171
0.7683784965410433
0.7625280586771088
0.7574263524906827
0.7531104943370526
0.7496128210952705
0.7469601892858545
0.7451733644302836
0.7442665309809725
0.7442469485141104
0.7451147729054367
0.7468630524477766
0.7494778991282176
0.7529388255202558
0.7572192289233657
0.7622869973178328
0.7681052069565840
0.7746328792282042
0.7818257647156133
0.7896371247948766
0.7980184851416814
0.8069203405349706
0.8162927957785162
0.8260861328959926
0.8362512996112291
0.8467403182565610
0.8575066175391208
0.8685052920218546
0.8796932958026042
0.8910295778070733
0.9024751664784376
0.9139932115799339
0.9255489904499724
0.9371098854688329
0.9486453387988927
0.9601267897140048
0.9715275990873913
0.9828229648951240
0.9939898319352478
1.0050067983726054
1.0158540212010012
1.0265131222671613
1.0369670961213731
1.0472002206421915
1.0571979711205908
1.0669469382755996
1.0764347505020384
1.0856500005151686
1.0945821764511408
1.1032215974009911
1.1115593532951320
1.1195872490110355
1.1272977525458410
1.1346839470752768
1.1417394867082760
1.1484585557411822
1.1548358312149458
1.1608664485820062
1.1665459702956598
1.1718703571428375
1.1768359421507779
1.1814394069085663
1.1856777601555921
1.1895483185003435
1.1930486891444334
1.1961767544981698
1.1989306585852400
1.2013087951451371
1.2033097973527345
1.2049325290849391
1.2061760776746084
1.2070397481019088
1.2075230585830761
1.2076257375261221
1.2073477218324673
1.2066891565328104
1.2056503957548153
1.2042320050294490
1.2024347649521143
1.2002596762240836
1.1977079661092709
1.1947810963510479
1.1914807726037160
1.1878089554433808
1.1837678730333787
1.1793600355300848
1.1745882513258958
1.1694556452373612
1.1639656787578627
1.1581221725057436
1.1519293310103245
1.1453917699895895
1.1385145462842634
1.1313031906232325
1.1237637434043397
1.1159027936820021
1.1077275215581714
1.0992457441749988
1.0904659655051241
1.0813974301274236
1.0720501811606342
1.0624351225025730
1.0525640854861422
1.0424499000120730
1.0321064701488680
1.0215488540985722
1.0107933483080462
0.9998575753539161
0.9887605750392885
0.9775228979050453
0.9661667000711998
0.9547158379775335
0.9431959611812675
0.9316346008879399
0.9200612513375832
0.9085074405432753
0.8970067861906790
0.8855950317710173
0.8743100572628020
0.8631918579402442
0.8522824842261881
0.8416259350013479
0.8312679965264721
0.8212560192454408
0.8116386253447815
0.8024653411823953
0.7937861506879156
0.7856509686685811
0.7781090366575437
0.7712082484564928
0.7649944176751846
0.7595105050462367
0.7547958286487286
0.7508852848527311
0.7478086111865588
0.7455897238424775
0.7442461617130610
0.7437886654522223
0.7442209141457521
0.7455394341511602
0.7477336852232749
0.7507863190906885
0.7546735961769578
0.7593659380840188
0.7648285874786656
0.7710223435506767
0.7779043403161792
0.7854288364926424
0.7935479890158242
0.8022125869193949
0.8113727276419767
0.8209784233054689
0.8309801296734978
0.8413291950349833
0.8519782299853460
0.8628814019341735
0.8739946601807770
0.8852758986562492
0.8966850640542423
0.9081842171963679
0.9197375552317382
0.9313114017698144
0.9428741713888834
0.9543963142263938
0.9658502456001918
0.9772102648724780
0.9884524670782324
0.9995546502128747
1.0104962205177788
1.0212580976186270
1.0318226209581864
1.0421734586170399
1.0522955193268846
1.0621748682443495
1.0717986468620013
1.0811549972806900
1.0902329909475872
1.0990225618717269
1.1075144442587896
1.1157001144551670
1.1235717370544434
1.1311221149944144
1.1383446434571269
1.1452332673761529
1.1517824423527145
1.1579870987840268
1.1638426090122060
1.1693447573094569
1.1744897125242908
1.1792740032237252
1.1836944951773398
1.1877483710404084
1.1914331121048336
1.1947464819981453
1.1976865122222233
1.2002514894346106
1.2024399443862395
1.2042506424400852
1.2056825756056619
1.2067349560344234
1.2074072109310294
1.2076989788451196
1.2076101073177590
1.2071406518660874
1.2062908762990014
1.2050612543659573
1.2034524727502376
1.2014654354273475
1.1991012694186403
1.1963613319798354
