1.2105147431136050
1.2084826381504232
1.2060646190484481
1.2032619333062200
1.2000760496738976
1.1965086684116084
1.1925617331852629
1.1882374446881081
1.1835382760886104
1.1784669904180645
1.1730266600246024
1.1672206882340026
1.1610528333718171
1.1545272353157578
1.1476484447618385
1.1404214554022569
1.1328517392270978
1.1249452851752553
1.1167086413719358
1.1081489611999824
1.0992740534591872
1.0900924368704554
1.0806133991787243
1.0708470610980079
1.0608044453214787
1.0504975507862808
1.0399394323332143
1.0291442858313553
1.0181275387419553
1.0069059459686656
0.9954976906752829
0.9839224895399205
0.9722017016469440
0.9603584398857072
0.9484176833182161
0.9364063884868412
0.9243535970498648
0.9122905364514442
0.9002507095526002
0.8882699682774838
0.8763865653813054
0.8646411774542920
0.8530768912901384
0.8417391448412955
0.8306756132580480
0.8199360300940676
0.8095719338167336
0.7996363304667906
0.7901832648582849
0.7812672952717282
0.7729428703006123
0.7652636114066542
0.7582815107339790
0.7520460605659558
0.7466033380214206
0.7419950755251284
0.7382577534441319
0.7354217551894850
0.7335106262431832
0.7325404764095121
0.7325195589021345
0.7334480509219697
0.7353180488946131
0.7381137786554826
0.7418120079595287
0.7463826371186083
0.7517894344834947
0.7579908776471744
0.7649410589317258
0.7725906147456248
0.7808876422011176
0.7897785721708179
0.7992089748710615
0.8091242812755616
0.8194704105241737
0.8301942995300713
0.8412443359351088
0.8525706993223747
0.8641256182049548
0.8758635518974035
0.8877413071156132
0.8997180992310179
0.9117555677079154
0.9238177545380052
0.9358710535857342
0.9478841377739218
0.9598278700461732
0.9716752030920192
0.9834010719446054
0.9949822827765324
1.0063974005338963
1.0176266374610261
1.0286517440735337
1.0394559037268745
1.0500236315922535
1.0603406785815046
1.0703939405480478
1.0801713729233140
1.0896619108191843
1.0988553945300243
1.1077425002967978
1.1163146761453910
1.1245640825774172
1.1324835378708147
1.1400664677366494
1.1473068590752629
1.1541992175774103
1.1607385289227847
1.1669202233381035
1.1727401432888231
1.1781945140918135
1.1832799172504036
1.1879932663276713
1.1923317851884450
1.1962929884548792
1.1998746640346261
1.2030748575943666
1.2058918588647602
1.2083241896757086
1.2103705936331650
1.2120300273606266
1.2133016532399159
1.2141848335969301
1.2146791262888128
1.2147842816594796
1.2145002408406931
1.2138271353860184
1.2127652882350242
1.2113152160151233
1.2094776326985139
1.2072534546418865
1.2046438070469234
1.2016500318902466
1.1982736973823898
1.1945166090266583
1.1903808223604322
1.1858686574736046
1.1809827154114649
1.1757258965824327
1.1701014213046286
1.1641128526392757
1.1577641216732957
1.1510595554280769
1.1440039075860629
1.1366023922412680
1.1288607208937356
1.1207851429208366
1.1123824897695007
1.1036602231222037
1.0946264872947138
1.0852901661239098
1.0756609445977356
1.0657493754644174
1.0555669510318932
1.0451261803277079
1.0344406717306132
1.0235252211030581
1.0123959053431177
1.0010701811287315
0.9895669884388943
0.9779068581972229
0.9661120230838682
0.9542065301922028
0.9422163537572299
0.9301695056440765
0.9180961406500113
0.9060286529385303
0.8940017590914235
0.8820525623454495
0.8702205915978583
0.8585478077598436
0.8470785690707604
0.8358595461459870
0.8249395769340165
0.8143694515498719
0.8042016173047690
0.7944897953553121
0.7852885024374570
0.7766524742902293
0.7686359917051553
0.7612921156430567
0.7546718443692607
0.7488232127101924
0.7437903607640129
0.7396126059592125
0.7363235573875808
0.7339503139812209
0.7325127876443547
0.7320231884801326
0.7324857017910243
0.7338963760887209
0.7362432288916178
0.7395065639051661
0.7436594806827789
0.7486685473493772
0.7544945994133853
0.7610936236201069
0.7684176852440167
0.7764158597808802
0.7850351349764678
0.7942212556584519
0.8039194910597804
0.8140753114847810
0.8246349677030067
0.8355459719934414
0.8467574841271013
0.8582206087489969
0.8698886126917462
0.8817170718807755
0.8936639578626470
0.9056896737930928
0.9177570491329846
0.9298313014656685
0.9418799728851193
0.9538728473993312
0.9657818548096818
0.9775809656055066
0.9892460805778014
1.0007549181182211
1.0120869015317815
1.0232230481504190
1.0341458615826573
1.0448392280629353
1.0552883175628305
1.0654794900856099
1.0754002073759716
1.0850389501300464
1.0943851406791982
1.1034290710383792
1.1121618361501620
1.1205752721144433
1.1286618991672426
1.1364148691568203
1.1438279172588584
1.1508953176725942
1.1576118430448770
1.1639727273777307
1.1699736321861749
1.1756106156858830
1.1808801048041304
1.1857788698219585
1.1903040014701254
1.1944528903160461
1.1982232082932893
1.2016128922392266
1.2046201293200125
1.2072433442351882
1.2094811881068248
1.2113325289702659
1.2127964437952421
1.2138722119774119
1.2145593102513257
1.2148574089864137
1.2147663698379936
1.2142862447354714
1.2134172761999913
1.2121598989937958
1.2105147431136050
1.2084826381504232
1.2060646190484481
1.2032619333062200
