1.0000039760776442
1.0000039269415197
1.0000038685100259
1.0000038009241441
1.0000037243466819
1.0000036389618840
1.0000035449749918
1.0000034426117517
1.0000033321178730
1.0000032137584418
1.0000030878172845
1.0000029545962903
1.0000028144146895
1.0000026676082900
1.0000025145286746
1.0000023555423594
1.0000021910299173
1.0000020213850687
1.0000018470137400
1.0000016683330917
1.0000014857705244
1.0000012997626555
1.0000011107542739
1.0000009191972787
1.0000007255495960
1.0000005302740855
1.0000003338374355
1.0000001367090461
0.9999999393599089
0.9999997422614799
0.9999995458845545
0.9999993506981389
0.9999991571683324
0.9999989657572127
0.9999987769217302
0.9999985911126172
0.9999984087733099
0.9999982303388912
0.9999980562350486
0.9999978868770569
0.9999977226687887
0.9999975640017479
0.9999974112541342
0.9999972647899408
0.9999971249580843
0.9999969920915714
0.9999968665067043
0.9999967485023232
0.9999966383590951
0.9999965363388420
0.9999964426839150
0.9999963576166192
0.9999962813386805
0.9999962140307656
0.9999961558520513
0.9999961069398448
0.9999960674092552
0.9999960373529201
0.9999960168407854
0.9999960059199395
0.9999960046145017
0.9999960129255652
0.9999960308311960
0.9999960582864877
0.9999960952236681
0.9999961415522652
0.9999961971593232
0.9999962619096732
0.9999963356462578
0.9999964181905091
0.9999965093427756
0.9999966088828024
0.9999967165702593
0.9999968321453138
0.9999969553292549
0.9999970858251617
0.9999972233186168
0.9999973674784565
0.9999975179575642
0.9999976743937017
0.9999978364103765
0.9999980036177439
0.9999981756135407
0.9999983519840491
0.9999985323050856
0.9999987161430159
0.9999989030557958
0.9999990925940276
0.9999992843020364
0.9999994777189589
0.9999996723798505
0.9999998678167936
1.0000000635600206
1.0000002591390382
1.0000004540837539
1.0000006479256001
1.0000008401986578
1.0000010304407692
1.0000012181946449
1.0000014030089575
1.0000015844394230
1.0000017620498662
1.0000019354132643
1.0000021041127667
1.0000022677426939
1.0000024259095088
1.0000025782327588
1.0000027243459866
1.0000028638976064
1.0000029965517463
1.0000031219890526
1.0000032399074568
1.0000033500228964
1.0000034520699939
1.0000035458026941
1.0000036309948555
1.0000037074407897
1.0000037749557555
1.0000038333764014
1.0000038825611555
1.0000039223905650
1.0000039527675868
1.0000039736178163
1.0000039848896678
1.0000039865544990
1.0000039786066810
1.0000039610636120
1.0000039339656752
1.0000038973761458
1.0000038513810390
1.0000037960889050
1.0000037316305730
1.0000036581588370
1.0000035758480923
1.0000034848939188
1.0000033855126154
1.0000032779406838
1.0000031624342631
1.0000030392685180
1.0000029087369791
1.0000027711508439
1.0000026268382345
1.0000024761434145
1.0000023194259637
1.0000021570599205
1.0000019894328869
1.0000018169451041
1.0000016400084966
1.0000014590456849
1.0000012744889790
1.0000010867793425
1.0000008963653402
1.0000007037020655
1.0000005092500519
1.0000003134741731
1.0000001168425314
0.9999999198253385
0.9999997228937917
0.9999995265189479
0.9999993311705950
0.9999991373161318
0.9999989454194489
0.9999987559398205
0.9999985693308051
0.9999983860391618
0.9999982065037814
0.9999980311546374
0.9999978604117565
0.9999976946842153
0.9999975343691603
0.9999973798508587
0.9999972314997790
0.9999970896717051
0.9999969547068845
0.9999968269292170
0.9999967066454771
0.9999965941445808
0.9999964896968927
0.9999963935535811
0.9999963059460140
0.9999962270852059
0.9999961571613127
0.9999960963431753
0.9999960447779171
0.9999960025905895
0.9999959698838723
0.9999959467378282
0.9999959332097087
0.9999959293338172
0.9999959351214265
0.9999959505607501
0.9999959756169683
0.9999960102323089
0.9999960543261857
0.9999961077953887
0.9999961705143308
0.9999962423353472
0.9999963230890467
0.9999964125847145
0.9999965106107689
0.9999966169352632
0.9999967313064401
0.9999968534533302
0.9999969830864001
0.9999971198982416
0.9999972635643062
0.9999974137436791
0.9999975700798941
0.9999977322017818
0.9999978997243563
0.9999980722497348
0.9999982493680869
0.9999984306586125
0.9999986156905470
0.9999988040241881
0.9999989952119468
0.9999991887994145
0.9999993843264473
0.9999995813282653
0.9999997793365618
0.9999999778806207
1.0000001764884405
1.0000003746878605
1.0000005720076885
1.0000007679788272
1.0000009621353920
1.0000011540158240
1.0000013431639916
1.0000015291302784
1.0000017114726572
1.0000018897577454
1.0000020635618392
1.0000022324719235
1.0000023960866598
1.0000025540173414
1.0000027058888237
1.0000028513404191
1.0000029900267575
1.0000031216186094
1.0000032458036723
1.0000033622873163
1.0000034707932854
1.0000035710643567
1.0000036628629563
1.0000037459717250
1.0000038201940360
1.0000038853544631
1.0000039412991988
1.0000039878964222
1.0000040250366133
1.0000040526328116
1.0000040706208233
1.0000040789593734
1.0000040776302055
1.0000040666381218
1.0000040460109716
1.0000040157995838
1.0000039760776442
1.0000039269415197
1.0000038685100259
1.0000038009241441
