1.0000000000228415
1.0000000000228553
1.0000000000228291
1.0000000000227633
1.0000000000226583
1.0000000000225144
1.0000000000223337
1.0000000000221192
1.0000000000218723
1.0000000000215932
1.0000000000212828
1.0000000000209432
1.0000000000205760
1.0000000000201821
1.0000000000197617
1.0000000000193154
1.0000000000188434
1.0000000000183464
1.0000000000178264
1.0000000000172848
1.0000000000167231
1.0000000000161435
1.0000000000155460
1.0000000000149312
1.0000000000143008
1.0000000000136564
1.0000000000130005
1.0000000000123357
1.0000000000116636
1.0000000000109861
1.0000000000103058
1.0000000000096254
1.0000000000089471
1.0000000000082732
1.0000000000076061
1.0000000000069471
1.0000000000062976
1.0000000000056586
1.0000000000050304
1.0000000000044134
1.0000000000038085
1.0000000000032165
1.0000000000026392
1.0000000000020774
1.0000000000015323
1.0000000000010054
1.0000000000004976
1.0000000000000104
0.9999999999995453
0.9999999999991029
0.9999999999986844
0.9999999999982906
0.9999999999979207
0.9999999999975757
0.9999999999972575
0.9999999999969661
0.9999999999967027
0.9999999999964680
0.9999999999962618
0.9999999999960831
0.9999999999959316
0.9999999999958068
0.9999999999957078
0.9999999999956339
0.9999999999955850
0.9999999999955599
0.9999999999955573
0.9999999999955773
0.9999999999956193
0.9999999999956823
0.9999999999957656
0.9999999999958682
0.9999999999959912
0.9999999999961356
0.9999999999963013
0.9999999999964868
0.9999999999966913
0.9999999999969138
0.9999999999971514
0.9999999999974031
0.9999999999976676
0.9999999999979439
0.9999999999982309
0.9999999999985273
0.9999999999988324
0.9999999999991446
0.9999999999994627
0.9999999999997853
1.0000000000001108
1.0000000000004381
1.0000000000007647
1.0000000000010887
1.0000000000014084
1.0000000000017244
1.0000000000020364
1.0000000000023435
1.0000000000026452
1.0000000000029412
1.0000000000032296
1.0000000000035101
1.0000000000037841
1.0000000000040516
1.0000000000043121
1.0000000000045639
1.0000000000048055
1.0000000000050349
1.0000000000052507
1.0000000000054514
1.0000000000056353
1.0000000000058020
1.0000000000059512
1.0000000000060818
1.0000000000061937
1.0000000000062863
1.0000000000063598
1.0000000000064142
1.0000000000064491
1.0000000000064635
1.0000000000064575
1.0000000000064311
1.0000000000063831
1.0000000000063145
1.0000000000062250
1.0000000000061158
1.0000000000059865
1.0000000000058382
1.0000000000056706
1.0000000000054829
1.0000000000052742
1.0000000000050446
1.0000000000047935
1.0000000000045202
1.0000000000042255
1.0000000000039109
1.0000000000035760
1.0000000000032212
1.0000000000028475
1.0000000000024567
1.0000000000020488
1.0000000000016256
1.0000000000011875
1.0000000000007359
1.0000000000002727
0.9999999999997987
0.9999999999993143
0.9999999999988199
0.9999999999983173
0.9999999999978071
0.9999999999972911
0.9999999999967701
0.9999999999962459
0.9999999999957191
0.9999999999951900
0.9999999999946592
0.9999999999941277
0.9999999999935972
0.9999999999930704
0.9999999999925487
0.9999999999920336
0.9999999999915259
0.9999999999910265
0.9999999999905363
0.9999999999900565
0.9999999999895883
0.9999999999891332
0.9999999999886925
0.9999999999882674
0.9999999999878605
0.9999999999874730
0.9999999999871062
0.9999999999867598
0.9999999999864337
0.9999999999861287
0.9999999999858454
0.9999999999855843
0.9999999999853458
0.9999999999851314
0.9999999999849419
0.9999999999847790
0.9999999999846433
0.9999999999845353
0.9999999999844554
0.9999999999844039
0.9999999999843803
0.9999999999843857
0.9999999999844202
0.9999999999844847
0.9999999999845792
0.9999999999847035
0.9999999999848569
0.9999999999850396
0.9999999999852514
0.9999999999854917
0.9999999999857609
0.9999999999860595
0.9999999999863877
0.9999999999867462
0.9999999999871346
0.9999999999875518
0.9999999999879970
0.9999999999884692
0.9999999999889676
0.9999999999894913
0.9999999999900392
0.9999999999906103
0.9999999999912043
0.9999999999918204
0.9999999999924580
0.9999999999931162
0.9999999999937940
0.9999999999944906
0.9999999999952049
0.9999999999959349
0.9999999999966784
0.9999999999974334
0.9999999999981989
0.9999999999989736
0.9999999999997565
1.0000000000005462
1.0000000000013414
1.0000000000021405
1.0000000000029421
1.0000000000037450
1.0000000000045488
1.0000000000053522
1.0000000000061540
1.0000000000069524
1.0000000000077458
1.0000000000085332
1.0000000000093137
1.0000000000100855
1.0000000000108473
1.0000000000115983
1.0000000000123364
1.0000000000130591
1.0000000000137650
1.0000000000144544
1.0000000000151263
1.0000000000157798
1.0000000000164129
1.0000000000170228
1.0000000000176079
1.0000000000181677
1.0000000000187015
1.0000000000192091
1.0000000000196896
1.0000000000201408
1.0000000000205609
1.0000000000209488
1.0000000000213047
1.0000000000216278
1.0000000000219165
1.0000000000221687
1.0000000000223825
1.0000000000225568
1.0000000000226916
1.0000000000227869
1.0000000000228415
1.0000000000228553
1.0000000000228291
1.0000000000227633
