1.0000173240734529
1.0000171077078506
1.0000168506987512
1.0000165536640304
1.0000162173170810
1.0000158424651087
1.0000154300071984
1.0000149809321663
1.0000144963161937
1.0000139773202545
1.0000134251873392
1.0000128412394822
1.0000122268746023
1.0000115835631589
1.0000109128446353
1.0000102163238622
1.0000094956671792
1.0000087525984527
1.0000079888949553
1.0000072063831180
1.0000064069341632
1.0000055924596323
1.0000047649068167
1.0000039262541009
1.0000030785062386
1.0000022236895576
1.0000013638471166
1.0000005010338220
0.9999996373115175
0.9999987747440554
0.9999979153923633
0.9999970613095178
0.9999962145358384
0.9999953770940095
0.9999945509842474
0.9999937381795178
0.9999929406208230
0.9999921602125601
0.9999913988179716
0.9999906582546908
0.9999899402903979
0.9999892466385955
0.9999885789545141
0.9999879388311591
0.9999873277954981
0.9999867473048157
0.9999861987432300
0.9999856834183866
0.9999852025583339
0.9999847573085877
0.9999843487293952
0.9999839777932022
0.9999836453823303
0.9999833522868717
0.9999830992028019
0.9999828867303177
0.9999827153724058
0.9999825855336432
0.9999824975192316
0.9999824515342711
0.9999824476832706
0.9999824859699038
0.9999825662970033
0.9999826884667977
0.9999828521813864
0.9999830570434558
0.9999833025572326
0.9999835881296725
0.9999839130718833
0.9999842766007758
0.9999846778409379
0.9999851158267321
0.9999855895046085
0.9999860977356290
0.9999866392981948
0.9999872128909707
0.9999878171360000
0.9999884505820037
0.9999891117078522
0.9999897989262092
0.9999905105873305
0.9999912449830116
0.9999920003506786
0.9999927748776026
0.9999935667052398
0.9999943739336784
0.9999951946261854
0.9999960268138395
0.9999968685002432
0.9999977176663001
0.9999985722750457
0.9999994302765216
1.0000002896126796
1.0000011482223037
1.0000020040459432
1.0000028550308395
1.0000036991358363
1.0000045343362645
1.0000053586287838
1.0000061700361769
1.0000069666120783
1.0000077464456298
1.0000085076660543
1.0000092484471288
1.0000099670115550
1.0000106616352089
1.0000113306512659
1.0000119724541876
1.0000125855035626
1.0000131683277937
1.0000137195276169
1.0000142377794508
1.0000147218385618
1.0000151705420430
1.0000155828115964
1.0000159576561116
1.0000162941740387
1.0000165915555452
1.0000168490844579
1.0000170661399759
1.0000172421981546
1.0000173768331631
1.0000174697183040
1.0000175206267974
1.0000175294323244
1.0000174961093335
1.0000174207331045
1.0000173034795703
1.0000171446248995
1.0000169445448401
1.0000167037138215
1.0000164227038248
1.0000161021830178
1.0000157429141596
1.0000153457527805
1.0000149116451393
1.0000144416259649
1.0000139368159822
1.0000133984192392
1.0000128277202291
1.0000122260808226
1.0000115949370147
1.0000109357954940
1.0000102502300445
1.0000095398777853
1.0000088064352572
1.0000080516543708
1.0000072773382176
1.0000064853367634
1.0000056775424280
1.0000048558855610
1.0000040223298292
1.0000031788675239
1.0000023275147971
1.0000014703068436
1.0000006092930356
0.9999997465320241
0.9999988840868199
0.9999980240198599
0.9999971683880778
0.9999963192379862
0.9999954786007808
0.9999946484874865
0.9999938308841494
0.9999930277470868
0.9999922409982097
0.9999914725204267
0.9999907241531416
0.9999899976878551
0.9999892948638791
0.9999886173641775
0.9999879668113399
0.9999873447637008
0.9999867527116105
0.9999861920738716
0.9999856641943433
0.9999851703387271
0.9999847116915387
0.9999842893532720
0.9999839043377672
0.9999835575697816
0.9999832498827775
0.9999829820169259
0.9999827546173343
0.9999825682325012
0.9999824233130016
0.9999823202104065
0.9999822591764399
0.9999822403623722
0.9999822638186562
0.9999823294948046
0.9999824372395043
0.9999825868009773
0.9999827778275788
0.9999830098686339
0.9999832823755107
0.9999835947029295
0.9999839461105041
0.9999843357645072
0.9999847627398598
0.9999852260223401
0.9999857245110029
0.9999862570208086
0.9999868222854531
0.9999874189603921
0.9999880456260497
0.9999887007912089
0.9999893828965768
0.9999900903185058
0.9999908213728710
0.9999915743190937
0.9999923473642981
0.9999931386675934
0.9999939463444701
0.9999947684713018
0.9999956030899404
0.9999964482123918
0.9999973018255659
0.9999981618960829
0.9999990263751299
0.9999998932033556
1.0000007603157881
1.0000016256467672
1.0000024871348789
1.0000033427278776
1.0000041903875865
1.0000050280947657
1.0000058538539343
1.0000066656981350
1.0000074616936319
1.0000082399445283
1.0000089985972949
1.0000097358451954
1.0000104499326006
1.0000111391591799
1.0000118018839597
1.0000124365292431
1.0000130415843780
1.0000136156093602
1.0000141572382746
1.0000146651825530
1.0000151382340505
1.0000155752679285
1.0000159752453412
1.0000163372159125
1.0000166603200045
1.0000169437907682
1.0000171869559731
1.0000173892396098
1.0000175501632633
1.0000176693472544
1.0000177465115445
1.0000177814764002
1.0000177741628218
1.0000177245927273
1.0000176328888977
1.0000174992746802
1.0000173240734529
1.0000171077078506
1.0000168506987512
1.0000165536640304
