1.0061888183327434
1.0061109486531925
1.0060185825685943
1.0059119347345014
1.0057912530747979
1.0056568182558894
1.0055089430900903
1.0053479718689666
1.0051742796274892
1.0049882713399774
1.0047903810489076
1.0045810709277898
1.0043608302794351
1.0041301744710602
1.0038896438078186
1.0036398023464650
1.0033812366510162
1.0031145544924109
1.0028403834943189
1.0025593697274047
1.0022721762545039
1.0019794816293370
1.0016819783515325
1.0013803712809040
1.0010753760140862
1.0007677172267915
1.0004581269851101
1.0001473430294445
0.9998361070348103
0.9995251628513913
0.9992152547293811
0.9989071255322844
0.9986015149429703
0.9982991576668990
0.9980007816370461
0.9977071062251484
0.9974188404639748
0.9971366812854002
0.9968613117791068
0.9965933994767791
0.9963335946666730
0.9960825287434399
0.9958408125980653
0.9956090350527461
0.9953877613454623
0.9951775316689213
0.9949788597684454
0.9947922316032503
0.9946181040754051
0.9944569038306083
0.9943090261347103
0.9941748338297132
0.9940546563727318
0.9939487889611717
0.9938574917470858
0.9937809891434060
0.9937194692244344
0.9936730832226793
0.9936419451237730
0.9936261313608938
0.9936256806097583
0.9936405936849042
0.9936708335376289
0.9937163253555877
0.9937769567637084
0.9938525781257106
0.9939430029451780
0.9940480083647869
0.9941673357619532
0.9943006914388355
0.9944477474043141
0.9946081422452753
0.9947814820842333
0.9949673416200607
0.9951652652483416
0.9953747682576357
0.9955953380977232
0.9958264357157069
0.9960674969556909
0.9963179340175840
0.9965771369704686
0.9968444753158658
0.9971192995961310
0.9974009430431645
0.9976887232625835
0.9979819439484662
0.9982798966237875
0.9985818624016854
0.9988871137627237
0.9991949163433740
0.9995045307310118
0.9998152142607881
1.0001262228098637
1.0004368125845686
1.0007462418961914
1.0010537729212163
1.0013586734419746
1.0016602185638126
1.0019576924050348
1.0022503897560302
1.0025376177041474
1.0028186972210489
1.0030929647094353
1.0033597735061901
1.0036184953391563
1.0038685217349206
1.0041092653751398
1.0043401613990928
1.0045606686503044
1.0047702708652302
1.0049684778021393
1.0051548263084704
1.0053288813250745
1.0054902368258865
1.0056385166917048
1.0057733755168674
1.0058944993477366
1.0060016063520218
1.0060944474180715
1.0061728066833739
1.0062365019916069
1.0062853852776754
1.0063193428802635
1.0063382957815343
1.0063421997736852
1.0063310455521635
1.0063048587354346
1.0062636998112739
1.0062076640096518
1.0061368811023541
1.0060515151295804
1.0059517640538445
1.0058378593415915
1.0057100654730473
1.0055686793808991
1.0054140298185210
1.0052464766585467
1.0050664101227065
1.0048742499439545
1.0046704444620256
1.0044554696536860
1.0042298280990614
1.0039940478855593
1.0037486814510304
1.0034943043679572
1.0032315140706070
1.0029609285272203
1.0026831848594631
1.0023989379115308
1.0021088587714408
1.0018136332472161
1.0015139603008163
1.0012105504428497
1.0009041240912404
1.0005954098972034
1.0002851430420363
0.9999740635083849
0.9996629143298017
0.9993524398225592
0.9990433838038217
0.9987364878004117
0.9984324892525323
0.9981321197169217
0.9978361030740200
0.9975451537438081
0.9972599749150741
0.9969812567929037
0.9967096748692473
0.9964458882214406
0.9961905378435683
0.9959442450155376
0.9957076097147146
0.9954812090749126
0.9952655958974573
0.9950612972189550
0.9948688129402736
0.9946886145211160
0.9945211437443984
0.9943668115544674
0.9942259969729932
0.9940990460961469
0.9939862711764312
0.9938879497922785
0.9938043241082481
0.9937356002283632
0.9936819476448179
0.9936434987839724
0.9936203486512162
0.9936125545759368
0.9936201360574907
0.9936430747127188
0.9936813143251844
0.9937347609959643
0.9938032833954673
0.9938867131153905
0.9939848451195850
0.9940974382922626
0.9942242160816385
0.9943648672367849
0.9945190466351651
0.9946863761980294
0.9948664458905602
0.9950588148034132
0.9952630123120444
0.9954785393099993
0.9957048695121353
0.9959414508235646
0.9961877067699506
0.9964430379846512
0.9967068237480784
0.9969784235745630
0.9972571788419266
0.9975424144589219
0.9978334405656643
0.9981295542621678
0.9984300413601159
0.9987341781530080
0.9990412331998779
0.9993504691178411
0.9996611443788018
0.9999725151057336
1.0002838368640583
1.0005943664437598
1.0009033636279920
1.0012100929440748
1.0015138253929077
1.0018138401529855
1.0021094262553480
1.0023998842259512
1.0026845276921106
1.0029626849498265
1.0032337004889618
1.0034969364734083
1.0037517741735364
1.0039976153483809
1.0042338835751841
1.0044600255240506
1.0046755121756403
1.0048798399799632
1.0050725319544824
1.0052531387198775
1.0054212394719457
1.0055764428882510
1.0057183879682612
1.0058467448058257
1.0059612152929609
1.0060615337540331
1.0061474675095201
1.0062188173686502
1.0062754180503000
1.0063171385316472
1.0063438823241537
1.0063555876765475
1.0063522277045724
1.0063338104473414
1.0063003788502376
1.0062520106743764
1.0061888183327434
1.0061109486531925
1.0060185825685943
1.0059119347345014
