1.0000000000027383
1.0000000000027338
1.0000000000027214
1.0000000000027029
1.0000000000026790
1.0000000000026505
1.0000000000026183
1.0000000000025830
1.0000000000025444
1.0000000000025031
1.0000000000024605
1.0000000000024165
1.0000000000023703
1.0000000000023213
1.0000000000022704
1.0000000000022193
1.0000000000021683
1.0000000000021159
1.0000000000020628
1.0000000000020093
1.0000000000019553
1.0000000000019014
1.0000000000018472
1.0000000000017930
1.0000000000017391
1.0000000000016849
1.0000000000016298
1.0000000000015734
1.0000000000015157
1.0000000000014577
1.0000000000013995
1.0000000000013420
1.0000000000012865
1.0000000000012332
1.0000000000011828
1.0000000000011358
1.0000000000010913
1.0000000000010509
1.0000000000010139
1.0000000000009792
1.0000000000009459
1.0000000000009142
1.0000000000008840
1.0000000000008540
1.0000000000008253
1.0000000000007987
1.0000000000007738
1.0000000000007501
1.0000000000007283
1.0000000000007083
1.0000000000006901
1.0000000000006737
1.0000000000006597
1.0000000000006484
1.0000000000006397
1.0000000000006344
1.0000000000006317
1.0000000000006319
1.0000000000006337
1.0000000000006357
1.0000000000006375
1.0000000000006395
1.0000000000006424
1.0000000000006470
1.0000000000006528
1.0000000000006586
1.0000000000006644
1.0000000000006710
1.0000000000006786
1.0000000000006870
1.0000000000006954
1.0000000000007034
1.0000000000007117
1.0000000000007192
1.0000000000007259
1.0000000000007325
1.0000000000007392
1.0000000000007470
1.0000000000007561
1.0000000000007663
1.0000000000007776
1.0000000000007900
1.0000000000008034
1.0000000000008173
1.0000000000008316
1.0000000000008455
1.0000000000008582
1.0000000000008686
1.0000000000008760
1.0000000000008802
1.0000000000008822
1.0000000000008824
1.0000000000008800
1.0000000000008740
1.0000000000008642
1.0000000000008511
1.0000000000008344
1.0000000000008151
1.0000000000007929
1.0000000000007674
1.0000000000007390
1.0000000000007070
1.0000000000006719
1.0000000000006348
1.0000000000005962
1.0000000000005564
1.0000000000005151
1.0000000000004736
1.0000000000004332
1.0000000000003946
1.0000000000003579
1.0000000000003222
1.0000000000002862
1.0000000000002494
1.0000000000002123
1.0000000000001761
1.0000000000001410
1.0000000000001081
1.0000000000000788
1.0000000000000533
1.0000000000000315
1.0000000000000138
1.0000000000000002
0.9999999999999903
0.9999999999999840
0.9999999999999817
0.9999999999999823
0.9999999999999855
0.9999999999999896
0.9999999999999946
0.9999999999999998
1.0000000000000058
1.0000000000000131
1.0000000000000213
1.0000000000000304
1.0000000000000406
1.0000000000000515
1.0000000000000631
1.0000000000000746
1.0000000000000862
1.0000000000000979
1.0000000000001101
1.0000000000001226
1.0000000000001339
1.0000000000001434
1.0000000000001519
1.0000000000001603
1.0000000000001694
1.0000000000001779
1.0000000000001859
1.0000000000001930
1.0000000000001996
1.0000000000002065
1.0000000000002143
1.0000000000002218
1.0000000000002283
1.0000000000002334
1.0000000000002374
1.0000000000002396
1.0000000000002400
1.0000000000002383
1.0000000000002343
1.0000000000002278
1.0000000000002185
1.0000000000002065
1.0000000000001930
1.0000000000001794
1.0000000000001665
1.0000000000001543
1.0000000000001428
1.0000000000001315
1.0000000000001195
1.0000000000001068
1.0000000000000933
1.0000000000000788
1.0000000000000637
1.0000000000000484
1.0000000000000322
1.0000000000000151
0.9999999999999972
0.9999999999999797
0.9999999999999628
0.9999999999999463
0.9999999999999304
0.9999999999999152
0.9999999999999007
0.9999999999998885
0.9999999999998781
0.9999999999998698
0.9999999999998628
0.9999999999998561
0.9999999999998491
0.9999999999998396
0.9999999999998274
0.9999999999998139
0.9999999999998002
0.9999999999997852
0.9999999999997693
0.9999999999997546
0.9999999999997428
0.9999999999997354
0.9999999999997328
0.9999999999997362
0.9999999999997452
0.9999999999997589
0.9999999999997763
0.9999999999997976
0.9999999999998234
0.9999999999998533
0.9999999999998872
0.9999999999999238
0.9999999999999629
1.0000000000000040
1.0000000000000469
1.0000000000000926
1.0000000000001414
1.0000000000001936
1.0000000000002485
1.0000000000003053
1.0000000000003642
1.0000000000004241
1.0000000000004847
1.0000000000005465
1.0000000000006100
1.0000000000006763
1.0000000000007458
1.0000000000008178
1.0000000000008917
1.0000000000009672
1.0000000000010447
1.0000000000011231
1.0000000000012019
1.0000000000012810
1.0000000000013602
1.0000000000014404
1.0000000000015206
1.0000000000016012
1.0000000000016813
1.0000000000017613
1.0000000000018410
1.0000000000019202
1.0000000000019982
1.0000000000020743
1.0000000000021478
1.0000000000022191
1.0000000000022879
1.0000000000023539
1.0000000000024165
1.0000000000024745
1.0000000000025269
1.0000000000025731
1.0000000000026141
1.0000000000026497
1.0000000000026796
1.0000000000027036
1.0000000000027218
1.0000000000027338
1.0000000000027383
1.0000000000027338
1.0000000000027214
1.0000000000027029
