1.0000000493506711
1.0000000487925040
1.0000000481222207
1.0000000473414885
1.0000000464522358
1.0000000454566476
1.0000000443571595
1.0000000431564526
1.0000000418574468
1.0000000404632952
1.0000000389773736
1.0000000374032747
1.0000000357447993
1.0000000340059465
1.0000000321909051
1.0000000303040442
1.0000000283499013
1.0000000263331716
1.0000000242586962
1.0000000221314507
1.0000000199565344
1.0000000177391577
1.0000000154846294
1.0000000131983431
1.0000000108857670
1.0000000085524279
1.0000000062038990
1.0000000038457868
1.0000000014837174
0.9999999991233225
0.9999999967702273
0.9999999944300356
0.9999999921083177
0.9999999898105955
0.9999999875423305
0.9999999853089118
0.9999999831156424
0.9999999809677284
0.9999999788702627
0.9999999768282158
0.9999999748464220
0.9999999729295670
0.9999999710821794
0.9999999693086188
0.9999999676130649
0.9999999659995085
0.9999999644717428
0.9999999630333514
0.9999999616877039
0.9999999604379435
0.9999999592869829
0.9999999582374971
0.9999999572919140
0.9999999564524118
0.9999999557209129
0.9999999550990800
0.9999999545883114
0.9999999541897372
0.9999999539042168
0.9999999537323371
0.9999999536744113
0.9999999537304795
0.9999999539003053
0.9999999541833788
0.9999999545789178
0.9999999550858673
0.9999999557029045
0.9999999564284426
0.9999999572606365
0.9999999581973839
0.9999999592363313
0.9999999603748793
0.9999999616101883
0.9999999629391860
0.9999999643585750
0.9999999658648407
0.9999999674542611
0.9999999691229130
0.9999999708666832
0.9999999726812780
0.9999999745622340
0.9999999765049289
0.9999999785045922
0.9999999805563164
0.9999999826550697
0.9999999847957073
0.9999999869729841
0.9999999891815670
0.9999999914160467
0.9999999936709518
0.9999999959407633
0.9999999982199265
1.0000000005028664
1.0000000027839988
1.0000000050577447
1.0000000073185429
1.0000000095608637
1.0000000117792216
1.0000000139681888
1.0000000161224092
1.0000000182366102
1.0000000203056170
1.0000000223243624
1.0000000242879008
1.0000000261914184
1.0000000280302452
1.0000000297998681
1.0000000314959401
1.0000000331142929
1.0000000346509454
1.0000000361021120
1.0000000374642131
1.0000000387338828
1.0000000399079798
1.0000000409835930
1.0000000419580488
1.0000000428289175
1.0000000435940195
1.0000000442514301
1.0000000447994841
1.0000000452367790
1.0000000455621794
1.0000000457748188
1.0000000458741030
1.0000000458597103
1.0000000457315941
1.0000000454899824
1.0000000451353752
1.0000000446685469
1.0000000440905428
1.0000000434026757
1.0000000426065236
1.0000000417039270
1.0000000406969825
1.0000000395880393
1.0000000383796943
1.0000000370747844
1.0000000356763807
1.0000000341877802
1.0000000326124965
1.0000000309542538
1.0000000292169786
1.0000000274047898
1.0000000255219879
1.0000000235730453
1.0000000215625953
1.0000000194954202
1.0000000173764427
1.0000000152107122
1.0000000130033930
1.0000000107597526
1.0000000084851490
1.0000000061850163
1.0000000038648520
1.0000000015302055
0.9999999991866640
0.9999999968398386
0.9999999944953525
0.9999999921588252
0.9999999898358610
0.9999999875320343
0.9999999852528760
0.9999999830038623
0.9999999807903994
0.9999999786178122
0.9999999764913302
0.9999999744160766
0.9999999723970543
0.9999999704391360
0.9999999685470515
0.9999999667253749
0.9999999649785160
0.9999999633107078
0.9999999617259978
0.9999999602282380
0.9999999588210744
0.9999999575079390
0.9999999562920421
0.9999999551763638
0.9999999541636472
0.9999999532563923
0.9999999524568490
0.9999999517670110
0.9999999511886131
0.9999999507231272
0.9999999503717563
0.9999999501354325
0.9999999500148155
0.9999999500102910
0.9999999501219692
0.9999999503496839
0.9999999506929926
0.9999999511511800
0.9999999517232576
0.9999999524079660
0.9999999532037783
0.9999999541089032
0.9999999551212887
0.9999999562386284
0.9999999574583666
0.9999999587777049
0.9999999601936080
0.9999999617028121
0.9999999633018322
0.9999999649869694
0.9999999667543192
0.9999999685997804
0.9999999705190653
0.9999999725077123
0.9999999745610940
0.9999999766744285
0.9999999788427907
0.9999999810611245
0.9999999833242539
0.9999999856268971
0.9999999879636774
0.9999999903291368
0.9999999927177496
0.9999999951239339
0.9999999975420664
0.9999999999664950
1.0000000023915541
1.0000000048115740
1.0000000072208963
1.0000000096138877
1.0000000119849541
1.0000000143285526
1.0000000166392051
1.0000000189115121
1.0000000211401654
1.0000000233199602
1.0000000254458079
1.0000000275127474
1.0000000295159575
1.0000000314507671
1.0000000333126684
1.0000000350973268
1.0000000368005899
1.0000000384184977
1.0000000399472930
1.0000000413834307
1.0000000427235856
1.0000000439646599
1.0000000451037911
1.0000000461383580
1.0000000470659876
1.0000000478845590
1.0000000485922120
1.0000000491873491
1.0000000496686392
1.0000000500350210
1.0000000502857054
1.0000000504201787
1.0000000504382023
1.0000000503398128
1.0000000501253230
1.0000000497953219
1.0000000493506711
1.0000000487925040
1.0000000481222207
1.0000000473414885
