1.0000000121801020
1.0000000120515327
1.0000000118958727
1.0000000117135190
1.0000000115049310
1.0000000112706298
1.0000000110111964
1.0000000107272717
1.0000000104195528
1.0000000100887925
1.0000000097357979
1.0000000093614279
1.0000000089665912
1.0000000085522451
1.0000000081193923
1.0000000076690789
1.0000000072023916
1.0000000067204557
1.0000000062244316
1.0000000057155125
1.0000000051949194
1.0000000046639004
1.0000000041237267
1.0000000035756904
1.0000000030211018
1.0000000024612863
1.0000000018975799
1.0000000013313282
1.0000000007638803
1.0000000001965876
0.9999999996307999
0.9999999990678627
0.9999999985091141
0.9999999979558800
0.9999999974094722
0.9999999968711839
0.9999999963422880
0.9999999958240333
0.9999999953176431
0.9999999948243098
0.9999999943451934
0.9999999938814200
0.9999999934340782
0.9999999930042146
0.9999999925928343
0.9999999922008976
0.9999999918293183
0.9999999914789591
0.9999999911506318
0.9999999908450935
0.9999999905630466
0.9999999903051351
0.9999999900719441
0.9999999898639993
0.9999999896817653
0.9999999895256452
0.9999999893959787
0.9999999892930419
0.9999999892170457
0.9999999891681359
0.9999999891463923
0.9999999891518292
0.9999999891843947
0.9999999892439715
0.9999999893303780
0.9999999894433675
0.9999999895826277
0.9999999897477844
0.9999999899384008
0.9999999901539778
0.9999999903939562
0.9999999906577172
0.9999999909445858
0.9999999912538321
0.9999999915846716
0.9999999919362681
0.9999999923077356
0.9999999926981393
0.9999999931064990
0.9999999935317910
0.9999999939729510
0.9999999944288765
0.9999999948984298
0.9999999953804405
0.9999999958737086
0.9999999963770064
0.9999999968890821
0.9999999974086621
0.9999999979344546
0.9999999984651540
0.9999999989994437
0.9999999995359972
1.0000000000734837
1.0000000006105703
1.0000000011459249
1.0000000016782200
1.0000000022061355
1.0000000027283620
1.0000000032436027
1.0000000037505778
1.0000000042480275
1.0000000047347162
1.0000000052094340
1.0000000056710008
1.0000000061182672
1.0000000065501193
1.0000000069654809
1.0000000073633146
1.0000000077426265
1.0000000081024691
1.0000000084419405
1.0000000087601870
1.0000000090564072
1.0000000093298524
1.0000000095798298
1.0000000098057020
1.0000000100068909
1.0000000101828779
1.0000000103332067
1.0000000104574822
1.0000000105553717
1.0000000106266071
1.0000000106709843
1.0000000106883631
1.0000000106786693
1.0000000106418963
1.0000000105781015
1.0000000104874087
1.0000000103700066
1.0000000102261499
1.0000000100561581
1.0000000098604140
1.0000000096393622
1.0000000093935075
1.0000000091234158
1.0000000088297112
1.0000000085130765
1.0000000081742504
1.0000000078140256
1.0000000074332476
1.0000000070328097
1.0000000066136534
1.0000000061767673
1.0000000057231844
1.0000000052539784
1.0000000047702622
1.0000000042731847
1.0000000037639265
1.0000000032436986
1.0000000027137397
1.0000000021753128
1.0000000016297019
1.0000000010782097
1.0000000005221552
0.9999999999628694
0.9999999994016919
0.9999999988399687
0.9999999982790472
0.9999999977202734
0.9999999971649901
0.9999999966145325
0.9999999960702262
0.9999999955333824
0.9999999950052969
0.9999999944872460
0.9999999939804830
0.9999999934862351
0.9999999930056997
0.9999999925400428
0.9999999920903953
0.9999999916578510
0.9999999912434651
0.9999999908482501
0.9999999904731746
0.9999999901191593
0.9999999897870745
0.9999999894777403
0.9999999891919226
0.9999999889303335
0.9999999886936267
0.9999999884823972
0.9999999882971808
0.9999999881384530
0.9999999880066255
0.9999999879020459
0.9999999878249984
0.9999999877757025
0.9999999877543116
0.9999999877609135
0.9999999877955293
0.9999999878581147
0.9999999879485588
0.9999999880666857
0.9999999882122522
0.9999999883849504
0.9999999885844080
0.9999999888101900
0.9999999890618009
0.9999999893386829
0.9999999896402189
0.9999999899657332
0.9999999903144928
0.9999999906857095
0.9999999910785428
0.9999999914920994
0.9999999919254370
0.9999999923775653
0.9999999928474498
0.9999999933340145
0.9999999938361441
0.9999999943526862
0.9999999948824548
0.9999999954242328
0.9999999959767732
0.9999999965388031
0.9999999971090270
0.9999999976861292
0.9999999982687787
0.9999999988556313
0.9999999994453330
1.0000000000365248
1.0000000006278422
1.0000000012179211
1.0000000018053987
1.0000000023889186
1.0000000029671330
1.0000000035387078
1.0000000041023249
1.0000000046566848
1.0000000052005094
1.0000000057325458
1.0000000062515686
1.0000000067563823
1.0000000072458237
1.0000000077187667
1.0000000081741245
1.0000000086108523
1.0000000090279508
1.0000000094244659
1.0000000097994923
1.0000000101521738
1.0000000104817077
1.0000000107873457
1.0000000110683964
1.0000000113242278
1.0000000115542660
1.0000000117579981
1.0000000119349735
1.0000000120848052
1.0000000122071704
1.0000000123018113
1.0000000123685346
1.0000000124072135
1.0000000124177866
1.0000000124002582
1.0000000123546993
1.0000000122812469
1.0000000121801020
1.0000000120515327
1.0000000118958727
1.0000000117135190
