1.0043226442453637
1.0042681508030800
1.0042035131344575
1.0041288827982571
1.0040444348109065
1.0039503672611363
1.0038469008731377
1.0037342785189454
1.0036127646808526
1.0034826448647376
1.0033442249652869
1.0031978305841938
1.0030438063025009
1.0028825149083569
1.0027143365815516
1.0025396680362986
1.0023589216238267
1.0021725243964521
1.0019809171348939
1.0017845533406977
1.0015838981957468
1.0013794274909200
1.0011716265260702
1.0009609889835933
1.0007480157779469
1.0005332138835781
1.0003170951438050
1.0001001750632963
0.9998829715868627
0.9996660038673614
0.9994497910255850
0.9992348509050751
0.9990216988248644
0.9988108463332032
0.9986027999653722
0.9983980600087261
0.9981971192781355
0.9980004619050187
0.9978085621431727
0.9976218831945901
0.9974408760584675
0.9972659784065654
0.9970976134880528
0.9969361890669332
0.9967820963950775
0.9966357092238276
0.9964973828570508
0.9963674532484343
0.9962462361457021
0.9961340262843147
0.9960310966330941
0.9959376976940665
0.9958540568586645
0.9957803778222857
0.9957168400590174
0.9956635983581649
0.9956207824240418
0.9955884965402749
0.9955668192996895
0.9955558034006246
0.9955554755103251
0.9955658361958512
0.9955868599227174
0.9956184951212679
0.9956606643205771
0.9957132643494554
0.9957761666039134
0.9958492173802447
0.9959322382726726
0.9960250266343128
0.9961273561000016
0.9962389771693682
0.9963596178483326
0.9964889843470511
0.9966267618321736
0.9967726152311193
0.9969261900859400
0.9970871134542127
0.9972549948542819
0.9974294272520691
0.9976099880865742
0.9977962403311066
0.9979877335872169
0.9981840052082441
0.9983845814493448
0.9985889786408342
0.9987967043816514
0.9990072587497468
0.9992201355261908
0.9994348234298053
0.9996508073591563
0.9998675696387561
1.0000845912663716
1.0003013531583826
1.0005173373901830
1.0007320284286798
1.0009449143540161
1.0011554880677154
1.0013632484845241
1.0015677017053102
1.0017683621684679
1.0019647537773664
1.0021564110014736
1.0023428799488785
1.0025237194080527
1.0026985018567598
1.0028668144361521
1.0030282598881777
1.0031824574545238
1.0033290437354292
1.0034676735067944
1.0035980204941211
1.0037197781019056
1.0038326600972252
1.0039364012463270
1.0040307579031484
1.0041155085487801
1.0041904542809776
1.0042554192529269
1.0043102510605419
1.0043548210776843
1.0043890247387608
1.0044127817682549
1.0044260363568345
1.0044287572837545
1.0044209379853699
1.0044025965696444
1.0043737757766436
1.0043345428850592
1.0042849895649204
1.0042252316767166
1.0041554090172498
1.0040756850126156
1.0039862463588010
1.0038873026104669
1.0037790857185864
1.0036618495176866
1.0035358691635345
1.0034014405222094
1.0032588795115855
1.0031085213963526
1.0029507200377898
1.0027858470996156
1.0026142912113269
1.0024364570905424
1.0022527646259702
1.0020636479227150
1.0018695543117402
1.0016709433254103
1.0014682856411266
1.0012620619951820
1.0010527620690530
1.0008408833504430
1.0006269299714921
1.0004114115266574
1.0001948418728570
0.9999777379145555
0.9997606183765531
0.9995440025673171
0.9993284091357649
0.9991143548244711
0.9989023532223268
0.9986929135197394
0.9984865392694928
0.9982837271564254
0.9980849657791169
0.9978907344467708
0.9977015019945107
0.9975177256202765
0.9973398497465075
0.9971683049097663
0.9970035066814171
0.9968458546224217
0.9966957312752511
0.9965535011958365
0.9964195100283977
0.9962940836258838
0.9961775272186505
0.9960701246338783
0.9959721375680968
0.9958838049150368
0.9958053421508837
0.9957369407788283
0.9956787678346467
0.9956309654548552
0.9955936505087920
0.9955669142957921
0.9955508223084070
0.9955454140624216
0.9955507029942102
0.9955666764257536
0.9955932955974325
0.9956304957684878
0.9956781863848339
0.9957362513136884
0.9958045491442749
0.9958829135536487
0.9959711537364945
0.9960690548975399
0.9961763788050505
0.9962928644036808
0.9964182284847847
0.9965521664121243
0.9966943529007599
0.9968444428467516
0.9970020722051806
0.9971668589138704
0.9973384038600700
0.9975162918872676
0.9977000928392172
0.9978893626381777
0.9980836443943032
0.9982824695430734
0.9984853590076144
0.9986918243827246
0.9989013691374097
0.9991134898327231
0.9993276773517143
0.9995434181383002
0.9997601954418996
0.9999774905647064
1.0001947841085157
1.0004115572180763
1.0006272928179900
1.0008414768402469
1.0010535994395593
1.0012631561937289
1.0014696492863673
1.0016725886693736
1.0018714932026602
1.0020658917687140
1.0022553243596730
1.0024393431346972
1.0026175134455086
1.0027894148280794
1.0029546419585438
1.0031128055715142
1.0032635333390816
1.0034064707088797
1.0035412816996985
1.0036676496532204
1.0037852779405632
1.0038938906224089
1.0039932330615848
1.0040830724870704
1.0041631985084891
1.0042334235802413
1.0042935834145230
1.0043435373425620
1.0043831686234970
1.0044123847004072
1.0044311174030927
1.0044393230972866
1.0044369827800665
1.0044241021213154
1.0044007114511713
1.0043668656934803
1.0043226442453637
1.0042681508030800
1.0042035131344575
1.0041288827982571
