1.0000000000153095
1.0000000000153375
1.0000000000153533
1.0000000000153573
1.0000000000153495
1.0000000000153300
1.0000000000152975
1.0000000000152514
1.0000000000151903
1.0000000000151130
1.0000000000150187
1.0000000000149070
1.0000000000147773
1.0000000000146307
1.0000000000144662
1.0000000000142832
1.0000000000140812
1.0000000000138600
1.0000000000136202
1.0000000000133613
1.0000000000130835
1.0000000000127873
1.0000000000124736
1.0000000000121445
1.0000000000118014
1.0000000000114466
1.0000000000110811
1.0000000000107043
1.0000000000103182
1.0000000000099238
1.0000000000095222
1.0000000000091138
1.0000000000086990
1.0000000000082792
1.0000000000078557
1.0000000000074301
1.0000000000070020
1.0000000000065705
1.0000000000061358
1.0000000000056981
1.0000000000052602
1.0000000000048228
1.0000000000043867
1.0000000000039542
1.0000000000035265
1.0000000000031048
1.0000000000026898
1.0000000000022831
1.0000000000018867
1.0000000000015024
1.0000000000011318
1.0000000000007767
1.0000000000004372
1.0000000000001128
0.9999999999998026
0.9999999999995069
0.9999999999992268
0.9999999999989636
0.9999999999987176
0.9999999999984893
0.9999999999982793
0.9999999999980869
0.9999999999979121
0.9999999999977554
0.9999999999976171
0.9999999999974958
0.9999999999973926
0.9999999999973080
0.9999999999972424
0.9999999999971956
0.9999999999971679
0.9999999999971596
0.9999999999971696
0.9999999999971968
0.9999999999972418
0.9999999999973028
0.9999999999973803
0.9999999999974741
0.9999999999975827
0.9999999999977062
0.9999999999978447
0.9999999999979978
0.9999999999981654
0.9999999999983457
0.9999999999985372
0.9999999999987387
0.9999999999989488
0.9999999999991658
0.9999999999993882
0.9999999999996159
0.9999999999998490
1.0000000000000862
1.0000000000003260
1.0000000000005662
1.0000000000008051
1.0000000000010414
1.0000000000012743
1.0000000000015032
1.0000000000017275
1.0000000000019464
1.0000000000021600
1.0000000000023679
1.0000000000025682
1.0000000000027607
1.0000000000029448
1.0000000000031206
1.0000000000032867
1.0000000000034424
1.0000000000035862
1.0000000000037172
1.0000000000038345
1.0000000000039375
1.0000000000040263
1.0000000000041007
1.0000000000041609
1.0000000000042075
1.0000000000042411
1.0000000000042619
1.0000000000042706
1.0000000000042670
1.0000000000042495
1.0000000000042180
1.0000000000041731
1.0000000000041149
1.0000000000040428
1.0000000000039551
1.0000000000038514
1.0000000000037308
1.0000000000035936
1.0000000000034397
1.0000000000032701
1.0000000000030860
1.0000000000028875
1.0000000000026745
1.0000000000024476
1.0000000000022069
1.0000000000019535
1.0000000000016880
1.0000000000014102
1.0000000000011211
1.0000000000008220
1.0000000000005145
1.0000000000002005
0.9999999999998808
0.9999999999995546
0.9999999999992224
0.9999999999988851
0.9999999999985438
0.9999999999982003
0.9999999999978560
0.9999999999975112
0.9999999999971662
0.9999999999968217
0.9999999999964767
0.9999999999961313
0.9999999999957867
0.9999999999954439
0.9999999999951042
0.9999999999947699
0.9999999999944418
0.9999999999941215
0.9999999999938098
0.9999999999935077
0.9999999999932160
0.9999999999929349
0.9999999999926649
0.9999999999924067
0.9999999999921604
0.9999999999919248
0.9999999999916998
0.9999999999914865
0.9999999999912851
0.9999999999910961
0.9999999999909207
0.9999999999907608
0.9999999999906174
0.9999999999904919
0.9999999999903852
0.9999999999902978
0.9999999999902297
0.9999999999901812
0.9999999999901524
0.9999999999901437
0.9999999999901561
0.9999999999901905
0.9999999999902469
0.9999999999903252
0.9999999999904247
0.9999999999905446
0.9999999999906846
0.9999999999908448
0.9999999999910235
0.9999999999912207
0.9999999999914365
0.9999999999916703
0.9999999999919225
0.9999999999921936
0.9999999999924843
0.9999999999927935
0.9999999999931206
0.9999999999934652
0.9999999999938268
0.9999999999942051
0.9999999999945987
0.9999999999950068
0.9999999999954295
0.9999999999958663
0.9999999999963164
0.9999999999967800
0.9999999999972552
0.9999999999977413
0.9999999999982373
0.9999999999987420
0.9999999999992552
0.9999999999997761
1.0000000000003044
1.0000000000008387
1.0000000000013773
1.0000000000019187
1.0000000000024607
1.0000000000030016
1.0000000000035409
1.0000000000040781
1.0000000000046119
1.0000000000051417
1.0000000000056668
1.0000000000061864
1.0000000000066993
1.0000000000072038
1.0000000000076985
1.0000000000081830
1.0000000000086566
1.0000000000091191
1.0000000000095688
1.0000000000100047
1.0000000000104261
1.0000000000108322
1.0000000000112230
1.0000000000115987
1.0000000000119589
1.0000000000123024
1.0000000000126279
1.0000000000129350
1.0000000000132221
1.0000000000134888
1.0000000000137350
1.0000000000139617
1.0000000000141702
1.0000000000143614
1.0000000000145353
1.0000000000146916
1.0000000000148304
1.0000000000149514
1.0000000000150553
1.0000000000151419
1.0000000000152123
1.0000000000152678
1.0000000000153095
1.0000000000153375
1.0000000000153533
1.0000000000153573
