1.0000008812054775
1.0000008705051782
1.0000008577567006
1.0000008429909863
1.0000008262437803
1.0000008075555435
1.0000007869713559
1.0000007645408084
1.0000007403178850
1.0000007143608327
1.0000006867320212
1.0000006574977955
1.0000006267283172
1.0000005944973973
1.0000005608823184
1.0000005259636482
1.0000004898250479
1.0000004525530719
1.0000004142369618
1.0000003749684330
1.0000003348414550
1.0000002939520274
1.0000002523979483
1.0000002102785823
1.0000001676946220
1.0000001247478494
1.0000000815408912
1.0000000381769731
0.9999999947596721
0.9999999513926707
0.9999999081795083
0.9999998652233352
0.9999998226266650
0.9999997804911295
0.9999997389172357
0.9999996980041265
0.9999996578493439
0.9999996185485940
0.9999995801955202
0.9999995428814795
0.9999995066953234
0.9999994717231866
0.9999994380482807
0.9999994057506962
0.9999993749072102
0.9999993455911047
0.9999993178719898
0.9999992918156401
0.9999992674838344
0.9999992449342108
0.9999992242201287
0.9999992053905431
0.9999991884898860
0.9999991735579614
0.9999991606298481
0.9999991497358179
0.9999991409012638
0.9999991341466407
0.9999991294874155
0.9999991269340314
0.9999991264918836
0.9999991281613048
0.9999991319375666
0.9999991378108893
0.9999991457664680
0.9999991557845087
0.9999991678402751
0.9999991819041486
0.9999991979416982
0.9999992159137658
0.9999992357765577
0.9999992574817491
0.9999992809766031
0.9999993062040969
0.9999993331030580
0.9999993616083104
0.9999993916508291
0.9999994231579085
0.9999994560533377
0.9999994902575804
0.9999995256879667
0.9999995622588910
0.9999995998820164
0.9999996384664886
0.9999996779191507
0.9999997181447692
0.9999997590462611
0.9999998005249270
0.9999998424806862
0.9999998848123179
0.9999999274177034
0.9999999701940695
1.0000000130382374
1.0000000558468669
1.0000000985167061
1.0000001409448380
1.0000001830289278
1.0000002246674677
1.0000002657600189
1.0000003062074521
1.0000003459121865
1.0000003847784238
1.0000004227123769
1.0000004596224958
1.0000004954196857
1.0000005300175197
1.0000005633324456
1.0000005952839881
1.0000006257949419
1.0000006547915561
1.0000006822037095
1.0000007079650812
1.0000007320133069
1.0000007542901306
1.0000007747415431
1.0000007933179114
1.0000008099740980
1.0000008246695715
1.0000008373685014
1.0000008480398441
1.0000008566574177
1.0000008631999657
1.0000008676512095
1.0000008699998872
1.0000008702397785
1.0000008683697226
1.0000008643936185
1.0000008583204165
1.0000008501640985
1.0000008399436453
1.0000008276829897
1.0000008134109626
1.0000007971612210
1.0000007789721701
1.0000007588868711
1.0000007369529385
1.0000007132224260
1.0000006877517020
1.0000006606013156
1.0000006318358536
1.0000006015237850
1.0000005697372965
1.0000005365521210
1.0000005020473572
1.0000004663052811
1.0000004294111471
1.0000003914529860
1.0000003525213936
1.0000003127093151
1.0000002721118246
1.0000002308258973
1.0000001889501753
1.0000001465847341
1.0000001038308428
1.0000000607907213
1.0000000175672972
0.9999999742639589
0.9999999309843068
0.9999998878319065
0.9999998449100431
0.9999998023214729
0.9999997601681799
0.9999997185511291
0.9999996775700253
0.9999996373230746
0.9999995979067520
0.9999995594155677
0.9999995219418422
0.9999994855754846
0.9999994504037782
0.9999994165111715
0.9999993839790761
0.9999993528856714
0.9999993233057195
0.9999992953103840
0.9999992689670605
0.9999992443392146
0.9999992214862318
0.9999992004632723
0.9999991813211405
0.9999991641061636
0.9999991488600798
0.9999991356199381
0.9999991244180093
0.9999991152817099
0.9999991082335344
0.9999991032910026
0.9999991004666149
0.9999990997678235
0.9999991011970143
0.9999991047515010
0.9999991104235320
0.9999991182003074
0.9999991280640101
0.9999991399918464
0.9999991539561002
0.9999991699241989
0.9999991878587902
0.9999992077178317
0.9999992294546916
0.9999992530182582
0.9999992783530635
0.9999993053994143
0.9999993340935349
0.9999993643677171
0.9999993961504825
0.9999994293667527
0.9999994639380274
0.9999994997825724
0.9999995368156154
0.9999995749495484
0.9999996140941365
0.9999996541567335
0.9999996950425004
0.9999997366546318
0.9999997788945874
0.9999998216623268
0.9999998648565491
0.9999999083749345
0.9999999521143871
0.9999999959712812
1.0000000398417086
1.0000000836217271
1.0000001272076082
1.0000001704960828
1.0000002133845884
1.0000002557715142
1.0000002975564428
1.0000003386403911
1.0000003789260445
1.0000004183179907
1.0000004567229466
1.0000004940499807
1.0000005302107302
1.0000005651196116
1.0000005986940250
1.0000006308545499
1.0000006615251362
1.0000006906332835
1.0000007181102155
1.0000007438910430
1.0000007679149192
1.0000007901251837
1.0000008104694971
1.0000008288999671
1.0000008453732632
1.0000008598507182
1.0000008722984208
1.0000008826872975
1.0000008909931797
1.0000008971968630
1.0000009012841495
1.0000009032458839
1.0000009030779751
1.0000009007814041
1.0000008963622213
1.0000008898315338
1.0000008812054775
1.0000008705051782
1.0000008577567006
1.0000008429909863
