1.0000000001759262
1.0000000001750324
1.0000000001738141
1.0000000001722751
1.0000000001704203
1.0000000001682554
1.0000000001657867
1.0000000001630205
1.0000000001599656
1.0000000001566309
1.0000000001530247
1.0000000001491551
1.0000000001450313
1.0000000001406639
1.0000000001360647
1.0000000001312459
1.0000000001262204
1.0000000001210003
1.0000000001155989
1.0000000001100295
1.0000000001043052
1.0000000000984395
1.0000000000924458
1.0000000000863376
1.0000000000801292
1.0000000000738347
1.0000000000674689
1.0000000000610465
1.0000000000545839
1.0000000000480962
1.0000000000415994
1.0000000000351084
1.0000000000286384
1.0000000000222045
1.0000000000158216
1.0000000000095037
1.0000000000032669
0.9999999999971254
0.9999999999910927
0.9999999999851829
0.9999999999794086
0.9999999999737825
0.9999999999683172
0.9999999999630250
0.9999999999579176
0.9999999999530053
0.9999999999482977
0.9999999999438052
0.9999999999395373
0.9999999999355040
0.9999999999317144
0.9999999999281758
0.9999999999248944
0.9999999999218749
0.9999999999191220
0.9999999999166398
0.9999999999144328
0.9999999999125040
0.9999999999108570
0.9999999999094945
0.9999999999084180
0.9999999999076283
0.9999999999071267
0.9999999999069131
0.9999999999069858
0.9999999999073419
0.9999999999079783
0.9999999999088908
0.9999999999100739
0.9999999999115227
0.9999999999132322
0.9999999999151974
0.9999999999174112
0.9999999999198655
0.9999999999225510
0.9999999999254584
0.9999999999285794
0.9999999999319030
0.9999999999354191
0.9999999999391168
0.9999999999429849
0.9999999999470113
0.9999999999511840
0.9999999999554908
0.9999999999599186
0.9999999999644532
0.9999999999690806
0.9999999999737881
0.9999999999785631
0.9999999999833931
0.9999999999882642
0.9999999999931618
0.9999999999980723
1.0000000000029816
1.0000000000078757
1.0000000000127414
1.0000000000175657
1.0000000000223344
1.0000000000270330
1.0000000000316487
1.0000000000361675
1.0000000000405773
1.0000000000448659
1.0000000000490212
1.0000000000530307
1.0000000000568816
1.0000000000605627
1.0000000000640634
1.0000000000673739
1.0000000000704856
1.0000000000733904
1.0000000000760807
1.0000000000785485
1.0000000000807860
1.0000000000827858
1.0000000000845393
1.0000000000860407
1.0000000000872857
1.0000000000882701
1.0000000000889890
1.0000000000894387
1.0000000000896163
1.0000000000895199
1.0000000000891491
1.0000000000885034
1.0000000000875833
1.0000000000863880
1.0000000000849181
1.0000000000831752
1.0000000000811629
1.0000000000788853
1.0000000000763485
1.0000000000735583
1.0000000000705207
1.0000000000672420
1.0000000000637290
1.0000000000599898
1.0000000000560330
1.0000000000518663
1.0000000000474991
1.0000000000429417
1.0000000000382046
1.0000000000332983
1.0000000000282336
1.0000000000230209
1.0000000000176716
1.0000000000121974
1.0000000000066107
1.0000000000009255
0.9999999999951547
0.9999999999893098
0.9999999999834051
0.9999999999774543
0.9999999999714713
0.9999999999654706
0.9999999999594681
0.9999999999534790
0.9999999999475171
0.9999999999415966
0.9999999999357319
0.9999999999299368
0.9999999999242265
0.9999999999186158
0.9999999999131187
0.9999999999077496
0.9999999999025222
0.9999999998974501
0.9999999998925458
0.9999999998878217
0.9999999998832909
0.9999999998789665
0.9999999998748597
0.9999999998709816
0.9999999998673419
0.9999999998639495
0.9999999998608122
0.9999999998579381
0.9999999998553349
0.9999999998530108
0.9999999998509739
0.9999999998492309
0.9999999998477878
0.9999999998466502
0.9999999998458224
0.9999999998453092
0.9999999998451142
0.9999999998452397
0.9999999998456869
0.9999999998464565
0.9999999998475496
0.9999999998489651
0.9999999998507010
0.9999999998527549
0.9999999998551239
0.9999999998578046
0.9999999998607920
0.9999999998640811
0.9999999998676662
0.9999999998715421
0.9999999998757009
0.9999999998801350
0.9999999998848350
0.9999999998897916
0.9999999998949960
0.9999999999004395
0.9999999999061118
0.9999999999120017
0.9999999999180976
0.9999999999243880
0.9999999999308612
0.9999999999375048
0.9999999999443054
0.9999999999512476
0.9999999999583167
0.9999999999654984
0.9999999999727774
0.9999999999801388
0.9999999999875666
0.9999999999950456
1.0000000000025602
1.0000000000100950
1.0000000000176346
1.0000000000251634
1.0000000000326654
1.0000000000401230
1.0000000000475207
1.0000000000548435
1.0000000000620752
1.0000000000692011
1.0000000000762059
1.0000000000830742
1.0000000000897913
1.0000000000963429
1.0000000001027154
1.0000000001088951
1.0000000001148708
1.0000000001206302
1.0000000001261604
1.0000000001314504
1.0000000001364895
1.0000000001412677
1.0000000001457761
1.0000000001500056
1.0000000001539473
1.0000000001575935
1.0000000001609373
1.0000000001639724
1.0000000001666927
1.0000000001690925
1.0000000001711686
1.0000000001729188
1.0000000001743412
1.0000000001754350
1.0000000001761982
1.0000000001766292
1.0000000001767271
1.0000000001764922
1.0000000001759262
1.0000000001750324
1.0000000001738141
1.0000000001722751
