1.0000012047379276
1.0000011900447654
1.0000011725474058
1.0000011522882530
1.0000011293162872
1.0000011036869476
1.0000010754620017
1.0000010447093959
1.0000010115030937
1.0000009759228985
1.0000009380542612
1.0000008979880763
1.0000008558204649
1.0000008116525452
1.0000007655901888
1.0000007177437693
1.0000006682278957
1.0000006171611397
1.0000005646657522
1.0000005108673728
1.0000004558947286
1.0000003998793252
1.0000003429551307
1.0000002852582588
1.0000002269266406
1.0000001680996966
1.0000001089180024
1.0000000495229562
0.9999999900564381
0.9999999306604712
0.9999998714768823
0.9999998126469632
0.9999997543111323
0.9999996966085979
0.9999996396770265
0.9999995836522148
0.9999995286677651
0.9999994748547665
0.9999994223414803
0.9999993712530347
0.9999993217111250
0.9999992738337239
0.9999992277347999
0.9999991835240450
0.9999991413066124
0.9999991011828657
0.9999990632481389
0.9999990275925097
0.9999989943005845
0.9999989634512948
0.9999989351177104
0.9999989093668661
0.9999988862595993
0.9999988658504074
0.9999988481873169
0.9999988333117681
0.9999988212585191
0.9999988120555605
0.9999988057240520
0.9999988022782683
0.9999988017255680
0.9999988040663761
0.9999988092941834
0.9999988173955620
0.9999988283501989
0.9999988421309464
0.9999988587038839
0.9999988780284027
0.9999989000573031
0.9999989247369079
0.9999989520071911
0.9999989818019193
0.9999990140488136
0.9999990486697237
0.9999990855808133
0.9999991246927641
0.9999991659109870
0.9999992091358512
0.9999992542629202
0.9999993011832040
0.9999993497834186
0.9999993999462580
0.9999994515506768
0.9999995044721803
0.9999995585831202
0.9999996137530023
0.9999996698488000
0.9999997267352717
0.9999997842752862
0.9999998423301503
0.9999999007599385
0.9999999594238304
1.0000000181804471
1.0000000768881914
1.0000001354055856
1.0000001935916114
1.0000002513060482
1.0000003084098072
1.0000003647652658
1.0000004202365957
1.0000004746900910
1.0000005279944864
1.0000005800212728
1.0000006306450031
1.0000006797435939
1.0000007271986180
1.0000007728955884
1.0000008167242329
1.0000008585787572
1.0000008983580988
1.0000009359661688
1.0000009713120828
1.0000010043103793
1.0000010348812249
1.0000010629506042
1.0000010884504971
1.0000011113190421
1.0000011315006847
1.0000011489463119
1.0000011636133703
1.0000011754659670
1.0000011844749577
1.0000011906180146
1.0000011938796816
1.0000011942514107
1.0000011917315841
1.0000011863255169
1.0000011780454467
1.0000011669105027
1.0000011529466630
1.0000011361866918
1.0000011166700591
1.0000010944428488
1.0000010695576493
1.0000010420734284
1.0000010120553913
1.0000009795748266
1.0000009447089353
1.0000009075406446
1.0000008681584116
1.0000008266560134
1.0000007831323219
1.0000007376910678
1.0000006904405929
1.0000006414935902
1.0000005909668355
1.0000005389809079
1.0000004856599027
1.0000004311311355
1.0000003755248381
1.0000003189738469
1.0000002616132819
1.0000002035802287
1.0000001450134073
1.0000000860528435
1.0000000268395299
0.9999999675150918
0.9999999082214472
0.9999998491004694
0.9999997902936447
0.9999997319417400
0.9999996741844613
0.9999996171601203
0.9999995610053033
0.9999995058545467
0.9999994518400133
0.9999993990911786
0.9999993477345178
0.9999992978932046
0.9999992496868166
0.9999992032310510
0.9999991586374453
0.9999991160131112
0.9999990754604773
0.9999990370770461
0.9999990009551571
0.9999989671817688
0.9999989358382499
0.9999989070001847
0.9999988807371919
0.9999988571127567
0.9999988361840776
0.9999988180019311
0.9999988026105495
0.9999987900475151
0.9999987803436703
0.9999987735230420
0.9999987696027847
0.9999987685931392
0.9999987704974068
0.9999987753119405
0.9999987830261541
0.9999987936225464
0.9999988070767434
0.9999988233575545
0.9999988424270472
0.9999988642406379
0.9999988887471969
0.9999989158891702
0.9999989456027168
0.9999989778178602
0.9999990124586564
0.9999990494433720
0.9999990886846825
0.9999991300898785
0.9999991735610877
0.9999992189955059
0.9999992662856426
0.9999993153195776
0.9999993659812285
0.9999994181506281
0.9999994717042092
0.9999995265151017
0.9999995824534328
0.9999996393866364
0.9999996971797714
0.9999997556958419
0.9999998147961240
0.9999998743404975
0.9999999341877789
0.9999999941960597
1.0000000542230445
1.0000001141263903
1.0000001737640474
1.0000002329945956
1.0000002916775839
1.0000003496738641
1.0000004068459245
1.0000004630582162
1.0000005181774767
1.0000005720730467
1.0000006246171829
1.0000006756853637
1.0000007251565852
1.0000007729136509
1.0000008188434488
1.0000008628372239
1.0000009047908354
1.0000009446050062
1.0000009821855609
1.0000010174436473
1.0000010502959502
1.0000010806648887
1.0000011084788019
1.0000011336721204
1.0000011561855218
1.0000011759660716
1.0000011929673496
1.0000012071495581
1.0000012184796188
1.0000012269312506
1.0000012324850345
1.0000012351284571
1.0000012348559406
1.0000012316688560
1.0000012255755177
1.0000012165911658
1.0000012047379276
1.0000011900447654
1.0000011725474058
1.0000011522882530
