1.0000000000473996
1.0000000000473244
1.0000000000471634
1.0000000000469174
1.0000000000465885
1.0000000000461793
1.0000000000456910
1.0000000000451268
1.0000000000444886
1.0000000000437792
1.0000000000430005
1.0000000000421547
1.0000000000412448
1.0000000000402731
1.0000000000392428
1.0000000000381566
1.0000000000370182
1.0000000000358309
1.0000000000345981
1.0000000000333225
1.0000000000320077
1.0000000000306575
1.0000000000292752
1.0000000000278644
1.0000000000264284
1.0000000000249714
1.0000000000234965
1.0000000000220080
1.0000000000205076
1.0000000000189981
1.0000000000174827
1.0000000000159650
1.0000000000144487
1.0000000000129361
1.0000000000114302
1.0000000000099356
1.0000000000084557
1.0000000000069929
1.0000000000055500
1.0000000000041314
1.0000000000027403
1.0000000000013802
1.0000000000000540
0.9999999999987643
0.9999999999975137
0.9999999999963046
0.9999999999951407
0.9999999999940246
0.9999999999929587
0.9999999999919450
0.9999999999909849
0.9999999999900790
0.9999999999892303
0.9999999999884402
0.9999999999877105
0.9999999999870431
0.9999999999864398
0.9999999999859023
0.9999999999854318
0.9999999999850272
0.9999999999846877
0.9999999999844124
0.9999999999842011
0.9999999999840532
0.9999999999839683
0.9999999999839453
0.9999999999839828
0.9999999999840798
0.9999999999842357
0.9999999999844504
0.9999999999847228
0.9999999999850516
0.9999999999854360
0.9999999999858735
0.9999999999863620
0.9999999999868990
0.9999999999874826
0.9999999999881101
0.9999999999887784
0.9999999999894842
0.9999999999902244
0.9999999999909968
0.9999999999917999
0.9999999999926305
0.9999999999934854
0.9999999999943616
0.9999999999952558
0.9999999999961660
0.9999999999970892
0.9999999999980222
0.9999999999989631
0.9999999999999087
1.0000000000008558
1.0000000000018006
1.0000000000027396
1.0000000000036693
1.0000000000045879
1.0000000000054934
1.0000000000063847
1.0000000000072586
1.0000000000081120
1.0000000000089417
1.0000000000097449
1.0000000000105180
1.0000000000112583
1.0000000000119649
1.0000000000126357
1.0000000000132696
1.0000000000138658
1.0000000000144216
1.0000000000149341
1.0000000000154008
1.0000000000158191
1.0000000000161862
1.0000000000164999
1.0000000000167590
1.0000000000169629
1.0000000000171110
1.0000000000172027
1.0000000000172373
1.0000000000172138
1.0000000000171319
1.0000000000169904
1.0000000000167888
1.0000000000165277
1.0000000000162081
1.0000000000158316
1.0000000000153986
1.0000000000149099
1.0000000000143667
1.0000000000137699
1.0000000000131199
1.0000000000124192
1.0000000000116691
1.0000000000108706
1.0000000000100244
1.0000000000091320
1.0000000000081950
1.0000000000072156
1.0000000000061944
1.0000000000051330
1.0000000000040343
1.0000000000029010
1.0000000000017355
1.0000000000005407
0.9999999999993195
0.9999999999980743
0.9999999999968078
0.9999999999955245
0.9999999999942282
0.9999999999929235
0.9999999999916135
0.9999999999903012
0.9999999999889884
0.9999999999876771
0.9999999999863695
0.9999999999850685
0.9999999999837771
0.9999999999824980
0.9999999999812335
0.9999999999799871
0.9999999999787630
0.9999999999775655
0.9999999999763972
0.9999999999752612
0.9999999999741591
0.9999999999730945
0.9999999999720695
0.9999999999710871
0.9999999999701501
0.9999999999692607
0.9999999999684208
0.9999999999676329
0.9999999999668985
0.9999999999662194
0.9999999999655984
0.9999999999650371
0.9999999999645377
0.9999999999641020
0.9999999999637312
0.9999999999634274
0.9999999999631927
0.9999999999630284
0.9999999999629349
0.9999999999629127
0.9999999999629625
0.9999999999630844
0.9999999999632782
0.9999999999635431
0.9999999999638797
0.9999999999642881
0.9999999999647683
0.9999999999653200
0.9999999999659436
0.9999999999666390
0.9999999999674064
0.9999999999682454
0.9999999999691545
0.9999999999701314
0.9999999999711741
0.9999999999722807
0.9999999999734505
0.9999999999746813
0.9999999999759710
0.9999999999773169
0.9999999999787178
0.9999999999801712
0.9999999999816738
0.9999999999832214
0.9999999999848106
0.9999999999864385
0.9999999999881026
0.9999999999898000
0.9999999999915269
0.9999999999932793
0.9999999999950538
0.9999999999968475
0.9999999999986566
1.0000000000004774
1.0000000000023062
1.0000000000041407
1.0000000000059777
1.0000000000078133
1.0000000000096443
1.0000000000114682
1.0000000000132809
1.0000000000150784
1.0000000000168567
1.0000000000186129
1.0000000000203435
1.0000000000220446
1.0000000000237139
1.0000000000253482
1.0000000000269447
1.0000000000285005
1.0000000000300122
1.0000000000314759
1.0000000000328890
1.0000000000342482
1.0000000000355516
1.0000000000367975
1.0000000000379836
1.0000000000391078
1.0000000000401688
1.0000000000411642
1.0000000000420921
1.0000000000429505
1.0000000000437375
1.0000000000444498
1.0000000000450862
1.0000000000456464
1.0000000000461315
1.0000000000465408
1.0000000000468723
1.0000000000471252
1.0000000000472984
1.0000000000473905
1.0000000000473996
1.0000000000473244
1.0000000000471634
1.0000000000469174
