1.0000000000120473
1.0000000000120819
1.0000000000120908
1.0000000000120748
1.0000000000120357
1.0000000000119749
1.0000000000118929
1.0000000000117910
1.0000000000116707
1.0000000000115341
1.0000000000113825
1.0000000000112179
1.0000000000110412
1.0000000000108527
1.0000000000106533
1.0000000000104441
1.0000000000102254
1.0000000000099967
1.0000000000097586
1.0000000000095115
1.0000000000092559
1.0000000000089930
1.0000000000087237
1.0000000000084497
1.0000000000081719
1.0000000000078908
1.0000000000076072
1.0000000000073217
1.0000000000070348
1.0000000000067479
1.0000000000064619
1.0000000000061784
1.0000000000058973
1.0000000000056191
1.0000000000053444
1.0000000000050733
1.0000000000048062
1.0000000000045430
1.0000000000042832
1.0000000000040263
1.0000000000037734
1.0000000000035243
1.0000000000032794
1.0000000000030400
1.0000000000028069
1.0000000000025817
1.0000000000023643
1.0000000000021547
1.0000000000019516
1.0000000000017539
1.0000000000015627
1.0000000000013785
1.0000000000012015
1.0000000000010323
1.0000000000008715
1.0000000000007199
1.0000000000005762
1.0000000000004410
1.0000000000003137
1.0000000000001945
1.0000000000000826
0.9999999999999779
0.9999999999998812
0.9999999999997929
0.9999999999997142
0.9999999999996451
0.9999999999995860
0.9999999999995376
0.9999999999994994
0.9999999999994709
0.9999999999994508
0.9999999999994393
0.9999999999994371
0.9999999999994444
0.9999999999994608
0.9999999999994863
0.9999999999995203
0.9999999999995621
0.9999999999996113
0.9999999999996667
0.9999999999997273
0.9999999999997927
0.9999999999998624
0.9999999999999359
1.0000000000000135
1.0000000000000950
1.0000000000001792
1.0000000000002651
1.0000000000003524
1.0000000000004403
1.0000000000005289
1.0000000000006177
1.0000000000007068
1.0000000000007951
1.0000000000008813
1.0000000000009648
1.0000000000010449
1.0000000000011213
1.0000000000011935
1.0000000000012612
1.0000000000013243
1.0000000000013824
1.0000000000014364
1.0000000000014861
1.0000000000015312
1.0000000000015721
1.0000000000016089
1.0000000000016429
1.0000000000016731
1.0000000000017004
1.0000000000017246
1.0000000000017450
1.0000000000017613
1.0000000000017735
1.0000000000017830
1.0000000000017908
1.0000000000017968
1.0000000000018010
1.0000000000018039
1.0000000000018054
1.0000000000018048
1.0000000000018008
1.0000000000017912
1.0000000000017748
1.0000000000017508
1.0000000000017197
1.0000000000016809
1.0000000000016349
1.0000000000015818
1.0000000000015232
1.0000000000014591
1.0000000000013896
1.0000000000013156
1.0000000000012370
1.0000000000011551
1.0000000000010696
1.0000000000009803
1.0000000000008855
1.0000000000007840
1.0000000000006766
1.0000000000005627
1.0000000000004423
1.0000000000003166
1.0000000000001863
1.0000000000000528
0.9999999999999164
0.9999999999997784
0.9999999999996396
0.9999999999994994
0.9999999999993583
0.9999999999992162
0.9999999999990733
0.9999999999989300
0.9999999999987873
0.9999999999986450
0.9999999999985029
0.9999999999983619
0.9999999999982223
0.9999999999980843
0.9999999999979473
0.9999999999978120
0.9999999999976781
0.9999999999975453
0.9999999999974140
0.9999999999972853
0.9999999999971597
0.9999999999970375
0.9999999999969185
0.9999999999968033
0.9999999999966929
0.9999999999965886
0.9999999999964925
0.9999999999964048
0.9999999999963247
0.9999999999962519
0.9999999999961855
0.9999999999961249
0.9999999999960706
0.9999999999960234
0.9999999999959834
0.9999999999959504
0.9999999999959253
0.9999999999959086
0.9999999999959008
0.9999999999959022
0.9999999999959124
0.9999999999959306
0.9999999999959567
0.9999999999959894
0.9999999999960294
0.9999999999960765
0.9999999999961309
0.9999999999961930
0.9999999999962638
0.9999999999963436
0.9999999999964335
0.9999999999965331
0.9999999999966424
0.9999999999967620
0.9999999999968920
0.9999999999970327
0.9999999999971838
0.9999999999973463
0.9999999999975215
0.9999999999977097
0.9999999999979113
0.9999999999981257
0.9999999999983517
0.9999999999985878
0.9999999999988330
0.9999999999990870
0.9999999999993491
0.9999999999996199
0.9999999999999005
1.0000000000001910
1.0000000000004903
1.0000000000007974
1.0000000000011100
1.0000000000014273
1.0000000000017486
1.0000000000020743
1.0000000000024039
1.0000000000027369
1.0000000000030731
1.0000000000034115
1.0000000000037526
1.0000000000040961
1.0000000000044402
1.0000000000047844
1.0000000000051275
1.0000000000054698
1.0000000000058107
1.0000000000061497
1.0000000000064861
1.0000000000068190
1.0000000000071487
1.0000000000074756
1.0000000000077989
1.0000000000081173
1.0000000000084293
1.0000000000087346
1.0000000000090319
1.0000000000093194
1.0000000000095963
1.0000000000098619
1.0000000000101161
1.0000000000103590
1.0000000000105906
1.0000000000108098
1.0000000000110154
1.0000000000112068
1.0000000000113820
1.0000000000115399
1.0000000000116804
1.0000000000118028
1.0000000000119060
1.0000000000119880
1.0000000000120473
1.0000000000120819
1.0000000000120908
1.0000000000120748
