1.0000000000374938
1.0000000000374325
1.0000000000373064
1.0000000000371161
1.0000000000368625
1.0000000000365470
1.0000000000361720
1.0000000000357390
1.0000000000352505
1.0000000000347080
1.0000000000341125
1.0000000000334643
1.0000000000327656
1.0000000000320186
1.0000000000312270
1.0000000000303932
1.0000000000295191
1.0000000000286080
1.0000000000276632
1.0000000000266871
1.0000000000256830
1.0000000000246529
1.0000000000235987
1.0000000000225224
1.0000000000214262
1.0000000000203135
1.0000000000191880
1.0000000000180520
1.0000000000169091
1.0000000000157614
1.0000000000146116
1.0000000000134615
1.0000000000123124
1.0000000000111660
1.0000000000100235
1.0000000000088887
1.0000000000077649
1.0000000000066558
1.0000000000055647
1.0000000000044944
1.0000000000034486
1.0000000000024294
1.0000000000014400
1.0000000000004827
0.9999999999995581
0.9999999999986677
0.9999999999978124
0.9999999999969937
0.9999999999962129
0.9999999999954705
0.9999999999947674
0.9999999999941049
0.9999999999934837
0.9999999999929038
0.9999999999923651
0.9999999999918687
0.9999999999914138
0.9999999999910011
0.9999999999906319
0.9999999999903075
0.9999999999900292
0.9999999999897985
0.9999999999896163
0.9999999999894832
0.9999999999893985
0.9999999999893607
0.9999999999893696
0.9999999999894239
0.9999999999895216
0.9999999999896607
0.9999999999898400
0.9999999999900587
0.9999999999903154
0.9999999999906085
0.9999999999909379
0.9999999999913014
0.9999999999916968
0.9999999999921222
0.9999999999925760
0.9999999999930572
0.9999999999935650
0.9999999999940978
0.9999999999946542
0.9999999999952320
0.9999999999958282
0.9999999999964407
0.9999999999970666
0.9999999999977042
0.9999999999983511
0.9999999999990047
0.9999999999996629
1.0000000000003242
1.0000000000009865
1.0000000000016473
1.0000000000023037
1.0000000000029530
1.0000000000035933
1.0000000000042228
1.0000000000048406
1.0000000000054450
1.0000000000060347
1.0000000000066080
1.0000000000071623
1.0000000000076950
1.0000000000082034
1.0000000000086862
1.0000000000091409
1.0000000000095659
1.0000000000099598
1.0000000000103217
1.0000000000106510
1.0000000000109472
1.0000000000112090
1.0000000000114364
1.0000000000116291
1.0000000000117852
1.0000000000119031
1.0000000000119802
1.0000000000120166
1.0000000000120117
1.0000000000119649
1.0000000000118763
1.0000000000117459
1.0000000000115752
1.0000000000113640
1.0000000000111136
1.0000000000108249
1.0000000000104987
1.0000000000101361
1.0000000000097375
1.0000000000093026
1.0000000000088318
1.0000000000083258
1.0000000000077842
1.0000000000072071
1.0000000000065954
1.0000000000059512
1.0000000000052753
1.0000000000045692
1.0000000000038345
1.0000000000030727
1.0000000000022853
1.0000000000014746
1.0000000000006422
0.9999999999997887
0.9999999999989171
0.9999999999980292
0.9999999999971264
0.9999999999962110
0.9999999999952853
0.9999999999943505
0.9999999999934096
0.9999999999924654
0.9999999999915191
0.9999999999905729
0.9999999999896290
0.9999999999886897
0.9999999999877575
0.9999999999868338
0.9999999999859206
0.9999999999850203
0.9999999999841356
0.9999999999832684
0.9999999999824212
0.9999999999815952
0.9999999999807929
0.9999999999800160
0.9999999999792669
0.9999999999785476
0.9999999999778594
0.9999999999772049
0.9999999999765865
0.9999999999760064
0.9999999999754657
0.9999999999749668
0.9999999999745102
0.9999999999740975
0.9999999999737296
0.9999999999734068
0.9999999999731296
0.9999999999729000
0.9999999999727204
0.9999999999725936
0.9999999999725204
0.9999999999725030
0.9999999999725413
0.9999999999726346
0.9999999999727829
0.9999999999729861
0.9999999999732431
0.9999999999735526
0.9999999999739144
0.9999999999743291
0.9999999999747962
0.9999999999753156
0.9999999999758872
0.9999999999765106
0.9999999999771855
0.9999999999779110
0.9999999999786863
0.9999999999795103
0.9999999999803814
0.9999999999812981
0.9999999999822590
0.9999999999832628
0.9999999999843074
0.9999999999853906
0.9999999999865102
0.9999999999876643
0.9999999999888504
0.9999999999900664
0.9999999999913117
0.9999999999925848
0.9999999999938830
0.9999999999952041
0.9999999999965448
0.9999999999979022
0.9999999999992735
1.0000000000006557
1.0000000000020477
1.0000000000034464
1.0000000000048488
1.0000000000062530
1.0000000000076568
1.0000000000090574
1.0000000000104519
1.0000000000118379
1.0000000000132121
1.0000000000145721
1.0000000000159159
1.0000000000172415
1.0000000000185463
1.0000000000198277
1.0000000000210829
1.0000000000223097
1.0000000000235061
1.0000000000246698
1.0000000000257983
1.0000000000268883
1.0000000000279365
1.0000000000289404
1.0000000000298970
1.0000000000308042
1.0000000000316605
1.0000000000324634
1.0000000000332114
1.0000000000339020
1.0000000000345344
1.0000000000351081
1.0000000000356231
1.0000000000360774
1.0000000000364706
1.0000000000368023
1.0000000000370717
1.0000000000372771
1.0000000000374165
1.0000000000374889
1.0000000000374938
1.0000000000374325
1.0000000000373064
1.0000000000371161
