1.0000744502380263
1.0000735143682504
1.0000724034595450
1.0000711201761370
1.0000696675937597
1.0000680491923062
1.0000662688475166
1.0000643308217203
1.0000622397536549
1.0000600006473865
1.0000576188603596
1.0000551000906011
1.0000524503631116
1.0000496760154751
1.0000467836827212
1.0000437802814781
1.0000406729934534
1.0000374692482783
1.0000341767057597
1.0000308032375818
1.0000273569085008
1.0000238459570783
1.0000202787759991
1.0000166638920167
1.0000130099455788
1.0000093256701814
1.0000056198714993
1.0000019014063417
0.9999981791614830
0.9999944620324235
0.9999907589021265
0.9999870786197852
0.9999834299796679
0.9999798217000933
0.9999762624025870
0.9999727605912702
0.9999693246325241
0.9999659627349852
0.9999626829299153
0.9999594930519963
0.9999564007205914
0.9999534133215243
0.9999505379894146
0.9999477815906113
0.9999451507067713
0.9999426516191159
0.9999402902934068
0.9999380723656746
0.9999360031287389
0.9999340875195478
0.9999323301073693
0.9999307350828605
0.9999293062480461
0.9999280470072249
0.9999269603588280
0.9999260488882494
0.9999253147616666
0.9999247597208594
0.9999243850790502
0.9999241917177710
0.9999241800847597
0.9999243501928979
0.9999247016201886
0.9999252335107761
0.9999259445770028
0.9999268331025015
0.9999278969463141
0.9999291335480258
0.9999305399339026
0.9999321127240209
0.9999338481403675
0.9999357420158927
0.9999377898044958
0.9999399865919123
0.9999423271074888
0.9999448057368060
0.9999474165351263
0.9999501532416295
0.9999530092944056
0.9999559778461647
0.9999590517806319
0.9999622237295841
0.9999654860904896
0.9999688310447047
0.9999722505761893
0.9999757364906903
0.9999792804353510
0.9999828739186994
0.9999865083309646
0.9999901749646778
0.9999938650355046
0.9999975697032566
1.0000012800930413
1.0000049873164885
1.0000086824930077
1.0000123567710266
1.0000160013491572
1.0000196074972423
1.0000231665772303
1.0000266700638276
1.0000301095648798
1.0000334768414305
1.0000367638274192
1.0000399626489616
1.0000430656431674
1.0000460653764554
1.0000489546623179
1.0000517265784978
1.0000543744835282
1.0000568920326047
1.0000592731927465
1.0000615122572116
1.0000636038591328
1.0000655429843408
1.0000673249833461
1.0000689455824461
1.0000704008939412
1.0000716874254225
1.0000728020881184
1.0000737422042767
1.0000745055135645
1.0000750901784727
1.0000754947887087
1.0000757183645712
1.0000757603592969
1.0000756206603745
1.0000752995898177
1.0000747979034048
1.0000741167888825
1.0000732578631377
1.0000722231683441
1.0000710151670926
1.0000696367365194
1.0000680911614437
1.0000663821265314
1.0000645137075042
1.0000624903614144
1.0000603169160087
1.0000579985582074
1.0000555408217220
1.0000529495738506
1.0000502310014701
1.0000473915962671
1.0000444381392364
1.0000413776844905
1.0000382175424145
1.0000349652622100
1.0000316286138644
1.0000282155695916
1.0000247342847908
1.0000211930785641
1.0000176004138415
1.0000139648771613
1.0000102951581520
1.0000066000287655
1.0000028883223162
0.9999991689123682
0.9999954506915260
0.9999917425501750
0.9999880533552292
0.9999843919289325
0.9999807670277627
0.9999771873214947
0.9999736613724663
0.9999701976151003
0.9999668043357293
0.9999634896527748
0.9999602614973266
0.9999571275941672
0.9999540954432908
0.9999511723019556
0.9999483651673178
0.9999456807596856
0.9999431255064339
0.9999407055266200
0.9999384266163354
0.9999362942348302
0.9999343134914425
0.9999324891333641
0.9999308255342730
0.9999293266838581
0.9999279961782618
0.9999268372114658
0.9999258525676403
0.9999250446144693
0.9999244152974754
0.9999239661353553
0.9999236982163365
0.9999236121955645
0.9999237082935236
0.9999239862955025
0.9999244455520977
0.9999250849807600
0.9999259030683754
0.9999268978748777
0.9999280670378827
0.9999294077783355
0.9999309169071521
0.9999325908328427
0.9999344255700976
0.9999364167493151
0.9999385596270500
0.9999408490973557
0.9999432797039928
0.9999458456534753
0.9999485408289254
0.9999513588046985
0.9999542928617489
0.9999573360036947
0.9999604809735456
0.9999637202710508
0.9999670461706329
0.9999704507398564
0.9999739258583892
0.9999774632374157
0.9999810544394477
0.9999846908984920
0.9999883639405225
0.9999920648042100
0.9999957846618596
0.9999995146405030
1.0000032458431007
1.0000069693697984
1.0000106763391896
1.0000143579095309
1.0000180052998631
1.0000216098109844
1.0000251628462276
1.0000286559319886
1.0000320807379646
1.0000354290970437
1.0000386930248069
1.0000418647385900
1.0000449366760613
1.0000479015132739
1.0000507521821482
1.0000534818873428
1.0000560841224733
1.0000585526856380
1.0000608816942169
1.0000630655989080
1.0000650991969686
1.0000669776446265
1.0000686964686349
1.0000702515769415
1.0000716392684492
1.0000728562418439
1.0000738996034650
1.0000747668742047
1.0000754559954159
1.0000759653338196
1.0000762936853946
1.0000764402782440
1.0000764047744291
1.0000761872707686
1.0000757882986029
1.0000752088225160
1.0000744502380263
1.0000735143682504
1.0000724034595450
1.0000711201761370
