1.0000004155299376
1.0000004105472455
1.0000004046027102
1.0000003977108214
1.0000003898883212
1.0000003811541636
1.0000003715294701
1.0000003610374770
1.0000003497034824
1.0000003375547848
1.0000003246206164
1.0000003109320752
1.0000002965220489
1.0000002814251379
1.0000002656775704
1.0000002493171187
1.0000002323830068
1.0000002149158163
1.0000001969573884
1.0000001785507260
1.0000001597398889
1.0000001405698891
1.0000001210865836
1.0000001013365665
1.0000000813670553
1.0000000612257800
1.0000000409608665
1.0000000206207227
1.0000000002539220
0.9999999799090883
0.9999999596347788
0.9999999394793683
0.9999999194909351
0.9999998997171450
0.9999998802051376
0.9999998610014145
0.9999998421517263
0.9999998237009639
0.9999998056930516
0.9999997881708415
0.9999997711760126
0.9999997547489724
0.9999997389287566
0.9999997237529397
0.9999997092575446
0.9999996954769543
0.9999996824438331
0.9999996701890452
0.9999996587415831
0.9999996481284970
0.9999996383748316
0.9999996295035675
0.9999996215355644
0.9999996144895127
0.9999996083818877
0.9999996032269126
0.9999995990365222
0.9999995958203364
0.9999995935856365
0.9999995923373498
0.9999995920780365
0.9999995928078855
0.9999995945247117
0.9999995972239621
0.9999996008987276
0.9999996055397604
0.9999996111354941
0.9999996176720740
0.9999996251333891
0.9999996335011127
0.9999996427547447
0.9999996528716631
0.9999996638271756
0.9999996755945800
0.9999996881452272
0.9999997014485901
0.9999997154723383
0.9999997301824163
0.9999997455431253
0.9999997615172077
0.9999997780659365
0.9999997951492074
0.9999998127256351
0.9999998307526544
0.9999998491866219
0.9999998679829194
0.9999998870960617
0.9999999064798062
0.9999999260872628
0.9999999458710060
0.9999999657831895
0.9999999857756605
1.0000000058000753
1.0000000258080157
1.0000000457511031
1.0000000655811145
1.0000000852501010
1.0000001047105016
1.0000001239152565
1.0000001428179206
1.0000001613727756
1.0000001795349387
1.0000001972604680
1.0000002145064695
1.0000002312312009
1.0000002473941707
1.0000002629562350
1.0000002778796935
1.0000002921283788
1.0000003056677431
1.0000003184649386
1.0000003304888980
1.0000003417104102
1.0000003521021896
1.0000003616389423
1.0000003702974261
1.0000003780565063
1.0000003848972068
1.0000003908027544
1.0000003957586210
1.0000003997525575
1.0000004027746248
1.0000004048172162
1.0000004058750784
1.0000004059453207
1.0000004050274245
1.0000004031232421
1.0000004002369949
1.0000003963752631
1.0000003915469695
1.0000003857633588
1.0000003790379710
1.0000003713866077
1.0000003628272982
1.0000003533802528
1.0000003430678162
1.0000003319144122
1.0000003199464893
1.0000003071924555
1.0000002936826122
1.0000002794490797
1.0000002645257198
1.0000002489480579
1.0000002327531949
1.0000002159797208
1.0000001986676201
1.0000001808581802
1.0000001625938897
1.0000001439183392
1.0000001248761152
1.0000001055126948
1.0000000858743356
1.0000000660079671
1.0000000459610772
1.0000000257815984
1.0000000055177940
0.9999999852181409
0.9999999649312165
0.9999999447055807
0.9999999245896618
0.9999999046316390
0.9999998848793274
0.9999998653800641
0.9999998461805931
0.9999998273269558
0.9999998088643809
0.9999997908371744
0.9999997732886137
0.9999997562608450
0.9999997397947831
0.9999997239300109
0.9999997087046868
0.9999996941554524
0.9999996803173471
0.9999996672237226
0.9999996549061623
0.9999996433944064
0.9999996327162796
0.9999996228976257
0.9999996139622441
0.9999996059318347
0.9999995988259448
0.9999995926619210
0.9999995874548691
0.9999995832176179
0.9999995799606884
0.9999995776922666
0.9999995764181855
0.9999995761419100
0.9999995768645297
0.9999995785847534
0.9999995812989135
0.9999995850009752
0.9999995896825495
0.9999995953329135
0.9999996019390369
0.9999996094856102
0.9999996179550824
0.9999996273277036
0.9999996375815711
0.9999996486926811
0.9999996606349876
0.9999996733804607
0.9999996868991564
0.9999997011592873
0.9999997161272979
0.9999997317679438
0.9999997480443755
0.9999997649182278
0.9999997823497095
0.9999998002976996
0.9999998187198442
0.9999998375726581
0.9999998568116288
0.9999998763913219
0.9999998962654885
0.9999999163871763
0.9999999367088425
0.9999999571824667
0.9999999777596654
0.9999999983918073
1.0000000190301284
1.0000000396258470
1.0000000601302828
1.0000000804949720
1.0000001006717814
1.0000001206130233
1.0000001402715704
1.0000001596009678
1.0000001785555439
1.0000001970905201
1.0000002151621170
1.0000002327276563
1.0000002497456644
1.0000002661759713
1.0000002819798062
1.0000002971198905
1.0000003115605276
1.0000003252676861
1.0000003382090801
1.0000003503542476
1.0000003616746227
1.0000003721436039
1.0000003817366168
1.0000003904311714
1.0000003982069183
1.0000004050456945
1.0000004109315674
1.0000004158508731
1.0000004197922496
1.0000004227466632
1.0000004247074303
1.0000004256702313
1.0000004256331230
1.0000004245965413
1.0000004225633001
1.0000004195385843
1.0000004155299376
1.0000004105472455
1.0000004046027102
1.0000003977108214
