1.0000182755021905
1.0000180471861615
1.0000177759902773
1.0000174625664520
1.0000171076673769
1.0000167121447190
1.0000162769470831
1.0000158031177420
1.0000152917921434
1.0000147441951959
1.0000141616383385
1.0000135455164059
1.0000128973042932
1.0000122185534313
1.0000115108880778
1.0000107760014330
1.0000100156515928
1.0000092316573452
1.0000084258938260
1.0000076002880323
1.0000067568142190
1.0000058974891788
1.0000050243674214
1.0000041395362631
1.0000032451108389
1.0000023432290472
1.0000014360464391
1.0000005257310642
0.9999996144582913
0.9999987044056070
0.9999977977474116
0.9999968966498229
0.9999960032654982
0.9999951197284892
0.9999942481491411
0.9999933906090489
0.9999925491560822
0.9999917257994904
0.9999909225051006
0.9999901411906185
0.9999893837210453
0.9999886519042224
0.9999879474865092
0.9999872721486124
0.9999866275015662
0.9999860150828830
0.9999854363528798
0.9999848926911884
0.9999843853934588
0.9999839156682629
0.9999834846342086
0.9999830933172680
0.9999827426483254
0.9999824334609543
0.9999821664894276
0.9999819423669641
0.9999817616242179
0.9999816246880139
0.9999815318803290
0.9999814834175248
0.9999814794098343
0.9999815198611015
0.9999816046687754
0.9999817336241594
0.9999819064129133
0.9999821226158089
0.9999823817097360
0.9999826830689562
0.9999830259666042
0.9999834095764282
0.9999838329747701
0.9999842951427790
0.9999847949688504
0.9999853312512897
0.9999859027011884
0.9999865079455107
0.9999871455303798
0.9999878139245575
0.9999885115231109
0.9999892366512536
0.9999899875683549
0.9999907624721064
0.9999915595028338
0.9999923767479487
0.9999932122465249
0.9999940639939907
0.9999949299469253
0.9999958080279496
0.9999966961306970
0.9999975921248510
0.9999984938612433
0.9999993991769941
1.0000003059006890
1.0000012118575752
1.0000021148747629
1.0000030127864243
1.0000039034389743
1.0000047846962232
1.0000056544444842
1.0000065105976330
1.0000073511020968
1.0000081739417666
1.0000089771428211
1.0000097587784480
1.0000105169734512
1.0000112499087399
1.0000119558256781
1.0000126330302923
1.0000132798973234
1.0000138948741142
1.0000144764843246
1.0000150233314640
1.0000155341022312
1.0000160075696576
1.0000164425960423
1.0000168381356749
1.0000171932373367
1.0000175070465784
1.0000177788077642
1.0000180078658816
1.0000181936681092
1.0000183357651424
1.0000184338122688
1.0000184875701947
1.0000184969056201
1.0000184617915600
1.0000183823074129
1.0000182586387727
1.0000180910769878
1.0000178800184683
1.0000176259637410
1.0000173295162564
1.0000169913809487
1.0000166123625507
1.0000161933636760
1.0000157353826618
1.0000152395111861
1.0000147069316616
1.0000141389144104
1.0000135368146312
1.0000129020691626
1.0000122361930495
1.0000115407759234
1.0000108174782065
1.0000100680271440
1.0000092942126781
1.0000084978831691
1.0000076809409795
1.0000068453379278
1.0000059930706253
1.0000051261757030
1.0000042467249441
1.0000033568203341
1.0000024585890364
1.0000015541783063
1.0000006457503594
0.9999997354772019
0.9999988255354414
0.9999979181010837
0.9999970153443289
0.9999961194243823
0.9999952324842915
0.9999943566458245
0.9999934940043956
0.9999926466240565
0.9999918165325591
0.9999910057165086
0.9999902161166112
0.9999894496230328
0.9999887080708775
0.9999879932357982
0.9999873068297503
0.9999866504968985
0.9999860258096818
0.9999854342650522
0.9999848772808937
0.9999843561926298
0.9999838722500271
0.9999834266142053
0.9999830203548580
0.9999826544476932
0.9999823297720974
0.9999820471090296
0.9999818071391496
0.9999816104411908
0.9999814574905708
0.9999813486582521
0.9999812842098516
0.9999812643050022
0.9999812889969677
0.9999813582325122
0.9999814718520249
0.9999816295898969
0.9999818310751528
0.9999820758323364
0.9999823632826418
0.9999826927452935
0.9999830634391713
0.9999834744846732
0.9999839249058153
0.9999844136325622
0.9999849395033806
0.9999855012680132
0.9999860975904635
0.9999867270521866
0.9999873881554764
0.9999880793270427
0.9999887989217693
0.9999895452266427
0.9999903164648432
0.9999911107999887
0.9999919263405208
0.9999927611442225
0.9999936132228575
0.9999944805469188
0.9999953610504771
0.9999962526361160
0.9999971531799396
0.9999980605366467
0.9999989725446541
0.9999998870312604
1.0000008018178346
1.0000017147250202
1.0000026235779396
1.0000035262113880
1.0000044204750052
1.0000053042384114
1.0000061753962945
1.0000070318734378
1.0000078716296763
1.0000086926647678
1.0000094930231700
1.0000102707987093
1.0000110241391338
1.0000117512505353
1.0000124504016317
1.0000131199279014
1.0000137582355575
1.0000143638053514
1.0000149351962015
1.0000154710486318
1.0000159700880171
1.0000164311276256
1.0000168530714511
1.0000172349168268
1.0000175757568186
1.0000178747823898
1.0000181312843299
1.0000183446549475
1.0000185143895191
1.0000186400874918
1.0000187214534375
1.0000187582977553
1.0000187505371221
1.0000186981946886
1.0000186014000203
1.0000184603887856
1.0000182755021905
1.0000180471861615
1.0000177759902773
1.0000174625664520
