1.0000500559813994
1.0000494276751686
1.0000486817388721
1.0000478199625338
1.0000468444127113
1.0000457574275543
1.0000445616112161
1.0000432598276321
1.0000418551936767
1.0000403510717157
1.0000387510615709
1.0000370589919219
1.0000352789111537
1.0000334150776868
1.0000314719498007
1.0000294541749828
1.0000273665788246
1.0000252141534882
1.0000230020457805
1.0000207355448549
1.0000184200695728
1.0000160611555553
1.0000136644419542
1.0000112356579769
1.0000087806091946
1.0000063051636687
1.0000038152379251
1.0000013167828155
0.9999988157692921
0.9999963181741393
0.9999938299656842
0.9999913570895329
0.9999889054543564
0.9999864809177682
0.9999840892723199
0.9999817362316551
0.9999794274168485
0.9999771683429679
0.9999749644058913
0.9999728208694020
0.9999707428526042
0.9999687353176843
0.9999668030580460
0.9999649506868504
0.9999631826259848
0.9999615030954890
0.9999599161034667
0.9999584254365014
0.9999570346506030
0.9999557470627056
0.9999545657427367
0.9999534935062780
0.9999525329078336
0.9999516862347261
0.9999509555016270
0.9999503424457441
0.9999498485226713
0.9999494749029109
0.9999492224690782
0.9999490918137990
0.9999490832382959
0.9999491967516732
0.9999494320709044
0.9999497886215158
0.9999502655389680
0.9999508616707310
0.9999515755790490
0.9999524055443898
0.9999533495695643
0.9999544053845131
0.9999555704517465
0.9999568419724233
0.9999582168930523
0.9999596919128094
0.9999612634914397
0.9999629278577323
0.9999646810185552
0.9999665187684124
0.9999684366995127
0.9999704302123225
0.9999724945265738
0.9999746246927073
0.9999768156037184
0.9999790620073803
0.9999813585188132
0.9999836996333705
0.9999860797398099
0.9999884931337200
0.9999909340311688
0.9999933965825414
0.9999958748865347
0.9999983630042741
1.0000008549735206
1.0000033448229320
1.0000058265863463
1.0000082943170499
1.0000107421019984
1.0000131640759600
1.0000155544355409
1.0000179074530640
1.0000202174902630
1.0000224790117662
1.0000246865983311
1.0000268349598009
1.0000289189477538
1.0000309335678095
1.0000328739915714
1.0000347355681700
1.0000365138353786
1.0000382045302838
1.0000398035994753
1.0000413072087331
1.0000427117521955
1.0000440138609792
1.0000452104112330
1.0000462985316065
1.0000472756101160
1.0000481393003862
1.0000488875272626
1.0000495184917746
1.0000500306754367
1.0000504228438829
1.0000506940498199
1.0000508436352953
1.0000508712332721
1.0000507767685158
1.0000505604577747
1.0000502228092720
1.0000497646214963
1.0000491869812984
1.0000484912613006
1.0000476791166242
1.0000467524809422
1.0000457135618637
1.0000445648356671
1.0000433090413912
1.0000419491742949
1.0000404884787071
1.0000389304402824
1.0000372787776779
1.0000355374336756
1.0000337105657660
1.0000318025362211
1.0000298179016744
1.0000277614022386
1.0000256379501826
1.0000234526181990
1.0000212106272868
1.0000189173342757
1.0000165782190311
1.0000141988713567
1.0000117849776418
1.0000093423072722
1.0000068766988417
1.0000043940461996
1.0000019002843632
0.9999994013753338
0.9999969032938452
0.9999944120130799
0.9999919334903907
0.9999894736530580
0.9999870383841161
0.9999846335082865
0.9999822647780515
0.9999799378598986
0.9999776583207675
0.9999754316147358
0.9999732630699736
0.9999711578759977
0.9999691210712590
0.9999671575310883
0.9999652719560328
0.9999634688606083
0.9999617525624991
0.9999601271722244
0.9999585965833004
0.9999571644629235
0.9999558342431923
0.9999546091128921
0.9999534920098618
0.9999524856139601
0.9999515923406481
0.9999508143352043
0.9999501534675878
0.9999496113279578
0.9999491892228621
0.9999488881721059
0.9999487089063041
0.9999486518651269
0.9999487171962417
0.9999489047549530
0.9999492141045415
0.9999496445173025
0.9999501949762810
0.9999508641776971
0.9999516505340573
0.9999525521779461
0.9999535669664863
0.9999546924864574
0.9999559260600609
0.9999572647513199
0.9999587053730954
0.9999602444947038
0.9999618784501145
0.9999636033467124
0.9999654150746017
0.9999673093164293
0.9999692815577010
0.9999713270975744
0.9999734410600917
0.9999756184058353
0.9999778539439703
0.9999801423446495
0.9999824781517489
0.9999848557959093
0.9999872696078458
0.9999897138318933
0.9999921826397626
0.9999946701444626
0.9999971704143673
0.9999996774873885
1.0000021853852186
1.0000046881276143
1.0000071797466812
1.0000096543011303
1.0000121058904701
1.0000145286690989
1.0000169168602697
1.0000192647698847
1.0000215668000940
1.0000238174626637
1.0000260113920807
1.0000281433583651
1.0000302082795558
1.0000322012338452
1.0000341174713303
1.0000359524253504
1.0000377017233903
1.0000393611975185
1.0000409268943327
1.0000423950843971
1.0000437622711427
1.0000450251992115
1.0000461808622241
1.0000472265099520
1.0000481596548803
1.0000489780781403
1.0000496798348029
1.0000502632585158
1.0000507269654779
1.0000510698577372
1.0000512911258070
1.0000513902505943
1.0000513670046307
1.0000512214526116
1.0000509539512363
1.0000505651483520
1.0000500559813994
1.0000494276751686
1.0000486817388721
1.0000478199625338
