1.0000000000599671
1.0000000000598119
1.0000000000595552
1.0000000000591982
1.0000000000587412
1.0000000000581859
1.0000000000575338
1.0000000000567859
1.0000000000559441
1.0000000000550107
1.0000000000539886
1.0000000000528808
1.0000000000516909
1.0000000000504219
1.0000000000490767
1.0000000000476588
1.0000000000461720
1.0000000000446212
1.0000000000430109
1.0000000000413460
1.0000000000396305
1.0000000000378682
1.0000000000360632
1.0000000000342206
1.0000000000323450
1.0000000000304412
1.0000000000285136
1.0000000000265661
1.0000000000246030
1.0000000000226288
1.0000000000206481
1.0000000000186666
1.0000000000166884
1.0000000000147184
1.0000000000127627
1.0000000000108260
1.0000000000089124
1.0000000000070268
1.0000000000051743
1.0000000000033582
1.0000000000015816
0.9999999999998476
0.9999999999981588
0.9999999999965186
0.9999999999949305
0.9999999999933972
0.9999999999919211
0.9999999999905052
0.9999999999891525
0.9999999999878655
0.9999999999866477
0.9999999999855012
0.9999999999844290
0.9999999999834335
0.9999999999825168
0.9999999999816802
0.9999999999809245
0.9999999999802504
0.9999999999796577
0.9999999999791465
0.9999999999787170
0.9999999999783703
0.9999999999781066
0.9999999999779267
0.9999999999778306
0.9999999999778180
0.9999999999778876
0.9999999999780381
0.9999999999782677
0.9999999999785750
0.9999999999789573
0.9999999999794124
0.9999999999799374
0.9999999999805306
0.9999999999811893
0.9999999999819102
0.9999999999826900
0.9999999999835263
0.9999999999844176
0.9999999999853612
0.9999999999863541
0.9999999999873923
0.9999999999884721
0.9999999999895898
0.9999999999907413
0.9999999999919214
0.9999999999931258
0.9999999999943500
0.9999999999955904
0.9999999999968432
0.9999999999981041
0.9999999999993696
1.0000000000006364
1.0000000000019009
1.0000000000031595
1.0000000000044080
1.0000000000056424
1.0000000000068592
1.0000000000080556
1.0000000000092288
1.0000000000103755
1.0000000000114915
1.0000000000125728
1.0000000000136151
1.0000000000146139
1.0000000000155669
1.0000000000164724
1.0000000000173279
1.0000000000181293
1.0000000000188745
1.0000000000195615
1.0000000000201887
1.0000000000207547
1.0000000000212572
1.0000000000216946
1.0000000000220641
1.0000000000223643
1.0000000000225924
1.0000000000227469
1.0000000000228277
1.0000000000228344
1.0000000000227673
1.0000000000226263
1.0000000000224107
1.0000000000221203
1.0000000000217548
1.0000000000213136
1.0000000000207969
1.0000000000202052
1.0000000000195399
1.0000000000188023
1.0000000000179936
1.0000000000171148
1.0000000000161673
1.0000000000151525
1.0000000000140716
1.0000000000129265
1.0000000000117191
1.0000000000104521
1.0000000000091276
1.0000000000077496
1.0000000000063218
1.0000000000048488
1.0000000000033344
1.0000000000017817
1.0000000000001932
0.9999999999985721
0.9999999999969219
0.9999999999952466
0.9999999999935509
0.9999999999918391
0.9999999999901156
0.9999999999883833
0.9999999999866460
0.9999999999849081
0.9999999999831737
0.9999999999814462
0.9999999999797298
0.9999999999780285
0.9999999999763461
0.9999999999746872
0.9999999999730563
0.9999999999714591
0.9999999999698995
0.9999999999683818
0.9999999999669105
0.9999999999654909
0.9999999999641263
0.9999999999628196
0.9999999999615737
0.9999999999603902
0.9999999999592718
0.9999999999582210
0.9999999999572405
0.9999999999563330
0.9999999999555013
0.9999999999547489
0.9999999999540787
0.9999999999534929
0.9999999999529934
0.9999999999525809
0.9999999999522562
0.9999999999520207
0.9999999999518753
0.9999999999518212
0.9999999999518591
0.9999999999519903
0.9999999999522160
0.9999999999525375
0.9999999999529562
0.9999999999534724
0.9999999999540857
0.9999999999547957
0.9999999999556006
0.9999999999564986
0.9999999999574883
0.9999999999585693
0.9999999999597389
0.9999999999609962
0.9999999999623382
0.9999999999637615
0.9999999999652635
0.9999999999668403
0.9999999999684892
0.9999999999702082
0.9999999999719964
0.9999999999738517
0.9999999999757713
0.9999999999777505
0.9999999999797848
0.9999999999818706
0.9999999999840042
0.9999999999861828
0.9999999999884031
0.9999999999906605
0.9999999999929506
0.9999999999952693
0.9999999999976124
0.9999999999999754
1.0000000000023530
1.0000000000047391
1.0000000000071287
1.0000000000095179
1.0000000000119007
1.0000000000142713
1.0000000000166256
1.0000000000189602
1.0000000000212701
1.0000000000235512
1.0000000000257994
1.0000000000280096
1.0000000000301776
1.0000000000322993
1.0000000000343707
1.0000000000363882
1.0000000000383473
1.0000000000402427
1.0000000000420703
1.0000000000438256
1.0000000000455047
1.0000000000471052
1.0000000000486238
1.0000000000500564
1.0000000000514009
1.0000000000526541
1.0000000000538136
1.0000000000548770
1.0000000000558422
1.0000000000567089
1.0000000000574771
1.0000000000581464
1.0000000000587157
1.0000000000591838
1.0000000000595490
1.0000000000598102
1.0000000000599669
1.0000000000600191
1.0000000000599671
1.0000000000598119
1.0000000000595552
1.0000000000591982
