1.0010804451958191
1.0010667940861955
1.0010506000751542
1.0010319017369820
1.0010107436032070
1.0009871760582298
1.0009612552211959
1.0009330428143715
1.0009026060183155
1.0008700173141620
1.0008353543133710
1.0007986995753189
1.0007601404131368
1.0007197686882316
1.0006776805939506
1.0006339764288712
1.0005887603602321
1.0005421401780394
1.0004942270404040
1.0004451352106922
1.0003949817870916
1.0003438864252092
1.0002919710543436
1.0002393595880843
1.0001861776299137
1.0001325521744981
1.0000786113053632
1.0000244838896690
0.9999702992708013
0.9999161869595088
0.9998622763243238
0.9998086962820036
0.9997555749887352
0.9997030395328499
0.9996512156297881
0.9996002273200587
0.9995501966709265
0.9995012434825622
0.9994534849993713
0.9994070356272148
0.9993620066572300
0.9993185059969297
0.9992766379092521
0.9992365027602139
0.9991981967758037
0.9991618118087211
0.9991274351155568
0.9990951491449742
0.9990650313374321
0.9990371539369564
0.9990115838154434
0.9989883823099417
0.9989676050733339
0.9989493019387963
0.9989335167983850
0.9989202874960688
0.9989096457354757
0.9989016170025973
0.9988962205036451
0.9988934691182266
0.9988933693679599
0.9988959214006053
0.9989011189897548
0.9989089495500852
0.9989193941681328
0.9989324276485053
0.9989480185754200
0.9989661293894030
0.9989867164789528
0.9990097302869306
0.9990351154314042
0.9990628108406328
0.9990927499018468
0.9991248606234414
0.9991590658101640
0.9991952832508521
0.9992334259182406
0.9992734021803292
0.9993151160227735
0.9993584672817387
0.9994033518866257
0.9994496621120568
0.9994972868384893
0.9995461118208088
0.9995960199642281
0.9996468916068070
0.9996986048078943
0.9997510356417796
0.9998040584958322
0.9998575463723974
0.9999113711937135
0.9999654041091109
1.0000195158037475
1.0000735768081348
1.0001274578077182
1.0001810299517613
1.0002341651608095
1.0002867364319974
1.0003386181414788
1.0003896863432742
1.0004398190638304
1.0004888965916061
1.0005368017610117
1.0005834202300470
1.0006286407509992
1.0006723554335737
1.0007144599998610
1.0007548540305584
1.0007934412018853
1.0008301295126569
1.0008648315010080
1.0008974644502719
1.0009279505835629
1.0009562172466184
1.0009821970785011
1.0010058281697745
1.0010270542078088
1.0010458246088896
1.0010620946368378
1.0010758255078869
1.0010869844815764
1.0010955449374690
1.0011014864375216
1.0011047947739737
1.0011054620026445
1.0011034864615729
1.0010988727749521
1.0010916318423571
1.0010817808132813
1.0010693430470468
1.0010543480581648
1.0010368314472773
1.0010168348178226
1.0009944056786104
1.0009695973325274
1.0009424687516035
1.0009130844387291
1.0008815142763183
1.0008478333622568
1.0008121218335018
1.0007744646777232
1.0007349515334041
1.0006936764788505
1.0006507378105836
1.0006062378116125
1.0005602825101108
1.0005129814290441
1.0004644473273185
1.0004147959330354
1.0003641456694743
1.0003126173744235
1.0002603340135128
1.0002074203882061
1.0001540028391394
1.0001002089454973
1.0000461672211289
0.9999920068081214
0.9999378571685570
0.9998838477751847
0.9998301078017415
0.9997767658136706
0.9997239494599737
0.9996717851669497
0.9996203978345553
0.9995699105361299
0.9995204442222189
0.9994721174292174
0.9994250459935587
0.9993793427721523
0.9993351173697589
0.9992924758739885
0.9992515205985802
0.9992123498356079
0.9991750576172332
0.9991397334876109
0.9991064622855148
0.9990753239382468
0.9990463932673460
0.9990197398065926
0.9989954276327730
0.9989735152096418
0.9989540552454782
0.9989370945646038
0.9989226739931948
0.9989108282596780
0.9989015859099698
0.9988949692377794
0.9988909942301553
0.9988896705284115
0.9988910014045467
0.9988949837532035
0.9989016080991958
0.9989108586205850
0.9989227131872439
0.9989371434148079
0.9989541147338731
0.9989735864742662
0.9989955119641638
0.9990198386438102
0.9990465081935334
0.9990754566757382
0.9991066146905060
0.9991399075444028
0.9991752554320659
0.9992125736301013
0.9992517727028004
0.9992927587191525
0.9993354334806017
0.9993796947589750
0.9994254365439750
0.9994725492996238
0.9995209202290118
0.9995704335466850
0.9996209707580030
0.9996724109447632
0.9997246310563914
0.9997775062059839
0.9998309099704690
0.9998847146941610
0.9999387917949597
0.9999930120724582
1.0000472460172178
1.0001013641204570
1.0001552371834210
1.0002087366256887
1.0002617347916898
1.0003141052547033
1.0003657231176208
1.0004164653097718
1.0004662108791156
1.0005148412791227
1.0005622406496757
1.0006082960913432
1.0006528979324014
1.0006959399879847
1.0007373198107758
1.0007769389326695
1.0008147030968557
1.0008505224798026
1.0008843119026394
1.0009159910314638
1.0009454845661265
1.0009727224170712
1.0009976398698390
1.0010201777368679
1.0010402824962572
1.0010579064171832
1.0010730076716945
1.0010855504326437
1.0010955049575301
1.0011028476580788
1.0011075611554012
1.0011096343206176
1.0011090623008498
1.0011058465305283
1.0010999947279875
1.0010915208773625
1.0010804451958191
1.0010667940861955
1.0010506000751542
1.0010319017369820
