1.0001038882100979
1.0001025808874067
1.0001010292308661
1.0000992369598447
1.0000972083681130
1.0000949483135921
1.0000924622067560
1.0000897559977158
1.0000868361620163
1.0000837096851800
1.0000803840460299
1.0000768671988369
1.0000731675543300
1.0000692939596176
1.0000652556770655
1.0000610623621842
1.0000567240405740
1.0000522510839855
1.0000476541855550
1.0000429443342636
1.0000381327886938
1.0000332310501410
1.0000282508351395
1.0000232040474730
1.0000181027497357
1.0000129591345106
1.0000077854952398
1.0000025941968440
0.9999973976461741
0.9999922082623579
0.9999870384471145
0.9999819005551083
0.9999768068644144
0.9999717695471624
0.9999668006404306
0.9999619120174636
0.9999571153592767
0.9999524221267171
0.9999478435330540
0.9999433905171539
0.9999390737173117
0.9999349034458002
0.9999308896641975
0.9999270419595536
0.9999233695214500
0.9999198811200085
0.9999165850849052
0.9999134892854358
0.9999106011116851
0.9999079274568394
0.9999054747006896
0.9999032486943611
0.9999012547463128
0.9998994976096324
0.9998979814706646
0.9998967099389929
0.9998956860388051
0.9998949122016583
0.9998943902606658
0.9998941214461196
0.9998941063825521
0.9998943450872517
0.9998948369702316
0.9998955808356550
0.9998965748847112
0.9998978167199359
0.9998993033509648
0.9999010312017071
0.9999029961189236
0.9999051933821863
0.9999076177151967
0.9999102632984328
0.9999131237830988
0.9999161923063398
0.9999194615076881
0.9999229235467006
0.9999265701217420
0.9999303924898733
0.9999343814877939
0.9999385275537899
0.9999428207506342
0.9999472507893827
0.9999518070540102
0.9999564786268290
0.9999612543146246
0.9999661226754492
0.9999710720460085
0.9999760905695757
0.9999811662243642
0.9999862868522936
0.9999914401880784
0.9999966138885688
1.0000017955622778
1.0000069727990204
1.0000121331995901
1.0000172644054133
1.0000223541280953
1.0000273901788030
1.0000323604974033
1.0000372531812924
1.0000420565138464
1.0000467589924198
1.0000513493558361
1.0000558166112972
1.0000601500606494
1.0000643393259427
1.0000683743742229
1.0000722455415001
1.0000759435558322
1.0000794595594740
1.0000827851300298
1.0000859123005716
1.0000888335786646
1.0000915419642598
1.0000940309664124
1.0000962946187797
1.0000983274938717
1.0001001247160097
1.0001016819729720
1.0001029955262926
1.0001040622201915
1.0001048794891159
1.0001054453638689
1.0001057584763180
1.0001058180626674
1.0001056239652901
1.0001051766331119
1.0001044771205514
1.0001035270850123
1.0001023287829380
1.0001008850644360
1.0000991993664876
1.0000972757047544
1.0000951186640055
1.0000927333871845
1.0000901255631469
1.0000873014130909
1.0000842676757180
1.0000810315911601
1.0000776008837053
1.0000739837433672
1.0000701888063432
1.0000662251344044
1.0000621021932681
1.0000578298300060
1.0000534182495351
1.0000488779902574
1.0000442198988984
1.0000394551046055
1.0000345949923728
1.0000296511758489
1.0000246354695970
1.0000195598608714
1.0000144364809791
1.0000092775762941
1.0000040954789939
0.9999989025775854
0.9999937112872955
0.9999885340203942
0.9999833831565211
0.9999782710130856
0.9999732098158139
0.9999682116695112
0.9999632885291109
0.9999584521710775
0.9999537141652349
0.9999490858470856
0.9999445782906876
0.9999402022821544
0.9999359682938399
0.9999318864592733
0.9999279665489001
0.9999242179466942
0.9999206496276895
0.9999172701364889
0.9999140875668023
0.9999111095420615
0.9999083431971632
0.9999057951613745
0.9999034715424520
0.9999013779120063
0.9998995192921517
0.9998979001434695
0.9998965243543176
0.9998953952315093
0.9998945154923811
0.9998938872582759
0.9998935120494485
0.9998933907814158
0.9998935237627540
0.9998939106943489
0.9998945506700979
0.9998954421790699
0.9998965831091143
0.9998979707519068
0.9998996018094242
0.9999014724018329
0.9999035780767662
0.9999059138199762
0.9999084740673285
0.9999112527181143
0.9999142431496455
0.9999174382331012
0.9999208303505810
0.9999244114133324
0.9999281728811017
0.9999321057825645
0.9999362007367870
0.9999404479756654
0.9999448373672919
0.9999493584401875
0.9999540004083464
0.9999587521970316
0.9999636024692564
0.9999685396528933
0.9999735519683417
0.9999786274566893
0.9999837540083002
0.9999889193917593
0.9999941112831061
0.9999993172952887
1.0000045250077632
1.0000097219961710
1.0000148958620241
1.0000200342623200
1.0000251249390264
1.0000301557483595
1.0000351146897866
1.0000399899346808
1.0000447698545654
1.0000494430488767
1.0000539983721803
1.0000584249607751
1.0000627122586212
1.0000668500425334
1.0000708284465774
1.0000746379856098
1.0000782695779087
1.0000817145668401
1.0000849647415075
1.0000880123563374
1.0000908501495493
1.0000934713604779
1.0000958697456910
1.0000980395938766
1.0000999757394593
1.0001016735749142
1.0001031290617481
1.0001043387401245
1.0001052997371069
1.0001060097735022
1.0001064671692868
1.0001066708476058
1.0001066203373314
1.0001063157741781
1.0001057579003689
1.0001049480628559
1.0001038882100979
1.0001025808874067
1.0001010292308661
1.0000992369598447
