1.0000000041937467
1.0000000041529398
1.0000000041030312
1.0000000040441512
1.0000000039764507
1.0000000039001025
1.0000000038152983
1.0000000037222503
1.0000000036211891
1.0000000035123642
1.0000000033960430
1.0000000032725109
1.0000000031420708
1.0000000030050418
1.0000000028617582
1.0000000027125673
1.0000000025578299
1.0000000023979192
1.0000000022332196
1.0000000020641275
1.0000000018910491
1.0000000017144002
1.0000000015346044
1.0000000013520927
1.0000000011673003
1.0000000009806684
1.0000000007926431
1.0000000006036731
1.0000000004142087
1.0000000002247011
1.0000000000355993
0.9999999998473516
0.9999999996604039
0.9999999994751984
0.9999999992921733
0.9999999991117600
0.9999999989343827
0.9999999987604586
0.9999999985903965
0.9999999984245936
0.9999999982634377
0.9999999981073036
0.9999999979565540
0.9999999978115387
0.9999999976725928
0.9999999975400374
0.9999999974141787
0.9999999972953049
0.9999999971836870
0.9999999970795792
0.9999999969832164
0.9999999968948151
0.9999999968145722
0.9999999967426662
0.9999999966792550
0.9999999966244745
0.9999999965784396
0.9999999965412451
0.9999999965129630
0.9999999964936434
0.9999999964833151
0.9999999964819840
0.9999999964896357
0.9999999965062327
0.9999999965317171
0.9999999965660089
0.9999999966090063
0.9999999966605856
0.9999999967206030
0.9999999967888947
0.9999999968652764
0.9999999969495452
0.9999999970414784
0.9999999971408355
0.9999999972473583
0.9999999973607713
0.9999999974807806
0.9999999976070769
0.9999999977393350
0.9999999978772147
0.9999999980203637
0.9999999981684176
0.9999999983210012
0.9999999984777271
0.9999999986381973
0.9999999988020067
0.9999999989687414
0.9999999991379788
0.9999999993092902
0.9999999994822427
0.9999999996563991
0.9999999998313184
1.0000000000065592
1.0000000001816793
1.0000000003562373
1.0000000005297935
1.0000000007019114
1.0000000008721570
1.0000000010401005
1.0000000012053181
1.0000000013673935
1.0000000015259174
1.0000000016804893
1.0000000018307162
1.0000000019762167
1.0000000021166218
1.0000000022515749
1.0000000023807329
1.0000000025037665
1.0000000026203619
1.0000000027302203
1.0000000028330598
1.0000000029286151
1.0000000030166389
1.0000000030969012
1.0000000031691907
1.0000000032333163
1.0000000032891065
1.0000000033364114
1.0000000033751013
1.0000000034050676
1.0000000034262235
1.0000000034385021
1.0000000034418592
1.0000000034362717
1.0000000034217378
1.0000000033982765
1.0000000033659302
1.0000000033247629
1.0000000032748619
1.0000000032163356
1.0000000031493130
1.0000000030739438
1.0000000029903968
1.0000000028988629
1.0000000027995515
1.0000000026926903
1.0000000025785252
1.0000000024573199
1.0000000023293560
1.0000000021949305
1.0000000020543571
1.0000000019079653
1.0000000017560999
1.0000000015991199
1.0000000014373969
1.0000000012713139
1.0000000011012649
1.0000000009276537
1.0000000007508929
1.0000000005714023
1.0000000003896099
1.0000000002059508
1.0000000000208646
0.9999999998347949
0.9999999996481876
0.9999999994614901
0.9999999992751502
0.9999999990896153
0.9999999989053319
0.9999999987227438
0.9999999985422928
0.9999999983644151
0.9999999981895425
0.9999999980180997
0.9999999978505036
0.9999999976871623
0.9999999975284736
0.9999999973748248
0.9999999972265921
0.9999999970841384
0.9999999969478144
0.9999999968179560
0.9999999966948850
0.9999999965789080
0.9999999964703149
0.9999999963693774
0.9999999962763493
0.9999999961914666
0.9999999961149459
0.9999999960469848
0.9999999959877605
0.9999999959374293
0.9999999958961272
0.9999999958639695
0.9999999958410488
0.9999999958274362
0.9999999958231817
0.9999999958283137
0.9999999958428386
0.9999999958667388
0.9999999958999748
0.9999999959424847
0.9999999959941854
0.9999999960549733
0.9999999961247228
0.9999999962032874
0.9999999962904990
0.9999999963861695
0.9999999964900915
0.9999999966020373
0.9999999967217609
0.9999999968489973
0.9999999969834645
0.9999999971248623
0.9999999972728759
0.9999999974271739
0.9999999975874110
0.9999999977532275
0.9999999979242508
0.9999999981000942
0.9999999982803599
0.9999999984646393
0.9999999986525143
0.9999999988435586
0.9999999990373389
0.9999999992334144
0.9999999994313393
0.9999999996306629
0.9999999998309318
1.0000000000316911
1.0000000002324838
1.0000000004328533
1.0000000006323440
1.0000000008305014
1.0000000010268750
1.0000000012210173
1.0000000014124857
1.0000000016008446
1.0000000017856658
1.0000000019665283
1.0000000021430226
1.0000000023147484
1.0000000024813167
1.0000000026423506
1.0000000027974851
1.0000000029463716
1.0000000030886742
1.0000000032240728
1.0000000033522636
1.0000000034729610
1.0000000035858960
1.0000000036908179
1.0000000037874945
1.0000000038757126
1.0000000039552788
1.0000000040260202
1.0000000040877854
1.0000000041404442
1.0000000041838868
1.0000000042180264
1.0000000042427959
1.0000000042581523
1.0000000042640738
1.0000000042605615
1.0000000042476360
1.0000000042253421
1.0000000041937467
1.0000000041529398
1.0000000041030312
1.0000000040441512
