1.0000004741917399
1.0000004684917558
1.0000004616932696
1.0000004538128389
1.0000004448695929
1.0000004348851887
1.0000004238837572
1.0000004118918486
1.0000003989383679
1.0000003850545032
1.0000003702736531
1.0000003546313476
1.0000003381651608
1.0000003209146215
1.0000003029211202
1.0000002842278088
1.0000002648794974
1.0000002449225480
1.0000002244047621
1.0000002033752664
1.0000001818843975
1.0000001599835806
1.0000001377252048
1.0000001151624982
1.0000000923494026
1.0000000693404445
1.0000000461906036
1.0000000229551811
0.9999999996896680
0.9999999764496115
0.9999999532904820
0.9999999302675409
0.9999999074357099
0.9999998848494402
0.9999998625625826
0.9999998406282566
0.9999998190987265
0.9999997980252731
0.9999997774580739
0.9999997574460824
0.9999997380369111
0.9999997192767176
0.9999997012100941
0.9999996838799614
0.9999996673274664
0.9999996515918825
0.9999996367105197
0.9999996227186326
0.9999996096493369
0.9999995975335305
0.9999995863998207
0.9999995762744546
0.9999995671812578
0.9999995591415757
0.9999995521742246
0.9999995462954471
0.9999995415188716
0.9999995378554832
0.9999995353135950
0.9999995338988291
0.9999995336141025
0.9999995344596232
0.9999995364328871
0.9999995395286857
0.9999995437391188
0.9999995490536128
0.9999995554589470
0.9999995629392872
0.9999995714762209
0.9999995810488029
0.9999995916336060
0.9999996032047774
0.9999996157340990
0.9999996291910568
0.9999996435429138
0.9999996587547882
0.9999996747897379
0.9999996916088502
0.9999997091713340
0.9999997274346185
0.9999997463544527
0.9999997658850134
0.9999997859790138
0.9999998065878175
0.9999998276615558
0.9999998491492484
0.9999998709989256
0.9999998931577513
0.9999999155721498
0.9999999381879336
0.9999999609504350
0.9999999838046343
1.0000000066952943
1.0000000295670917
1.0000000523647505
1.0000000750331739
1.0000000975175762
1.0000001197636132
1.0000001417175155
1.0000001633262154
1.0000001845374751
1.0000002053000105
1.0000002255636142
1.0000002452792767
1.0000002643993033
1.0000002828774299
1.0000003006689302
1.0000003177307248
1.0000003340214858
1.0000003495017364
1.0000003641339439
1.0000003778826108
1.0000003907143606
1.0000004025980158
1.0000004135046738
1.0000004234077748
1.0000004322831679
1.0000004401091682
1.0000004468666082
1.0000004525388853
1.0000004571119996
1.0000004605745902
1.0000004629179622
1.0000004641361069
1.0000004642257156
1.0000004631861905
1.0000004610196425
1.0000004577308879
1.0000004533274378
1.0000004478194808
1.0000004412198580
1.0000004335440329
1.0000004248100542
1.0000004150385133
1.0000004042524946
1.0000003924775203
1.0000003797414898
1.0000003660746144
1.0000003515093454
1.0000003360802949
1.0000003198241534
1.0000003027796018
1.0000002849872223
1.0000002664893981
1.0000002473302128
1.0000002275553448
1.0000002072119583
1.0000001863485912
1.0000001650150385
1.0000001432622347
1.0000001211421317
1.0000000987075746
1.0000000760121752
1.0000000531101843
1.0000000300563603
1.0000000069058403
0.9999999837140073
0.9999999605363558
0.9999999374283619
0.9999999144453509
0.9999998916423639
0.9999998690740278
0.9999998467944217
0.9999998248569493
0.9999998033142110
0.9999997822178780
0.9999997616185680
0.9999997415657245
0.9999997221074982
0.9999997032906331
0.9999996851603540
0.9999996677602581
0.9999996511322110
0.9999996353162459
0.9999996203504676
0.9999996062709611
0.9999995931117052
0.9999995809044911
0.9999995696788483
0.9999995594619714
0.9999995502786554
0.9999995421512354
0.9999995350995344
0.9999995291408162
0.9999995242897429
0.9999995205583384
0.9999995179559613
0.9999995164892815
0.9999995161622643
0.9999995169761611
0.9999995189295049
0.9999995220181142
0.9999995262351014
0.9999995315708909
0.9999995380132417
0.9999995455472748
0.9999995541555091
0.9999995638179020
0.9999995745118975
0.9999995862124813
0.9999995988922382
0.9999996125214197
0.9999996270680129
0.9999996424978176
0.9999996587745289
0.9999996758598213
0.9999996937134399
0.9999997122932965
0.9999997315555720
0.9999997514548177
0.9999997719440653
0.9999997929749382
0.9999998144977670
0.9999998364617088
0.9999998588148676
0.9999998815044191
0.9999999044767348
0.9999999276775114
0.9999999510518999
0.9999999745446365
0.9999999981001735
1.0000000216628102
1.0000000451768281
1.0000000685866208
1.0000000918368297
1.0000001148724755
1.0000001376390877
1.0000001600828363
1.0000001821506594
1.0000002037903897
1.0000002249508797
1.0000002455821235
1.0000002656353744
1.0000002850632626
1.0000003038199079
1.0000003218610276
1.0000003391440426
1.0000003556281791
1.0000003712745660
1.0000003860463267
1.0000003999086682
1.0000004128289628
1.0000004247768257
1.0000004357241887
1.0000004456453675
1.0000004545171202
1.0000004623187055
1.0000004690319317
1.0000004746411979
1.0000004791335313
1.0000004824986182
1.0000004847288293
1.0000004858192362
1.0000004857676239
1.0000004845744959
1.0000004822430710
1.0000004787792778
1.0000004741917399
1.0000004684917558
1.0000004616932696
1.0000004538128389
