1.0000066091057100
1.0000065270842948
1.0000064295901725
1.0000063168582387
1.0000061891597336
1.0000060468015914
1.0000058901257074
1.0000057195081189
1.0000055353581063
1.0000053381172134
1.0000051282581919
1.0000049062838718
1.0000046727259566
1.0000044281437535
1.0000041731228333
1.0000039082736327
1.0000036342299932
1.0000033516476470
1.0000030612026491
1.0000027635897624
1.0000024595207939
1.0000021497228955
1.0000018349368234
1.0000015159151687
1.0000011934205573
1.0000008682238277
1.0000005411021906
1.0000002128373673
0.9999998842137231
0.9999995560163923
0.9999992290294016
0.9999989040337965
0.9999985818057751
0.9999982631148331
0.9999979487219243
0.9999976393776424
0.9999973358204259
0.9999970387747954
0.9999967489496224
0.9999964670364349
0.9999961937077643
0.9999959296155385
0.9999956753895248
0.9999954316358268
0.9999951989354341
0.9999949778428325
0.9999947688846842
0.9999945725585666
0.9999943893317857
0.9999942196402603
0.9999940638874802
0.9999939224435441
0.9999937956442748
0.9999936837904174
0.9999935871469220
0.9999935059423120
0.9999934403681389
0.9999933905785262
0.9999933566898033
0.9999933387802300
0.9999933368898092
0.9999933510201919
0.9999933811346777
0.9999934271583039
0.9999934889780239
0.9999935664429808
0.9999936593648701
0.9999937675183904
0.9999938906417865
0.9999940284374756
0.9999941805727598
0.9999943466806250
0.9999945263606198
0.9999947191798155
0.9999949246738413
0.9999951423479985
0.9999953716784431
0.9999956121134432
0.9999958630746971
0.9999961239587185
0.9999963941382817
0.9999966729639242
0.9999969597655010
0.9999972538537867
0.9999975545221278
0.9999978610481325
0.9999981726954020
0.9999984887152926
0.9999988083487046
0.9999991308279029
0.9999994553783527
0.9999997812205719
1.0000001075719984
1.0000004336488615
1.0000007586680566
1.0000010818490215
1.0000014024156043
1.0000017195979209
1.0000020326341987
1.0000023407725978
1.0000026432730107
1.0000029394088317
1.0000032284686986
1.0000035097581927
1.0000037826015000
1.0000040463430311
1.0000043003489891
1.0000045440088896
1.0000047767370195
1.0000049979738379
1.0000052071873142
1.0000054038742057
1.0000055875612588
1.0000057578063439
1.0000059141995128
1.0000060563639803
1.0000061839570291
1.0000062966708285
1.0000063942331727
1.0000064764081329
1.0000065429966214
1.0000065938368690
1.0000066288048135
1.0000066478143994
1.0000066508177845
1.0000066378054566
1.0000066088062562
1.0000065638873084
1.0000065031538643
1.0000064267490520
1.0000063348535329
1.0000062276850725
1.0000061054980227
1.0000059685827130
1.0000058172647581
1.0000056519042795
1.0000054728950487
1.0000052806635460
1.0000050756679417
1.0000048583970009
1.0000046293689158
1.0000043891300667
1.0000041382537201
1.0000038773386575
1.0000036070077447
1.0000033279064431
1.0000030407012666
1.0000027460781915
1.0000024447410165
1.0000021374096797
1.0000018248185372
1.0000015077146089
1.0000011868557923
1.0000008630090516
1.0000005369485863
1.0000002094539775
0.9999998813083255
0.9999995532963785
0.9999992262026566
0.9999989008095753
0.9999985778955754
0.9999982582332618
0.9999979425875541
0.9999976317138604
0.9999973263562696
0.9999970272457736
0.9999967350985182
0.9999964506140904
0.9999961744738448
0.9999959073392738
0.9999956498504263
0.9999954026243766
0.9999951662537492
0.9999949413052995
0.9999947283185593
0.9999945278045442
0.9999943402445342
0.9999941660889189
0.9999940057561207
0.9999938596315920
0.9999937280668931
0.9999936113788493
0.9999935098487941
0.9999934237218953
0.9999933532065661
0.9999932984739657
0.9999932596575875
0.9999932368529405
0.9999932301173182
0.9999932394696600
0.9999932648905060
0.9999933063220391
0.9999933636682231
0.9999934367950295
0.9999935255307565
0.9999936296664372
0.9999937489563370
0.9999938831185394
0.9999940318356191
0.9999941947553985
0.9999943714917897
0.9999945616257117
0.9999947647060918
0.9999949802509419
0.9999952077485075
0.9999954466584907
0.9999956964133389
0.9999959564195997
0.9999962260593385
0.9999965046916124
0.9999967916540003
0.9999970862641842
0.9999973878215782
0.9999976956090015
0.9999980088943913
0.9999983269325494
0.9999986489669213
0.9999989742314034
0.9999993019521710
0.9999996313495267
0.9999999616397623
1.0000002920370286
1.0000006217552118
1.0000009500098122
1.0000012760198158
1.0000015990095594
1.0000019182105833
1.0000022328634650
1.0000025422196321
1.0000028455431500
1.0000031421124798
1.0000034312221990
1.0000037121846874
1.0000039843317672
1.0000042470162980
1.0000044996137221
1.0000047415235565
1.0000049721708240
1.0000051910074268
1.0000053975134542
1.0000055911984229
1.0000057716024493
1.0000059382973465
1.0000060908876436
1.0000062290115288
1.0000063523417153
1.0000064605862200
1.0000065534890605
1.0000066308308653
1.0000066924293973
1.0000067381399882
1.0000067678558806
1.0000067815084812
1.0000067790675253
1.0000067605411473
1.0000067259758578
1.0000066754564325
1.0000066091057100
1.0000065270842948
1.0000064295901725
1.0000063168582387
