1.0000000347728970
1.0000000343851663
1.0000000339187909
1.0000000333749357
1.0000000327549472
1.0000000320603524
1.0000000312928561
1.0000000304543351
1.0000000295468323
1.0000000285725543
1.0000000275338650
1.0000000264332805
1.0000000252734611
1.0000000240572064
1.0000000227874490
1.0000000214672478
1.0000000200997794
1.0000000186883324
1.0000000172362975
1.0000000157471582
1.0000000142244856
1.0000000126719277
1.0000000110932019
1.0000000094920858
1.0000000078724085
1.0000000062380403
1.0000000045928841
1.0000000029408673
1.0000000012859314
0.9999999996320199
0.9999999979830724
0.9999999963430153
0.9999999947157501
0.9999999931051446
0.9999999915150257
0.9999999899491684
0.9999999884112881
0.9999999869050309
0.9999999854339650
0.9999999840015725
0.9999999826112399
0.9999999812662510
0.9999999799697795
0.9999999787248804
0.9999999775344832
0.9999999764013848
0.9999999753282436
0.9999999743175715
0.9999999733717297
0.9999999724929222
0.9999999716831904
0.9999999709444102
0.9999999702782846
0.9999999696863400
0.9999999691699248
0.9999999687302058
0.9999999683681646
0.9999999680845946
0.9999999678800997
0.9999999677550940
0.9999999677097989
0.9999999677442445
0.9999999678582675
0.9999999680515144
0.9999999683234414
0.9999999686733146
0.9999999691002115
0.9999999696030251
0.9999999701804640
0.9999999708310592
0.9999999715531632
0.9999999723449580
0.9999999732044585
0.9999999741295180
0.9999999751178316
0.9999999761669427
0.9999999772742486
0.9999999784370058
0.9999999796523373
0.9999999809172414
0.9999999822285958
0.9999999835831663
0.9999999849776150
0.9999999864085080
0.9999999878723239
0.9999999893654636
0.9999999908842570
0.9999999924249720
0.9999999939838249
0.9999999955569882
0.9999999971406004
0.9999999987307753
1.0000000003236102
1.0000000019151976
1.0000000035016317
1.0000000050790214
1.0000000066434971
1.0000000081912215
1.0000000097183965
1.0000000112212739
1.0000000126961659
1.0000000141394516
1.0000000155475870
1.0000000169171115
1.0000000182446582
1.0000000195269598
1.0000000207608584
1.0000000219433127
1.0000000230714070
1.0000000241423572
1.0000000251535162
1.0000000261023803
1.0000000269865956
1.0000000278039647
1.0000000285524506
1.0000000292301825
1.0000000298354621
1.0000000303667649
1.0000000308227448
1.0000000312022381
1.0000000315042645
1.0000000317280335
1.0000000318729410
1.0000000319385733
1.0000000319247071
1.0000000318313105
1.0000000316585422
1.0000000314067559
1.0000000310764949
1.0000000306684929
1.0000000301836711
1.0000000296231379
1.0000000289881852
1.0000000282802830
1.0000000275010785
1.0000000266523912
1.0000000257362089
1.0000000247546832
1.0000000237101232
1.0000000226049919
1.0000000214418985
1.0000000202235939
1.0000000189529639
1.0000000176330210
1.0000000162668987
1.0000000148578438
1.0000000134092075
1.0000000119244370
1.0000000104070685
1.0000000088607195
1.0000000072890793
1.0000000056959006
1.0000000040849906
1.0000000024601989
1.0000000008254124
0.9999999991845423
0.9999999975415178
0.9999999959002768
0.9999999942647553
0.9999999926388780
0.9999999910265488
0.9999999894316416
0.9999999878579892
0.9999999863093767
0.9999999847895319
0.9999999833021176
0.9999999818507221
0.9999999804388493
0.9999999790699108
0.9999999777472171
0.9999999764739697
0.9999999752532561
0.9999999740880389
0.9999999729811511
0.9999999719352882
0.9999999709530019
0.9999999700366938
0.9999999691886106
0.9999999684108374
0.9999999677052941
0.9999999670737295
0.9999999665177163
0.9999999660386479
0.9999999656377366
0.9999999653160098
0.9999999650743064
0.9999999649132778
0.9999999648333839
0.9999999648348921
0.9999999649178757
0.9999999650822160
0.9999999653275999
0.9999999656535232
0.9999999660592895
0.9999999665440136
0.9999999671066232
0.9999999677458611
0.9999999684602873
0.9999999692482845
0.9999999701080603
0.9999999710376525
0.9999999720349327
0.9999999730976106
0.9999999742232408
0.9999999754092274
0.9999999766528307
0.9999999779511751
0.9999999793012531
0.9999999806999359
0.9999999821439787
0.9999999836300283
0.9999999851546326
0.9999999867142482
0.9999999883052478
0.9999999899239302
0.9999999915665281
0.9999999932292157
0.9999999949081190
0.9999999965993254
0.9999999982988932
1.0000000000028602
1.0000000017072528
1.0000000034080958
1.0000000051014231
1.0000000067832866
1.0000000084497656
1.0000000100969761
1.0000000117210781
1.0000000133182865
1.0000000148848789
1.0000000164172063
1.0000000179117010
1.0000000193648855
1.0000000207733795
1.0000000221339098
1.0000000234433160
1.0000000246985581
1.0000000258967257
1.0000000270350426
1.0000000281108761
1.0000000291217397
1.0000000300653009
1.0000000309393864
1.0000000317419873
1.0000000324712637
1.0000000331255514
1.0000000337033641
1.0000000342033970
1.0000000346245299
1.0000000349658276
1.0000000352265439
1.0000000354061231
1.0000000355042005
1.0000000355206062
1.0000000354553653
1.0000000353086942
1.0000000350810039
1.0000000347728970
1.0000000343851663
1.0000000339187909
1.0000000333749357
