1.0000325160083021
1.0000321086103936
1.0000316248468542
1.0000310658793798
1.0000304330491763
1.0000297278737504
1.0000289520432835
1.0000281074165887
1.0000271960166707
1.0000262200258878
1.0000251817807357
1.0000240837662635
1.0000229286101343
1.0000217190763447
1.0000204580586187
1.0000191485734917
1.0000177937531027
1.0000163968377074
1.0000149611679334
1.0000134901767974
1.0000119873815003
1.0000104563750223
1.0000089008175352
1.0000073244276553
1.0000057309735557
1.0000041242639606
1.0000025081390398
1.0000008864612320
0.9999992631060132
0.9999976419526343
0.9999960268748477
0.9999944217316473
0.9999928303580453
0.9999912565559056
0.9999897040848563
0.9999881766533024
0.9999866779095625
0.9999852114331461
0.9999837807261984
0.9999823892051288
0.9999810401924438
0.9999797369088046
0.9999784824653269
0.9999772798561457
0.9999761319512582
0.9999750414896638
0.9999740110728168
0.9999730431584072
0.9999721400544869
0.9999713039139539
0.9999705367294061
0.9999698403283808
0.9999692163689863
0.9999686663359413
0.9999681915370269
0.9999677930999640
0.9999674719697196
0.9999672289062519
0.9999670644826959
0.9999669790839985
0.9999669729060007
0.9999670459549765
0.9999671980476222
0.9999674288115004
0.9999677376859352
0.9999681239233602
0.9999685865911105
0.9999691245736583
0.9999697365752872
0.9999704211231986
0.9999711765710382
0.9999720011028409
0.9999728927373793
0.9999738493329092
0.9999748685922967
0.9999759480685179
0.9999770851705193
0.9999782771694177
0.9999795212050339
0.9999808142927386
0.9999821533305947
0.9999835351067845
0.9999849563072947
0.9999864135238453
0.9999879032620486
0.9999894219497677
0.9999909659456676
0.9999925315479260
0.9999941150030904
0.9999957125150563
0.9999973202541510
0.9999989343662945
1.0000005509822212
1.0000021662267344
1.0000037762279768
1.0000053771266901
1.0000069650854491
1.0000085362978366
1.0000100869975490
1.0000116134674029
1.0000131120482283
1.0000145791476198
1.0000160112485261
1.0000174049176607
1.0000187568137140
1.0000200636953436
1.0000213224289229
1.0000225299960397
1.0000236835007099
1.0000247801763067
1.0000258173921737
1.0000267926599173
1.0000277036393579
1.0000285481441249
1.0000293241468883
1.0000300297842051
1.0000306633609775
1.0000312233545074
1.0000317084181412
1.0000321173844877
1.0000324492682151
1.0000327032684075
1.0000328787704835
1.0000329753476704
1.0000329927620264
1.0000329309650149
1.0000327900976214
1.0000325704900237
1.0000322726608060
1.0000318973157238
1.0000314453460224
1.0000309178263089
1.0000303160119899
1.0000296413362759
1.0000288954067602
1.0000280800015817
1.0000271970651800
1.0000262487036511
1.0000252371797196
1.0000241649073349
1.0000230344459047
1.0000218484941841
1.0000206098838276
1.0000193215726279
1.0000179866374466
1.0000166082668647
1.0000151897535638
1.0000137344864612
1.0000122459426113
1.0000107276788974
1.0000091833235316
1.0000076165673859
1.0000060311551708
1.0000044308764851
1.0000028195567605
1.0000012010481170
0.9999995792201541
0.9999979579507033
0.9999963411165558
0.9999947325841945
0.9999931362005512
0.9999915557838082
0.9999899951142691
0.9999884579253219
0.9999869478945087
0.9999854686347330
0.9999840236856193
0.9999826165050489
0.9999812504608900
0.9999799288229411
0.9999786547551086
0.9999774313078429
0.9999762614108360
0.9999751478660135
0.9999740933408331
0.9999731003618995
0.9999721713089207
0.9999713084090133
0.9999705137313712
0.9999697891823152
0.9999691365007272
0.9999685572538899
0.9999680528337312
0.9999676244534911
0.9999672731448166
0.9999669997552901
0.9999668049463958
0.9999666891919344
0.9999666527768855
0.9999666957967200
0.9999668181571679
0.9999670195744363
0.9999672995758846
0.9999676575011487
0.9999680925037162
0.9999686035529460
0.9999691894365271
0.9999698487633727
0.9999705799669416
0.9999713813089792
0.9999722508836689
0.9999731866221837
0.9999741862976289
0.9999752475303619
0.9999763677936774
0.9999775444198431
0.9999787746064746
0.9999800554232293
0.9999813838188099
0.9999827566282528
0.9999841705804907
0.9999856223061674
0.9999871083456873
0.9999886251574817
0.9999901691264713
0.9999917365727035
0.9999933237601423
0.9999949269055939
0.9999965421877454
0.9999981657562927
0.9999997937411396
1.0000014222616418
1.0000030474358785
1.0000046653899244
1.0000062722671021
1.0000078642371963
1.0000094375055995
1.0000109883223749
1.0000125129912143
1.0000140078782642
1.0000154694208041
1.0000168941357548
1.0000182786279950
1.0000196195984685
1.0000209138520610
1.0000221583052291
1.0000233499933631
1.0000244860778653
1.0000255638529258
1.0000265807519824
1.0000275343538465
1.0000284223884834
1.0000292427424298
1.0000299934638357
1.0000306727671244
1.0000312790372516
1.0000318108335593
1.0000322668932125
1.0000326461342111
1.0000329476579697
1.0000331707514594
1.0000333148889071
1.0000333797330467
1.0000333651359208
1.0000332711392299
1.0000330979742296
1.0000328460611727
1.0000325160083021
1.0000321086103936
1.0000316248468542
1.0000310658793798
