1.0016325492122038
1.0016119242557218
1.0015874584985540
1.0015592100568218
1.0015272460248488
1.0014916423195368
1.0014524835041874
1.0014098625921344
1.0013638808306051
1.0013146474652659
1.0012622794859547
1.0012069013541409
1.0011486447127016
1.0010876480786324
1.0010240565193593
1.0009580213133586
1.0008896995958203
1.0008192539901362
1.0007468522260252
1.0006726667451427
1.0005968742950522
1.0005196555124753
1.0004411944967582
1.0003616783745215
1.0002812968564931
1.0002002417875424
1.0001187066909516
1.0000368863079958
0.9999549761339005
0.9998731719512769
0.9997916693621425
0.9997106633196406
0.9996303476605904
0.9995509146399936
0.9994725544686335
0.9993954548548925
0.9993198005519252
0.9992457729113000
0.9991735494442249
0.9991033033914591
0.9990352033029926
0.9989694126285531
0.9989060893199906
0.9988453854465480
0.9987874468240143
0.9987324126587122
0.9986804152072473
0.9986315794529016
0.9985860227995209
0.9985438547836935
0.9985051768059851
0.9984700818819330
0.9984386544134672
0.9984109699813589
0.9983870951592495
0.9983670873497648
0.9983509946431429
0.9983388556987599
0.9983306996498685
0.9983265460318123
0.9983264047338972
0.9983302759750623
0.9983381503034056
0.9983500086195704
0.9983658222239317
0.9983855528874486
0.9984091529459995
0.9984365654179415
0.9984677241445773
0.9985025539531620
0.9985409708420037
0.9985828821871702
0.9986281869702466
0.9986767760265405
0.9987285323130789
0.9987833311956844
0.9988410407543786
0.9989015221063081
0.9989646297453507
0.9990302118975195
0.9990981108912363
0.9991681635415255
0.9992402015471339
0.9993140518995693
0.9993895373030076
0.9994664766040108
0.9995446852299694
0.9996239756351737
0.9997041577533980
0.9997850394558850
0.9998664270135902
0.9999481255625644
1.0000299395713363
1.0001116733091675
1.0001931313140504
1.0002741188593343
1.0003544424178694
1.0004339101225757
1.0005123322223548
1.0005895215322844
1.0006652938770484
1.0007394685265916
1.0008118686229941
1.0008823215975986
1.0009506595774469
1.0010167197801154
1.0010803448960695
1.0011413834576819
1.0011996901941069
1.0012551263712239
1.0013075601159169
1.0013568667239816
1.0014029289509894
1.0014456372854892
1.0014848902039564
1.0015205944069492
1.0015526650359616
1.0015810258705247
1.0016056095051324
1.0016263575056217
1.0016432205446770
1.0016561585161781
1.0016651406281469
1.0016701454741062
1.0016711610826945
1.0016681849454390
1.0016612240226230
1.0016502947272414
1.0016354228870750
1.0016166436849636
1.0015940015773981
1.0015675501916053
1.0015373522013422
1.0015034791816548
1.0014660114429101
1.0014250378444469
1.0013806555882399
1.0013329699930131
1.0012820942492839
1.0012281491558566
1.0011712628383320
1.0011115704502334
1.0010492138573979
1.0009843413063149
1.0009171070771328
1.0008476711220964
1.0007761986902102
1.0007028599389540
1.0006278295339248
1.0005512862372894
1.0004734124859802
1.0003943939605904
1.0003144191459497
1.0002336788843842
1.0001523659226992
1.0000706744539327
0.9999887996549467
0.9999069372209523
0.9998252828980615
0.9997440320149851
0.9996633790149969
0.9995835169892900
0.9995046372128602
0.9994269286840474
0.9993505776688689
0.9992757672512685
0.9992026768903959
0.9991314819860303
0.9990623534532307
0.9989954573072923
0.9989309542600636
0.9988689993286514
0.9988097414575186
0.9987533231549474
0.9986998801448090
0.9986495410345466
0.9986024270002353
0.9985586514895473
0.9985183199433996
0.9984815295370211
0.9984483689411212
0.9984189181037960
0.9983932480537533
0.9983714207253800
0.9983534888061185
0.9983394956065632
0.9983294749536220
0.9983234511070350
0.9983214386994718
0.9983234427003648
0.9983294584035824
0.9983394714389732
0.9983534578077493
0.9983713839416120
0.9983932067854634
0.9984188739034807
0.9984483236082682
0.9984814851127400
0.9985182787043286
0.9985586159410524
0.9986023998689173
0.9986495252600731
0.9986998788711020
0.9987533397207453
0.9988097793863383
0.9988690623181765
0.9989310461709872
0.9989955821516429
0.9990625153822128
0.9991316852774114
0.9992029259354704
0.9992760665414369
0.9993509317818653
0.9994273422698482
0.9995051149793174
0.9995840636875173
0.9996639994245513
0.9997447309288828
0.9998260651076584
0.9999078075007343
0.9999897627472660
1.0000717350537289
1.0001535286622474
1.0002349483181001
1.0003157997352967
1.0003958900591190
1.0004750283245420
1.0005530259094624
1.0006296969816817
1.0007048589386123
1.0007783328386997
1.0008499438235765
1.0009195215299884
1.0009869004905712
1.0010519205225759
1.0011144271036847
1.0011742717340748
1.0012313122839442
1.0012854133257316
1.0013364464503074
1.0013842905664563
1.0014288321829983
1.0014699656729473
1.0015075935191389
1.0015416265408064
1.0015719841006236
1.0015985942917776
1.0016213941046743
1.0016403295729288
1.0016553558983341
1.0016664375545459
1.0016735483692678
1.0016766715847663
1.0016757998965864
1.0016709354703903
1.0016620899368782
1.0016492843648148
1.0016325492122038
1.0016119242557218
1.0015874584985540
1.0015592100568218
