1.0000621087424610
1.0000613285109512
1.0000604022867456
1.0000593322917670
1.0000581210911543
1.0000567715871347
1.0000552870120893
1.0000536709208308
1.0000519271821104
1.0000500599693771
1.0000480737508071
1.0000459732786304
1.0000437635777759
1.0000414499338683
1.0000390378806021
1.0000365331865242
1.0000339418412514
1.0000312700411611
1.0000285241745868
1.0000257108065542
1.0000228366630994
1.0000199086151953
1.0000169336623357
1.0000139189158082
1.0000108715817020
1.0000077989436895
1.0000047083456189
1.0000016071739635
0.9999985028401648
0.9999954027629209
0.9999923143504541
0.9999892449828013
0.9999862019941721
0.9999831926554158
0.9999802241566395
0.9999773035900200
0.9999744379328458
0.9999716340308354
0.9999688985817670
0.9999662381194638
0.9999636589981731
0.9999611673773673
0.9999587692070164
0.9999564702133603
0.9999542758852149
0.9999521914608442
0.9999502219154341
0.9999483719491933
0.9999466459761134
0.9999450481134107
0.9999435821716830
0.9999422516457974
0.9999410597065328
0.9999400091929980
0.9999391026058451
0.9999383421012893
0.9999377294859576
0.9999372662125712
0.9999369533764746
0.9999367917130257
0.9999367815958399
0.9999369230359056
0.9999372156815647
0.9999376588193641
0.9999382513757702
0.9999389919197469
0.9999398786661889
0.9999409094802013
0.9999420818822184
0.9999433930539451
0.9999448398451107
0.9999464187810174
0.9999481260708637
0.9999499576168239
0.9999519090238642
0.9999539756102673
0.9999561524188433
0.9999584342288004
0.9999608155682437
0.9999632907272770
0.9999658537716720
0.9999684985570721
0.9999712187437004
0.9999740078115347
0.9999768590759095
0.9999797657035168
0.9999827207287562
0.9999857170704031
0.9999887475485503
0.9999918049017866
0.9999948818045679
0.9999979708847420
1.0000010647411828
1.0000041559614949
1.0000072371397410
1.0000103008941548
1.0000133398847932
1.0000163468310912
1.0000193145292671
1.0000222358695505
1.0000251038531796
1.0000279116091333
1.0000306524105598
1.0000333196908564
1.0000359070593690
1.0000384083166669
1.0000408174693607
1.0000431287444289
1.0000453366030149
1.0000474357536664
1.0000494211649826
1.0000512880776384
1.0000530320157601
1.0000546487976218
1.0000561345456402
1.0000574856956439
1.0000586990053906
1.0000597715623163
1.0000607007904985
1.0000614844568132
1.0000621206762736
1.0000626079165402
1.0000629450015861
1.0000631311145118
1.0000631657995018
1.0000630489629196
1.0000627808735372
1.0000623621618998
1.0000617938188270
1.0000610771930534
1.0000602139880133
1.0000592062577787
1.0000580564021604
1.0000567671609835
1.0000553416075502
1.0000537831413077
1.0000520954797338
1.0000502826494655
1.0000483489766860
1.0000462990767980
1.0000441378434024
1.0000418704366179
1.0000395022707578
1.0000370390014031
1.0000344865118957
1.0000318508992874
1.0000291384597770
1.0000263556736739
1.0000235091899161
1.0000206058101873
1.0000176524726663
1.0000146562354510
1.0000116242596944
1.0000085637924900
1.0000054821495534
1.0000023866977374
0.9999992848374260
0.9999961839848460
0.9999930915543378
0.9999900149406306
0.9999869615011626
0.9999839385384898
0.9999809532828254
0.9999780128747484
0.9999751243481265
0.9999722946132936
0.9999695304405206
0.9999668384438227
0.9999642250651359
0.9999616965589064
0.9999592589771263
0.9999569181548534
0.9999546796962464
0.9999525489611544
0.9999505310522895
0.9999486308030149
0.9999468527657737
0.9999452012011916
0.9999436800678762
0.9999422930129378
0.9999410433632592
0.9999399341175276
0.9999389679390498
0.9999381471493739
0.9999374737227278
0.9999369492812870
0.9999365750912836
0.9999363520599691
0.9999362807334362
0.9999363612953042
0.9999365935662726
0.9999369770045421
0.9999375107071012
0.9999381934118802
0.9999390235007630
0.9999399990034532
0.9999411176021783
0.9999423766372287
0.9999437731133151
0.9999453037067242
0.9999469647732658
0.9999487523569824
0.9999506621996056
0.9999526897507360
0.9999548301787198
0.9999570783822007
0.9999594290023173
0.9999618764355122
0.9999644148469266
0.9999670381843503
0.9999697401926880
0.9999725144289100
0.9999753542774551
0.9999782529660403
0.9999812035818486
0.9999841990880513
0.9999872323406259
0.9999902961054270
0.9999933830754721
0.9999964858884022
0.9999995971440738
1.0000027094222397
1.0000058153002764
1.0000089073709162
1.0000119782599437
1.0000150206438092
1.0000180272671215
1.0000209909599769
1.0000239046550827
1.0000267614046339
1.0000295543969036
1.0000322769725092
1.0000349226403131
1.0000374850929199
1.0000399582217347
1.0000423361315469
1.0000446131545999
1.0000467838641189
1.0000488430872647
1.0000507859174790
1.0000526077261940
1.0000543041738756
1.0000558712203793
1.0000573051345900
1.0000586025033213
1.0000597602394590
1.0000607755893247
1.0000616461392411
1.0000623698212858
1.0000629449182243
1.0000633700676032
1.0000636442649946
1.0000637668663883
1.0000637375897214
1.0000635565155447
1.0000632240868248
1.0000627411078815
1.0000621087424610
1.0000613285109512
1.0000604022867456
1.0000593322917670
