1.0000000000407867
1.0000000000407272
1.0000000000406006
1.0000000000404075
1.0000000000401481
1.0000000000398239
1.0000000000394356
1.0000000000389830
1.0000000000384663
1.0000000000378868
1.0000000000372473
1.0000000000365492
1.0000000000357951
1.0000000000349880
1.0000000000341307
1.0000000000332261
1.0000000000322784
1.0000000000312907
1.0000000000302656
1.0000000000292051
1.0000000000281117
1.0000000000269873
1.0000000000258340
1.0000000000246538
1.0000000000234484
1.0000000000222202
1.0000000000209723
1.0000000000197087
1.0000000000184335
1.0000000000171503
1.0000000000158620
1.0000000000145708
1.0000000000132798
1.0000000000119920
1.0000000000107103
1.0000000000094393
1.0000000000081830
1.0000000000069440
1.0000000000057248
1.0000000000045279
1.0000000000033551
1.0000000000022076
1.0000000000010874
0.9999999999999976
0.9999999999989401
0.9999999999979166
0.9999999999969291
0.9999999999959802
0.9999999999950715
0.9999999999942050
0.9999999999933821
0.9999999999926038
0.9999999999918724
0.9999999999911910
0.9999999999905615
0.9999999999899847
0.9999999999894604
0.9999999999889884
0.9999999999885681
0.9999999999882004
0.9999999999878862
0.9999999999876263
0.9999999999874215
0.9999999999872716
0.9999999999871763
0.9999999999871340
0.9999999999871436
0.9999999999872037
0.9999999999873135
0.9999999999874729
0.9999999999876810
0.9999999999879360
0.9999999999882372
0.9999999999885820
0.9999999999889690
0.9999999999893970
0.9999999999898638
0.9999999999903675
0.9999999999909051
0.9999999999914742
0.9999999999920731
0.9999999999926997
0.9999999999933524
0.9999999999940288
0.9999999999947256
0.9999999999954408
0.9999999999961730
0.9999999999969201
0.9999999999976796
0.9999999999984476
0.9999999999992206
0.9999999999999967
1.0000000000007727
1.0000000000015465
1.0000000000023150
1.0000000000030747
1.0000000000038243
1.0000000000045624
1.0000000000052873
1.0000000000059968
1.0000000000066882
1.0000000000073606
1.0000000000080111
1.0000000000086382
1.0000000000092393
1.0000000000098106
1.0000000000103495
1.0000000000108540
1.0000000000113223
1.0000000000117530
1.0000000000121456
1.0000000000124993
1.0000000000128138
1.0000000000130873
1.0000000000133180
1.0000000000135045
1.0000000000136458
1.0000000000137408
1.0000000000137907
1.0000000000137956
1.0000000000137541
1.0000000000136657
1.0000000000135303
1.0000000000133484
1.0000000000131211
1.0000000000128488
1.0000000000125313
1.0000000000121692
1.0000000000117621
1.0000000000113116
1.0000000000108185
1.0000000000102842
1.0000000000097098
1.0000000000090956
1.0000000000084417
1.0000000000077485
1.0000000000070162
1.0000000000062461
1.0000000000054401
1.0000000000046008
1.0000000000037303
1.0000000000028317
1.0000000000019076
1.0000000000009599
0.9999999999999893
0.9999999999989974
0.9999999999979867
0.9999999999969595
0.9999999999959179
0.9999999999948638
0.9999999999937998
0.9999999999927297
0.9999999999916553
0.9999999999905789
0.9999999999895030
0.9999999999884306
0.9999999999873643
0.9999999999863067
0.9999999999852597
0.9999999999842255
0.9999999999832063
0.9999999999822033
0.9999999999812187
0.9999999999802547
0.9999999999793154
0.9999999999784029
0.9999999999775200
0.9999999999766682
0.9999999999758493
0.9999999999750657
0.9999999999743203
0.9999999999736154
0.9999999999729532
0.9999999999723354
0.9999999999717629
0.9999999999712378
0.9999999999707614
0.9999999999703360
0.9999999999699632
0.9999999999696454
0.9999999999693833
0.9999999999691782
0.9999999999690319
0.9999999999689450
0.9999999999689182
0.9999999999689526
0.9999999999690475
0.9999999999692030
0.9999999999694194
0.9999999999696962
0.9999999999700345
0.9999999999704337
0.9999999999708933
0.9999999999714128
0.9999999999719911
0.9999999999726277
0.9999999999733229
0.9999999999740768
0.9999999999748885
0.9999999999757568
0.9999999999766802
0.9999999999776568
0.9999999999786843
0.9999999999797610
0.9999999999808857
0.9999999999820572
0.9999999999832735
0.9999999999845334
0.9999999999858338
0.9999999999871725
0.9999999999885469
0.9999999999899549
0.9999999999913937
0.9999999999928600
0.9999999999943516
0.9999999999958655
0.9999999999973983
0.9999999999989472
1.0000000000005087
1.0000000000020794
1.0000000000036560
1.0000000000052358
1.0000000000068163
1.0000000000083940
1.0000000000099640
1.0000000000115239
1.0000000000130695
1.0000000000145997
1.0000000000161120
1.0000000000176035
1.0000000000190723
1.0000000000205149
1.0000000000219282
1.0000000000233091
1.0000000000246536
1.0000000000259579
1.0000000000272196
1.0000000000284359
1.0000000000296054
1.0000000000307263
1.0000000000317975
1.0000000000328155
1.0000000000337779
1.0000000000346831
1.0000000000355294
1.0000000000363161
1.0000000000370421
1.0000000000377065
1.0000000000383082
1.0000000000388474
1.0000000000393230
1.0000000000397329
1.0000000000400762
1.0000000000403528
1.0000000000405627
1.0000000000407048
1.0000000000407794
1.0000000000407867
1.0000000000407272
1.0000000000406006
1.0000000000404075
