1.0000000822580721
1.0000000813107794
1.0000000801755449
1.0000000788551744
1.0000000773529123
1.0000000756724339
1.0000000738178365
1.0000000717936282
1.0000000696047189
1.0000000672564069
1.0000000647543681
1.0000000621046417
1.0000000593136158
1.0000000563880129
1.0000000533348727
1.0000000501615369
1.0000000468756287
1.0000000434850367
1.0000000399978954
1.0000000364225645
1.0000000327676097
1.0000000290417825
1.0000000252540000
1.0000000214133227
1.0000000175289316
1.0000000136101106
1.0000000096662212
1.0000000057066798
1.0000000017409358
0.9999999977784491
0.9999999938286654
0.9999999899009968
0.9999999860047991
0.9999999821493480
0.9999999783438177
0.9999999745972591
0.9999999709185766
0.9999999673165102
0.9999999637996114
0.9999999603762231
0.9999999570544625
0.9999999538421982
0.9999999507470325
0.9999999477762839
0.9999999449369700
0.9999999422357909
0.9999999396791119
0.9999999372729487
0.9999999350229537
0.9999999329344024
0.9999999310121811
0.9999999292607747
0.9999999276842566
0.9999999262862781
0.9999999250700605
0.9999999240383880
0.9999999231936010
0.9999999225375896
0.9999999220717892
0.9999999217971769
0.9999999217142697
0.9999999218231236
0.9999999221233313
0.9999999226140266
0.9999999232938872
0.9999999241611348
0.9999999252135410
0.9999999264484333
0.9999999278627005
0.9999999294528010
0.9999999312147709
0.9999999331442342
0.9999999352364104
0.9999999374861286
0.9999999398878401
0.9999999424356311
0.9999999451232376
0.9999999479440594
0.9999999508911772
0.9999999539573681
0.9999999571351241
0.9999999604166709
0.9999999637939847
0.9999999672588121
0.9999999708026890
0.9999999744169621
0.9999999780928096
0.9999999818212618
0.9999999855932221
0.9999999893994904
0.9999999932307857
0.9999999970777672
1.0000000009310583
1.0000000047812672
1.0000000086190097
1.0000000124349320
1.0000000162197331
1.0000000199641870
1.0000000236591644
1.0000000272956555
1.0000000308647929
1.0000000343578705
1.0000000377663638
1.0000000410819532
1.0000000442965429
1.0000000474022805
1.0000000503915747
1.0000000532571145
1.0000000559918865
1.0000000585891933
1.0000000610426683
1.0000000633462911
1.0000000654944019
1.0000000674817147
1.0000000693033306
1.0000000709547476
1.0000000724318741
1.0000000737310375
1.0000000748489950
1.0000000757829395
1.0000000765305070
1.0000000770897823
1.0000000774593010
1.0000000776380569
1.0000000776255038
1.0000000774215572
1.0000000770265931
1.0000000764414481
1.0000000756674159
1.0000000747062470
1.0000000735601409
1.0000000722317426
1.0000000707241368
1.0000000690408406
1.0000000671857963
1.0000000651633603
1.0000000629782937
1.0000000606357495
1.0000000581412609
1.0000000555007285
1.0000000527204072
1.0000000498068886
1.0000000467670886
1.0000000436082286
1.0000000403378198
1.0000000369636450
1.0000000334937396
1.0000000299363716
1.0000000263000213
1.0000000225933625
1.0000000188252418
1.0000000150046569
1.0000000111407352
1.0000000072427131
1.0000000033199139
0.9999999993817247
0.9999999954375738
0.9999999914969089
0.9999999875691719
0.9999999836637787
0.9999999797900957
0.9999999759574181
0.9999999721749472
0.9999999684517678
0.9999999647968280
0.9999999612189173
0.9999999577266450
0.9999999543284194
0.9999999510324301
0.9999999478466248
0.9999999447786918
0.9999999418360422
0.9999999390257901
0.9999999363547384
0.9999999338293615
0.9999999314557892
0.9999999292397928
0.9999999271867692
0.9999999253017311
0.9999999235892926
0.9999999220536595
0.9999999206986190
0.9999999195275293
0.9999999185433120
0.9999999177484463
0.9999999171449609
0.9999999167344300
0.9999999165179694
0.9999999164962337
0.9999999166694149
0.9999999170372426
0.9999999175989841
0.9999999183534459
0.9999999192989764
0.9999999204334696
0.9999999217543696
0.9999999232586769
0.9999999249429553
0.9999999268033407
0.9999999288355508
0.9999999310348943
0.9999999333962819
0.9999999359142393
0.9999999385829197
0.9999999413961186
0.9999999443472868
0.9999999474295460
0.9999999506357055
0.9999999539582801
0.9999999573895061
0.9999999609213602
0.9999999645455788
0.9999999682536783
0.9999999720369760
0.9999999758866095
0.9999999797935596
0.9999999837486704
0.9999999877426714
0.9999999917661986
0.9999999958098167
0.9999999998640419
1.0000000039193637
1.0000000079662705
1.0000000119952686
1.0000000159969056
1.0000000199617964
1.0000000238806426
1.0000000277442540
1.0000000315435720
1.0000000352696894
1.0000000389138735
1.0000000424675870
1.0000000459225071
1.0000000492705443
1.0000000525038635
1.0000000556149007
1.0000000585963837
1.0000000614413467
1.0000000641431488
1.0000000666954911
1.0000000690924289
1.0000000713283865
1.0000000733981695
1.0000000752969780
1.0000000770204185
1.0000000785645131
1.0000000799257101
1.0000000811008911
1.0000000820873796
1.0000000828829470
1.0000000834858187
1.0000000838946796
1.0000000841086747
1.0000000841274104
1.0000000839509553
1.0000000835798415
1.0000000830150628
1.0000000822580721
1.0000000813107794
1.0000000801755449
1.0000000788551744
