1.0000005581329188
1.0000005514046604
1.0000005433822288
1.0000005340851432
1.0000005235359539
1.0000005117601904
1.0000004987862985
1.0000004846455739
1.0000004693720861
1.0000004530025972
1.0000004355764729
1.0000004171355885
1.0000003977242304
1.0000003773889878
1.0000003561786426
1.0000003341440513
1.0000003113380265
1.0000002878152081
1.0000002636319332
1.0000002388461020
1.0000002135170381
1.0000001877053468
1.0000001614727687
1.0000001348820344
1.0000001079967140
1.0000000808810656
1.0000000535998819
1.0000000262183342
0.9999999988018180
0.9999999714157948
0.9999999441256370
0.9999999169964714
0.9999998900930238
0.9999998634794651
0.9999998372192561
0.9999998113749972
0.9999997860082770
0.9999997611795276
0.9999997369478789
0.9999997133710180
0.9999996905050509
0.9999996684043703
0.9999996471215247
0.9999996267070913
0.9999996072095585
0.9999995886752066
0.9999995711479979
0.9999995546694742
0.9999995392786564
0.9999995250119511
0.9999995119030642
0.9999994999829197
0.9999994892795880
0.9999994798182186
0.9999994716209791
0.9999994647070038
0.9999994590923468
0.9999994547899435
0.9999994518095812
0.9999994501578778
0.9999994498382618
0.9999994508509671
0.9999994531930337
0.9999994568583142
0.9999994618374878
0.9999994681180846
0.9999994756845145
0.9999994845181065
0.9999994945971512
0.9999995058969543
0.9999995183898945
0.9999995320454910
0.9999995468304778
0.9999995627088819
0.9999995796421106
0.9999995975890443
0.9999996165061360
0.9999996363475143
0.9999996570650939
0.9999996786086910
0.9999997009261447
0.9999997239634394
0.9999997476648353
0.9999997719730023
0.9999997968291569
0.9999998221732053
0.9999998479438851
0.9999998740789144
0.9999999005151398
0.9999999271886886
0.9999999540351225
0.9999999809895886
1.0000000079869775
1.0000000349620786
1.0000000618497356
1.0000000885850036
1.0000001151033042
1.0000001413405801
1.0000001672334504
1.0000001927193616
1.0000002177367384
1.0000002422251300
1.0000002661253555
1.0000002893796465
1.0000003119317833
1.0000003337272310
1.0000003547132690
1.0000003748391189
1.0000003940560660
1.0000004123175754
1.0000004295794043
1.0000004457997074
1.0000004609391375
1.0000004749609399
1.0000004878310418
1.0000004995181326
1.0000005099937412
1.0000005192323012
1.0000005272112147
1.0000005339109053
1.0000005393148652
1.0000005434096961
1.0000005461851416
1.0000005476341123
1.0000005477527010
1.0000005465401935
1.0000005439990713
1.0000005401350045
1.0000005349568379
1.0000005284765707
1.0000005207093290
1.0000005116733297
1.0000005013898374
1.0000004898831134
1.0000004771803577
1.0000004633116444
1.0000004483098497
1.0000004322105733
1.0000004150520554
1.0000003968750828
1.0000003777228936
1.0000003576410714
1.0000003366774370
1.0000003148819343
1.0000002923065132
1.0000002690050040
1.0000002450329899
1.0000002204476732
1.0000001953077391
1.0000001696732141
1.0000001436053234
1.0000001171663451
1.0000000904194601
1.0000000634286033
1.0000000362583088
1.0000000089735568
0.9999999816396187
0.9999999543218990
0.9999999270857806
0.9999998999964668
0.9999998731188250
0.9999998465172344
0.9999998202554322
0.9999997943963579
0.9999997690020038
0.9999997441332688
0.9999997198498103
0.9999996962099023
0.9999996732702962
0.9999996510860851
0.9999996297105720
0.9999996091951413
0.9999995895891356
0.9999995709397402
0.9999995532918674
0.9999995366880498
0.9999995211683388
0.9999995067702093
0.9999994935284682
0.9999994814751717
0.9999994706395493
0.9999994610479338
0.9999994527236962
0.9999994456871897
0.9999994399557026
0.9999994355434157
0.9999994324613676
0.9999994307174273
0.9999994303162765
0.9999994312593971
0.9999994335450678
0.9999994371683686
0.9999994421211925
0.9999994483922641
0.9999994559671677
0.9999994648283781
0.9999994749553051
0.9999994863243392
0.9999994989089100
0.9999995126795481
0.9999995276039559
0.9999995436470852
0.9999995607712205
0.9999995789360684
0.9999995980988525
0.9999996182144170
0.9999996392353325
0.9999996611120114
0.9999996837928233
0.9999997072242186
0.9999997313508570
0.9999997561157378
0.9999997814603381
0.9999998073247518
0.9999998336478317
0.9999998603673352
0.9999998874200725
0.9999999147420571
0.9999999422686583
0.9999999699347564
0.9999999976748978
1.0000000254234513
1.0000000531147648
1.0000000806833205
1.0000001080638909
1.0000001351916938
1.0000001620025483
1.0000001884330267
1.0000002144206075
1.0000002399038239
1.0000002648224109
1.0000002891174469
1.0000003127314945
1.0000003356087366
1.0000003576951111
1.0000003789384402
1.0000003992885556
1.0000004186974172
1.0000004371192270
1.0000004545105361
1.0000004708303503
1.0000004860402296
1.0000005001043766
1.0000005129897225
1.0000005246660060
1.0000005351058472
1.0000005442848117
1.0000005521814677
1.0000005587774368
1.0000005640574383
1.0000005680093256
1.0000005706241146
1.0000005718960052
1.0000005718223950
1.0000005704038843
1.0000005676442760
1.0000005635505642
1.0000005581329188
1.0000005514046604
1.0000005433822288
1.0000005340851432
