1.0607870275605771
1.0600695137963954
1.0592176407968268
1.0582329172183811
1.0571170942750931
1.0558721659135841
1.0545003689578136
1.0530041832017598
1.0513863314253786
1.0496497793062105
1.0477977351960004
1.0458336497285772
1.0437612152221283
1.0415843648358152
1.0393072714375071
1.0369343461362233
1.0344702364297582
1.0319198239149281
1.0292882215049575
1.0265807700958218
1.0238030346208769
1.0209607994309766
1.0180600629355394
1.0151070314387689
1.0121081121045992
1.0090699049839675
1.0059991940388897
1.0029029370995786
0.9997882546936873
0.9966624176907447
0.9935328337101291
0.9904070322475762
0.9872926484833767
0.9841974057451162
0.9811290966091477
0.9780955626379805
0.9751046727653848
0.9721643003572560
0.9692822989940250
0.9664664770395117
0.9637245710813893
0.9610642183496187
0.9584929282409942
0.9560180530999305
0.9536467584273997
0.9513859927110098
0.9492424570890666
0.9472225750795558
0.9453324626207433
0.9435778986829603
0.9419642967206010
0.9404966772389205
0.9391796417514386
0.9380173484003684
0.9370134895041943
0.9361712712832958
0.9354933959963593
0.9349820466974228
0.9346388747961226
0.9344649905724914
0.9344609567631328
0.9346267852984521
0.9349619372316907
0.9354653258606723
0.9361353230032734
0.9369697683486508
0.9379659817690194
0.9391207784421085
0.9404304866030525
0.9418909677169952
0.9434976388406008
0.9452454969222782
0.9471291447774800
0.9491428184669278
0.9512804158020028
0.9535355257025623
0.9559014581378295
0.9583712743902744
0.9609378173951552
0.9635937419240176
0.9663315443984563
0.9691435921402271
0.9720221518848396
0.9749594174075141
0.9779475361323796
0.9809786346175861
0.9840448428302272
0.9871383171452989
0.9902512620220686
0.9933759503290620
0.9965047423051593
0.9996301031590077
1.0027446193220133
1.0058410133815796
1.0089121577310458
1.0119510869809880
1.0149510091832799
1.0179053159246314
1.0208075913503747
1.0236516201821499
1.0264313947949613
1.0291411214199779
1.0317752255395278
1.0343283565401138
1.0367953916880657
1.0391714394907126
1.0414518425038435
1.0436321796437587
1.0457082680595169
1.0476761646180754
1.0495321670519837
1.0512728148161736
1.0528948896972150
1.0543954162152236
1.0557716618554307
1.0570211371632916
1.0581415957339124
1.0591310341235374
1.0599876917078817
1.0607100505091909
1.0612968350110716
1.0617470119773809
1.0620597902887543
1.0622346208077034
1.0622711962805995
1.0621694512823074
1.0619295622066787
1.0615519473035799
1.0610372667606180
1.0603864228251787
1.0596005599598441
1.0586810650216714
1.0576295674531853
1.0564479394702613
1.0551382962293459
1.0537029959536601
1.0521446399951728
1.0504660728061908
1.0486703817914169
1.0467608970082609
1.0447411906800625
1.0426150764837381
1.0403866085701641
1.0380600802724345
1.0356400224539646
1.0331312014453224
1.0305386165156885
1.0278674968220161
1.0251232977763640
1.0223116967695423
1.0194385881872716
1.0165100776535430
1.0135324754349069
1.0105122889390994
1.0074562142418610
1.0043711265771011
1.0012640697278647
0.9981422442589553
0.9950129945366988
0.9918837944872940
0.9887622320526048
0.9856559923111808
0.9825728392428316
0.9795205961272603
0.9765071245810957
0.9735403022531319
0.9706279992146211
0.9677780530999355
0.9649982430726799
0.9622962627131291
0.9596796919444351
0.9571559681370067
0.9547323565524515
0.9524159203099758
0.9502134900787043
0.9481316337184374
0.9461766261083842
0.9443544194177823
0.9426706140835561
0.9411304307677025
0.9397386835705241
0.9384997547747377
0.9374175713896260
0.9364955837536008
0.9357367464377742
0.9351435016725121
0.9347177654937496
0.9344609167764466
0.9343737892895391
0.9344566668707329
0.9347092817812869
0.9351308162613536
0.9357199072664109
0.9364746543257245
0.9373926304255213
0.9384708957834769
0.9397060143480083
0.9410940728263500
0.9426307020200752
0.9443111002259723
0.9461300584442803
0.9480819871253477
0.9501609441797791
0.9523606639759259
0.9546745870518704
0.9570958902765005
0.9596175172054007
0.9622322083915941
0.9649325314281145
0.9677109105183961
0.9705596553910011
0.9734709893966934
0.9764370766478464
0.9794500480821371
0.9825020263540609
0.9855851494786300
0.9886915931713987
0.9918135918474869
0.9949434582593378
0.9980736017684627
1.0011965452603095
1.0043049407236122
1.0073915835261680
1.0104494254279546
1.0134715863799595
1.0164513651630889
1.0193822489261899
1.0222579216856535
1.0250722718513872
1.0278193988452851
1.0304936188787839
1.0330894699557920
1.0356017161663380
1.0380253513347932
1.0403556020845752
1.0425879303789420
1.0447180355948711
1.0467418561842148
1.0486555709733283
1.0504556001492908
1.0521386059776745
1.0537014932936317
1.0551414098048955
1.0564557462421154
1.0576421363888326
1.0586984570203468
1.0596228277777027
1.0604136110001088
1.0610694115362227
1.0615890765519531
1.0619716953496787
1.0622165992111254
1.0623233612735021
1.0622917964459200
1.0621219613705675
1.0618141544305708
1.0613689158039545
1.0607870275605771
1.0600695137963954
1.0592176407968268
1.0582329172183811
