1.0000502290591102
1.0000495985718534
1.0000488500472717
1.0000479852815896
1.0000470063485236
1.0000459155943240
1.0000447156321683
1.0000434093359141
1.0000419998332344
1.0000404904981424
1.0000388849429303
1.0000371870095375
1.0000354007603718
1.0000335304686008
1.0000315806079447
1.0000295558419869
1.0000274610130315
1.0000253011305309
1.0000230813591184
1.0000208070062659
1.0000184835096046
1.0000161164239303
1.0000137114079273
1.0000112742106482
1.0000088106577738
1.0000063266376906
1.0000038280874188
1.0000013209784220
0.9999988113023356
0.9999963050566455
0.9999938082303529
0.9999913267896582
0.9999888666637008
0.9999864337303860
0.9999840338023315
0.9999816726129742
0.9999793558028620
0.9999770889061687
0.9999748773374633
0.9999727263787631
0.9999706411669064
0.9999686266812702
0.9999666877318639
0.9999648289478291
0.9999630547663717
0.9999613694221507
0.9999597769371551
0.9999582811110858
0.9999568855122698
0.9999555934691309
0.9999544080622302
0.9999533321169017
0.9999523681964987
0.9999515185962654
0.9999507853378513
0.9999501701644801
0.9999496745367852
0.9999492996293202
0.9999490463277556
0.9999489152267664
0.9999489066286134
0.9999490205424277
0.9999492566841989
0.9999496144774584
0.9999500930546668
0.9999506912592964
0.9999514076486068
0.9999522404971032
0.9999531878006717
0.9999542472813823
0.9999554163929476
0.9999566923268223
0.9999580720189302
0.9999595521570038
0.9999611291885162
0.9999627993291860
0.9999645585720395
0.9999664026970035
0.9999683272810086
0.9999703277085791
0.9999723991828803
0.9999745367371993
0.9999767352468331
0.9999789894413535
0.9999812939172192
0.9999836431507086
0.9999860315111336
0.9999884532743150
0.9999909026362790
0.9999933737271414
0.9999958606251510
0.9999983573708556
1.0000008579813568
1.0000033564646216
1.0000058468338140
1.0000083231216153
1.0000107793944948
1.0000132097668988
1.0000156084153278
1.0000179695922602
1.0000202876398971
1.0000225570036900
1.0000247722456195
1.0000269280571998
1.0000290192721712
1.0000310408788515
1.0000329880321179
1.0000348560649874
1.0000366404997758
1.0000383370588009
1.0000399416746091
1.0000414504996984
1.0000428599157154
1.0000441665421067
1.0000453672442005
1.0000464591406986
1.0000474396105665
1.0000483062993004
1.0000490571245559
1.0000496902811280
1.0000502042452692
1.0000505977783356
1.0000508699297495
1.0000510200392758
1.0000510477386038
1.0000509529522332
1.0000507358976591
1.0000503970848598
1.0000499373150840
1.0000493576789424
1.0000486595538081
1.0000478446005321
1.0000469147594804
1.0000458722459051
1.0000447195446582
1.0000434594042609
1.0000420948303435
1.0000406290784696
1.0000390656463640
1.0000374082655599
1.0000356608924916
1.0000338276990473
1.0000319130626047
1.0000299215555783
1.0000278579344968
1.0000257271286412
1.0000235342282715
1.0000212844724665
1.0000189832366089
1.0000166360195406
1.0000142484304253
1.0000118261753486
1.0000093750436796
1.0000069008942378
1.0000044096412886
1.0000019072404074
0.9999993996742476
0.9999968929382402
0.9999943930262600
0.9999919059162964
0.9999894375561632
0.9999869938492757
0.9999845806405366
0.9999822037023592
0.9999798687208639
0.9999775812822782
0.9999753468595767
0.9999731707993903
0.9999710583092167
0.9999690144449656
0.9999670440988612
0.9999651519877387
0.9999633426417579
0.9999616203935643
0.9999599893679206
0.9999584534718369
0.9999570163852188
0.9999556815520613
0.9999544521722037
0.9999533311936688
0.9999523213056036
0.9999514249318420
0.9999506442251000
0.9999499810618192
0.9999494370376711
0.9999490134637338
0.9999487113633495
0.9999485314696693
0.9999484742238909
0.9999485397741973
0.9999487279753971
0.9999490383892644
0.9999494702855788
0.9999500226438656
0.9999506941558310
0.9999514832284851
0.9999523879879456
0.9999534062839129
0.9999545356948094
0.9999557735335638
0.9999571168540317
0.9999585624580368
0.9999601069030131
0.9999617465102328
0.9999634773735987
0.9999652953689797
0.9999671961640670
0.9999691752287303
0.9999712278458451
0.9999733491225654
0.9999755340020189
0.9999777772753913
0.9999800735943739
0.9999824174839472
0.9999848033554634
0.9999872255200023
0.9999896782019662
0.9999921555528785
0.9999946516653586
0.9999971605872372
0.9999996763357785
1.0000021929119722
1.0000047043148650
1.0000072045558968
1.0000096876732056
1.0000121477458681
1.0000145789080415
1.0000169753629742
1.0000193313968515
1.0000216413924392
1.0000238998424986
1.0000261013629361
1.0000282407056609
1.0000303127711165
1.0000323126204551
1.0000342354873284
1.0000360767892653
1.0000378321386130
1.0000394973530096
1.0000410684653673
1.0000425417333385
1.0000439136482484
1.0000451809434683
1.0000463406022118
1.0000473898647311
1.0000483262349014
1.0000491474861759
1.0000498516668954
1.0000504371049421
1.0000509024117288
1.0000512464855069
1.0000514685139916
1.0000515679762954
1.0000515446441647
1.0000513985825221
1.0000511301493049
1.0000507399946048
1.0000502290591102
1.0000495985718534
1.0000488500472717
1.0000479852815896
