1.0000402042203602
1.0000397000258137
1.0000391013803562
1.0000384097210568
1.0000376267070166
1.0000367542154041
1.0000357943369653
1.0000347493710280
1.0000336218200063
1.0000324143834198
1.0000311299514433
1.0000297715979982
1.0000283425734069
1.0000268462966242
1.0000252863470696
1.0000236664560724
1.0000219904979555
1.0000202624807766
1.0000184865367501
1.0000166669123729
1.0000148079582765
1.0000129141188303
1.0000109899215190
1.0000090399661232
1.0000070689137264
1.0000050814755748
1.0000030824018176
1.0000010764701530
0.9999990684744100
0.9999970632130915
0.9999950654779041
0.9999930800423052
0.9999911116500904
0.9999891650040555
0.9999872447547544
0.9999853554893836
0.9999835017208151
0.9999816878768077
0.9999799182894245
0.9999781971846750
0.9999765286724127
0.9999749167365092
0.9999733652253300
0.9999718778425346
0.9999704581382229
0.9999691095004467
0.9999678351471101
0.9999666381182770
0.9999655212689043
0.9999644872620177
0.9999635385623454
0.9999626774304270
0.9999619059172096
0.9999612258591468
0.9999606388738119
0.9999601463560320
0.9999597494745591
0.9999594491692777
0.9999592461489618
0.9999591408895836
0.9999591336331806
0.9999592243872834
0.9999594129249036
0.9999596987850837
0.9999600812740048
0.9999605594666520
0.9999611322090334
0.9999617981209491
0.9999625555992986
0.9999634028219210
0.9999643377519601
0.9999653581427460
0.9999664615431729
0.9999676453035722
0.9999689065820559
0.9999702423513203
0.9999716494058957
0.9999731243698184
0.9999746637047120
0.9999762637182600
0.9999779205730418
0.9999796302957173
0.9999813887865362
0.9999831918291484
0.9999850351006950
0.9999869141821544
0.9999888245689129
0.9999907616815442
0.9999927208767655
0.9999946974585479
0.9999966866893502
0.9999986838014533
1.0000006840083646
1.0000026825162678
1.0000046745354862
1.0000066552919427
1.0000086200385769
1.0000105640666996
1.0000124827172523
1.0000143713919523
1.0000162255642868
1.0000180407903390
1.0000198127194126
1.0000215371044363
1.0000232098121213
1.0000248268328433
1.0000263842902288
1.0000278784504251
1.0000293057310272
1.0000306627096445
1.0000319461320830
1.0000331529201272
1.0000342801788977
1.0000353252037755
1.0000362854868676
1.0000371587230055
1.0000379428152568
1.0000386358799400
1.0000392362511308
1.0000397424846457
1.0000401533614973
1.0000404678908124
1.0000406853122021
1.0000408050975873
1.0000408269524599
1.0000407508165938
1.0000405768641933
1.0000403055034826
1.0000399373757338
1.0000394733537412
1.0000389145397408
1.0000382622627795
1.0000375180755448
1.0000366837506596
1.0000357612764526
1.0000347528522138
1.0000336608829421
1.0000324879736042
1.0000312369229145
1.0000299107166517
1.0000285125205279
1.0000270456726295
1.0000255136754446
1.0000239201874956
1.0000222690146010
1.0000205641007853
1.0000188095188569
1.0000170094606775
1.0000151682271450
1.0000132902179197
1.0000113799209087
1.0000094419015431
1.0000074807918664
1.0000055012794691
1.0000035080962815
1.0000015060072658
0.9999994997990268
0.9999974942683675
0.9999954942108241
0.9999935044092026
0.9999915296221429
0.9999895745727413
0.9999876439372581
0.9999857423339359
0.9999838743119560
0.9999820443405572
0.9999802567983506
0.9999785159628477
0.9999768260002280
0.9999751909553747
0.9999736147421969
0.9999721011342663
0.9999706537557895
0.9999692760729393
0.9999679713855589
0.9999667428192666
0.9999655933179764
0.9999645256368526
0.9999635423357158
0.9999626457729136
0.9999618380996773
0.9999611212549697
0.9999604969608431
0.9999599667183140
0.9999595318037694
0.9999591932659071
0.9999589519232212
0.9999588083620387
0.9999587629351120
0.9999588157607701
0.9999589667226281
0.9999592154698606
0.9999595614180352
0.9999600037505036
0.9999605414203504
0.9999611731528890
0.9999618974487053
0.9999627125872373
0.9999636166308848
0.9999646074296400
0.9999656826262221
0.9999668396617084
0.9999680757816477
0.9999693880426423
0.9999707733193821
0.9999722283121122
0.9999737495545173
0.9999753334220055
0.9999769761403683
0.9999786737947994
0.9999804223392523
0.9999822176061063
0.9999840553161241
0.9999859310886787
0.9999878404522200
0.9999897788549595
0.9999917416757456
0.9999937242351051
0.9999957218064244
0.9999977296272405
0.9999997429106197
1.0000017568565933
1.0000037666636232
1.0000057675400713
1.0000077547156461
1.0000097234527949
1.0000116690580212
1.0000135868930962
1.0000154723861354
1.0000173210425172
1.0000191284556150
1.0000208903173218
1.0000226024283365
1.0000242607081931
1.0000258612050024
1.0000274001048874
1.0000288737410883
1.0000302786027151
1.0000316113431296
1.0000328687879334
1.0000340479425465
1.0000351459993548
1.0000361603444112
1.0000370885636707
1.0000379284487537
1.0000386780022135
1.0000393354423012
1.0000398992072175
1.0000403679588372
1.0000407405858980
1.0000410162066520
1.0000411941709646
1.0000412740618647
1.0000412556965328
1.0000411391267343
1.0000409246386923
1.0000406127523969
1.0000402042203602
1.0000397000258137
1.0000391013803562
1.0000384097210568
