1.0000000004427652
1.0000000004397209
1.0000000004358069
1.0000000004310341
1.0000000004254155
1.0000000004189651
1.0000000004117002
1.0000000004036409
1.0000000003948080
1.0000000003852245
1.0000000003749148
1.0000000003639038
1.0000000003522189
1.0000000003398892
1.0000000003269440
1.0000000003134146
1.0000000002993337
1.0000000002847349
1.0000000002696545
1.0000000002541292
1.0000000002381957
1.0000000002218916
1.0000000002052567
1.0000000001883302
1.0000000001711533
1.0000000001537670
1.0000000001362124
1.0000000001185303
1.0000000001007618
1.0000000000829479
1.0000000000651301
1.0000000000473506
1.0000000000296521
1.0000000000120763
0.9999999999946644
0.9999999999774573
0.9999999999604958
0.9999999999438182
0.9999999999274618
0.9999999999114637
0.9999999998958612
0.9999999998806898
0.9999999998659852
0.9999999998517795
0.9999999998381048
0.9999999998249927
0.9999999998124712
0.9999999998005683
0.9999999997893101
0.9999999997787216
0.9999999997688247
0.9999999997596406
0.9999999997511884
0.9999999997434853
0.9999999997365470
0.9999999997303861
0.9999999997250140
0.9999999997204403
0.9999999997166733
0.9999999997137196
0.9999999997115816
0.9999999997102611
0.9999999997097567
0.9999999997100661
0.9999999997111845
0.9999999997131058
0.9999999997158219
0.9999999997193226
0.9999999997235948
0.9999999997286235
0.9999999997343924
0.9999999997408825
0.9999999997480745
0.9999999997559462
0.9999999997644741
0.9999999997736331
0.9999999997833960
0.9999999997937365
0.9999999998046244
0.9999999998160281
0.9999999998279152
0.9999999998402532
0.9999999998530095
0.9999999998661497
0.9999999998796387
0.9999999998934398
0.9999999999075161
0.9999999999218302
0.9999999999363443
0.9999999999510184
0.9999999999658107
0.9999999999806796
0.9999999999955835
1.0000000000104825
1.0000000000253351
1.0000000000401010
1.0000000000547415
1.0000000000692180
1.0000000000834919
1.0000000000975253
1.0000000001112810
1.0000000001247229
1.0000000001378160
1.0000000001505245
1.0000000001628118
1.0000000001746439
1.0000000001859868
1.0000000001968090
1.0000000002070797
1.0000000002167706
1.0000000002258544
1.0000000002343057
1.0000000002421012
1.0000000002492184
1.0000000002556364
1.0000000002613352
1.0000000002662988
1.0000000002705118
1.0000000002739606
1.0000000002766334
1.0000000002785203
1.0000000002796137
1.0000000002799081
1.0000000002794003
1.0000000002780889
1.0000000002759750
1.0000000002730602
1.0000000002693483
1.0000000002648448
1.0000000002595564
1.0000000002534926
1.0000000002466669
1.0000000002390934
1.0000000002307887
1.0000000002217708
1.0000000002120595
1.0000000002016751
1.0000000001906402
1.0000000001789793
1.0000000001667186
1.0000000001538867
1.0000000001405132
1.0000000001266289
1.0000000001122653
1.0000000000974556
1.0000000000822340
1.0000000000666369
1.0000000000507019
1.0000000000344662
1.0000000000179681
1.0000000000012452
0.9999999999843369
0.9999999999672844
0.9999999999501307
0.9999999999329170
0.9999999999156843
0.9999999998984750
0.9999999998813306
0.9999999998642934
0.9999999998474054
0.9999999998307084
0.9999999998142427
0.9999999997980483
0.9999999997821644
0.9999999997666308
0.9999999997514862
0.9999999997367696
0.9999999997225185
0.9999999997087683
0.9999999996955533
0.9999999996829066
0.9999999996708596
0.9999999996594446
0.9999999996486919
0.9999999996386293
0.9999999996292823
0.9999999996206754
0.9999999996128305
0.9999999996057688
0.9999999995995100
0.9999999995940727
0.9999999995894726
0.9999999995857243
0.9999999995828412
0.9999999995808345
0.9999999995797116
0.9999999995794782
0.9999999995801373
0.9999999995816914
0.9999999995841408
0.9999999995874833
0.9999999995917153
0.9999999995968306
0.9999999996028210
0.9999999996096758
0.9999999996173816
0.9999999996259230
0.9999999996352829
0.9999999996454432
0.9999999996563849
0.9999999996680862
0.9999999996805227
0.9999999996936684
0.9999999997074959
0.9999999997219763
0.9999999997370781
0.9999999997527694
0.9999999997690179
0.9999999997857905
0.9999999998030517
0.9999999998207647
0.9999999998388924
0.9999999998573956
0.9999999998762343
0.9999999998953685
0.9999999999147576
0.9999999999343604
0.9999999999541344
0.9999999999740373
0.9999999999940267
1.0000000000140599
1.0000000000340925
1.0000000000540812
1.0000000000739824
1.0000000000937534
1.0000000001133522
1.0000000001327356
1.0000000001518612
1.0000000001706877
1.0000000001891747
1.0000000002072835
1.0000000002249760
1.0000000002422147
1.0000000002589624
1.0000000002751830
1.0000000002908402
1.0000000003059002
1.0000000003203318
1.0000000003341052
1.0000000003471912
1.0000000003595630
1.0000000003711951
1.0000000003820619
1.0000000003921412
1.0000000004014129
1.0000000004098579
1.0000000004174592
1.0000000004242027
1.0000000004300769
1.0000000004350698
1.0000000004391725
1.0000000004423788
1.0000000004446858
1.0000000004460929
1.0000000004466005
1.0000000004462117
1.0000000004449312
1.0000000004427652
1.0000000004397209
1.0000000004358069
1.0000000004310341
