1.0000000004224949
1.0000000004196368
1.0000000004159533
1.0000000004114553
1.0000000004061542
1.0000000004000631
1.0000000003931964
1.0000000003855722
1.0000000003772114
1.0000000003681349
1.0000000003583647
1.0000000003479241
1.0000000003368388
1.0000000003251350
1.0000000003128418
1.0000000002999891
1.0000000002866094
1.0000000002727349
1.0000000002583997
1.0000000002436384
1.0000000002284877
1.0000000002129832
1.0000000001971618
1.0000000001810634
1.0000000001647256
1.0000000001481875
1.0000000001314890
1.0000000001146685
1.0000000000977656
1.0000000000808202
1.0000000000638734
1.0000000000469647
1.0000000000301332
1.0000000000134184
0.9999999999968602
0.9999999999804965
0.9999999999643649
0.9999999999485035
0.9999999999329492
0.9999999999177370
0.9999999999029014
0.9999999998884758
0.9999999998744921
0.9999999998609829
0.9999999998479777
0.9999999998355044
0.9999999998235903
0.9999999998122620
0.9999999998015447
0.9999999997914626
0.9999999997820381
0.9999999997732906
0.9999999997652376
0.9999999997578953
0.9999999997512788
0.9999999997454020
0.9999999997402749
0.9999999997359066
0.9999999997323030
0.9999999997294696
0.9999999997274082
0.9999999997261203
0.9999999997256046
0.9999999997258592
0.9999999997268803
0.9999999997286607
0.9999999997311935
0.9999999997344688
0.9999999997384746
0.9999999997431970
0.9999999997486215
0.9999999997547313
0.9999999997615082
0.9999999997689305
0.9999999997769753
0.9999999997856195
0.9999999997948372
0.9999999998046032
0.9999999998148908
0.9999999998256717
0.9999999998369156
0.9999999998485906
0.9999999998606649
0.9999999998731052
0.9999999998858767
0.9999999998989445
0.9999999999122716
0.9999999999258221
0.9999999999395593
0.9999999999534466
0.9999999999674455
0.9999999999815171
0.9999999999956239
1.0000000000097267
1.0000000000237876
1.0000000000377689
1.0000000000516327
1.0000000000653417
1.0000000000788589
1.0000000000921476
1.0000000001051721
1.0000000001178975
1.0000000001302896
1.0000000001423155
1.0000000001539420
1.0000000001651366
1.0000000001758675
1.0000000001861051
1.0000000001958207
1.0000000002049885
1.0000000002135827
1.0000000002215788
1.0000000002289531
1.0000000002356824
1.0000000002417462
1.0000000002471257
1.0000000002518052
1.0000000002557716
1.0000000002590144
1.0000000002615239
1.0000000002632907
1.0000000002643068
1.0000000002645655
1.0000000002640630
1.0000000002627976
1.0000000002607696
1.0000000002579810
1.0000000002544354
1.0000000002501381
1.0000000002450979
1.0000000002393259
1.0000000002328329
1.0000000002256315
1.0000000002177367
1.0000000002091667
1.0000000001999410
1.0000000001900793
1.0000000001796026
1.0000000001685343
1.0000000001568987
1.0000000001447222
1.0000000001320324
1.0000000001188587
1.0000000001052303
1.0000000000911782
1.0000000000767346
1.0000000000619329
1.0000000000468086
1.0000000000313976
1.0000000000157365
0.9999999999998634
0.9999999999838167
0.9999999999676359
0.9999999999513606
0.9999999999350305
0.9999999999186857
0.9999999999023647
0.9999999998861061
0.9999999998699481
0.9999999998539297
0.9999999998380892
0.9999999998224645
0.9999999998070943
0.9999999997920159
0.9999999997772677
0.9999999997628880
0.9999999997489138
0.9999999997353795
0.9999999997223196
0.9999999997097669
0.9999999996977531
0.9999999996863080
0.9999999996754616
0.9999999996652422
0.9999999996556773
0.9999999996467940
0.9999999996386175
0.9999999996311704
0.9999999996244731
0.9999999996185441
0.9999999996134007
0.9999999996090569
0.9999999996055255
0.9999999996028175
0.9999999996009412
0.9999999995999046
0.9999999995997135
0.9999999996003716
0.9999999996018807
0.9999999996042414
0.9999999996074507
0.9999999996115035
0.9999999996163920
0.9999999996221079
0.9999999996286414
0.9999999996359806
0.9999999996441123
0.9999999996530214
0.9999999996626917
0.9999999996731040
0.9999999996842378
0.9999999996960707
0.9999999997085787
0.9999999997217356
0.9999999997355140
0.9999999997498861
0.9999999997648233
0.9999999997802954
0.9999999997962692
0.9999999998127104
0.9999999998295834
0.9999999998468528
0.9999999998644804
0.9999999998824275
0.9999999999006555
0.9999999999191255
0.9999999999377973
0.9999999999566312
0.9999999999755854
0.9999999999946193
1.0000000000136908
1.0000000000327578
1.0000000000517801
1.0000000000707183
1.0000000000895326
1.0000000001081837
1.0000000001266312
1.0000000001448359
1.0000000001627587
1.0000000001803615
1.0000000001976050
1.0000000002144525
1.0000000002308682
1.0000000002468175
1.0000000002622669
1.0000000002771841
1.0000000002915364
1.0000000003052925
1.0000000003184224
1.0000000003308982
1.0000000003426943
1.0000000003537866
1.0000000003641516
1.0000000003737686
1.0000000003826182
1.0000000003906842
1.0000000003979497
1.0000000004044016
1.0000000004100280
1.0000000004148191
1.0000000004187666
1.0000000004218634
1.0000000004241061
1.0000000004254923
1.0000000004260212
1.0000000004256946
1.0000000004245171
1.0000000004224949
1.0000000004196368
1.0000000004159533
1.0000000004114553
