1.0295421605709383
1.0291803223764977
1.0287509645619632
1.0282549785893973
1.0276933963820245
1.0270673891492172
1.0263782660310019
1.0256274725552808
1.0248165889002796
1.0239473279541191
1.0230215331628376
1.0220411761577173
1.0210083541523503
1.0199252870995688
1.0187943145981422
1.0176178925390393
1.0163985894810574
1.0151390827457731
1.0138421542220382
1.0125106858706878
1.0111476549207155
1.0097561287489405
1.0083392594361376
1.0069002779937253
1.0054424882564541
1.0039692604380477
1.0024840243484909
1.0009902622736018
0.9994915015196465
0.9979913066281095
0.9964932712682496
0.9950010098177897
0.9935181486449497
0.9920483171080642
0.9905951382921506
0.9891622195050426
0.9877531425589906
0.9863714538669651
0.9850206543862063
0.9837041894448195
0.9824254384903746
0.9811877048024621
0.9799942052139661
0.9788480598883493
0.9777522822024900
0.9767097687864894
0.9757232897733378
0.9747954793123552
0.9739288264008512
0.9731256660884441
0.9723881711079360
0.9717183439855051
0.9711180096812631
0.9705888088089224
0.9701321914804256
0.9697494118179600
0.9694415231717882
0.9692093740778545
0.9690536049842309
0.9689746457701470
0.9689727140757495
0.9690478144548649
0.9691997383570204
0.9694280649388581
0.9697321626989557
0.9701111919240488
0.9705641079287677
0.9710896650653760
0.9716864214746888
0.9723527445444109
0.9730868170366482
0.9738866438423498
0.9747500593169542
0.9756747351486214
0.9766581887080837
0.9776977918274214
0.9787907799539072
0.9799342616244849
0.9811252282064280
0.9823605638502302
0.9836370556017809
0.9849514036223322
0.9863002314666310
0.9876800963718039
0.9890874995121194
0.9905188961775521
0.9919707058370417
0.9934393220505133
0.9949211221969581
0.9964124769892028
0.9979097597493064
0.9994093554218316
1.0009076693054757
1.0024011354866860
1.0038862249619134
1.0053594534380359
1.0068173888032013
1.0082566582628680
1.0096739551381813
1.0110660453259543
1.0124297734214891
1.0137620685071924
1.0150599496114925
1.0163205308438976
1.0175410262131814
1.0187187541366256
1.0198511416490346
1.0209357283208311
1.0219701698949877
1.0229522416528285
1.0238798415188914
1.0247509929150553
1.0255638473740252
1.0263166869220675
1.0270079262405649
1.0276361146155570
1.0281999376839568
1.0286982189845693
1.0291299213214178
1.0294941479462179
1.0297901435661048
1.0300172951819642
1.0301751327619113
1.0302633297536354
1.0302817034384799
1.0302302151292599
1.0301089702129351
1.0299182180383768
1.0296583516485753
1.0293299073557507
1.0289335641569577
1.0284701429869192
1.0279406058039677
1.0273460545041742
1.0266877296579464
1.0259670090626445
1.0251854061040486
1.0243445679188696
1.0234462733499035
1.0224924306848924
1.0214850751697286
1.0204263662862527
1.0193185847846431
1.0181641294602299
1.0169655136645031
1.0157253615401720
1.0144464039703422
1.0131314742322295
1.0117835033463480
1.0104055151127829
1.0090006208270208
1.0075720136688540
1.0061229627590960
1.0046568068802879
1.0031769478592032
1.0016868436107869
1.0001900008452203
0.9986899674420338
0.9971903244976335
0.9956946780552280
0.9942066505289400
0.9927298718368295
0.9912679702606521
0.9898245630533643
0.9884032468186645
0.9870075876901726
0.9856411113411875
0.9843072928592452
0.9830095465229171
0.9817512155213759
0.9805355616601624
0.9793657550992677
0.9782448641720376
0.9771758453354775
0.9761615333042153
0.9752046314216327
0.9743077023224466
0.9734731589412995
0.9727032559216331
0.9720000814782801
0.9713655497657854
0.9708013938024397
0.9703091589974220
0.9698901973252595
0.9695456621880977
0.9692765040020321
0.9690834665390541
0.9689670840510312
0.9689276791966837
0.9689653617867537
0.9690800283566076
0.9692713625694191
0.9695388364469590
0.9698817124189195
0.9702990461757371
0.9707896903041201
0.9713522986790002
0.9719853315804998
0.9726870614997890
0.9734555795934489
0.9742888027422341
0.9751844811669170
0.9761402065512986
0.9771534206204181
0.9782214241205645
0.9793413861468317
0.9805103537636590
0.9817252618640565
0.9829829432139805
0.9842801386295618
0.9856135072365576
0.9869796367634555
0.9883750538220430
0.9897962341319348
0.9912396126484477
0.9927015935562910
0.9941785600947635
0.9956668841834242
0.9971629358205389
0.9986630922299260
1.0001637467350990
1.0016613173427951
1.0031522550210741
1.0046330516601314
1.0061002477067569
1.0075504394660084
1.0089802860661103
1.0103865160848338
1.0117659338376597
1.0131154253298744
1.0144319638763786
1.0157126153944342
1.0169545433758047
1.0181550135457920
1.0193113982175379
1.0204211803506444
1.0214819573236722
1.0224914444304536
1.0234474781103700
1.0243480189228118
1.0251911542759999
1.0259751009201867
1.0266982072149902
1.0273589551802509
1.0279559623393550
1.0284879833634495
1.0289539115243809
1.0293527799635489
1.0296837627831501
1.0299461759655579
1.0301394781257893
1.0302632711012041
1.0303173003817352
1.0303014553830951
1.0302157695645215
1.0300604203917494
1.0298357291450064
1.0295421605709383
1.0291803223764977
1.0287509645619632
1.0282549785893973
