1.0000000147130932
1.0000000145559897
1.0000000143660523
1.0000000141437626
1.0000000138896770
1.0000000136044278
1.0000000132887215
1.0000000129433355
1.0000000125691177
1.0000000121669839
1.0000000117379138
1.0000000112829499
1.0000000108031948
1.0000000102998094
1.0000000097740116
1.0000000092270704
1.0000000086603054
1.0000000080750808
1.0000000074728050
1.0000000068549257
1.0000000062229253
1.0000000055783185
1.0000000049226498
1.0000000042574881
1.0000000035844256
1.0000000029050711
1.0000000022210456
1.0000000015339807
1.0000000008455141
1.0000000001572842
0.9999999994709283
0.9999999987880782
0.9999999981103556
0.9999999974393690
0.9999999967767106
0.9999999961239519
0.9999999954826395
0.9999999948542899
0.9999999942403867
0.9999999936423768
0.9999999930616691
0.9999999924996305
0.9999999919575803
0.9999999914367904
0.9999999909384795
0.9999999904638105
0.9999999900138905
0.9999999895897657
0.9999999891924198
0.9999999888227732
0.9999999884816775
0.9999999881699139
0.9999999878881927
0.9999999876371530
0.9999999874173583
0.9999999872292963
0.9999999870733759
0.9999999869499310
0.9999999868592151
0.9999999868014043
0.9999999867765950
0.9999999867848025
0.9999999868259639
0.9999999868999371
0.9999999870065006
0.9999999871453527
0.9999999873161138
0.9999999875183271
0.9999999877514609
0.9999999880149080
0.9999999883079889
0.9999999886299537
0.9999999889799827
0.9999999893571883
0.9999999897606168
0.9999999901892512
0.9999999906420141
0.9999999911177695
0.9999999916153257
0.9999999921334392
0.9999999926708172
0.9999999932261199
0.9999999937979659
0.9999999943849339
0.9999999949855654
0.9999999955983693
0.9999999962218249
0.9999999968543866
0.9999999974944870
0.9999999981405403
0.9999999987909473
0.9999999994440979
1.0000000000983762
1.0000000007521632
1.0000000014038402
1.0000000020517943
1.0000000026944218
1.0000000033301319
1.0000000039573504
1.0000000045745232
1.0000000051801219
1.0000000057726466
1.0000000063506276
1.0000000069126322
1.0000000074572659
1.0000000079831759
1.0000000084890535
1.0000000089736387
1.0000000094357233
1.0000000098741550
1.0000000102878384
1.0000000106757383
1.0000000110368807
1.0000000113703564
1.0000000116753234
1.0000000119510080
1.0000000121967072
1.0000000124117903
1.0000000125957005
1.0000000127479578
1.0000000128681583
1.0000000129559756
1.0000000130111604
1.0000000130335431
1.0000000130230342
1.0000000129796229
1.0000000129033775
1.0000000127944475
1.0000000126530624
1.0000000124795299
1.0000000122742356
1.0000000120376435
1.0000000117702934
1.0000000114727992
1.0000000111458465
1.0000000107901925
1.0000000104066664
1.0000000099961630
1.0000000095596431
1.0000000090981311
1.0000000086127128
1.0000000081045317
1.0000000075747872
1.0000000070247321
1.0000000064556700
1.0000000058689495
1.0000000052659634
1.0000000046481445
1.0000000040169630
1.0000000033739223
1.0000000027205556
1.0000000020584223
1.0000000013891037
1.0000000007142011
1.0000000000353291
0.9999999993541133
0.9999999986721853
0.9999999979911816
0.9999999973127366
0.9999999966384800
0.9999999959700333
0.9999999953090062
0.9999999946569909
0.9999999940155599
0.9999999933862607
0.9999999927706126
0.9999999921701035
0.9999999915861864
0.9999999910202773
0.9999999904737505
0.9999999899479359
0.9999999894441145
0.9999999889635165
0.9999999885073175
0.9999999880766361
0.9999999876725313
0.9999999872959979
0.9999999869479670
0.9999999866293008
0.9999999863407926
0.9999999860831645
0.9999999858570674
0.9999999856630776
0.9999999855016980
0.9999999853733534
0.9999999852783900
0.9999999852170738
0.9999999851895920
0.9999999851960523
0.9999999852364827
0.9999999853108305
0.9999999854189614
0.9999999855606629
0.9999999857356419
0.9999999859435261
0.9999999861838675
0.9999999864561396
0.9999999867597408
0.9999999870939941
0.9999999874581513
0.9999999878513930
0.9999999882728294
0.9999999887215045
0.9999999891963978
0.9999999896964269
0.9999999902204501
0.9999999907672673
0.9999999913356236
0.9999999919242141
0.9999999925316861
0.9999999931566436
0.9999999937976475
0.9999999944532215
0.9999999951218539
0.9999999958020009
0.9999999964920923
0.9999999971905327
0.9999999978957069
0.9999999986059853
0.9999999993197256
1.0000000000352773
1.0000000007509851
1.0000000014651926
1.0000000021762485
1.0000000028825073
1.0000000035823366
1.0000000042741179
1.0000000049562521
1.0000000056271616
1.0000000062852974
1.0000000069291390
1.0000000075571998
1.0000000081680303
1.0000000087602221
1.0000000093324117
1.0000000098832822
1.0000000104115658
1.0000000109160492
1.0000000113955747
1.0000000118490444
1.0000000122754229
1.0000000126737367
1.0000000130430775
1.0000000133826066
1.0000000136915550
1.0000000139692276
1.0000000142150025
1.0000000144283345
1.0000000146087549
1.0000000147558716
1.0000000148693717
1.0000000149490216
1.0000000149946682
1.0000000150062378
1.0000000149837378
1.0000000149272548
1.0000000148369572
1.0000000147130932
1.0000000145559897
1.0000000143660523
1.0000000141437626
