1.0000000676172391
1.0000000668436502
1.0000000659158890
1.0000000648362537
1.0000000636074011
1.0000000622323419
1.0000000607144324
1.0000000590573668
1.0000000572651691
1.0000000553421828
1.0000000532930609
1.0000000511227531
1.0000000488364964
1.0000000464398002
1.0000000439384333
1.0000000413384118
1.0000000386459842
1.0000000358676151
1.0000000330099712
1.0000000300799048
1.0000000270844362
1.0000000240307392
1.0000000209261231
1.0000000177780142
1.0000000145939396
1.0000000113815100
1.0000000081483986
1.0000000049023248
1.0000000016510335
0.9999999984022795
0.9999999951638058
0.9999999919433288
0.9999999887485187
0.9999999855869787
0.9999999824662289
0.9999999793936877
0.9999999763766543
0.9999999734222927
0.9999999705376131
0.9999999677294569
0.9999999650044784
0.9999999623691285
0.9999999598296406
0.9999999573920152
0.9999999550620069
0.9999999528451088
0.9999999507465391
0.9999999487712328
0.9999999469238251
0.9999999452086420
0.9999999436296909
0.9999999421906500
0.9999999408948592
0.9999999397453139
0.9999999387446562
0.9999999378951704
0.9999999371987759
0.9999999366570235
0.9999999362710918
0.9999999360417841
0.9999999359695279
0.9999999360543719
0.9999999362959872
0.9999999366936677
0.9999999372463311
0.9999999379525222
0.9999999388104155
0.9999999398178228
0.9999999409721962
0.9999999422706356
0.9999999437098953
0.9999999452863917
0.9999999469962095
0.9999999488351147
0.9999999507985625
0.9999999528817087
0.9999999550794215
0.9999999573862931
0.9999999597966546
0.9999999623045898
0.9999999649039488
0.9999999675883614
0.9999999703512535
0.9999999731858632
0.9999999760852564
0.9999999790423433
0.9999999820498969
0.9999999851005674
0.9999999881869028
0.9999999913013654
0.9999999944363517
0.9999999975842087
1.0000000007372516
1.0000000038877848
1.0000000070281179
1.0000000101505850
1.0000000132475662
1.0000000163115024
1.0000000193349139
1.0000000223104184
1.0000000252307493
1.0000000280887744
1.0000000308775110
1.0000000335901424
1.0000000362200345
1.0000000387607535
1.0000000412060797
1.0000000435500234
1.0000000457868401
1.0000000479110440
1.0000000499174195
1.0000000518010341
1.0000000535572520
1.0000000551817418
1.0000000566704907
1.0000000580198118
1.0000000592263549
1.0000000602871137
1.0000000611994337
1.0000000619610163
1.0000000625699246
1.0000000630245900
1.0000000633238160
1.0000000634667796
1.0000000634530350
1.0000000632825137
1.0000000629555241
1.0000000624727532
1.0000000618352636
1.0000000610444906
1.0000000601022403
1.0000000590106839
1.0000000577723527
1.0000000563901326
1.0000000548672567
1.0000000532072959
1.0000000514141536
1.0000000494920556
1.0000000474455384
1.0000000452794398
1.0000000429988869
1.0000000406092850
1.0000000381163043
1.0000000355258647
1.0000000328441225
1.0000000300774561
1.0000000272324505
1.0000000243158824
1.0000000213347044
1.0000000182960274
1.0000000152071045
1.0000000120753130
1.0000000089081353
1.0000000057131422
1.0000000024979740
0.9999999992703236
0.9999999960379171
0.9999999928084966
0.9999999895898002
0.9999999863895456
0.9999999832154103
0.9999999800750128
0.9999999769758954
0.9999999739255047
0.9999999709311741
0.9999999680001067
0.9999999651393591
0.9999999623558232
0.9999999596562095
0.9999999570470322
0.9999999545345938
0.9999999521249685
0.9999999498239880
0.9999999476372273
0.9999999455699916
0.9999999436273042
0.9999999418138935
0.9999999401341829
0.9999999385922795
0.9999999371919636
0.9999999359366806
0.9999999348295309
0.9999999338732640
0.9999999330702724
0.9999999324225841
0.9999999319318608
0.9999999315993902
0.9999999314260852
0.9999999314124803
0.9999999315587307
0.9999999318646120
0.9999999323295218
0.9999999329524797
0.9999999337321294
0.9999999346667416
0.9999999357542183
0.9999999369920979
0.9999999383775607
0.9999999399074363
0.9999999415782107
0.9999999433860359
0.9999999453267370
0.9999999473958239
0.9999999495885018
0.9999999518996818
0.9999999543239910
0.9999999568557871
0.9999999594891733
0.9999999622180116
0.9999999650359357
0.9999999679363664
0.9999999709125283
0.9999999739574649
0.9999999770640556
0.9999999802250324
0.9999999834329988
0.9999999866804464
0.9999999899597721
0.9999999932632968
0.9999999965832835
0.9999999999119552
1.0000000032415133
1.0000000065641572
1.0000000098721036
1.0000000131576039
1.0000000164129610
1.0000000196305507
1.0000000228028370
1.0000000259223893
1.0000000289819047
1.0000000319742226
1.0000000348923406
1.0000000377294325
1.0000000404788645
1.0000000431342100
1.0000000456892655
1.0000000481380671
1.0000000504749018
1.0000000526943231
1.0000000547911618
1.0000000567605407
1.0000000585978859
1.0000000602989356
1.0000000618597535
1.0000000632767354
1.0000000645466207
1.0000000656664980
1.0000000666338107
1.0000000674463636
1.0000000681023278
1.0000000686002464
1.0000000689390385
1.0000000691179995
1.0000000691368041
1.0000000689955069
1.0000000686945427
1.0000000682347241
1.0000000676172391
1.0000000668436502
1.0000000659158890
1.0000000648362537
