1.0024581132952277
1.0024270738138992
1.0023902553903921
1.0023477451311487
1.0022996436068659
1.0022460646228677
1.0021871349590374
1.0021229940798244
1.0020537938148946
1.0019796980110534
1.0019008821561362
1.0018175329756198
1.0017298480027681
1.0016380351231779
1.0015423120946665
1.0014429060434786
1.0013400529378660
1.0012339970401392
1.0011249903383490
1.0010132919588017
1.0008991675606840
1.0007828887140966
1.0006647322628652
1.0005449796735340
1.0004239163719923
1.0003018310692313
1.0001790150777599
1.0000557616202541
0.9999323651320388
0.9998091205590334
0.9996863226528215
0.9995642652645254
0.9994432406391862
0.9993235387123649
0.9992054464106880
0.9990892469580683
0.9989752191893345
0.9988636368729997
0.9987547680448815
0.9986488743542915
0.9985462104244739
0.9984470232289578
0.9983515514854621
0.9982600250689457
0.9981726644453713
0.9980896801276957
0.9980112721555489
0.9979376296000158
0.9978689300948675
0.9978053393955288
0.9977470109669946
0.9976940856018358
0.9976466910693562
0.9976049417968801
0.9975689385840621
0.9975387683510216
0.9975145039210120
0.9974962038382386
0.9974839122213426
0.9974776586529630
0.9974774581056937
0.9974833109046412
0.9974952027266958
0.9975131046365132
0.9975369731591067
0.9975667503888436
0.9976023641345343
0.9976437281002066
0.9976907421010500
0.9977432923139198
0.9978012515617007
0.9978644796307238
0.9979328236203500
0.9980061183237483
0.9980841866388057
0.9981668400080348
0.9982538788862658
0.9983450932348445
0.9984402630409819
0.9985391588608523
0.9986415423849794
0.9987471670243916
0.9988557785159914
0.9989671155455396
0.9990809103866181
0.9991968895539083
0.9993147744691047
0.9994342821377488
0.9995551258352697
0.9996770158005029
0.9997996599349470
0.9999227645060391
1.0000460348527151
1.0001691760915430
1.0002918938217238
1.0004138948272834
1.0005348877747953
1.0006545839049938
1.0007726977166831
1.0008889476413632
1.0010030567070434
1.0011147531897489
1.0012237712512591
1.0013298515616766
1.0014327419054614
1.0015321977696112
1.0016279829127308
1.0017198699137690
1.0018076406992724
1.0018910870480466
1.0019700110721810
1.0020442256734421
1.0021135549741034
1.0021778347213390
1.0022369126643653
1.0022906489035701
1.0023389162109424
1.0023816003211639
1.0024186001927911
1.0024498282390146
1.0024752105275438
1.0024946869492330
1.0025082113551191
1.0025157516616059
1.0025172899235946
1.0025128223754185
1.0025023594395004
1.0024859257027185
1.0024635598605256
1.0024353146289293
1.0024012566245026
1.0023614662126556
1.0023160373244642
1.0022650772424044
1.0022087063554173
1.0021470578837801
1.0020802775743234
1.0020085233665930
1.0019319650306227
1.0018507837770385
1.0017651718402787
1.0016753320357719
1.0015814772919738
1.0014838301582258
1.0013826222894495
1.0012780939087511
1.0011704932490699
1.0010600759750514
1.0009471045863809
1.0008318478038678
1.0007145799396175
1.0005955802526745
1.0004751322915686
1.0003535232252407
1.0002310431638564
1.0001079844710588
0.9999846410692554
0.9998613077395493
0.9997382794179630
0.9996158504896289
0.9994943140826343
0.9993739613632300
0.9992550808341253
0.9991379576375962
0.9990228728651428
0.9989101028754213
0.9987999186221824
0.9986925849939243
0.9985883601669661
0.9984874949736098
0.9983902322870513
0.9982968064246445
0.9982074425711133
0.9981223562232433
0.9980417526575469
0.9979658264223392
0.9978947608556069
0.9978287276299812
0.9977678863260745
0.9977123840353518
0.9976623549936425
0.9976179202463106
0.9975791873460199
0.9975462500839430
0.9975191882551662
0.9974980674589582
0.9974829389344640
0.9974738394322917
0.9974707911223540
0.9974738015382255
0.9974828635581773
0.9974979554229411
0.9975190407901514
0.9975460688253152
0.9975789743290430
0.9976176779001901
0.9976620861344347
0.9977120918577412
0.9977675743940423
0.9978283998663913
0.9978944215307376
0.9979654801413962
0.9980414043471861
0.9981220111171448
0.9982071061946419
0.9982964845786431
0.9983899310308075
0.9984872206070454
0.9985881192120935
0.9986923841756239
0.9987997648483453
0.9989100032165158
0.9990228345332541
0.9991379879650008
0.9992551872514471
0.9993741513772421
0.9994945952537545
0.9996162304091758
0.9997387656852237
0.9998619079387203
0.9999853627463120
1.0001088351106115
1.0002320301660563
1.0003546538827810
1.0004764137668434
1.0005970195551515
1.0007161839034751
1.0008336230659531
1.0009490575645432
1.0010622128469002
1.0011728199312091
1.0012806160365342
1.0013853451973087
1.0014867588606160
1.0015846164649824
1.0016786859994347
1.0017687445416403
1.0018545787740007
1.0019359854766186
1.0020127719961227
1.0020847566893851
1.0021517693412294
1.0022136515552849
1.0022702571172017
1.0023214523295016
1.0023671163173988
1.0024071413049944
1.0024414328612938
1.0024699101155705
1.0024925059416567
1.0025091671108026
1.0025198544128089
1.0025245427452032
1.0025232211702815
1.0025158929399098
1.0025025754880370
1.0024833003909326
1.0024581132952277
1.0024270738138992
1.0023902553903921
1.0023477451311487
