1.0000027602395118
1.0000027262478914
1.0000026858108102
1.0000026390259480
1.0000025860061155
1.0000025268789827
1.0000024617867762
1.0000023908859359
1.0000023143467400
1.0000022323528972
1.0000021451011090
1.0000020528005986
1.0000019556726105
1.0000018539498814
1.0000017478760839
1.0000016377052425
1.0000015237011282
1.0000014061366247
1.0000012852930769
1.0000011614596185
1.0000010349324822
1.0000009060142887
1.0000007750133257
1.0000006422428109
1.0000005080201428
1.0000003726661413
1.0000002365042815
1.0000000998599194
0.9999999630595162
0.9999998264298556
0.9999996902972634
0.9999995549868296
0.9999994208216287
0.9999992881219513
0.9999991572045360
0.9999990283818145
0.9999989019611617
0.9999987782441645
0.9999986575258990
0.9999985400942274
0.9999984262291089
0.9999983162019319
0.9999982102748637
0.9999981087002260
0.9999980117198910
0.9999979195647052
0.9999978324539395
0.9999977505947649
0.9999976741817566
0.9999976033964286
0.9999975384068032
0.9999974793670090
0.9999974264169122
0.9999973796817834
0.9999973392719991
0.9999973052827799
0.9999972777939610
0.9999972568698048
0.9999972425588474
0.9999972348937841
0.9999972338913911
0.9999972395524859
0.9999972518619259
0.9999972707886463
0.9999972962857351
0.9999973282905467
0.9999973667248516
0.9999974114950274
0.9999974624922807
0.9999975195929092
0.9999975826585985
0.9999976515367542
0.9999977260608681
0.9999978060509148
0.9999978913137867
0.9999979816437549
0.9999980768229623
0.9999981766219450
0.9999982808001827
0.9999983891066752
0.9999985012805428
0.9999986170516519
0.9999987361412606
0.9999988582626861
0.9999989831219914
0.9999991104186909
0.9999992398464689
0.9999993710939135
0.9999995038452614
0.9999996377811551
0.9999997725794060
0.9999999079157668
1.0000000434647085
1.0000001789001962
1.0000003138964737
1.0000004481288403
1.0000005812744308
1.0000007130129867
1.0000008430276239
1.0000009710055926
1.0000010966390236
1.0000012196256662
1.0000013396696115
1.0000014564819997
1.0000015697817135
1.0000016792960513
1.0000017847613800
1.0000018859237674
1.0000019825395876
1.0000020743761076
1.0000021612120431
1.0000022428380870
1.0000023190574119
1.0000023896861416
1.0000024545537916
1.0000025135036763
1.0000025663932857
1.0000026130946267
1.0000026534945314
1.0000026874949286
1.0000027150130764
1.0000027359817631
1.0000027503494686
1.0000027580804876
1.0000027591550151
1.0000027535691975
1.0000027413351407
1.0000027224808818
1.0000026970503233
1.0000026651031273
1.0000026267145745
1.0000025819753848
1.0000025309915002
1.0000024738838331
1.0000024107879786
1.0000023418538897
1.0000022672455207
1.0000021871404354
1.0000021017293839
1.0000020112158454
1.0000019158155427
1.0000018157559267
1.0000017112756350
1.0000016026239200
1.0000014900600538
1.0000013738527076
1.0000012542793095
1.0000011316253843
1.0000010061838704
1.0000008782544176
1.0000007481426729
1.0000006161595496
1.0000004826204838
1.0000003478446813
1.0000002121543541
1.0000000758739498
0.9999999393293770
0.9999998028472261
0.9999996667539867
0.9999995313752690
0.9999993970350242
0.9999992640547688
0.9999991327528170
0.9999990034435216
0.9999988764365203
0.9999987520359956
0.9999986305399465
0.9999985122394753
0.9999983974180915
0.9999982863510355
0.9999981793046189
0.9999980765355889
0.9999979782905135
0.9999978848051908
0.9999977963040847
0.9999977129997869
0.9999976350925098
0.9999975627696071
0.9999974962051240
0.9999974355593808
0.9999973809785899
0.9999973325945036
0.9999972905241002
0.9999972548693026
0.9999972257167347
0.9999972031375132
0.9999971871870762
0.9999971779050500
0.9999971753151532
0.9999971794251411
0.9999971902267842
0.9999972076958880
0.9999972317923481
0.9999972624602473
0.9999972996279878
0.9999973432084595
0.9999973930992482
0.9999974491828799
0.9999975113271005
0.9999975793851905
0.9999976531963148
0.9999977325859072
0.9999978173660848
0.9999979073360971
0.9999980022828041
0.9999981019811857
0.9999982061948766
0.9999983146767318
0.9999984271694157
0.9999985434060157
0.9999986631106785
0.9999987859992708
0.9999989117800542
0.9999990401543823
0.9999991708174139
0.9999993034588398
0.9999994377636249
0.9999995734127591
0.9999997100840196
0.9999998474527386
0.9999999851925790
1.0000001229763129
1.0000002604766023
1.0000003973667817
1.0000005333216364
1.0000006680181792
1.0000008011364205
1.0000009323601327
1.0000010613776043
1.0000011878823840
1.0000013115740123
1.0000014321587385
1.0000015493502226
1.0000016628702160
1.0000017724492294
1.0000018778271740
1.0000019787539816
1.0000020749902010
1.0000021663075693
1.0000022524895567
1.0000023333318817
1.0000024086430011
1.0000024782445658
1.0000025419718475
1.0000025996741286
1.0000026512150628
1.0000026964730000
1.0000027353412757
1.0000027677284664
1.0000027935586071
1.0000028127713712
1.0000028253222137
1.0000028311824769
1.0000028303394581
1.0000028227964388
1.0000028085726764
1.0000027877033575
1.0000027602395118
1.0000027262478914
1.0000026858108102
1.0000026390259480
