1.0000000010642889
1.0000000010555521
1.0000000010446057
1.0000000010314818
1.0000000010162178
1.0000000009988550
1.0000000009794383
1.0000000009580181
1.0000000009346475
1.0000000009093850
1.0000000008822933
1.0000000008534402
1.0000000008228971
1.0000000007907401
1.0000000007570495
1.0000000007219096
1.0000000006854066
1.0000000006476295
1.0000000006086707
1.0000000005686243
1.0000000005275855
1.0000000004856524
1.0000000004429255
1.0000000003995069
1.0000000003555005
1.0000000003110125
1.0000000002661495
1.0000000002210176
1.0000000001757217
1.0000000001303688
1.0000000000850664
1.0000000000399210
0.9999999999950381
0.9999999999505229
0.9999999999064789
0.9999999998630098
0.9999999998202173
0.9999999997782014
0.9999999997370609
0.9999999996968914
0.9999999996577867
0.9999999996198369
0.9999999995831282
0.9999999995477444
0.9999999995137655
0.9999999994812677
0.9999999994503246
0.9999999994210047
0.9999999993933739
0.9999999993674938
0.9999999993434224
0.9999999993212114
0.9999999993009085
0.9999999992825563
0.9999999992661925
0.9999999992518501
0.9999999992395566
0.9999999992293352
0.9999999992212059
0.9999999992151817
0.9999999992112710
0.9999999992094762
0.9999999992097938
0.9999999992122152
0.9999999992167276
0.9999999992233122
0.9999999992319468
0.9999999992426037
0.9999999992552505
0.9999999992698486
0.9999999992863550
0.9999999993047207
0.9999999993248935
0.9999999993468162
0.9999999993704292
0.9999999993956675
0.9999999994224625
0.9999999994507425
0.9999999994804322
0.9999999995114520
0.9999999995437194
0.9999999995771476
0.9999999996116471
0.9999999996471264
0.9999999996834917
0.9999999997206479
0.9999999997584975
0.9999999997969412
0.9999999998358792
0.9999999998752112
0.9999999999148355
0.9999999999546472
0.9999999999945427
1.0000000000344178
1.0000000000741680
1.0000000001136886
1.0000000001528750
1.0000000001916260
1.0000000002298408
1.0000000002674192
1.0000000003042631
1.0000000003402769
1.0000000003753673
1.0000000004094416
1.0000000004424099
1.0000000004741854
1.0000000005046850
1.0000000005338296
1.0000000005615417
1.0000000005877474
1.0000000006123759
1.0000000006353600
1.0000000006566365
1.0000000006761469
1.0000000006938368
1.0000000007096563
1.0000000007235605
1.0000000007355101
1.0000000007454712
1.0000000007534138
1.0000000007593126
1.0000000007631480
1.0000000007649046
1.0000000007645731
1.0000000007621481
1.0000000007576306
1.0000000007510270
1.0000000007423491
1.0000000007316130
1.0000000007188399
1.0000000007040553
1.0000000006872887
1.0000000006685759
1.0000000006479570
1.0000000006254774
1.0000000006011871
1.0000000005751415
1.0000000005474001
1.0000000005180250
1.0000000004870826
1.0000000004546441
1.0000000004207841
1.0000000003855816
1.0000000003491183
1.0000000003114804
1.0000000002727567
1.0000000002330387
1.0000000001924194
1.0000000001509941
1.0000000001088611
1.0000000000661216
1.0000000000228777
0.9999999999792332
0.9999999999352925
0.9999999998911615
0.9999999998469454
0.9999999998027501
0.9999999997586816
0.9999999997148464
0.9999999996713506
0.9999999996282984
0.9999999995857936
0.9999999995439398
0.9999999995028396
0.9999999994625938
0.9999999994233013
0.9999999993850586
0.9999999993479614
0.9999999993121023
0.9999999992775710
0.9999999992444532
0.9999999992128314
0.9999999991827859
0.9999999991543920
0.9999999991277213
0.9999999991028417
0.9999999990798180
0.9999999990587121
0.9999999990395794
0.9999999990224703
0.9999999990074296
0.9999999989944997
0.9999999989837167
0.9999999989751122
0.9999999989687122
0.9999999989645382
0.9999999989626056
0.9999999989629258
0.9999999989655045
0.9999999989703429
0.9999999989774364
0.9999999989867749
0.9999999989983439
0.9999999990121223
0.9999999990280837
0.9999999990461989
0.9999999990664328
0.9999999990887447
0.9999999991130886
0.9999999991394143
0.9999999991676670
0.9999999991977878
0.9999999992297125
0.9999999992633718
0.9999999992986935
0.9999999993356021
0.9999999993740188
0.9999999994138604
0.9999999994550393
0.9999999994974642
0.9999999995410426
0.9999999995856782
0.9999999996312732
0.9999999996777292
0.9999999997249448
0.9999999997728163
0.9999999998212390
0.9999999998701056
0.9999999999193075
0.9999999999687347
1.0000000000182767
1.0000000000678244
1.0000000001172682
1.0000000001664986
1.0000000002154059
1.0000000002638807
1.0000000003118164
1.0000000003591076
1.0000000004056502
1.0000000004513405
1.0000000004960778
1.0000000005397640
1.0000000005823031
1.0000000006236027
1.0000000006635732
1.0000000007021259
1.0000000007391769
1.0000000007746459
1.0000000008084546
1.0000000008405290
1.0000000008707985
1.0000000008991978
1.0000000009256660
1.0000000009501477
1.0000000009725916
1.0000000009929499
1.0000000010111800
1.0000000010272445
1.0000000010411119
1.0000000010527552
1.0000000010621524
1.0000000010692871
1.0000000010741472
1.0000000010767258
1.0000000010770222
1.0000000010750409
1.0000000010707917
1.0000000010642889
1.0000000010555521
1.0000000010446057
1.0000000010314818
