1.0000000074050095
1.0000000073294426
1.0000000072375743
1.0000000071296415
1.0000000070059185
1.0000000068667172
1.0000000067123858
1.0000000065433063
1.0000000063598962
1.0000000061626060
1.0000000059519181
1.0000000057283482
1.0000000054924416
1.0000000052447722
1.0000000049859408
1.0000000047165740
1.0000000044373232
1.0000000041488628
1.0000000038518868
1.0000000035471102
1.0000000032352649
1.0000000029171001
1.0000000025933766
1.0000000022648685
1.0000000019323607
1.0000000015966461
1.0000000012585253
1.0000000009188041
1.0000000005782925
1.0000000002378007
0.9999999998981387
0.9999999995601133
0.9999999992245265
0.9999999988921729
0.9999999985638378
0.9999999982402977
0.9999999979223169
0.9999999976106442
0.9999999973060125
0.9999999970091384
0.9999999967207183
0.9999999964414280
0.9999999961719214
0.9999999959128288
0.9999999956647533
0.9999999954282716
0.9999999952039322
0.9999999949922533
0.9999999947937226
0.9999999946087953
0.9999999944378932
0.9999999942814048
0.9999999941396825
0.9999999940130423
0.9999999939017625
0.9999999938060857
0.9999999937262170
0.9999999936623232
0.9999999936145315
0.9999999935829309
0.9999999935675706
0.9999999935684609
0.9999999935855719
0.9999999936188346
0.9999999936681421
0.9999999937333479
0.9999999938142664
0.9999999939106745
0.9999999940223119
0.9999999941488814
0.9999999942900507
0.9999999944454513
0.9999999946146794
0.9999999947972986
0.9999999949928411
0.9999999952008065
0.9999999954206652
0.9999999956518582
0.9999999958937996
0.9999999961458782
0.9999999964074590
0.9999999966778818
0.9999999969564668
0.9999999972425143
0.9999999975353061
0.9999999978341073
0.9999999981381686
0.9999999984467292
0.9999999987590181
0.9999999990742554
0.9999999993916521
0.9999999997104141
1.0000000000297444
1.0000000003488450
1.0000000006669185
1.0000000009831707
1.0000000012968118
1.0000000016070578
1.0000000019131330
1.0000000022142725
1.0000000025097240
1.0000000027987490
1.0000000030806246
1.0000000033546450
1.0000000036201235
1.0000000038763952
1.0000000041228165
1.0000000043587678
1.0000000045836532
1.0000000047969049
1.0000000049979820
1.0000000051863749
1.0000000053616047
1.0000000055232250
1.0000000056708214
1.0000000058040128
1.0000000059224541
1.0000000060258365
1.0000000061138881
1.0000000061863716
1.0000000062430885
1.0000000062838792
1.0000000063086214
1.0000000063172332
1.0000000063096697
1.0000000062859267
1.0000000062460395
1.0000000061900827
1.0000000061181706
1.0000000060304559
1.0000000059271297
1.0000000058084215
1.0000000056745992
1.0000000055259668
1.0000000053628646
1.0000000051856679
1.0000000049947873
1.0000000047906656
1.0000000045737794
1.0000000043446351
1.0000000041037693
1.0000000038517485
1.0000000035891661
1.0000000033166414
1.0000000030348186
1.0000000027443641
1.0000000024459665
1.0000000021403348
1.0000000018281952
1.0000000015102894
1.0000000011873755
1.0000000008602252
1.0000000005296208
1.0000000001963532
0.9999999998612202
0.9999999995250247
0.9999999991885732
0.9999999988526727
0.9999999985181292
0.9999999981857458
0.9999999978563212
0.9999999975306496
0.9999999972095182
0.9999999968937031
0.9999999965839704
0.9999999962810727
0.9999999959857440
0.9999999956987020
0.9999999954206457
0.9999999951522521
0.9999999948941772
0.9999999946470520
0.9999999944114821
0.9999999941880462
0.9999999939772943
0.9999999937797477
0.9999999935958969
0.9999999934262007
0.9999999932710862
0.9999999931309455
0.9999999930061338
0.9999999928969712
0.9999999928037407
0.9999999927266885
0.9999999926660226
0.9999999926219123
0.9999999925944882
0.9999999925838413
0.9999999925900226
0.9999999926130433
0.9999999926528754
0.9999999927094523
0.9999999927826660
0.9999999928723703
0.9999999929783799
0.9999999931004712
0.9999999932383812
0.9999999933918104
0.9999999935604231
0.9999999937438486
0.9999999939416803
0.9999999941534760
0.9999999943787611
0.9999999946170282
0.9999999948677402
0.9999999951303310
0.9999999954042068
0.9999999956887475
0.9999999959833068
0.9999999962872147
0.9999999965997786
0.9999999969202852
0.9999999972480025
0.9999999975821799
0.9999999979220517
0.9999999982668387
0.9999999986157507
0.9999999989679881
0.9999999993227430
0.9999999996792019
1.0000000000365457
1.0000000003939538
1.0000000007506058
1.0000000011056842
1.0000000014583756
1.0000000018078712
1.0000000021533693
1.0000000024940783
1.0000000028292182
1.0000000031580205
1.0000000034797316
1.0000000037936145
1.0000000040989510
1.0000000043950423
1.0000000046812121
1.0000000049568079
1.0000000052212019
1.0000000054737932
1.0000000057140090
1.0000000059413059
1.0000000061551690
1.0000000063551149
1.0000000065406938
1.0000000067114900
1.0000000068671215
1.0000000070072428
1.0000000071315465
1.0000000072397623
1.0000000073316575
1.0000000074070368
1.0000000074657436
1.0000000075076609
1.0000000075327116
1.0000000075408570
1.0000000075320989
1.0000000075064779
1.0000000074640745
1.0000000074050095
1.0000000073294426
1.0000000072375743
1.0000000071296415
