1.0000000009787868
1.0000000009708607
1.0000000009609105
1.0000000009489649
1.0000000009350563
1.0000000009192216
1.0000000009015020
1.0000000008819434
1.0000000008605954
1.0000000008375129
1.0000000008127554
1.0000000007863845
1.0000000007584664
1.0000000007290704
1.0000000006982692
1.0000000006661391
1.0000000006327596
1.0000000005982121
1.0000000005625809
1.0000000005259513
1.0000000004884113
1.0000000004500518
1.0000000004109648
1.0000000003712437
1.0000000003309821
1.0000000002902749
1.0000000002492184
1.0000000002079104
1.0000000001664477
1.0000000001249283
1.0000000000834504
1.0000000000421114
1.0000000000010076
0.9999999999602351
0.9999999999198902
0.9999999998800690
0.9999999998408650
0.9999999998023676
0.9999999997646660
0.9999999997278481
0.9999999996919992
0.9999999996572010
0.9999999996235337
0.9999999995910743
0.9999999995598957
0.9999999995300682
0.9999999995016584
0.9999999994747302
0.9999999994493443
0.9999999994255571
0.9999999994034214
0.9999999993829862
0.9999999993642954
0.9999999993473885
0.9999999993322995
0.9999999993190595
0.9999999993076931
0.9999999992982211
0.9999999992906604
0.9999999992850235
0.9999999992813188
0.9999999992795482
0.9999999992797108
0.9999999992818004
0.9999999992858051
0.9999999992917085
0.9999999992994885
0.9999999993091186
0.9999999993205685
0.9999999993338023
0.9999999993487819
0.9999999993654634
0.9999999993838006
0.9999999994037418
0.9999999994252317
0.9999999994482109
0.9999999994726171
0.9999999994983836
0.9999999995254405
0.9999999995537162
0.9999999995831352
0.9999999996136180
0.9999999996450839
0.9999999996774505
0.9999999997106317
0.9999999997445401
0.9999999997790868
0.9999999998141804
0.9999999998497282
0.9999999998856364
0.9999999999218111
0.9999999999581566
0.9999999999945781
1.0000000000309799
1.0000000000672669
1.0000000001033431
1.0000000001391147
1.0000000001744891
1.0000000002093752
1.0000000002436820
1.0000000002773177
1.0000000003101923
1.0000000003422194
1.0000000003733147
1.0000000004033960
1.0000000004323841
1.0000000004602021
1.0000000004867777
1.0000000005120404
1.0000000005359229
1.0000000005583609
1.0000000005792933
1.0000000005986627
1.0000000006164167
1.0000000006325067
1.0000000006468881
1.0000000006595204
1.0000000006703662
1.0000000006793930
1.0000000006865732
1.0000000006918837
1.0000000006953071
1.0000000006968301
1.0000000006964440
1.0000000006941443
1.0000000006899312
1.0000000006838092
1.0000000006757888
1.0000000006658853
1.0000000006541183
1.0000000006405114
1.0000000006250922
1.0000000006078940
1.0000000005889544
1.0000000005683154
1.0000000005460219
1.0000000005221223
1.0000000004966705
1.0000000004697249
1.0000000004413476
1.0000000004116034
1.0000000003805620
1.0000000003482969
1.0000000003148830
1.0000000002803981
1.0000000002449227
1.0000000002085405
1.0000000001713369
1.0000000001334000
1.0000000000948188
1.0000000000556850
1.0000000000160909
0.9999999999761310
0.9999999999359019
0.9999999998955009
0.9999999998550245
0.9999999998145707
0.9999999997742369
0.9999999997341211
0.9999999996943189
0.9999999996549259
0.9999999996160367
0.9999999995777470
0.9999999995401513
0.9999999995033430
0.9999999994674121
0.9999999994324467
0.9999999993985332
0.9999999993657560
0.9999999993341960
0.9999999993039329
0.9999999992750417
0.9999999992475938
0.9999999992216582
0.9999999991973005
0.9999999991745838
0.9999999991535671
0.9999999991343070
0.9999999991168556
0.9999999991012591
0.9999999990875598
0.9999999990757944
0.9999999990659948
0.9999999990581905
0.9999999990524061
0.9999999990486608
0.9999999990469698
0.9999999990473429
0.9999999990497861
0.9999999990543000
0.9999999990608811
0.9999999990695216
0.9999999990802083
0.9999999990929216
0.9999999991076378
0.9999999991243277
0.9999999991429573
0.9999999991634889
0.9999999991858814
0.9999999992100886
0.9999999992360619
0.9999999992637473
0.9999999992930870
0.9999999993240201
0.9999999993564809
0.9999999993904000
0.9999999994257041
0.9999999994623160
0.9999999995001556
0.9999999995391401
0.9999999995791838
0.9999999996201993
0.9999999996620966
0.9999999997047831
0.9999999997481639
0.9999999997921425
0.9999999998366214
0.9999999998815033
0.9999999999266911
0.9999999999720833
1.0000000000175790
1.0000000000630775
1.0000000001084790
1.0000000001536824
1.0000000001985878
1.0000000002430962
1.0000000002871097
1.0000000003305316
1.0000000003732674
1.0000000004152221
1.0000000004563017
1.0000000004964160
1.0000000005354766
1.0000000005733971
1.0000000006100940
1.0000000006454874
1.0000000006795009
1.0000000007120617
1.0000000007431005
1.0000000007725511
1.0000000008003507
1.0000000008264385
1.0000000008507570
1.0000000008732535
1.0000000008938801
1.0000000009125938
1.0000000009293566
1.0000000009441352
1.0000000009569014
1.0000000009676313
1.0000000009763061
1.0000000009829106
1.0000000009874344
1.0000000009898713
1.0000000009902195
1.0000000009884817
1.0000000009846666
1.0000000009787868
1.0000000009708607
1.0000000009609105
1.0000000009489649
