1.0000000000643507
1.0000000000641613
1.0000000000638600
1.0000000000634486
1.0000000000629292
1.0000000000623044
1.0000000000615770
1.0000000000607490
1.0000000000598221
1.0000000000587987
1.0000000000576810
1.0000000000564730
1.0000000000551796
1.0000000000538041
1.0000000000523490
1.0000000000508178
1.0000000000492144
1.0000000000475426
1.0000000000458060
1.0000000000440097
1.0000000000421587
1.0000000000402569
1.0000000000383089
1.0000000000363198
1.0000000000342941
1.0000000000322364
1.0000000000301510
1.0000000000280433
1.0000000000259193
1.0000000000237839
1.0000000000216438
1.0000000000195042
1.0000000000173697
1.0000000000152449
1.0000000000131342
1.0000000000110421
1.0000000000089733
1.0000000000069329
1.0000000000049263
1.0000000000029581
1.0000000000010318
0.9999999999991522
0.9999999999973220
0.9999999999955445
0.9999999999938231
0.9999999999921606
0.9999999999905610
0.9999999999890262
0.9999999999875590
0.9999999999861627
0.9999999999848427
0.9999999999836026
0.9999999999824448
0.9999999999813715
0.9999999999803834
0.9999999999794820
0.9999999999786686
0.9999999999779449
0.9999999999773131
0.9999999999767737
0.9999999999763269
0.9999999999759724
0.9999999999757097
0.9999999999755373
0.9999999999754544
0.9999999999754589
0.9999999999755493
0.9999999999757248
0.9999999999759847
0.9999999999763267
0.9999999999767499
0.9999999999772519
0.9999999999778297
0.9999999999784807
0.9999999999792025
0.9999999999799916
0.9999999999808442
0.9999999999817577
0.9999999999827297
0.9999999999837572
0.9999999999848374
0.9999999999859664
0.9999999999871411
0.9999999999883576
0.9999999999896120
0.9999999999909001
0.9999999999922177
0.9999999999935592
0.9999999999949201
0.9999999999962961
0.9999999999976821
0.9999999999990730
1.0000000000004647
1.0000000000018532
1.0000000000032347
1.0000000000046054
1.0000000000059617
1.0000000000072997
1.0000000000086160
1.0000000000099072
1.0000000000111697
1.0000000000123985
1.0000000000135891
1.0000000000147378
1.0000000000158409
1.0000000000168947
1.0000000000178966
1.0000000000188431
1.0000000000197324
1.0000000000205618
1.0000000000213278
1.0000000000220286
1.0000000000226621
1.0000000000232261
1.0000000000237186
1.0000000000241371
1.0000000000244802
1.0000000000247455
1.0000000000249312
1.0000000000250358
1.0000000000250588
1.0000000000250000
1.0000000000248592
1.0000000000246367
1.0000000000243319
1.0000000000239446
1.0000000000234748
1.0000000000229228
1.0000000000222895
1.0000000000215772
1.0000000000207874
1.0000000000199214
1.0000000000189804
1.0000000000179652
1.0000000000168767
1.0000000000157163
1.0000000000144855
1.0000000000131886
1.0000000000118290
1.0000000000104103
1.0000000000089355
1.0000000000074065
1.0000000000058262
1.0000000000041982
1.0000000000025260
1.0000000000008136
0.9999999999990641
0.9999999999972813
0.9999999999954695
0.9999999999936335
0.9999999999917781
0.9999999999899075
0.9999999999880264
0.9999999999861396
0.9999999999842515
0.9999999999823668
0.9999999999804907
0.9999999999786292
0.9999999999767862
0.9999999999749669
0.9999999999731751
0.9999999999714148
0.9999999999696902
0.9999999999680050
0.9999999999663637
0.9999999999647696
0.9999999999632267
0.9999999999617389
0.9999999999603103
0.9999999999589440
0.9999999999576434
0.9999999999564123
0.9999999999552532
0.9999999999541698
0.9999999999531647
0.9999999999522398
0.9999999999513985
0.9999999999506449
0.9999999999499826
0.9999999999494151
0.9999999999489447
0.9999999999485725
0.9999999999483005
0.9999999999481293
0.9999999999480595
0.9999999999480930
0.9999999999482300
0.9999999999484707
0.9999999999488155
0.9999999999492647
0.9999999999498176
0.9999999999504716
0.9999999999512265
0.9999999999520820
0.9999999999530379
0.9999999999540929
0.9999999999552457
0.9999999999564936
0.9999999999578338
0.9999999999592643
0.9999999999607837
0.9999999999623906
0.9999999999640825
0.9999999999658561
0.9999999999677084
0.9999999999696361
0.9999999999716368
0.9999999999737071
0.9999999999758441
0.9999999999780436
0.9999999999803018
0.9999999999826137
0.9999999999849747
0.9999999999873794
0.9999999999898234
0.9999999999923020
0.9999999999948099
0.9999999999973410
0.9999999999998906
1.0000000000024536
1.0000000000050246
1.0000000000075993
1.0000000000101721
1.0000000000127376
1.0000000000152907
1.0000000000178264
1.0000000000203400
1.0000000000228266
1.0000000000252811
1.0000000000276981
1.0000000000300726
1.0000000000324005
1.0000000000346783
1.0000000000369018
1.0000000000390670
1.0000000000411691
1.0000000000432037
1.0000000000451670
1.0000000000470537
1.0000000000488594
1.0000000000505802
1.0000000000522131
1.0000000000537550
1.0000000000552025
1.0000000000565532
1.0000000000578040
1.0000000000589526
1.0000000000599971
1.0000000000609353
1.0000000000617646
1.0000000000624834
1.0000000000630902
1.0000000000635842
1.0000000000639651
1.0000000000642328
1.0000000000643867
1.0000000000644262
1.0000000000643507
1.0000000000641613
1.0000000000638600
1.0000000000634486
