1.0000000003816891
1.0000000003791614
1.0000000003758902
1.0000000003718867
1.0000000003671627
1.0000000003617304
1.0000000003556042
1.0000000003487994
1.0000000003413334
1.0000000003332254
1.0000000003244962
1.0000000003151672
1.0000000003052618
1.0000000002948046
1.0000000002838205
1.0000000002723368
1.0000000002603813
1.0000000002479830
1.0000000002351721
1.0000000002219798
1.0000000002084362
1.0000000001945737
1.0000000001804261
1.0000000001660274
1.0000000001514111
1.0000000001366121
1.0000000001216665
1.0000000001066094
1.0000000000914762
1.0000000000763021
1.0000000000611224
1.0000000000459730
1.0000000000308895
1.0000000000159075
1.0000000000010625
0.9999999999863882
0.9999999999719192
0.9999999999576888
0.9999999999437293
0.9999999999300728
0.9999999999167496
0.9999999999037895
0.9999999998912218
0.9999999998790733
0.9999999998673705
0.9999999998561400
0.9999999998454070
0.9999999998351955
0.9999999998255288
0.9999999998164285
0.9999999998079138
0.9999999998000028
0.9999999997927131
0.9999999997860598
0.9999999997800550
0.9999999997747103
0.9999999997700355
0.9999999997660379
0.9999999997627230
0.9999999997600962
0.9999999997581611
0.9999999997569186
0.9999999997563682
0.9999999997565076
0.9999999997573327
0.9999999997588380
0.9999999997610172
0.9999999997638623
0.9999999997673641
0.9999999997715100
0.9999999997762856
0.9999999997816751
0.9999999997876617
0.9999999997942268
0.9999999998013505
0.9999999998090111
0.9999999998171870
0.9999999998258552
0.9999999998349905
0.9999999998445662
0.9999999998545550
0.9999999998649294
0.9999999998756605
0.9999999998867183
0.9999999998980720
0.9999999999096911
0.9999999999215440
0.9999999999335980
0.9999999999458209
0.9999999999581796
0.9999999999706395
0.9999999999831658
0.9999999999957246
1.0000000000082820
1.0000000000208031
1.0000000000332538
1.0000000000456006
1.0000000000578111
1.0000000000698519
1.0000000000816898
1.0000000000932923
1.0000000001046279
1.0000000001156659
1.0000000001263771
1.0000000001367320
1.0000000001467015
1.0000000001562588
1.0000000001653773
1.0000000001740306
1.0000000001821940
1.0000000001898441
1.0000000001969582
1.0000000002035143
1.0000000002094924
1.0000000002148748
1.0000000002196454
1.0000000002237905
1.0000000002272988
1.0000000002301601
1.0000000002323646
1.0000000002339033
1.0000000002347684
1.0000000002349549
1.0000000002344600
1.0000000002332818
1.0000000002314211
1.0000000002288798
1.0000000002256619
1.0000000002217735
1.0000000002172207
1.0000000002120115
1.0000000002061564
1.0000000001996672
1.0000000001925573
1.0000000001848421
1.0000000001765386
1.0000000001676643
1.0000000001582405
1.0000000001482887
1.0000000001378317
1.0000000001268932
1.0000000001154965
1.0000000001036677
1.0000000000914335
1.0000000000788225
1.0000000000658642
1.0000000000525890
1.0000000000390281
1.0000000000252132
1.0000000000111777
0.9999999999969552
0.9999999999825800
0.9999999999680858
0.9999999999535080
0.9999999999388814
0.9999999999242423
0.9999999999096245
0.9999999998950635
0.9999999998805952
0.9999999998662550
0.9999999998520781
0.9999999998381000
0.9999999998243562
0.9999999998108802
0.9999999997977050
0.9999999997848626
0.9999999997723839
0.9999999997602990
0.9999999997486388
0.9999999997374336
0.9999999997267123
0.9999999997165029
0.9999999997068334
0.9999999996977297
0.9999999996892167
0.9999999996813160
0.9999999996740470
0.9999999996674304
0.9999999996614846
0.9999999996562273
0.9999999996516742
0.9999999996478389
0.9999999996447332
0.9999999996423664
0.9999999996407472
0.9999999996398820
0.9999999996397758
0.9999999996404318
0.9999999996418505
0.9999999996440311
0.9999999996469718
0.9999999996506683
0.9999999996551150
0.9999999996603056
0.9999999996662321
0.9999999996728842
0.9999999996802498
0.9999999996883141
0.9999999996970615
0.9999999997064746
0.9999999997165333
0.9999999997272180
0.9999999997385074
0.9999999997503789
0.9999999997628085
0.9999999997757705
0.9999999997892386
0.9999999998031852
0.9999999998175809
0.9999999998323950
0.9999999998475950
0.9999999998631479
0.9999999998790196
0.9999999998951773
0.9999999999115876
0.9999999999282152
0.9999999999450246
0.9999999999619799
0.9999999999790444
0.9999999999961809
1.0000000000133522
1.0000000000305214
1.0000000000476519
1.0000000000647085
1.0000000000816553
1.0000000000984559
1.0000000001150746
1.0000000001314746
1.0000000001476197
1.0000000001634748
1.0000000001790057
1.0000000001941787
1.0000000002089615
1.0000000002233231
1.0000000002372336
1.0000000002506622
1.0000000002635800
1.0000000002759604
1.0000000002877767
1.0000000002990048
1.0000000003096217
1.0000000003196052
1.0000000003289349
1.0000000003375920
1.0000000003455600
1.0000000003528231
1.0000000003593674
1.0000000003651806
1.0000000003702518
1.0000000003745724
1.0000000003781353
1.0000000003809355
1.0000000003829708
1.0000000003842402
1.0000000003847447
1.0000000003844858
1.0000000003834659
1.0000000003816891
1.0000000003791614
1.0000000003758902
1.0000000003718867
