1.0000000041313357
1.0000000040912000
1.0000000040421002
1.0000000039841654
1.0000000039175454
1.0000000038424086
1.0000000037589432
1.0000000036673575
1.0000000035678798
1.0000000034607570
1.0000000033462524
1.0000000032246463
1.0000000030962357
1.0000000029613334
1.0000000028202678
1.0000000026733815
1.0000000025210309
1.0000000023635842
1.0000000022014213
1.0000000020349336
1.0000000018645225
1.0000000016905979
1.0000000015135770
1.0000000013338819
1.0000000011519423
1.0000000009681924
1.0000000007830701
1.0000000005970164
1.0000000004104745
1.0000000002238882
1.0000000000377001
0.9999999998523508
0.9999999996682786
0.9999999994859191
0.9999999993057038
0.9999999991280576
0.9999999989533992
0.9999999987821391
0.9999999986146793
0.9999999984514116
0.9999999982927180
0.9999999981389680
0.9999999979905175
0.9999999978477109
0.9999999977108784
0.9999999975803358
0.9999999974563835
0.9999999973393061
0.9999999972293715
0.9999999971268303
0.9999999970319138
0.9999999969448353
0.9999999968657884
0.9999999967949484
0.9999999967324716
0.9999999966784923
0.9999999966331242
0.9999999965964602
0.9999999965685710
0.9999999965495052
0.9999999965392908
0.9999999965379340
0.9999999965454197
0.9999999965617118
0.9999999965867520
0.9999999966204611
0.9999999966627386
0.9999999967134650
0.9999999967724985
0.9999999968396777
0.9999999969148221
0.9999999969977323
0.9999999970881903
0.9999999971859597
0.9999999972907856
0.9999999974023952
0.9999999975204987
0.9999999976447915
0.9999999977749539
0.9999999979106513
0.9999999980515367
0.9999999981972497
0.9999999983474205
0.9999999985016684
0.9999999986596019
0.9999999988208204
0.9999999989849158
0.9999999991514735
0.9999999993200728
0.9999999994902874
0.9999999996616874
0.9999999998338400
1.0000000000063110
1.0000000001786653
1.0000000003504690
1.0000000005212886
1.0000000006906931
1.0000000008582539
1.0000000010235477
1.0000000011861572
1.0000000013456711
1.0000000015016863
1.0000000016538080
1.0000000018016508
1.0000000019448405
1.0000000020830133
1.0000000022158162
1.0000000023429116
1.0000000024639757
1.0000000025787008
1.0000000026867937
1.0000000027879770
1.0000000028819898
1.0000000029685883
1.0000000030475467
1.0000000031186584
1.0000000031817358
1.0000000032366112
1.0000000032831364
1.0000000033211829
1.0000000033506435
1.0000000033714320
1.0000000033834828
1.0000000033867529
1.0000000033812193
1.0000000033668810
1.0000000033437573
1.0000000033118894
1.0000000032713394
1.0000000032221916
1.0000000031645515
1.0000000030985454
1.0000000030243192
1.0000000029420393
1.0000000028518925
1.0000000027540861
1.0000000026488449
1.0000000025364129
1.0000000024170497
1.0000000022910334
1.0000000021586595
1.0000000020202378
1.0000000018760933
1.0000000017265642
1.0000000015720019
1.0000000014127703
1.0000000012492456
1.0000000010818144
1.0000000009108752
1.0000000007368346
1.0000000005601071
1.0000000003811154
1.0000000002002873
1.0000000000180567
0.9999999998348585
0.9999999996511311
0.9999999994673147
0.9999999992838506
0.9999999991011800
0.9999999989197423
0.9999999987399761
0.9999999985623155
0.9999999983871901
0.9999999982150243
0.9999999980462366
0.9999999978812375
0.9999999977204282
0.9999999975642010
0.9999999974129378
0.9999999972670093
0.9999999971267739
0.9999999969925776
0.9999999968647525
0.9999999967436149
0.9999999966294656
0.9999999965225883
0.9999999964232517
0.9999999963317070
0.9999999962481855
0.9999999961729000
0.9999999961060444
0.9999999960477912
0.9999999959982935
0.9999999959576847
0.9999999959260781
0.9999999959035656
0.9999999958902165
0.9999999958860813
0.9999999958911876
0.9999999959055417
0.9999999959291274
0.9999999959619071
0.9999999960038204
0.9999999960547853
0.9999999961146989
0.9999999961834373
0.9999999962608548
0.9999999963467849
0.9999999964410430
0.9999999965434244
0.9999999966537063
0.9999999967716459
0.9999999968969835
0.9999999970294420
0.9999999971687279
0.9999999973145297
0.9999999974665198
0.9999999976243570
0.9999999977876866
0.9999999979561405
0.9999999981293379
0.9999999983068881
0.9999999984883893
0.9999999986734290
0.9999999988615874
0.9999999990524372
0.9999999992455438
0.9999999994404687
0.9999999996367689
0.9999999998339989
1.0000000000317104
1.0000000002294536
1.0000000004267784
1.0000000006232361
1.0000000008183809
1.0000000010117689
1.0000000012029593
1.0000000013915173
1.0000000015770145
1.0000000017590294
1.0000000019371491
1.0000000021109692
1.0000000022800961
1.0000000024441451
1.0000000026027456
1.0000000027555382
1.0000000029021787
1.0000000030423357
1.0000000031756948
1.0000000033019574
1.0000000034208418
1.0000000035320837
1.0000000036354371
1.0000000037306731
1.0000000038175825
1.0000000038959744
1.0000000039656776
1.0000000040265424
1.0000000040784403
1.0000000041212631
1.0000000041549251
1.0000000041793613
1.0000000041945276
1.0000000042004029
1.0000000041969879
1.0000000041843053
1.0000000041623998
1.0000000041313357
1.0000000040912000
1.0000000040421002
1.0000000039841654
