1.0000000000133302
1.0000000000133480
1.0000000000133475
1.0000000000133291
1.0000000000132929
1.0000000000132390
1.0000000000131670
1.0000000000130767
1.0000000000129670
1.0000000000128393
1.0000000000126943
1.0000000000125326
1.0000000000123546
1.0000000000121616
1.0000000000119553
1.0000000000117366
1.0000000000115061
1.0000000000112645
1.0000000000110123
1.0000000000107505
1.0000000000104812
1.0000000000102054
1.0000000000099227
1.0000000000096323
1.0000000000093336
1.0000000000090268
1.0000000000087128
1.0000000000083928
1.0000000000080675
1.0000000000077378
1.0000000000074050
1.0000000000070706
1.0000000000067357
1.0000000000064002
1.0000000000060640
1.0000000000057276
1.0000000000053915
1.0000000000050562
1.0000000000047224
1.0000000000043916
1.0000000000040645
1.0000000000037419
1.0000000000034250
1.0000000000031153
1.0000000000028146
1.0000000000025242
1.0000000000022453
1.0000000000019780
1.0000000000017222
1.0000000000014768
1.0000000000012423
1.0000000000010181
1.0000000000008038
1.0000000000005993
1.0000000000004048
1.0000000000002212
1.0000000000000493
0.9999999999998913
0.9999999999997471
0.9999999999996160
0.9999999999994976
0.9999999999993910
0.9999999999992953
0.9999999999992099
0.9999999999991338
0.9999999999990664
0.9999999999990090
0.9999999999989616
0.9999999999989243
0.9999999999988970
0.9999999999988803
0.9999999999988742
0.9999999999988786
0.9999999999988933
0.9999999999989186
0.9999999999989537
0.9999999999989988
0.9999999999990536
0.9999999999991168
0.9999999999991880
0.9999999999992671
0.9999999999993548
0.9999999999994509
0.9999999999995542
0.9999999999996644
0.9999999999997797
0.9999999999998993
1.0000000000000220
1.0000000000001463
1.0000000000002709
1.0000000000003948
1.0000000000005176
1.0000000000006395
1.0000000000007601
1.0000000000008784
1.0000000000009943
1.0000000000011078
1.0000000000012188
1.0000000000013256
1.0000000000014286
1.0000000000015281
1.0000000000016251
1.0000000000017197
1.0000000000018103
1.0000000000018958
1.0000000000019758
1.0000000000020497
1.0000000000021185
1.0000000000021818
1.0000000000022404
1.0000000000022937
1.0000000000023408
1.0000000000023812
1.0000000000024130
1.0000000000024356
1.0000000000024492
1.0000000000024543
1.0000000000024514
1.0000000000024425
1.0000000000024276
1.0000000000024070
1.0000000000023799
1.0000000000023461
1.0000000000023048
1.0000000000022555
1.0000000000021991
1.0000000000021358
1.0000000000020670
1.0000000000019924
1.0000000000019118
1.0000000000018252
1.0000000000017331
1.0000000000016354
1.0000000000015337
1.0000000000014286
1.0000000000013201
1.0000000000012088
1.0000000000010940
1.0000000000009752
1.0000000000008511
1.0000000000007208
1.0000000000005849
1.0000000000004443
1.0000000000002993
1.0000000000001508
0.9999999999999993
0.9999999999998460
0.9999999999996902
0.9999999999995313
0.9999999999993689
0.9999999999992032
0.9999999999990341
0.9999999999988621
0.9999999999986874
0.9999999999985099
0.9999999999983292
0.9999999999981473
0.9999999999979646
0.9999999999977823
0.9999999999976016
0.9999999999974227
0.9999999999972462
0.9999999999970731
0.9999999999969038
0.9999999999967383
0.9999999999965770
0.9999999999964189
0.9999999999962644
0.9999999999961148
0.9999999999959698
0.9999999999958299
0.9999999999956966
0.9999999999955710
0.9999999999954537
0.9999999999953449
0.9999999999952445
0.9999999999951519
0.9999999999950676
0.9999999999949918
0.9999999999949248
0.9999999999948680
0.9999999999948207
0.9999999999947831
0.9999999999947555
0.9999999999947391
0.9999999999947352
0.9999999999947443
0.9999999999947667
0.9999999999948032
0.9999999999948528
0.9999999999949161
0.9999999999949933
0.9999999999950848
0.9999999999951900
0.9999999999953079
0.9999999999954378
0.9999999999955798
0.9999999999957335
0.9999999999958991
0.9999999999960758
0.9999999999962654
0.9999999999964685
0.9999999999966851
0.9999999999969148
0.9999999999971578
0.9999999999974142
0.9999999999976835
0.9999999999979656
0.9999999999982605
0.9999999999985673
0.9999999999988844
0.9999999999992119
0.9999999999995480
0.9999999999998926
1.0000000000002458
1.0000000000006066
1.0000000000009752
1.0000000000013516
1.0000000000017344
1.0000000000021230
1.0000000000025151
1.0000000000029101
1.0000000000033078
1.0000000000037081
1.0000000000041109
1.0000000000045157
1.0000000000049218
1.0000000000053286
1.0000000000057350
1.0000000000061406
1.0000000000065452
1.0000000000069469
1.0000000000073441
1.0000000000077360
1.0000000000081219
1.0000000000084996
1.0000000000088669
1.0000000000092220
1.0000000000095635
1.0000000000098912
1.0000000000102054
1.0000000000105063
1.0000000000107947
1.0000000000110707
1.0000000000113343
1.0000000000115856
1.0000000000118243
1.0000000000120499
1.0000000000122613
1.0000000000124571
1.0000000000126363
1.0000000000127971
1.0000000000129381
1.0000000000130584
1.0000000000131579
1.0000000000132363
1.0000000000132934
1.0000000000133302
1.0000000000133480
1.0000000000133475
1.0000000000133291
