1.0000150395930891
1.0000148519112535
1.0000146289550045
1.0000143712605010
1.0000140794467962
1.0000137542143570
1.0000133963433888
1.0000130066919692
1.0000125861939964
1.0000121358569547
1.0000116567595063
1.0000111500489122
1.0000106169382881
1.0000100587037029
1.0000094766811296
1.0000088722632512
1.0000082468961322
1.0000076020757616
1.0000069393444768
1.0000062602872766
1.0000055665280330
1.0000048597256082
1.0000041415698881
1.0000034137777465
1.0000026780889386
1.0000019362619441
1.0000011900697621
1.0000004412956753
0.9999996917289868
0.9999989431607434
0.9999981973794549
0.9999974561668200
0.9999967212934664
0.9999959945147219
0.9999952775664160
0.9999945721607313
0.9999938799821121
0.9999932026832377
0.9999925418810738
0.9999918991530072
0.9999912760330770
0.9999906740083083
0.9999900945151597
0.9999895389360881
0.9999890085962460
0.9999885047603160
0.9999880286294902
0.9999875813385969
0.9999871639533897
0.9999867774680044
0.9999864228025818
0.9999861008010704
0.9999858122292101
0.9999855577727051
0.9999853380355855
0.9999851535387673
0.9999850047188082
0.9999848919268669
0.9999848154278663
0.9999847753998641
0.9999847719336260
0.9999848050324143
0.9999848746119830
0.9999849805007838
0.9999851224403756
0.9999853000860488
0.9999855130076519
0.9999857606906239
0.9999860425372258
0.9999863578679750
0.9999867059232731
0.9999870858652266
0.9999874967796516
0.9999879376782629
0.9999884075010430
0.9999889051187792
0.9999894293357671
0.9999899788926729
0.9999905524695476
0.9999911486889868
0.9999917661194290
0.9999924032785801
0.9999930586369606
0.9999937306215665
0.9999944176196343
0.9999951179825003
0.9999958300295463
0.9999965520522208
0.9999972823181273
0.9999980190751683
0.9999987605557389
0.9999995049809551
1.0000002505649133
1.0000009955189584
1.0000017380559656
1.0000024763946167
1.0000032087636614
1.0000039334061543
1.0000046485836589
1.0000053525804049
1.0000060437073950
1.0000067203064453
1.0000073807541516
1.0000080234657727
1.0000086468990232
1.0000092495577637
1.0000098299955777
1.0000103868192325
1.0000109186920108
1.0000114243369136
1.0000119025397116
1.0000123521518520
1.0000127720932070
1.0000131613546575
1.0000135190005075
1.0000138441707238
1.0000141360829951
1.0000143940346033
1.0000146174041085
1.0000148056528337
1.0000149583261553
1.0000150750545942
1.0000151555546997
1.0000151996297293
1.0000152071701240
1.0000151781537718
1.0000151126460608
1.0000150107997288
1.0000148728544980
1.0000146991365040
1.0000144900575196
1.0000142461139732
1.0000139678857629
1.0000136560348729
1.0000133113037954
1.0000129345137567
1.0000125265627575
1.0000120884234274
1.0000116211407004
1.0000111258293221
1.0000106036711847
1.0000100559125045
1.0000094838608442
1.0000088888819909
1.0000082723966903
1.0000076358772534
1.0000069808440386
1.0000063088618181
1.0000056215360384
1.0000049205089836
1.0000042074558508
1.0000034840807475
1.0000027521126182
1.0000020133011112
1.0000012694123974
1.0000005222249473
0.9999997735252799
0.9999990251036937
0.9999982787499838
0.9999975362491674
0.9999967993772141
0.9999960698967989
0.9999953495530891
0.9999946400695708
0.9999939431439289
0.9999932604439860
0.9999925936037156
0.9999919442193341
0.9999913138454827
0.9999907039915087
0.9999901161178579
0.9999895516325793
0.9999890118879582
0.9999884981772837
0.9999880117317523
0.9999875537175207
0.9999871252329176
0.9999867273058144
0.9999863608911677
0.9999860268687333
0.9999857260409595
0.9999854591310663
0.9999852267813134
0.9999850295514620
0.9999848679174329
0.9999847422701670
0.9999846529146869
0.9999846000693667
0.9999845838654067
0.9999846043465167
0.9999846614688082
0.9999847551008967
0.9999848850242117
0.9999850509335156
0.9999852524376321
0.9999854890603785
0.9999857602417005
0.9999860653390076
0.9999864036287042
0.9999867743079176
0.9999871764964153
0.9999876092387056
0.9999880715063187
0.9999885622002631
0.9999890801536497
0.9999896241344765
0.9999901928485694
0.9999907849426756
0.9999913990076934
0.9999920335820366
0.9999926871551263
0.9999933581709985
0.9999940450320195
0.9999947461027019
0.9999954597136120
0.9999961841653573
0.9999969177326422
0.9999976586683929
0.9999984052079264
0.9999991555731659
0.9999999079768874
1.0000006606269880
1.0000014117307658
1.0000021594992032
1.0000029021512369
1.0000036379180117
1.0000043650471051
1.0000050818067121
1.0000057864897816
1.0000064774180919
1.0000071529462595
1.0000078114656674
1.0000084514083061
1.0000090712505174
1.0000096695166316
1.0000102447824921
1.0000107956788560
1.0000113208946608
1.0000118191801557
1.0000122893498842
1.0000127302855151
1.0000131409385118
1.0000135203326346
1.0000138675662715
1.0000141818145876
1.0000144623314937
1.0000147084514257
1.0000149195909340
1.0000150952500735
1.0000152350135956
1.0000153385519381
1.0000154056220107
1.0000154360677727
1.0000154298206030
1.0000153868994632
1.0000153074108473
1.0000151915485280
1.0000150395930891
1.0000148519112535
1.0000146289550045
1.0000143712605010
