1.0000000022311166
1.0000000022107951
1.0000000021857203
1.0000000021559590
1.0000000021215896
1.0000000020827009
1.0000000020393924
1.0000000019917736
1.0000000019399633
1.0000000018840911
1.0000000018242952
1.0000000017607231
1.0000000016935318
1.0000000016228858
1.0000000015489576
1.0000000014719277
1.0000000013919834
1.0000000013093187
1.0000000012241328
1.0000000011366310
1.0000000010470225
1.0000000009555223
1.0000000008623500
1.0000000007677283
1.0000000006718823
1.0000000005750411
1.0000000004774370
1.0000000003793017
1.0000000002808698
1.0000000001823746
1.0000000000840508
0.9999999999861300
0.9999999998888432
0.9999999997924200
0.9999999996970876
0.9999999996030698
0.9999999995105883
0.9999999994198588
0.9999999993310936
0.9999999992444999
0.9999999991602800
0.9999999990786295
0.9999999989997366
0.9999999989237824
0.9999999988509428
0.9999999987813849
0.9999999987152668
0.9999999986527388
0.9999999985939427
0.9999999985390107
0.9999999984880649
0.9999999984412173
0.9999999983985703
0.9999999983602168
0.9999999983262382
0.9999999982967062
0.9999999982716824
0.9999999982512169
0.9999999982353474
0.9999999982241000
0.9999999982174906
0.9999999982155229
0.9999999982181889
0.9999999982254696
0.9999999982373349
0.9999999982537452
0.9999999982746500
0.9999999982999876
0.9999999983296850
0.9999999983636590
0.9999999984018150
0.9999999984440473
0.9999999984902409
0.9999999985402711
0.9999999985940042
0.9999999986512966
0.9999999987119965
0.9999999987759463
0.9999999988429800
0.9999999989129230
0.9999999989855936
0.9999999990608022
0.9999999991383547
0.9999999992180506
0.9999999992996839
0.9999999993830442
0.9999999994679181
0.9999999995540882
0.9999999996413345
0.9999999997294335
0.9999999998181610
0.9999999999072906
0.9999999999965948
1.0000000000858462
1.0000000001748166
1.0000000002632774
1.0000000003510023
1.0000000004377674
1.0000000005233509
1.0000000006075331
1.0000000006900973
1.0000000007708310
1.0000000008495271
1.0000000009259842
1.0000000010000061
1.0000000010714036
1.0000000011399925
1.0000000012055945
1.0000000012680395
1.0000000013271659
1.0000000013828196
1.0000000014348547
1.0000000014831334
1.0000000015275279
1.0000000015679202
1.0000000016042021
1.0000000016362747
1.0000000016640498
1.0000000016874508
1.0000000017064110
1.0000000017208741
1.0000000017307962
1.0000000017361432
1.0000000017368931
1.0000000017330331
1.0000000017245643
1.0000000017114985
1.0000000016938586
1.0000000016716788
1.0000000016450039
1.0000000016138890
1.0000000015784003
1.0000000015386159
1.0000000014946242
1.0000000014465233
1.0000000013944228
1.0000000013384418
1.0000000012787087
1.0000000012153616
1.0000000011485461
1.0000000010784174
1.0000000010051393
1.0000000009288827
1.0000000008498260
1.0000000007681544
1.0000000006840599
1.0000000005977410
1.0000000005094023
1.0000000004192537
1.0000000003275098
1.0000000002343890
1.0000000001401137
1.0000000000449081
0.9999999999490000
0.9999999998526183
0.9999999997559952
0.9999999996593627
0.9999999995629529
0.9999999994669986
0.9999999993717307
0.9999999992773797
0.9999999991841734
0.9999999990923377
0.9999999990020961
0.9999999989136686
0.9999999988272702
0.9999999987431119
0.9999999986614001
0.9999999985823356
0.9999999985061132
0.9999999984329218
0.9999999983629433
0.9999999982963522
0.9999999982333145
0.9999999981739872
0.9999999981185201
0.9999999980670532
0.9999999980197175
0.9999999979766357
0.9999999979379208
0.9999999979036758
0.9999999978739916
0.9999999978489484
0.9999999978286148
0.9999999978130487
0.9999999978022969
0.9999999977963950
0.9999999977953694
0.9999999977992334
0.9999999978079893
0.9999999978216285
0.9999999978401304
0.9999999978634629
0.9999999978915821
0.9999999979244328
0.9999999979619487
0.9999999980040530
0.9999999980506591
0.9999999981016694
0.9999999981569765
0.9999999982164619
0.9999999982799966
0.9999999983474425
0.9999999984186516
0.9999999984934673
0.9999999985717239
0.9999999986532498
0.9999999987378647
0.9999999988253813
0.9999999989156045
0.9999999990083320
0.9999999991033562
0.9999999992004642
0.9999999992994377
0.9999999994000547
0.9999999995020897
0.9999999996053142
0.9999999997094969
0.9999999998144049
0.9999999999198032
1.0000000000254541
1.0000000001311191
1.0000000002365586
1.0000000003415339
1.0000000004458085
1.0000000005491487
1.0000000006513232
1.0000000007521028
1.0000000008512604
1.0000000009485737
1.0000000010438241
1.0000000011367978
1.0000000012272865
1.0000000013150867
1.0000000014000014
1.0000000014818420
1.0000000015604269
1.0000000016355814
1.0000000017071382
1.0000000017749375
1.0000000018388302
1.0000000018986763
1.0000000019543460
1.0000000020057194
1.0000000020526854
1.0000000020951432
1.0000000021330013
1.0000000021661790
1.0000000021946076
1.0000000022182296
1.0000000022370001
1.0000000022508855
1.0000000022598630
1.0000000022639208
1.0000000022630589
1.0000000022572872
1.0000000022466289
1.0000000022311166
1.0000000022107951
1.0000000021857203
1.0000000021559590
