1.0074559546257897
1.0073622697817555
1.0072511431263791
1.0071228313598446
1.0069776310035248
1.0068158777873468
1.0066379459542041
1.0064442474821318
1.0062352312250562
1.0060113819730527
1.0057732194331643
1.0055212971319545
1.0052562012411099
1.0049785493275425
1.0046889890296049
1.0043881966611774
1.0040768757455536
1.0037557554812411
1.0034255891419517
1.0030871524132641
1.0027412416686263
1.0023886721875714
1.0020302763192244
1.0016669015943891
1.0012994087897216
1.0009286699477016
1.0005555663563412
1.0001809864927813
0.9998058239351387
0.9994309752471818
0.9990573378406125
0.9986858078199295
0.9983172778150421
0.9979526348069759
0.9975927579521847
0.9972385164111226
0.9968907671868771
0.9965503529797698
0.9962181000639388
0.9958948161919807
0.9955812885337894
0.9952782816557525
0.9949865355464671
0.9947067636951100
0.9944396512285447
0.9941858531131565
0.9939459924272966
0.9937206587100741
0.9935104063920566
0.9933157533132370
0.9931371793333831
0.9929751250396389
0.9928299905559310
0.9927021344584334
0.9925918728009950
0.9924994782540595
0.9924251793602230
0.9923691599091659
0.9923315584342649
0.9923124678327517
0.9923119351108296
0.9923299612547020
0.9923665012279934
0.9924214640955700
0.9924947132733019
0.9925860669028321
0.9926952983499625
0.9928221368248085
0.9929662681214320
0.9931273354742362
0.9933049405279971
0.9934986444180098
0.9937079689564654
0.9939323979208250
0.9941713784396344
0.9944243224709370
0.9946906083681721
0.9949695825282124
0.9952605611159836
0.9955628318599364
0.9958756559125016
0.9961982697695294
0.9965298872426400
0.9968697014783490
0.9972168870178081
0.9975706018909992
0.9979299897392404
0.9982941819599246
0.9986622998674720
0.9990334568645839
0.9994067606179959
0.9997813152330615
1.0001562234216519
1.0005305886580169
1.0009035173174361
1.0012741207926710
1.0016415175834310
1.0020048353542699
1.0023632129565385
1.0027158024102278
1.0030617708417651
1.0034003023740345
1.0037305999651036
1.0040518871923596
1.0043634099789718
1.0046644382597920
1.0049542675840200
1.0052322206521429
1.0054976487848568
1.0057499333218582
1.0059884869485696
1.0062127549490218
1.0064222163832848
1.0066163851879797
1.0067948111985645
1.0069570810921971
1.0071028192501286
1.0072316885386898
1.0073433910080449
1.0074376685079944
1.0075143032202218
1.0075731181064533
1.0076139772721089
1.0076367862451003
1.0076414921695125
1.0076280839139982
1.0075965920947774
1.0075470890132279
1.0074796885081181
1.0073945457226212
1.0072918567863169
1.0071718584124867
1.0070348274110776
1.0068810801178041
1.0067109717399501
1.0065248956195345
1.0063232824146044
1.0061065991995184
1.0058753484852232
1.0056300671606315
1.0053713253563412
1.0050997252320852
1.0048158996894383
1.0045205110114666
1.0042142494311632
1.0038978316306937
1.0035719991736427
1.0032375168726455
1.0028951710949781
1.0025457680088772
1.0021901317735655
1.0018291026761699
1.0014635352189285
1.0010942961603013
1.0007222625138097
1.0003483195086535
0.9999733585163669
0.9995982749479801
0.9992239661263747
0.9988513291387099
0.9984812586739982
0.9981146448510876
0.9977523710424840
0.9973953116996002
0.9970443301851699
0.9967002766186815
0.9963639857407962
0.9960362748028057
0.9957179414872430
0.9954097618657985
0.9951124884007084
0.9948268479957727
0.9945535401031123
0.9942932348917107
0.9940465714836864
0.9938141562641052
0.9935965612699896
0.9933943226639876
0.9932079392979438
0.9930378713713726
0.9928845391895432
0.9927483220255869
0.9926295570907049
0.9925285386161963
0.9924455170506506
0.9923806983752446
0.9923342435396596
0.9923062680207114
0.9922968415053298
0.9923059876990666
0.9923336842608492
0.9923798628642230
0.9924444093848489
0.9925271642135638
0.9926279226938298
0.9927464356819521
0.9928824102279886
0.9930355103748456
0.9932053580726331
0.9933915342049460
0.9935935797233647
0.9938109968861071
0.9940432505964328
0.9942897698360939
0.9945499491888424
0.9948231504487651
0.9951087043079813
0.9954059121180571
0.9957140477193290
0.9960323593321954
0.9963600715043335
0.9966963871077372
0.9970404893794165
0.9973915439995912
0.9977487012012297
0.9981110979048099
0.9984778598722587
0.9988481038740943
0.9992209398639148
0.9995954731544917
0.9999708065898785
1.0003460427080972
1.0007202858891380
1.0010926444831902
1.0014622329142215
1.0018281737542145
1.0021895997635859
1.0025456558935164
1.0028955012461487
1.0032383109888114
1.0035732782186533
1.0038996157742839
1.0042165579912314
1.0045233623982299
1.0048193113515675
1.0051037136049077
1.0053759058122034
1.0056352539615001
1.0058811547376056
1.0061130368117759
1.0063303620567250
1.0065326266854320
1.0067193623123531
1.0068901369357892
1.0070445558403018
1.0071822624181712
1.0073029389090273
1.0074063070568886
1.0074921286839431
1.0075602061805098
1.0076103829107053
1.0076425435334311
1.0076566142383869
1.0076525628968866
1.0076303991273474
1.0075901742753881
1.0075319813085581
1.0074559546257897
1.0073622697817555
1.0072511431263791
1.0071228313598446
