1.0000000000797338
1.0000000000794722
1.0000000000790683
1.0000000000785245
1.0000000000778431
1.0000000000770264
1.0000000000760763
1.0000000000749958
1.0000000000737894
1.0000000000724607
1.0000000000710130
1.0000000000694502
1.0000000000677771
1.0000000000659985
1.0000000000641205
1.0000000000621485
1.0000000000600870
1.0000000000579410
1.0000000000557159
1.0000000000534166
1.0000000000510489
1.0000000000486191
1.0000000000461344
1.0000000000436005
1.0000000000410236
1.0000000000384084
1.0000000000357603
1.0000000000330858
1.0000000000303910
1.0000000000276834
1.0000000000249702
1.0000000000222584
1.0000000000195539
1.0000000000168618
1.0000000000141871
1.0000000000115350
1.0000000000089104
1.0000000000063198
1.0000000000037699
1.0000000000012661
0.9999999999988145
0.9999999999964201
0.9999999999940886
0.9999999999918255
0.9999999999896364
0.9999999999875269
0.9999999999855006
0.9999999999835615
0.9999999999817136
0.9999999999799606
0.9999999999783067
0.9999999999767561
0.9999999999753121
0.9999999999739763
0.9999999999727502
0.9999999999716346
0.9999999999706307
0.9999999999697393
0.9999999999689625
0.9999999999683008
0.9999999999677559
0.9999999999673288
0.9999999999670185
0.9999999999668246
0.9999999999667455
0.9999999999667796
0.9999999999669270
0.9999999999671854
0.9999999999675518
0.9999999999680245
0.9999999999686011
0.9999999999692799
0.9999999999700580
0.9999999999709321
0.9999999999718999
0.9999999999729573
0.9999999999741004
0.9999999999753256
0.9999999999766291
0.9999999999780064
0.9999999999794523
0.9999999999809625
0.9999999999825322
0.9999999999841557
0.9999999999858269
0.9999999999875396
0.9999999999892888
0.9999999999910694
0.9999999999928751
0.9999999999947010
0.9999999999965413
0.9999999999983902
1.0000000000002429
1.0000000000020948
1.0000000000039400
1.0000000000057727
1.0000000000075873
1.0000000000093781
1.0000000000111393
1.0000000000128648
1.0000000000145504
1.0000000000161913
1.0000000000177824
1.0000000000193197
1.0000000000207989
1.0000000000222158
1.0000000000235654
1.0000000000248437
1.0000000000260469
1.0000000000271714
1.0000000000282130
1.0000000000291678
1.0000000000300322
1.0000000000308027
1.0000000000314768
1.0000000000320508
1.0000000000325235
1.0000000000328930
1.0000000000331586
1.0000000000333187
1.0000000000333720
1.0000000000333185
1.0000000000331575
1.0000000000328890
1.0000000000325131
1.0000000000320308
1.0000000000314424
1.0000000000307476
1.0000000000299467
1.0000000000290405
1.0000000000280318
1.0000000000269220
1.0000000000257145
1.0000000000244122
1.0000000000230180
1.0000000000215346
1.0000000000199649
1.0000000000183111
1.0000000000165767
1.0000000000147660
1.0000000000128833
1.0000000000109333
1.0000000000089200
1.0000000000068465
1.0000000000047162
1.0000000000025342
1.0000000000003038
0.9999999999980304
0.9999999999957191
0.9999999999933750
0.9999999999910041
0.9999999999886121
0.9999999999862045
0.9999999999837881
0.9999999999813695
0.9999999999789541
0.9999999999765478
0.9999999999741559
0.9999999999717836
0.9999999999694371
0.9999999999671230
0.9999999999648465
0.9999999999626124
0.9999999999604263
0.9999999999582935
0.9999999999562189
0.9999999999542084
0.9999999999522670
0.9999999999503993
0.9999999999486114
0.9999999999469079
0.9999999999452935
0.9999999999437722
0.9999999999423480
0.9999999999410251
0.9999999999398068
0.9999999999386979
0.9999999999377021
0.9999999999368208
0.9999999999360573
0.9999999999354148
0.9999999999348971
0.9999999999345074
0.9999999999342475
0.9999999999341188
0.9999999999341217
0.9999999999342570
0.9999999999345262
0.9999999999349296
0.9999999999354684
0.9999999999361422
0.9999999999369501
0.9999999999378905
0.9999999999389620
0.9999999999401635
0.9999999999414921
0.9999999999429457
0.9999999999445225
0.9999999999462202
0.9999999999480361
0.9999999999499674
0.9999999999520098
0.9999999999541589
0.9999999999564098
0.9999999999587580
0.9999999999611985
0.9999999999637266
0.9999999999663383
0.9999999999690293
0.9999999999717951
0.9999999999746310
0.9999999999775333
0.9999999999804976
0.9999999999835180
0.9999999999865892
0.9999999999897046
0.9999999999928577
0.9999999999960412
0.9999999999992472
1.0000000000024691
1.0000000000057008
1.0000000000089360
1.0000000000121696
1.0000000000153952
1.0000000000186067
1.0000000000217963
1.0000000000249571
1.0000000000280818
1.0000000000311633
1.0000000000341949
1.0000000000371709
1.0000000000400853
1.0000000000429332
1.0000000000457110
1.0000000000484137
1.0000000000510370
1.0000000000535756
1.0000000000560243
1.0000000000583773
1.0000000000606284
1.0000000000627718
1.0000000000648035
1.0000000000667209
1.0000000000685203
1.0000000000701983
1.0000000000717510
1.0000000000731750
1.0000000000744675
1.0000000000756264
1.0000000000766505
1.0000000000775369
1.0000000000782827
1.0000000000788862
1.0000000000793452
1.0000000000796589
1.0000000000798277
1.0000000000798523
1.0000000000797338
1.0000000000794722
1.0000000000790683
1.0000000000785245
