1.0000291669355674
1.0000288016827241
1.0000283679411646
1.0000278667526556
1.0000272993199513
1.0000266670039168
1.0000259713202764
1.0000252139359880
1.0000243966652600
1.0000235214652136
1.0000225904312041
1.0000216057918114
1.0000205699035134
1.0000194852450544
1.0000183544115189
1.0000171801081310
1.0000159651437888
1.0000147124243508
1.0000134249456918
1.0000121057865405
1.0000107581011231
1.0000093851116227
1.0000079901004804
1.0000065764025494
1.0000051473971232
1.0000037064998617
1.0000022571546268
1.0000008028252494
0.9999993469872512
0.9999978931195377
0.9999964446960807
0.9999950051776173
0.9999935780033760
0.9999921665828583
0.9999907742876886
0.9999894044435558
0.9999880603222617
0.9999867451339022
0.9999854620191924
0.9999842140419596
0.9999830041818185
0.9999818353270519
0.9999807102677057
0.9999796316889200
0.9999786021645100
0.9999776241508140
0.9999766999808241
0.9999758318586068
0.9999750218540386
0.9999742718978565
0.9999735837770457
0.9999729591305713
0.9999723994454596
0.9999719060532470
0.9999714801267978
0.9999711226775044
0.9999708345528704
0.9999706164344890
0.9999704688364182
0.9999703921039543
0.9999703864128111
0.9999704517687056
0.9999705880073492
0.9999707947948435
0.9999710716284826
0.9999714178379621
0.9999718325869867
0.9999723148752770
0.9999728635409668
0.9999734772633874
0.9999741545662308
0.9999748938210842
0.9999756932513316
0.9999765509364079
0.9999774648163973
0.9999784326969666
0.9999794522546194
0.9999805210422549
0.9999816364950287
0.9999827959364901
0.9999839965849877
0.9999852355603287
0.9999865098906704
0.9999878165196326
0.9999891523136103
0.9999905140692722
0.9999918985212259
0.9999933023498326
0.9999947221891481
0.9999961546349769
0.9999975962530154
0.9999990435870685
1.0000004931673170
1.0000019415186190
1.0000033851688235
1.0000048206570742
1.0000062445420894
1.0000076534103921
1.0000090438844749
1.0000104126308786
1.0000117563681656
1.0000130718747688
1.0000143559966956
1.0000156056550702
1.0000168178534976
1.0000179896852315
1.0000191183401221
1.0000202011113399
1.0000212354018461
1.0000222187306071
1.0000231487385276
1.0000240231940922
1.0000248399987000
1.0000255971916845
1.0000262929550077
1.0000269256176044
1.0000274936593805
1.0000279957148499
1.0000284305764027
1.0000287971971931
1.0000290946936448
1.0000293223475676
1.0000294796078764
1.0000295660919132
1.0000295815863636
1.0000295260477718
1.0000293996026475
1.0000292025471660
1.0000289353464680
1.0000285986335500
1.0000281932077562
1.0000277200328700
1.0000271802348153
1.0000265750989688
1.0000259060670929
1.0000251747338949
1.0000243828432183
1.0000235322838789
1.0000226250851536
1.0000216634119354
1.0000206495595620
1.0000195859483354
1.0000184751177381
1.0000173197203679
1.0000161225156003
1.0000148863629974
1.0000136142154736
1.0000123091122421
1.0000109741715535
1.0000096125832429
1.0000082276011066
1.0000068225351273
1.0000054007435628
1.0000039656249231
1.0000025206098451
1.0000010691528936
0.9999996147243023
0.9999981608016789
0.9999967108616930
0.9999952683717631
0.9999938367817678
0.9999924195157974
0.9999910199639689
0.9999896414743181
0.9999882873447943
0.9999869608153739
0.9999856650603105
0.9999844031805453
0.9999831781962912
0.9999819930398086
0.9999808505483917
0.9999797534575823
0.9999787043946240
0.9999777058721780
0.9999767602823117
0.9999758698907750
0.9999750368315783
0.9999742631018882
0.9999735505572473
0.9999729009071325
0.9999723157108640
0.9999717963738710
0.9999713441443274
0.9999709601101631
0.9999706451964564
0.9999704001632167
0.9999702256035641
0.9999701219423058
0.9999700894349165
0.9999701281669213
0.9999702380536892
0.9999704188406302
0.9999706701037976
0.9999709912508976
0.9999713815227012
0.9999718399948547
0.9999723655800865
0.9999729570308012
0.9999736129420583
0.9999743317549250
0.9999751117602014
0.9999759511025020
0.9999768477846875
0.9999777996726352
0.9999788045003369
0.9999798598753109
0.9999809632843187
0.9999821120993690
0.9999833035839969
0.9999845348998013
0.9999858031132254
0.9999871052025661
0.9999884380651918
0.9999897985249551
0.9999911833397808
0.9999925892094115
0.9999940127832931
0.9999954506685769
0.9999968994382253
0.9999983556392006
0.9999998158007124
1.0000012764425061
1.0000027340831779
1.0000041852484904
1.0000056264796722
1.0000070543416781
1.0000084654313932
1.0000098563857589
1.0000112238898093
1.0000125646845868
1.0000138755749235
1.0000151534370709
1.0000163952261609
1.0000175979834760
1.0000187588435130
1.0000198750408240
1.0000209439166210
1.0000219629251232
1.0000229296396335
1.0000238417583345
1.0000246971097808
1.0000254936580817
1.0000262295077615
1.0000269029082833
1.0000275122582247
1.0000280561091013
1.0000285331688232
1.0000289423047757
1.0000292825465213
1.0000295530881138
1.0000297532900184
1.0000298826806358
1.0000299409574254
1.0000299279876232
1.0000298438085551
1.0000296886275430
1.0000294628214084
1.0000291669355674
1.0000288016827241
1.0000283679411646
1.0000278667526556
