1.0000000000125928
1.0000000000126281
1.0000000000126392
1.0000000000126288
1.0000000000125981
1.0000000000125477
1.0000000000124778
1.0000000000123888
1.0000000000122817
1.0000000000121567
1.0000000000120151
1.0000000000118567
1.0000000000116818
1.0000000000114906
1.0000000000112845
1.0000000000110656
1.0000000000108356
1.0000000000105960
1.0000000000103484
1.0000000000100928
1.0000000000098292
1.0000000000095568
1.0000000000092766
1.0000000000089897
1.0000000000086966
1.0000000000083984
1.0000000000080960
1.0000000000077900
1.0000000000074805
1.0000000000071678
1.0000000000068543
1.0000000000065417
1.0000000000062319
1.0000000000059268
1.0000000000056273
1.0000000000053324
1.0000000000050424
1.0000000000047569
1.0000000000044762
1.0000000000042015
1.0000000000039333
1.0000000000036713
1.0000000000034148
1.0000000000031628
1.0000000000029148
1.0000000000026716
1.0000000000024329
1.0000000000022000
1.0000000000019740
1.0000000000017559
1.0000000000015459
1.0000000000013449
1.0000000000011533
1.0000000000009719
1.0000000000008011
1.0000000000006415
1.0000000000004909
1.0000000000003502
1.0000000000002183
1.0000000000000953
0.9999999999999809
0.9999999999998759
0.9999999999997804
0.9999999999996950
0.9999999999996201
0.9999999999995556
0.9999999999995008
0.9999999999994562
0.9999999999994211
0.9999999999993952
0.9999999999993781
0.9999999999993696
0.9999999999993708
0.9999999999993819
0.9999999999994023
0.9999999999994311
0.9999999999994685
0.9999999999995141
0.9999999999995668
0.9999999999996257
0.9999999999996904
0.9999999999997592
0.9999999999998310
0.9999999999999057
0.9999999999999823
1.0000000000000608
1.0000000000001426
1.0000000000002269
1.0000000000003133
1.0000000000004001
1.0000000000004867
1.0000000000005722
1.0000000000006564
1.0000000000007383
1.0000000000008180
1.0000000000008946
1.0000000000009688
1.0000000000010414
1.0000000000011129
1.0000000000011831
1.0000000000012519
1.0000000000013189
1.0000000000013847
1.0000000000014482
1.0000000000015081
1.0000000000015639
1.0000000000016147
1.0000000000016611
1.0000000000017022
1.0000000000017382
1.0000000000017690
1.0000000000017946
1.0000000000018159
1.0000000000018339
1.0000000000018483
1.0000000000018578
1.0000000000018627
1.0000000000018638
1.0000000000018605
1.0000000000018532
1.0000000000018412
1.0000000000018241
1.0000000000018014
1.0000000000017741
1.0000000000017426
1.0000000000017060
1.0000000000016640
1.0000000000016165
1.0000000000015627
1.0000000000015019
1.0000000000014340
1.0000000000013596
1.0000000000012792
1.0000000000011928
1.0000000000011005
1.0000000000010030
1.0000000000009004
1.0000000000007940
1.0000000000006839
1.0000000000005700
1.0000000000004527
1.0000000000003324
1.0000000000002085
1.0000000000000819
0.9999999999999526
0.9999999999998211
0.9999999999996878
0.9999999999995529
0.9999999999994166
0.9999999999992781
0.9999999999991369
0.9999999999989931
0.9999999999988483
0.9999999999987031
0.9999999999985587
0.9999999999984147
0.9999999999982719
0.9999999999981311
0.9999999999979921
0.9999999999978537
0.9999999999977166
0.9999999999975807
0.9999999999974458
0.9999999999973112
0.9999999999971761
0.9999999999970424
0.9999999999969105
0.9999999999967810
0.9999999999966550
0.9999999999965330
0.9999999999964161
0.9999999999963055
0.9999999999962014
0.9999999999961032
0.9999999999960116
0.9999999999959275
0.9999999999958510
0.9999999999957820
0.9999999999957214
0.9999999999956700
0.9999999999956288
0.9999999999955979
0.9999999999955773
0.9999999999955673
0.9999999999955687
0.9999999999955802
0.9999999999956026
0.9999999999956365
0.9999999999956808
0.9999999999957354
0.9999999999958005
0.9999999999958762
0.9999999999959613
0.9999999999960556
0.9999999999961591
0.9999999999962713
0.9999999999963929
0.9999999999965254
0.9999999999966691
0.9999999999968238
0.9999999999969882
0.9999999999971619
0.9999999999973452
0.9999999999975383
0.9999999999977414
0.9999999999979550
0.9999999999981785
0.9999999999984108
0.9999999999986520
0.9999999999989013
0.9999999999991593
0.9999999999994271
0.9999999999997050
0.9999999999999931
1.0000000000002911
1.0000000000005986
1.0000000000009148
1.0000000000012399
1.0000000000015730
1.0000000000019134
1.0000000000022602
1.0000000000026110
1.0000000000029650
1.0000000000033216
1.0000000000036802
1.0000000000040405
1.0000000000044023
1.0000000000047653
1.0000000000051292
1.0000000000054929
1.0000000000058549
1.0000000000062137
1.0000000000065692
1.0000000000069209
1.0000000000072682
1.0000000000076099
1.0000000000079461
1.0000000000082765
1.0000000000086005
1.0000000000089178
1.0000000000092275
1.0000000000095282
1.0000000000098193
1.0000000000101006
1.0000000000103726
1.0000000000106348
1.0000000000108866
1.0000000000111258
1.0000000000113503
1.0000000000115596
1.0000000000117530
1.0000000000119296
1.0000000000120881
1.0000000000122284
1.0000000000123499
1.0000000000124523
1.0000000000125338
1.0000000000125928
1.0000000000126281
1.0000000000126392
1.0000000000126288
