1.0000000000811979
1.0000000000809202
1.0000000000805018
1.0000000000799447
1.0000000000792517
1.0000000000784246
1.0000000000774647
1.0000000000763745
1.0000000000751565
1.0000000000738152
1.0000000000723541
1.0000000000707772
1.0000000000690885
1.0000000000672924
1.0000000000653921
1.0000000000633926
1.0000000000612974
1.0000000000591118
1.0000000000568414
1.0000000000544924
1.0000000000520708
1.0000000000495828
1.0000000000470348
1.0000000000444338
1.0000000000417855
1.0000000000390967
1.0000000000363749
1.0000000000336269
1.0000000000308593
1.0000000000280795
1.0000000000252938
1.0000000000225076
1.0000000000197256
1.0000000000169538
1.0000000000141991
1.0000000000114686
1.0000000000087692
1.0000000000061071
1.0000000000034894
1.0000000000009213
0.9999999999984091
0.9999999999959592
0.9999999999935778
0.9999999999912698
0.9999999999890393
0.9999999999868915
0.9999999999848296
0.9999999999828572
0.9999999999809775
0.9999999999791941
0.9999999999775105
0.9999999999759319
0.9999999999744614
0.9999999999731007
0.9999999999718520
0.9999999999707168
0.9999999999696960
0.9999999999687915
0.9999999999680045
0.9999999999673352
0.9999999999667841
0.9999999999663514
0.9999999999660367
0.9999999999658404
0.9999999999657621
0.9999999999658005
0.9999999999659541
0.9999999999662218
0.9999999999666027
0.9999999999670945
0.9999999999676957
0.9999999999684022
0.9999999999692105
0.9999999999701165
0.9999999999711165
0.9999999999722070
0.9999999999733838
0.9999999999746439
0.9999999999759839
0.9999999999773995
0.9999999999788858
0.9999999999804364
0.9999999999820455
0.9999999999837083
0.9999999999854198
0.9999999999871748
0.9999999999889677
0.9999999999907930
0.9999999999926457
0.9999999999945205
0.9999999999964121
0.9999999999983149
1.0000000000002232
1.0000000000021305
1.0000000000040308
1.0000000000059175
1.0000000000077849
1.0000000000096263
1.0000000000114362
1.0000000000132090
1.0000000000149405
1.0000000000166267
1.0000000000182634
1.0000000000198461
1.0000000000213700
1.0000000000228297
1.0000000000242200
1.0000000000255358
1.0000000000267735
1.0000000000279297
1.0000000000290006
1.0000000000299831
1.0000000000308742
1.0000000000316713
1.0000000000323721
1.0000000000329723
1.0000000000334703
1.0000000000338631
1.0000000000341485
1.0000000000343250
1.0000000000343925
1.0000000000343496
1.0000000000341958
1.0000000000339313
1.0000000000335565
1.0000000000330715
1.0000000000324760
1.0000000000317706
1.0000000000309568
1.0000000000300358
1.0000000000290097
1.0000000000278790
1.0000000000266471
1.0000000000253173
1.0000000000238920
1.0000000000223745
1.0000000000207672
1.0000000000190716
1.0000000000172913
1.0000000000154305
1.0000000000134941
1.0000000000114870
1.0000000000094142
1.0000000000072804
1.0000000000050904
1.0000000000028482
1.0000000000005578
0.9999999999982239
0.9999999999958515
0.9999999999934467
0.9999999999910149
0.9999999999885612
0.9999999999860911
0.9999999999836104
0.9999999999811263
0.9999999999786450
0.9999999999761722
0.9999999999737137
0.9999999999712750
0.9999999999688624
0.9999999999664821
0.9999999999641405
0.9999999999618420
0.9999999999595933
0.9999999999573995
0.9999999999552659
0.9999999999531985
0.9999999999512035
0.9999999999492868
0.9999999999474539
0.9999999999457101
0.9999999999440600
0.9999999999425088
0.9999999999410596
0.9999999999397162
0.9999999999384819
0.9999999999373590
0.9999999999363517
0.9999999999354627
0.9999999999346952
0.9999999999340520
0.9999999999335351
0.9999999999331456
0.9999999999328856
0.9999999999327572
0.9999999999327626
0.9999999999329037
0.9999999999331812
0.9999999999335960
0.9999999999341477
0.9999999999348352
0.9999999999356567
0.9999999999366113
0.9999999999376976
0.9999999999389143
0.9999999999402608
0.9999999999417354
0.9999999999433360
0.9999999999450598
0.9999999999469048
0.9999999999488677
0.9999999999509442
0.9999999999531308
0.9999999999554232
0.9999999999578181
0.9999999999603119
0.9999999999628998
0.9999999999655774
0.9999999999683402
0.9999999999711827
0.9999999999740983
0.9999999999770807
0.9999999999801248
0.9999999999832238
0.9999999999863710
0.9999999999895601
0.9999999999927848
0.9999999999960393
0.9999999999993184
1.0000000000026152
1.0000000000059237
1.0000000000092373
1.0000000000125486
1.0000000000158502
1.0000000000191345
1.0000000000223950
1.0000000000256257
1.0000000000288201
1.0000000000319722
1.0000000000350753
1.0000000000381222
1.0000000000411056
1.0000000000440199
1.0000000000468598
1.0000000000496216
1.0000000000523006
1.0000000000548919
1.0000000000573899
1.0000000000597886
1.0000000000620828
1.0000000000642657
1.0000000000663323
1.0000000000682783
1.0000000000701004
1.0000000000717955
1.0000000000733598
1.0000000000747900
1.0000000000760840
1.0000000000772395
1.0000000000782541
1.0000000000791258
1.0000000000798541
1.0000000000804385
1.0000000000808791
1.0000000000811751
1.0000000000813265
1.0000000000813338
1.0000000000811979
1.0000000000809202
1.0000000000805018
1.0000000000799447
