1.0000000000292857
1.0000000000292484
1.0000000000291618
1.0000000000290263
1.0000000000288423
1.0000000000286111
1.0000000000283340
1.0000000000280125
1.0000000000276479
1.0000000000272418
1.0000000000267943
1.0000000000263081
1.0000000000257856
1.0000000000252276
1.0000000000246350
1.0000000000240084
1.0000000000233487
1.0000000000226574
1.0000000000219362
1.0000000000211882
1.0000000000204161
1.0000000000196234
1.0000000000188121
1.0000000000179845
1.0000000000171436
1.0000000000162912
1.0000000000154290
1.0000000000145595
1.0000000000136835
1.0000000000128022
1.0000000000119187
1.0000000000110365
1.0000000000101581
1.0000000000092857
1.0000000000084208
1.0000000000075653
1.0000000000067206
1.0000000000058875
1.0000000000050673
1.0000000000042617
1.0000000000034730
1.0000000000027025
1.0000000000019522
1.0000000000012244
1.0000000000005205
0.9999999999998403
0.9999999999991851
0.9999999999985559
0.9999999999979542
0.9999999999973817
0.9999999999968402
0.9999999999963313
0.9999999999958563
0.9999999999954154
0.9999999999950078
0.9999999999946341
0.9999999999942952
0.9999999999939913
0.9999999999937210
0.9999999999934839
0.9999999999932802
0.9999999999931103
0.9999999999929743
0.9999999999928735
0.9999999999928070
0.9999999999927744
0.9999999999927744
0.9999999999928058
0.9999999999928681
0.9999999999929600
0.9999999999930815
0.9999999999932322
0.9999999999934116
0.9999999999936191
0.9999999999938538
0.9999999999941144
0.9999999999943997
0.9999999999947089
0.9999999999950400
0.9999999999953924
0.9999999999957647
0.9999999999961551
0.9999999999965620
0.9999999999969841
0.9999999999974193
0.9999999999978650
0.9999999999983197
0.9999999999987814
0.9999999999992489
0.9999999999997214
1.0000000000001972
1.0000000000006752
1.0000000000011546
1.0000000000016340
1.0000000000021112
1.0000000000025842
1.0000000000030507
1.0000000000035085
1.0000000000039559
1.0000000000043912
1.0000000000048119
1.0000000000052176
1.0000000000056068
1.0000000000059794
1.0000000000063334
1.0000000000066678
1.0000000000069806
1.0000000000072704
1.0000000000075364
1.0000000000077789
1.0000000000079974
1.0000000000081923
1.0000000000083613
1.0000000000085045
1.0000000000086224
1.0000000000087137
1.0000000000087772
1.0000000000088116
1.0000000000088169
1.0000000000087934
1.0000000000087417
1.0000000000086622
1.0000000000085545
1.0000000000084182
1.0000000000082536
1.0000000000080611
1.0000000000078404
1.0000000000075915
1.0000000000073139
1.0000000000070077
1.0000000000066727
1.0000000000063096
1.0000000000059197
1.0000000000055032
1.0000000000050588
1.0000000000045886
1.0000000000040936
1.0000000000035754
1.0000000000030360
1.0000000000024767
1.0000000000018996
1.0000000000013054
1.0000000000006948
1.0000000000000684
0.9999999999994272
0.9999999999987724
0.9999999999981043
0.9999999999974228
0.9999999999967301
0.9999999999960282
0.9999999999953179
0.9999999999946010
0.9999999999938798
0.9999999999931565
0.9999999999924334
0.9999999999917121
0.9999999999909948
0.9999999999902833
0.9999999999895800
0.9999999999888872
0.9999999999882072
0.9999999999875417
0.9999999999868918
0.9999999999862577
0.9999999999856408
0.9999999999850430
0.9999999999844654
0.9999999999839104
0.9999999999833808
0.9999999999828773
0.9999999999824014
0.9999999999819542
0.9999999999815369
0.9999999999811501
0.9999999999807943
0.9999999999804694
0.9999999999801756
0.9999999999799142
0.9999999999796859
0.9999999999794931
0.9999999999793375
0.9999999999792208
0.9999999999791416
0.9999999999791008
0.9999999999790986
0.9999999999791355
0.9999999999792120
0.9999999999793279
0.9999999999794840
0.9999999999796797
0.9999999999799152
0.9999999999801898
0.9999999999805040
0.9999999999808582
0.9999999999812528
0.9999999999816873
0.9999999999821609
0.9999999999826730
0.9999999999832222
0.9999999999838085
0.9999999999844306
0.9999999999850874
0.9999999999857788
0.9999999999865038
0.9999999999872629
0.9999999999880552
0.9999999999888800
0.9999999999897355
0.9999999999906203
0.9999999999915319
0.9999999999924687
0.9999999999934297
0.9999999999944132
0.9999999999954186
0.9999999999964438
0.9999999999974867
0.9999999999985436
0.9999999999996121
1.0000000000006892
1.0000000000017726
1.0000000000028602
1.0000000000039504
1.0000000000050417
1.0000000000061322
1.0000000000072200
1.0000000000083029
1.0000000000093778
1.0000000000104414
1.0000000000114919
1.0000000000125278
1.0000000000135476
1.0000000000145510
1.0000000000155373
1.0000000000165050
1.0000000000174520
1.0000000000183753
1.0000000000192719
1.0000000000201410
1.0000000000209825
1.0000000000217950
1.0000000000225759
1.0000000000233227
1.0000000000240326
1.0000000000247034
1.0000000000253335
1.0000000000259210
1.0000000000264642
1.0000000000269620
1.0000000000274134
1.0000000000278169
1.0000000000281719
1.0000000000284781
1.0000000000287352
1.0000000000289431
1.0000000000291016
1.0000000000292117
1.0000000000292735
1.0000000000292857
1.0000000000292484
1.0000000000291618
1.0000000000290263
