1.0000000002633518
1.0000000002617886
1.0000000002597313
1.0000000002571856
1.0000000002541587
1.0000000002506575
1.0000000002466909
1.0000000002422667
1.0000000002373957
1.0000000002320906
1.0000000002263649
1.0000000002202321
1.0000000002137071
1.0000000002068066
1.0000000001995482
1.0000000001919502
1.0000000001840328
1.0000000001758160
1.0000000001673202
1.0000000001585656
1.0000000001495732
1.0000000001403633
1.0000000001309577
1.0000000001213780
1.0000000001116476
1.0000000001017897
1.0000000000918281
1.0000000000817870
1.0000000000716904
1.0000000000615623
1.0000000000514264
1.0000000000413065
1.0000000000312261
1.0000000000212084
1.0000000000112761
1.0000000000014533
0.9999999999917626
0.9999999999822253
0.9999999999728623
0.9999999999636945
0.9999999999547434
0.9999999999460299
0.9999999999375736
0.9999999999293935
0.9999999999215069
0.9999999999139312
0.9999999999066831
0.9999999998997777
0.9999999998932289
0.9999999998870487
0.9999999998812502
0.9999999998758462
0.9999999998708486
0.9999999998662686
0.9999999998621149
0.9999999998583956
0.9999999998551173
0.9999999998522852
0.9999999998499023
0.9999999998479721
0.9999999998464969
0.9999999998454785
0.9999999998449165
0.9999999998448088
0.9999999998451531
0.9999999998459442
0.9999999998471769
0.9999999998488456
0.9999999998509440
0.9999999998534651
0.9999999998564001
0.9999999998597396
0.9999999998634740
0.9999999998675914
0.9999999998720803
0.9999999998769260
0.9999999998821133
0.9999999998876262
0.9999999998934468
0.9999999998995566
0.9999999999059379
0.9999999999125727
0.9999999999194432
0.9999999999265302
0.9999999999338143
0.9999999999412749
0.9999999999488910
0.9999999999566417
0.9999999999645053
0.9999999999724589
0.9999999999804807
0.9999999999885489
0.9999999999966415
1.0000000000047358
1.0000000000128093
1.0000000000208389
1.0000000000288016
1.0000000000366751
1.0000000000444376
1.0000000000520668
1.0000000000595408
1.0000000000668390
1.0000000000739424
1.0000000000808318
1.0000000000874876
1.0000000000938916
1.0000000001000251
1.0000000001058702
1.0000000001114091
1.0000000001166260
1.0000000001215055
1.0000000001260336
1.0000000001301976
1.0000000001339855
1.0000000001373861
1.0000000001403877
1.0000000001429814
1.0000000001451592
1.0000000001469129
1.0000000001482359
1.0000000001491225
1.0000000001495699
1.0000000001495748
1.0000000001491360
1.0000000001482525
1.0000000001469238
1.0000000001451503
1.0000000001429343
1.0000000001402798
1.0000000001371916
1.0000000001336742
1.0000000001297349
1.0000000001253819
1.0000000001206246
1.0000000001154739
1.0000000001099412
1.0000000001040381
1.0000000000977767
1.0000000000911704
1.0000000000842333
1.0000000000769802
1.0000000000694271
1.0000000000615901
1.0000000000534863
1.0000000000451346
1.0000000000365554
1.0000000000277700
1.0000000000188001
1.0000000000096676
1.0000000000003937
0.9999999999910005
0.9999999999815090
0.9999999999719412
0.9999999999623201
0.9999999999526681
0.9999999999430088
0.9999999999333657
0.9999999999237622
0.9999999999142214
0.9999999999047671
0.9999999998954231
0.9999999998862124
0.9999999998771577
0.9999999998682805
0.9999999998596041
0.9999999998511508
0.9999999998429449
0.9999999998350081
0.9999999998273608
0.9999999998200223
0.9999999998130109
0.9999999998063449
0.9999999998000413
0.9999999997941160
0.9999999997885833
0.9999999997834582
0.9999999997787554
0.9999999997744893
0.9999999997706732
0.9999999997673175
0.9999999997644311
0.9999999997620214
0.9999999997600961
0.9999999997586617
0.9999999997577236
0.9999999997572859
0.9999999997573540
0.9999999997579311
0.9999999997590178
0.9999999997606140
0.9999999997627185
0.9999999997653285
0.9999999997684407
0.9999999997720498
0.9999999997761494
0.9999999997807315
0.9999999997857890
0.9999999997913126
0.9999999997972928
0.9999999998037197
0.9999999998105802
0.9999999998178606
0.9999999998255454
0.9999999998336183
0.9999999998420631
0.9999999998508632
0.9999999998600012
0.9999999998694590
0.9999999998792171
0.9999999998892559
0.9999999998995541
0.9999999999100891
0.9999999999208392
0.9999999999317819
0.9999999999428948
0.9999999999541545
0.9999999999655376
0.9999999999770207
0.9999999999885792
1.0000000000001883
1.0000000000118219
1.0000000000234546
1.0000000000350622
1.0000000000466203
1.0000000000581040
1.0000000000694886
1.0000000000807494
1.0000000000918625
1.0000000001028044
1.0000000001135514
1.0000000001240803
1.0000000001343692
1.0000000001443969
1.0000000001541420
1.0000000001635834
1.0000000001727016
1.0000000001814784
1.0000000001898959
1.0000000001979363
1.0000000002055840
1.0000000002128231
1.0000000002196392
1.0000000002260185
1.0000000002319487
1.0000000002374179
1.0000000002424156
1.0000000002469329
1.0000000002509617
1.0000000002544946
1.0000000002575260
1.0000000002600504
1.0000000002620637
1.0000000002635632
1.0000000002645477
1.0000000002650167
1.0000000002649709
1.0000000002644143
1.0000000002633518
1.0000000002617886
1.0000000002597313
1.0000000002571856
