1.1571325134056676
1.1554888421623972
1.1535344644226355
1.1512712324078040
1.1487013132777686
1.1458271974382881
1.1426517080640346
1.1391780118607548
1.1354096310914878
1.1313504568924149
1.1270047639038117
1.1223772262404621
1.1174729348236503
1.1122974160931847
1.1068566521125895
1.1011571020733009
1.0952057251940590
1.0890100049993301
1.0825779749449849
1.0759182453401641
1.0690400314906412
1.0619531829604438
1.0546682138143140
1.0471963336630765
1.0395494792863371
1.0317403465514452
1.0237824222835423
1.0156900156681772
1.0074782886848135
0.9991632849763425
0.9907619564563998
0.9822921868433273
0.9737728111880531
0.9652236303347450
0.9566654191205555
0.9481199269880125
0.9396098695558204
0.9311589095778479
0.9227916256243857
0.9145334667546199
0.9064106914267492
0.8984502889257612
0.8906798816932462
0.8831276071337030
0.8758219777618338
0.8687917189574714
0.8620655841173418
0.8556721476382565
0.8496395769290794
0.8439953855134964
0.8387661702253389
0.8339773364738059
0.8296528165163481
0.8258147865611131
0.8224833892611285
0.8196764686898848
0.8174093251389524
0.8156944970014666
0.8145415765690533
0.8139570657677936
0.8139442767139864
0.8145032805351655
0.8156309062550250
0.8173207897816621
0.8195634712768158
0.8223465375297833
0.8256548045131827
0.8294705341386978
0.8337736784130874
0.8385421437421976
0.8437520680384971
0.8493781035250814
0.8553936986455969
0.8617713732218486
0.8684829818800652
0.8754999617251960
0.8827935612186965
0.8903350481574875
0.8980958955204386
0.9060479447163998
0.9141635464185748
0.9224156796980216
0.9307780505764165
0.9392251714129880
0.9477324227347481
0.9562760992269725
0.9648334416373149
0.9733826563265952
0.9819029241357963
0.9903744001442280
0.9987782057785400
1.0070964146048496
1.0153120330035721
1.0234089767939196
1.0313720447463559
1.0391868897993901
1.0468399886837259
1.0543186105530244
1.0616107851268775
1.0687052707679969
1.0755915228418558
1.0822596626425143
1.0887004471125041
1.0949052395366705
1.1008659813490542
1.1065751651574598
1.1120258090615660
1.1172114323166176
1.1221260323752484
1.1267640633242499
1.1311204157205839
1.1351903978211961
1.1389697181937968
1.1424544696903605
1.1456411147613885
1.1485264720866579
1.1511077044970399
1.1533823081618155
1.1553481030165540
1.1570032244079322
1.1583461159337058
1.1593755234583312
1.1600904902873590
1.1604903534866178
1.1605747413353109
1.1603435719054098
1.1597970527630770
1.1589356817912713
1.1577602491361054
1.1562718402829348
1.1544718402714611
1.1523619390623385
1.1499441380708004
1.1472207578855977
1.1441944471940415
1.1408681929360311
1.1372453317115789
1.1333295624673685
1.1291249604881941
1.1246359927185543
1.1198675344380387
1.1148248873112288
1.1095137988283958
1.1039404831470205
1.0981116433357374
1.0920344950113583
1.0857167913457118
1.0791668494016364
1.0723935777360603
1.0654065051820687
1.0582158106905366
1.0508323540745883
1.0432677074560754
1.0355341871616743
1.0276448857563600
1.0196137038331778
1.0114553810998235
1.0031855262141218
0.9948206447218744
0.9863781643419728
0.9778764567257998
0.9693348546921924
0.9607736638078044
0.9522141670489171
0.9436786211490789
0.9351902431134821
0.9267731852733456
0.9184524971711837
0.9102540725219389
0.9022045794984213
0.8943313726565428
0.8866623849614569
0.8792259986147515
0.8720508937287905
0.8651658743576440
0.8585996719804934
0.8523807272416808
0.8465369515714254
0.8410954712215319
0.8360823572180142
0.8315223457119107
0.8274385541439964
0.8238521994632824
0.8207823252837780
0.8182455452614134
0.8162558100645679
0.8148242050548492
0.8139587851700584
0.8136644525168653
0.8139428808747532
0.8147924897521307
0.8162084689107623
0.8181828524923223
0.8207046401530066
0.8237599610454991
0.8273322751734168
0.8314026056492229
0.8359497947514873
0.8409507764103623
0.8463808578323596
0.8522140033650663
0.8584231143409448
0.8649802994594682
0.8718571311990653
0.8790248847292841
0.8864547567621798
0.8941180626943729
0.9019864112139666
0.9100318562581287
0.9182270267970749
0.9265452353869624
0.9349605667833212
0.9434479481485328
0.9519832025349099
0.9605430873940013
0.9691053198677823
0.9776485905726968
0.9861525675060068
0.9945978915968259
1.0029661653010697
1.0112399355080457
1.0194026718925877
1.0274387417150965
1.0353333819458972
1.0430726694722146
1.0506434900372004
1.0580335064615627
1.0652311266096226
1.0722254714829464
1.0790063437555986
1.0855641970049639
1.0918901058402983
1.0979757370868655
1.1038133221460422
1.1093956306202868
1.1147159452656821
1.1197680383132518
1.1245461491827435
1.1290449635985538
1.1332595941064463
1.1371855619812286
1.1408187805092402
1.1441555396250185
1.1471924918785397
1.1499266397077768
1.1523553239907163
1.1544762138512483
1.1562872976943610
1.1577868754476852
1.1589735519885063
1.1598462317378480
1.1604041144060080
1.1606466918769467
1.1605737462221128
1.1601853488376257
1.1594818607021042
1.1584639337558704
1.1571325134056676
1.1554888421623972
1.1535344644226355
1.1512712324078040
