1.0000183070490696
1.0000180783367605
1.0000178066704413
1.0000174927031544
1.0000171371888946
1.0000167409808023
1.0000163050291231
1.0000158303789359
1.0000153181676545
1.0000147696223078
1.0000141860566065
1.0000135688677996
1.0000129195333352
1.0000122396073301
1.0000115307168527
1.0000107945580323
1.0000100328920076
1.0000092475407130
1.0000084403825273
1.0000076133477827
1.0000067684141503
1.0000059076019130
1.0000050329691363
1.0000041466067504
1.0000032506335501
1.0000023471911328
1.0000014384387788
1.0000005265482905
0.9999996136988004
0.9999987020715626
0.9999977938447396
0.9999968911881972
0.9999959962583189
0.9999951111928498
0.9999942381057865
0.9999933790823251
0.9999925361738776
0.9999917113931701
0.9999909067094318
0.9999901240436883
0.9999893652641694
0.9999886321818452
0.9999879265460989
0.9999872500405440
0.9999866042790011
0.9999859908016430
0.9999854110713131
0.9999848664700303
0.9999843582956850
0.9999838877589394
0.9999834559803362
0.9999830639876206
0.9999827127132862
0.9999824029923486
0.9999821355603520
0.9999819110516114
0.9999817299976996
0.9999815928261796
0.9999814998595848
0.9999814513146504
0.9999814473017996
0.9999814878248814
0.9999815727811664
0.9999817019615957
0.9999818750512830
0.9999820916302726
0.9999823511745473
0.9999826530572837
0.9999829965503571
0.9999833808260848
0.9999838049592100
0.9999842679291184
0.9999847686222807
0.9999853058349205
0.9999858782758966
0.9999864845697937
0.9999871232602174
0.9999877928132788
0.9999884916212680
0.9999892180064992
0.9999899702253285
0.9999907464723262
0.9999915448845991
0.9999923635462471
0.9999932004929487
0.9999940537166617
0.9999949211704271
0.9999958007732697
0.9999966904151751
0.9999975879621383
0.9999984912612714
0.9999993981459514
1.0000003064410059
1.0000012139679189
1.0000021185500383
1.0000030180177868
1.0000039102138509
1.0000047929983409
1.0000056642539110
1.0000065218908254
1.0000073638519569
1.0000081881177068
1.0000089927108364
1.0000097757011959
1.0000105352103428
1.0000112694160375
1.0000119765566005
1.0000126549351265
1.0000133029235438
1.0000139189665100
1.0000145015851287
1.0000150493804918
1.0000155610370240
1.0000160353256315
1.0000164711066435
1.0000168673325383
1.0000172230504507
1.0000175374044518
1.0000178096375976
1.0000180390937421
1.0000182252191063
1.0000183675636056
1.0000184657819287
1.0000185196343672
1.0000185289873891
1.0000184938139638
1.0000184141936264
1.0000182903122916
1.0000181224618112
1.0000179110392815
1.0000176565460936
1.0000173595867410
1.0000170208673751
1.0000166411941211
1.0000162214711534
1.0000157626985366
1.0000152659698376
1.0000147324695143
1.0000141634700876
1.0000135603291018
1.0000129244858798
1.0000122574580870
1.0000115608381064
1.0000108362892335
1.0000100855417029
1.0000093103885530
1.0000085126813432
1.0000076943257286
1.0000068572769052
1.0000060035349385
1.0000051351399828
1.0000042541674057
1.0000033627228284
1.0000024629370943
1.0000015569611747
1.0000006469610268
0.9999997351124172
0.9999988235957207
0.9999979145907066
0.9999970102713303
0.9999961128005341
0.9999952243250759
0.9999943469703977
0.9999934828355409
0.9999926339881290
0.9999918024594235
0.9999909902394669
0.9999901992723236
0.9999894314514296
0.9999886886150655
0.9999879725419591
0.9999872849470308
0.9999866274772909
0.9999860017079019
0.9999854091384076
0.9999848511891455
0.9999843291978504
0.9999838444164525
0.9999833980080821
0.9999829910442856
0.9999826245024594
0.9999822992635128
0.9999820161097566
0.9999817757230315
0.9999815786830726
0.9999814254661198
0.9999813164437774
0.9999812518821231
0.9999812319410668
0.9999812566739672
0.9999813260274979
0.9999814398417727
0.9999815978507255
0.9999817996827407
0.9999820448615396
0.9999823328073155
0.9999826628381158
0.9999830341714688
0.9999834459262509
0.9999838971247899
0.9999843866951988
0.9999849134739357
0.9999854762085812
0.9999860735608295
0.9999867041096830
0.9999873663548462
0.9999880587203083
0.9999887795581063
0.9999895271522625
0.9999902997228827
0.9999910954304071
0.9999919123800054
0.9999927486260999
0.9999936021770138
0.9999944709997309
0.9999953530247478
0.9999962461510191
0.9999971482509753
0.9999980571756047
0.9999989707595855
0.9999998868264567
1.0000008031938177
1.0000017176785403
1.0000026281019834
1.0000035322951963
1.0000044281041005
1.0000053133946325
1.0000061860578384
1.0000070440149134
1.0000078852221632
1.0000087076758868
1.0000095094171602
1.0000102885365127
1.0000110431784874
1.0000117715460717
1.0000124719049892
1.0000131425878400
1.0000137819980801
1.0000143886138351
1.0000149609915299
1.0000154977693363
1.0000159976704239
1.0000164595060068
1.0000168821781816
1.0000172646825474
1.0000176061106023
1.0000179056519118
1.0000181625960423
1.0000183763342534
1.0000185463609506
1.0000186722748883
1.0000187537801277
1.0000187906867395
1.0000187829112568
1.0000187304768708
1.0000186335133725
1.0000184922568398
1.0000183070490696
1.0000180783367605
1.0000178066704413
1.0000174927031544
