1.0000000006118925
1.0000000006073499
1.0000000006015768
1.0000000005945897
1.0000000005864074
1.0000000005770511
1.0000000005665459
1.0000000005549199
1.0000000005422023
1.0000000005284246
1.0000000005136207
1.0000000004978276
1.0000000004810843
1.0000000004634326
1.0000000004449154
1.0000000004255787
1.0000000004054697
1.0000000003846359
1.0000000003631264
1.0000000003409935
1.0000000003182923
1.0000000002950793
1.0000000002714118
1.0000000002473466
1.0000000002229410
1.0000000001982521
1.0000000001733362
1.0000000001482523
1.0000000001230598
1.0000000000978186
1.0000000000725888
1.0000000000474303
1.0000000000224019
0.9999999999975624
0.9999999999729692
0.9999999999486797
0.9999999999247497
0.9999999999012338
0.9999999998781857
0.9999999998556581
0.9999999998337035
0.9999999998123725
0.9999999997917137
0.9999999997717739
0.9999999997525983
0.9999999997342300
0.9999999997167104
0.9999999997000781
0.9999999996843706
0.9999999996696218
0.9999999996558646
0.9999999996431279
0.9999999996314388
0.9999999996208206
0.9999999996112946
0.9999999996028798
0.9999999995955930
0.9999999995894485
0.9999999995844565
0.9999999995806245
0.9999999995779566
0.9999999995764537
0.9999999995761135
0.9999999995769318
0.9999999995789011
0.9999999995820122
0.9999999995862535
0.9999999995916096
0.9999999995980638
0.9999999996055968
0.9999999996141844
0.9999999996238008
0.9999999996344169
0.9999999996460025
0.9999999996585239
0.9999999996719456
0.9999999996862300
0.9999999997013370
0.9999999997172256
0.9999999997338538
0.9999999997511763
0.9999999997691463
0.9999999997877154
0.9999999998068329
0.9999999998264457
0.9999999998465003
0.9999999998669432
0.9999999998877180
0.9999999999087691
0.9999999999300399
0.9999999999514741
0.9999999999730155
0.9999999999946072
1.0000000000161913
1.0000000000377112
1.0000000000591094
1.0000000000803289
1.0000000001013132
1.0000000001220062
1.0000000001423532
1.0000000001622995
1.0000000001817912
1.0000000002007767
1.0000000002192047
1.0000000002370251
1.0000000002541900
1.0000000002706528
1.0000000002863689
1.0000000003012954
1.0000000003153926
1.0000000003286218
1.0000000003409468
1.0000000003523342
1.0000000003627518
1.0000000003721705
1.0000000003805622
1.0000000003879028
1.0000000003941700
1.0000000003993452
1.0000000004034104
1.0000000004063510
1.0000000004081548
1.0000000004088128
1.0000000004083185
1.0000000004066698
1.0000000004038683
1.0000000003999172
1.0000000003948231
1.0000000003885958
1.0000000003812479
1.0000000003727929
1.0000000003632481
1.0000000003526328
1.0000000003409699
1.0000000003282858
1.0000000003146090
1.0000000002999689
1.0000000002843967
1.0000000002679272
1.0000000002505987
1.0000000002324514
1.0000000002135272
1.0000000001938705
1.0000000001735265
1.0000000001525424
1.0000000001309663
1.0000000001088478
1.0000000000862399
1.0000000000631966
1.0000000000397731
1.0000000000160254
0.9999999999920102
0.9999999999677839
0.9999999999434039
0.9999999999189286
0.9999999998944167
0.9999999998699287
0.9999999998455231
0.9999999998212588
0.9999999997971946
0.9999999997733879
0.9999999997498979
0.9999999997267824
0.9999999997040993
0.9999999996819049
0.9999999996602540
0.9999999996392003
0.9999999996187970
0.9999999995990957
0.9999999995801455
0.9999999995619941
0.9999999995446878
0.9999999995282697
0.9999999995127818
0.9999999994982636
0.9999999994847538
0.9999999994722878
0.9999999994608977
0.9999999994506142
0.9999999994414652
0.9999999994334763
0.9999999994266712
0.9999999994210692
0.9999999994166870
0.9999999994135388
0.9999999994116360
0.9999999994109873
0.9999999994115988
0.9999999994134743
0.9999999994166145
0.9999999994210164
0.9999999994266741
0.9999999994335795
0.9999999994417217
0.9999999994510846
0.9999999994616505
0.9999999994733985
0.9999999994863058
0.9999999995003478
0.9999999995154962
0.9999999995317196
0.9999999995489836
0.9999999995672523
0.9999999995864877
0.9999999996066493
0.9999999996276950
0.9999999996495809
0.9999999996722597
0.9999999996956831
0.9999999997198010
0.9999999997445622
0.9999999997699129
0.9999999997957987
0.9999999998221635
0.9999999998489499
0.9999999998760992
0.9999999999035516
0.9999999999312468
0.9999999999591237
0.9999999999871207
1.0000000000151779
1.0000000000432334
1.0000000000712266
1.0000000000990958
1.0000000001267804
1.0000000001542191
1.0000000001813527
1.0000000002081220
1.0000000002344682
1.0000000002603340
1.0000000002856646
1.0000000003104059
1.0000000003345051
1.0000000003579104
1.0000000003805709
1.0000000004024374
1.0000000004234630
1.0000000004436018
1.0000000004628111
1.0000000004810503
1.0000000004982807
1.0000000005144660
1.0000000005295722
1.0000000005435676
1.0000000005564238
1.0000000005681151
1.0000000005786183
1.0000000005879133
1.0000000005959824
1.0000000006028109
1.0000000006083862
1.0000000006126986
1.0000000006157410
1.0000000006175100
1.0000000006180054
1.0000000006172303
1.0000000006151899
1.0000000006118925
1.0000000006073499
1.0000000006015768
1.0000000005945897
