1.0000000324902123
1.0000000321289808
1.0000000316943332
1.0000000311873574
1.0000000306093111
1.0000000299616201
1.0000000292458739
1.0000000284638240
1.0000000276173771
1.0000000267085916
1.0000000257396726
1.0000000247129679
1.0000000236309616
1.0000000224962682
1.0000000213116231
1.0000000200798806
1.0000000188040050
1.0000000174870631
1.0000000161322178
1.0000000147427210
1.0000000133219056
1.0000000118731758
1.0000000103999998
1.0000000089059022
1.0000000073944542
1.0000000058692675
1.0000000043339838
1.0000000027922671
1.0000000012477945
0.9999999997042471
0.9999999981653012
0.9999999966346191
0.9999999951158431
0.9999999936125857
0.9999999921284197
0.9999999906668691
0.9999999892314008
0.9999999878254163
0.9999999864522451
0.9999999851151359
0.9999999838172485
0.9999999825616479
0.9999999813512958
0.9999999801890438
0.9999999790776264
0.9999999780196541
0.9999999770176078
0.9999999760738311
0.9999999751905277
0.9999999743697547
0.9999999736134174
0.9999999729232671
0.9999999723008952
0.9999999717477280
0.9999999712650236
0.9999999708538707
0.9999999705151857
0.9999999702497093
0.9999999700580052
0.9999999699404608
0.9999999698972837
0.9999999699285018
0.9999999700339642
0.9999999702133402
0.9999999704661210
0.9999999707916204
0.9999999711889780
0.9999999716571601
0.9999999721949625
0.9999999728010146
0.9999999734737819
0.9999999742115705
0.9999999750125302
0.9999999758746589
0.9999999767958064
0.9999999777736814
0.9999999788058553
0.9999999798897680
0.9999999810227362
0.9999999822019598
0.9999999834245261
0.9999999846874162
0.9999999859875163
0.9999999873216222
0.9999999886864486
0.9999999900786382
0.9999999914947680
0.9999999929313570
0.9999999943848740
0.9999999958517465
0.9999999973283720
0.9999999988111243
1.0000000002963638
1.0000000017804438
1.0000000032597214
1.0000000047305651
1.0000000061893639
1.0000000076325373
1.0000000090565428
1.0000000104578843
1.0000000118331200
1.0000000131788702
1.0000000144918262
1.0000000157687587
1.0000000170065266
1.0000000182020825
1.0000000193524812
1.0000000204548856
1.0000000215065741
1.0000000225049488
1.0000000234475390
1.0000000243320100
1.0000000251561665
1.0000000259179591
1.0000000266154871
1.0000000272470055
1.0000000278109298
1.0000000283058381
1.0000000287304762
1.0000000290837583
1.0000000293647702
1.0000000295727727
1.0000000297072025
1.0000000297676732
1.0000000297539768
1.0000000296660854
1.0000000295041505
1.0000000292685014
1.0000000289596467
1.0000000285782717
1.0000000281252381
1.0000000276015788
1.0000000270084977
1.0000000263473676
1.0000000256197261
1.0000000248272713
1.0000000239718589
1.0000000230554966
1.0000000220803398
1.0000000210486872
1.0000000199629742
1.0000000188257683
1.0000000176397630
1.0000000164077705
1.0000000151327149
1.0000000138176253
1.0000000124656290
1.0000000110799439
1.0000000096638697
1.0000000082207809
1.0000000067541193
1.0000000052673870
1.0000000037641361
1.0000000022479592
1.0000000007224825
0.9999999991913572
0.9999999976582493
0.9999999961268324
0.9999999946007792
0.9999999930837516
0.9999999915793936
0.9999999900913195
0.9999999886231073
0.9999999871782910
0.9999999857603497
0.9999999843727013
0.9999999830186930
0.9999999817015924
0.9999999804245828
0.9999999791907529
0.9999999780030894
0.9999999768644721
0.9999999757776665
0.9999999747453171
0.9999999737699392
0.9999999728539128
0.9999999719994788
0.9999999712087327
0.9999999704836201
0.9999999698259308
0.9999999692372962
0.9999999687191837
0.9999999682728954
0.9999999678995630
0.9999999676001456
0.9999999673754267
0.9999999672260137
0.9999999671523351
0.9999999671546379
0.9999999672329903
0.9999999673872804
0.9999999676172158
0.9999999679223253
0.9999999683019588
0.9999999687552901
0.9999999692813182
0.9999999698788689
0.9999999705465979
0.9999999712829952
0.9999999720863872
0.9999999729549411
0.9999999738866697
0.9999999748794364
0.9999999759309584
0.9999999770388135
0.9999999782004455
0.9999999794131704
0.9999999806741825
0.9999999819805613
0.9999999833292772
0.9999999847172014
0.9999999861411107
0.9999999875976974
0.9999999890835749
0.9999999905952883
0.9999999921293201
0.9999999936820999
0.9999999952500119
0.9999999968294043
0.9999999984165970
1.0000000000078912
1.0000000015995787
1.0000000031879501
1.0000000047693036
1.0000000063399539
1.0000000078962401
1.0000000094345363
1.0000000109512588
1.0000000124428752
1.0000000139059118
1.0000000153369633
1.0000000167327003
1.0000000180898769
1.0000000194053382
1.0000000206760278
1.0000000218989957
1.0000000230714055
1.0000000241905387
1.0000000252538042
1.0000000262587430
1.0000000272030352
1.0000000280845041
1.0000000289011211
1.0000000296510121
1.0000000303324625
1.0000000309439188
1.0000000314839936
1.0000000319514672
1.0000000323452916
1.0000000326645944
1.0000000329086791
1.0000000330770258
1.0000000331692949
1.0000000331853267
1.0000000331251422
1.0000000329889434
1.0000000327771128
1.0000000324902123
1.0000000321289808
1.0000000316943332
1.0000000311873574
