1.0000000035869410
1.0000000035525565
1.0000000035104246
1.0000000034606564
1.0000000034033789
1.0000000033387375
1.0000000032668936
1.0000000031880274
1.0000000031023342
1.0000000030100258
1.0000000029113301
1.0000000028064904
1.0000000026957632
1.0000000025794185
1.0000000024577400
1.0000000023310234
1.0000000021995770
1.0000000020637181
1.0000000019237740
1.0000000017800807
1.0000000016329820
1.0000000014828307
1.0000000013299859
1.0000000011748136
1.0000000010176864
1.0000000008589804
1.0000000006990750
1.0000000005383516
1.0000000003771929
1.0000000002159823
1.0000000000551021
0.9999999998949326
0.9999999997358513
0.9999999995782338
0.9999999994224517
0.9999999992688727
0.9999999991178592
0.9999999989697659
0.9999999988249413
0.9999999986837237
0.9999999985464431
0.9999999984134192
0.9999999982849608
0.9999999981613658
0.9999999980429207
0.9999999979298992
0.9999999978225612
0.9999999977211528
0.9999999976259045
0.9999999975370332
0.9999999974547391
0.9999999973792061
0.9999999973106020
0.9999999972490776
0.9999999971947672
0.9999999971477854
0.9999999971082297
0.9999999970761790
0.9999999970516954
0.9999999970348218
0.9999999970255836
0.9999999970239863
0.9999999970300172
0.9999999970436456
0.9999999970648227
0.9999999970934801
0.9999999971295311
0.9999999971728715
0.9999999972233796
0.9999999972809166
0.9999999973453271
0.9999999974164385
0.9999999974940611
0.9999999975779897
0.9999999976680046
0.9999999977638703
0.9999999978653370
0.9999999979721420
0.9999999980840106
0.9999999982006553
0.9999999983217772
0.9999999984470663
0.9999999985762029
0.9999999987088577
0.9999999988446938
0.9999999989833668
0.9999999991245248
0.9999999992678104
0.9999999994128610
0.9999999995593075
0.9999999997067780
0.9999999998548976
1.0000000000032903
1.0000000001515801
1.0000000002993923
1.0000000004463534
1.0000000005920926
1.0000000007362411
1.0000000008784331
1.0000000010183085
1.0000000011555126
1.0000000012896981
1.0000000014205261
1.0000000015476640
1.0000000016707877
1.0000000017895843
1.0000000019037514
1.0000000020129987
1.0000000021170468
1.0000000022156301
1.0000000023084958
1.0000000023954043
1.0000000024761313
1.0000000025504672
1.0000000026182163
1.0000000026791989
1.0000000027332525
1.0000000027802320
1.0000000028200093
1.0000000028524740
1.0000000028775338
1.0000000028951159
1.0000000029051643
1.0000000029076408
1.0000000029025258
1.0000000028898175
1.0000000028695328
1.0000000028417071
1.0000000028063958
1.0000000027636728
1.0000000027136300
1.0000000026563765
1.0000000025920399
1.0000000025207656
1.0000000024427145
1.0000000023580646
1.0000000022670099
1.0000000021697590
1.0000000020665367
1.0000000019575834
1.0000000018431541
1.0000000017235160
1.0000000015989490
1.0000000014697459
1.0000000013362109
1.0000000011986596
1.0000000010574170
1.0000000009128180
1.0000000007652052
1.0000000006149301
1.0000000004623502
1.0000000003078298
1.0000000001517382
0.9999999999944490
0.9999999998363372
0.9999999996777816
0.9999999995191623
0.9999999993608597
0.9999999992032544
0.9999999990467258
0.9999999988916527
0.9999999987384104
0.9999999985873700
0.9999999984388975
0.9999999982933532
0.9999999981510906
0.9999999980124570
0.9999999978777904
0.9999999977474193
0.9999999976216641
0.9999999975008335
0.9999999973852248
0.9999999972751240
0.9999999971708040
0.9999999970725244
0.9999999969805313
0.9999999968950554
0.9999999968163130
0.9999999967445046
0.9999999966798147
0.9999999966224107
0.9999999965724431
0.9999999965300448
0.9999999964953308
0.9999999964683980
0.9999999964493244
0.9999999964381703
0.9999999964349768
0.9999999964397667
0.9999999964525449
0.9999999964732985
0.9999999965019953
0.9999999965385835
0.9999999965829937
0.9999999966351365
0.9999999966949048
0.9999999967621735
0.9999999968368011
0.9999999969186280
0.9999999970074778
0.9999999971031575
0.9999999972054581
0.9999999973141535
0.9999999974290025
0.9999999975497504
0.9999999976761289
0.9999999978078566
0.9999999979446393
0.9999999980861706
0.9999999982321327
0.9999999983821973
0.9999999985360258
0.9999999986932702
0.9999999988535743
0.9999999990165749
0.9999999991819031
0.9999999993491847
0.9999999995180396
0.9999999996880851
0.9999999998589338
1.0000000000301983
1.0000000002014899
1.0000000003724205
1.0000000005426031
1.0000000007116530
1.0000000008791867
1.0000000010448238
1.0000000012081887
1.0000000013689105
1.0000000015266239
1.0000000016809714
1.0000000018316031
1.0000000019781772
1.0000000021203612
1.0000000022578337
1.0000000023902846
1.0000000025174158
1.0000000026389415
1.0000000027545892
1.0000000028640994
1.0000000029672278
1.0000000030637450
1.0000000031534366
1.0000000032361052
1.0000000033115706
1.0000000033796692
1.0000000034402550
1.0000000034931984
1.0000000035383880
1.0000000035757295
1.0000000036051486
1.0000000036265895
1.0000000036400158
1.0000000036454084
1.0000000036427672
1.0000000036321131
1.0000000036134851
1.0000000035869410
1.0000000035525565
1.0000000035104246
1.0000000034606564
