1.0000000015765864
1.0000000015628732
1.0000000015458397
1.0000000015255319
1.0000000015020036
1.0000000014753163
1.0000000014455395
1.0000000014127506
1.0000000013770334
1.0000000013384776
1.0000000012971793
1.0000000012532400
1.0000000012067662
1.0000000011578702
1.0000000011066714
1.0000000010532948
1.0000000009978696
1.0000000009405299
1.0000000008814156
1.0000000008206709
1.0000000007584431
1.0000000006948835
1.0000000006301455
1.0000000005643850
1.0000000004977598
1.0000000004304286
1.0000000003625515
1.0000000002942904
1.0000000002258069
1.0000000001572626
1.0000000000888187
1.0000000000206366
0.9999999999528784
0.9999999998857041
0.9999999998192713
0.9999999997537364
0.9999999996892521
0.9999999996259675
0.9999999995640301
0.9999999995035823
0.9999999994447651
0.9999999993877159
0.9999999993325678
0.9999999992794470
0.9999999992284743
0.9999999991797655
0.9999999991334314
0.9999999990895773
0.9999999990483018
0.9999999990096968
0.9999999989738482
0.9999999989408345
0.9999999989107269
0.9999999988835894
0.9999999988594783
0.9999999988384440
0.9999999988205299
0.9999999988057713
0.9999999987941957
0.9999999987858217
0.9999999987806608
0.9999999987787163
0.9999999987799832
0.9999999987844483
0.9999999987920907
0.9999999988028826
0.9999999988167885
0.9999999988337661
0.9999999988537648
0.9999999988767255
0.9999999989025836
0.9999999989312668
0.9999999989626966
0.9999999989967875
0.9999999990334463
0.9999999990725738
0.9999999991140655
0.9999999991578113
0.9999999992036958
0.9999999992515975
0.9999999993013914
0.9999999993529463
0.9999999994061274
0.9999999994607955
0.9999999995168082
0.9999999995740190
0.9999999996322797
0.9999999996914400
0.9999999997513478
0.9999999998118491
0.9999999998727889
0.9999999999340089
0.9999999999953501
1.0000000000566531
1.0000000001177605
1.0000000001785136
1.0000000002387568
1.0000000002983347
1.0000000003570930
1.0000000004148806
1.0000000004715484
1.0000000005269505
1.0000000005809446
1.0000000006333909
1.0000000006841521
1.0000000007330949
1.0000000007800911
1.0000000008250172
1.0000000008677532
1.0000000009081875
1.0000000009462147
1.0000000009817351
1.0000000010146564
1.0000000010448904
1.0000000010723562
1.0000000010969785
1.0000000011186896
1.0000000011374279
1.0000000011531391
1.0000000011657768
1.0000000011753025
1.0000000011816865
1.0000000011849062
1.0000000011849475
1.0000000011818031
1.0000000011754748
1.0000000011659704
1.0000000011533055
1.0000000011375028
1.0000000011185939
1.0000000010966166
1.0000000010716179
1.0000000010436529
1.0000000010127827
1.0000000009790759
1.0000000009426095
1.0000000009034664
1.0000000008617358
1.0000000008175141
1.0000000007709040
1.0000000007220136
1.0000000006709551
1.0000000006178480
1.0000000005628169
1.0000000005059906
1.0000000004475018
1.0000000003874885
1.0000000003260923
1.0000000002634586
1.0000000001997360
1.0000000001350748
1.0000000000696283
1.0000000000035518
0.9999999999370031
0.9999999998701408
0.9999999998031265
0.9999999997361220
0.9999999996692887
0.9999999996027873
0.9999999995367794
0.9999999994714255
0.9999999994068846
0.9999999993433130
0.9999999992808654
0.9999999992196944
0.9999999991599505
0.9999999991017791
0.9999999990453218
0.9999999989907173
0.9999999989381008
0.9999999988876029
0.9999999988393493
0.9999999987934591
0.9999999987500483
0.9999999987092268
0.9999999986710986
0.9999999986357608
0.9999999986033044
0.9999999985738137
0.9999999985473662
0.9999999985240323
0.9999999985038742
0.9999999984869479
0.9999999984733008
0.9999999984629739
0.9999999984560006
0.9999999984524055
0.9999999984522053
0.9999999984554095
0.9999999984620193
0.9999999984720271
0.9999999984854187
0.9999999985021720
0.9999999985222578
0.9999999985456387
0.9999999985722684
0.9999999986020932
0.9999999986350518
0.9999999986710754
0.9999999987100880
0.9999999987520078
0.9999999987967457
0.9999999988442059
0.9999999988942855
0.9999999989468762
0.9999999990018641
0.9999999990591283
0.9999999991185426
0.9999999991799766
0.9999999992432951
0.9999999993083575
0.9999999993750203
0.9999999994431352
0.9999999995125504
0.9999999995831109
0.9999999996546611
0.9999999997270421
0.9999999998000932
0.9999999998736520
0.9999999999475538
1.0000000000216334
1.0000000000957245
1.0000000001696610
1.0000000002432767
1.0000000003164067
1.0000000003888880
1.0000000004605596
1.0000000005312613
1.0000000006008356
1.0000000006691270
1.0000000007359831
1.0000000008012546
1.0000000008647971
1.0000000009264698
1.0000000009861361
1.0000000010436636
1.0000000010989236
1.0000000011517940
1.0000000012021586
1.0000000012499064
1.0000000012949330
1.0000000013371402
1.0000000013764370
1.0000000014127395
1.0000000014459705
1.0000000014760577
1.0000000015029373
1.0000000015265538
1.0000000015468593
1.0000000015638131
1.0000000015773822
1.0000000015875441
1.0000000015942820
1.0000000015975874
1.0000000015974599
1.0000000015939063
1.0000000015869410
1.0000000015765864
1.0000000015628732
1.0000000015458397
1.0000000015255319
