1.0006078760435544
1.0006001985672279
1.0005910901465829
1.0005805725327450
1.0005686708352373
1.0005554134626067
1.0005408320552380
1.0005249614105116
1.0005078394004705
1.0004895068821948
1.0004700076010806
1.0004493880872503
1.0004276975453297
1.0004049877378476
1.0003813128625243
1.0003567294237357
1.0003312960984487
1.0003050735969381
1.0002781245186079
1.0002505132032564
1.0002223055781294
1.0001935690011192
1.0001643721004734
1.0001347846113975
1.0001048772099290
1.0000747213444754
1.0000443890654169
1.0000139528531746
0.9999834854451572
0.9999530596619863
0.9999227482334284
0.9998926236244432
0.9998627578617667
0.9998332223614464
0.9998040877577359
0.9997754237337718
0.9997472988544392
0.9997197804018272
0.9996929342136791
0.9996668245252287
0.9996415138148043
0.9996170626535810
0.9995935295598549
0.9995709708581872
0.9995494405437702
0.9995289901523455
0.9995096686360000
0.9994915222451408
0.9994745944169453
0.9994589256705606
0.9994445535093143
0.9994315123301802
0.9994198333407178
0.9994095444837016
0.9994006703696223
0.9993932322172290
0.9993872478022601
0.9993827314144950
0.9993796938232286
0.9993781422512595
0.9993780803574571
0.9993795082279441
0.9993824223759246
0.9993868157501565
0.9993926777520433
0.9993999942613048
0.9994087476701646
0.9994189169259651
0.9994304775821046
0.9994434018571734
0.9994576587021329
0.9994732138753778
0.9994900300254910
0.9995080667814846
0.9995272808503015
0.9995476261213391
0.9995690537777318
0.9995915124141196
0.9996149481606114
0.9996393048126315
0.9996645239663343
0.9996905451592561
0.9997173060158500
0.9997447423975516
0.9997727885570078
0.9998013772960913
0.9998304401273159
0.9998599074382604
0.9998897086585987
0.9999197724293347
0.9999500267738308
0.9999803992702175
1.0000108172247688
1.0000412078458270
1.0000714984178611
1.0001016164752441
1.0001314899753291
1.0001610474704168
1.0001902182782074
1.0002189326503277
1.0002471219385403
1.0002747187582390
1.0003016571488488
1.0003278727307532
1.0003533028583822
1.0003778867691007
1.0004015657275491
1.0004242831651051
1.0004459848141374
1.0004666188367435
1.0004861359476738
1.0005044895311535
1.0005216357513365
1.0005375336561404
1.0005521452742165
1.0005654357048359
1.0005773732004852
1.0005879292419815
1.0005970786059377
1.0006047994244225
1.0006110732366738
1.0006158850327584
1.0006192232890661
1.0006210799955682
1.0006214506747704
1.0006203343923226
1.0006177337592550
1.0006136549258451
1.0006081075671160
1.0006011048600110
1.0005926634522904
1.0005828034232256
1.0005715482361757
1.0005589246831554
1.0005449628215233
1.0005296959029311
1.0005131602947028
1.0004953953938156
1.0004764435336861
1.0004563498839747
1.0004351623436332
1.0004129314274470
1.0003897101463310
1.0003655538816603
1.0003405202539168
1.0003146689859639
1.0002880617612653
1.0002607620773738
1.0002328350950336
1.0002043474832512
1.0001753672606930
1.0001459636337846
1.0001162068318914
1.0000861679399662
1.0000559187290614
1.0000255314851096
0.9999950788363698
0.9999646335799550
0.9999342685078596
0.9999040562328919
0.9998740690149345
0.9998443785879459
0.9998150559881254
0.9997861713836479
0.9997577939063854
0.9997299914860169
0.9997028306869358
0.9996763765483461
0.9996506924279408
0.9996258398495419
0.9996018783550751
0.9995788653612441
0.9995568560212525
0.9995359030919173
0.9995160568064965
0.9994973647535520
0.9994798717621420
0.9994636197936284
0.9994486478403692
0.9994349918315442
0.9994226845463499
0.9994117555347816
0.9994022310461970
0.9993941339658414
0.9993874837594935
0.9993822964263660
0.9993785844603849
0.9993763568199384
0.9993756189061745
0.9993763725499034
0.9993786160071321
0.9993823439632450
0.9993875475458232
0.9993942143460650
0.9994023284487601
0.9994118704707372
0.9994228176076888
0.9994351436892590
0.9994488192422578
0.9994638115618413
0.9994800847904801
0.9994976000045214
0.9995163153081252
0.9995361859343471
0.9995571643531126
0.9995792003858156
0.9996022413262597
0.9996262320676399
0.9996511152352513
0.9996768313246025
0.9997033188445872
0.9997305144653683
0.9997583531706083
0.9997867684136756
0.9998156922774423
0.9998450556372901
0.9998747883269212
0.9999048193065772
0.9999350768332550
0.9999654886325114
0.9999959820714396
1.0000264843324029
1.0000569225871101
1.0000872241706167
1.0001173167548323
1.0001471285211245
1.0001765883316069
1.0002056258987064
1.0002341719526084
1.0002621584061844
1.0002895185170138
1.0003161870461188
1.0003421004130426
1.0003671968469041
1.0003914165330803
1.0004147017551717
1.0004369970319198
1.0004582492487630
1.0004784077837268
1.0004974246273490
1.0005152544963738
1.0005318549409461
1.0005471864450588
1.0005612125200272
1.0005738997907723
1.0005852180747181
1.0005951404531201
1.0006036433346608
1.0006107065111707
1.0006163132053454
1.0006204501103491
1.0006231074212177
1.0006242788579844
1.0006239616804800
1.0006221566947746
1.0006188682512440
1.0006141042342633
1.0006078760435544
1.0006001985672279
1.0005910901465829
1.0005805725327450
