1.0000000477813078
1.0000000472415638
1.0000000465933123
1.0000000458381659
1.0000000449779889
1.0000000440148931
1.0000000429512352
1.0000000417896098
1.0000000405328431
1.0000000391839863
1.0000000377463081
1.0000000362232864
1.0000000346185998
1.0000000329361196
1.0000000311798996
1.0000000293541667
1.0000000274633112
1.0000000255118764
1.0000000235045472
1.0000000214461389
1.0000000193415854
1.0000000171959282
1.0000000150143025
1.0000000128019271
1.0000000105640916
1.0000000083061429
1.0000000060334739
1.0000000037515095
1.0000000014656947
0.9999999991814795
0.9999999969043066
0.9999999946395990
0.9999999923927472
0.9999999901690957
0.9999999879739320
0.9999999858124722
0.9999999836898489
0.9999999816110980
0.9999999795811481
0.9999999776048082
0.9999999756867568
0.9999999738315294
0.9999999720435093
0.9999999703269156
0.9999999686857944
0.9999999671240084
0.9999999656452270
0.9999999642529193
0.9999999629503450
0.9999999617405475
0.9999999606263468
0.9999999596103313
0.9999999586948519
0.9999999578820156
0.9999999571736825
0.9999999565714603
0.9999999560767007
0.9999999556904959
0.9999999554136777
0.9999999552468135
0.9999999551902057
0.9999999552438910
0.9999999554076414
0.9999999556809647
0.9999999560631051
0.9999999565530441
0.9999999571495028
0.9999999578509466
0.9999999586555891
0.9999999595613955
0.9999999605660892
0.9999999616671557
0.9999999628618496
0.9999999641471984
0.9999999655200127
0.9999999669768922
0.9999999685142335
0.9999999701282402
0.9999999718149318
0.9999999735701532
0.9999999753895851
0.9999999772687546
0.9999999792030471
0.9999999811877148
0.9999999832178905
0.9999999852885962
0.9999999873947565
0.9999999895312111
0.9999999916927287
0.9999999938740176
0.9999999960697391
0.9999999982745176
1.0000000004829577
1.0000000026896541
1.0000000048892066
1.0000000070762327
1.0000000092453811
1.0000000113913445
1.0000000135088709
1.0000000155927775
1.0000000176379633
1.0000000196394196
1.0000000215922435
1.0000000234916482
1.0000000253329755
1.0000000271117082
1.0000000288234798
1.0000000304640850
1.0000000320294904
1.0000000335158445
1.0000000349194857
1.0000000362369514
1.0000000374649867
1.0000000386005514
1.0000000396408304
1.0000000405832368
1.0000000414254200
1.0000000421652695
1.0000000428009213
1.0000000433307636
1.0000000437534384
1.0000000440678463
1.0000000442731489
1.0000000443687713
1.0000000443544035
1.0000000442300008
1.0000000439957835
1.0000000436522360
1.0000000432001062
1.0000000426404063
1.0000000419744068
1.0000000412036361
1.0000000403298739
1.0000000393551498
1.0000000382817373
1.0000000371121494
1.0000000358491308
1.0000000344956534
1.0000000330549090
1.0000000315302986
1.0000000299254264
1.0000000282440920
1.0000000264902806
1.0000000246681537
1.0000000227820400
1.0000000208364233
1.0000000188359328
1.0000000167853322
1.0000000146895081
1.0000000125534583
1.0000000103822795
1.0000000081811560
1.0000000059553456
1.0000000037101686
1.0000000014509942
0.9999999991832285
0.9999999969123026
0.9999999946436580
0.9999999923827327
0.9999999901349490
0.9999999879057013
0.9999999857003415
0.9999999835241682
0.9999999813824137
0.9999999792802311
0.9999999772226817
0.9999999752147225
0.9999999732611948
0.9999999713668141
0.9999999695361569
0.9999999677736499
0.9999999660835612
0.9999999644699878
0.9999999629368456
0.9999999614878607
0.9999999601265613
0.9999999588562680
0.9999999576800866
0.9999999566009012
0.9999999556213666
0.9999999547439011
0.9999999539706814
0.9999999533036372
0.9999999527444465
0.9999999522945321
0.9999999519550569
0.9999999517269225
0.9999999516107668
0.9999999516069622
0.9999999517156147
0.9999999519365634
0.9999999522693815
0.9999999527133753
0.9999999532675877
0.9999999539307993
0.9999999547015327
0.9999999555780553
0.9999999565583820
0.9999999576402809
0.9999999588212798
0.9999999600986701
0.9999999614695134
0.9999999629306499
0.9999999644787047
0.9999999661100971
0.9999999678210466
0.9999999696075847
0.9999999714655636
0.9999999733906639
0.9999999753784069
0.9999999774241659
0.9999999795231758
0.9999999816705436
0.9999999838612610
0.9999999860902162
0.9999999883522070
0.9999999906419518
0.9999999929541025
0.9999999952832572
0.9999999976239730
0.9999999999707792
1.0000000023181919
1.0000000046607247
1.0000000069929023
1.0000000093092727
1.0000000116044228
1.0000000138729899
1.0000000161096745
1.0000000183092514
1.0000000204665838
1.0000000225766335
1.0000000246344753
1.0000000266353068
1.0000000285744606
1.0000000304474164
1.0000000322498110
1.0000000339774486
1.0000000356263103
1.0000000371925655
1.0000000386725785
1.0000000400629183
1.0000000413603665
1.0000000425619251
1.0000000436648235
1.0000000446665249
1.0000000455647324
1.0000000463573955
1.0000000470427128
1.0000000476191389
1.0000000480853852
1.0000000484404252
1.0000000486834948
1.0000000488140959
1.0000000488319967
1.0000000487372329
1.0000000485301070
1.0000000482111875
1.0000000477813078
1.0000000472415638
1.0000000465933123
1.0000000458381659
