1.0033022768232904
1.0032606066988992
1.0032111791748728
1.0031541107137867
1.0030895357907292
1.0030176065912240
1.0029384926689702
1.0028523805640217
1.0027594733820957
1.0026599903357876
1.0025541662485313
1.0024422510222406
1.0023245090696240
1.0022012187122598
1.0020726715455814
1.0019391717720088
1.0018010355035356
1.0016585900351578
1.0015121730906060
1.0013621320419157
1.0012088231044429
1.0010526105090130
1.0008938656529476
1.0007329662317892
1.0005702953536142
1.0004062406378791
1.0002411933008108
1.0000755472294061
0.9999096980461601
0.9997440421666968
0.9995789758525109
0.9994148942610787
0.9992521904956227
0.9990912546568558
0.9989324728990424
0.9987762264927406
0.9986228908965928
0.9984728348405448
0.9983264194228589
0.9981839972232902
0.9980459114347674
0.9979124950159010
0.9977840698665976
0.9976609460290332
0.9975434209161728
0.9974317785699822
0.9973262889514005
0.9972272072640712
0.9971347733137578
0.9970492109052692
0.9969707272786279
0.9968995125861162
0.9968357394117178
0.9967795623343650
0.9967311175362710
0.9966905224575028
0.9966578754978230
0.9966332557666800
0.9966167228820921
0.9966083168190298
0.9966080578077442
0.9966159462823531
0.9966319628798334
0.9966560684894276
0.9966882043523090
0.9967282922112141
0.9967762345095936
0.9968319146396818
0.9968951972387556
0.9969659285326927
0.9970439367258171
0.9971290324358800
0.9972210091728971
0.9973196438604474
0.9974246973979067
0.9975359152619971
0.9976530281459163
0.9977757526342284
0.9979037919115888
0.9980368365033174
0.9981745650457421
0.9983166450841808
0.9984627338963705
0.9986124793390946
0.9987655207157280
0.9989214896623816
0.9990800110503003
0.9992407039021568
0.9994031823198599
0.9995670564215103
0.9997319332851293
0.9998974178968001
1.0000631141008751
1.0002286255499326
1.0003935566521900
1.0005575135141187
1.0007201048760397
1.0008809430385357
1.0010396447775523
1.0011958322461223
1.0013491338607001
1.0014991851701533
1.0016456297055223
1.0017881198087328
1.0019263174384963
1.0020598949517203
1.0021885358588170
1.0023119355513685
1.0024298020006854
1.0025418564258695
1.0026478339300644
1.0027474841036652
1.0028405715933204
1.0029268766356489
1.0030061955546641
1.0030783412219737
1.0031431434789129
1.0032004495198339
1.0032501242358483
1.0032920505184075
1.0033261295221723
1.0033522808867046
1.0033704429165875
1.0033805727196508
1.0033826463030606
1.0033766586271056
1.0033626236165778
1.0033405741297383
1.0033105618849143
1.0032726573448598
1.0032269495590815
1.0031735459644084
1.0031125721441643
1.0030441715463623
1.0029685051614361
1.0028857511600768
1.0027961044918421
1.0026997764452650
1.0025969941702737
1.0024880001638070
1.0023730517195881
1.0022524203431029
1.0021263911328937
1.0019952621293684
1.0018593436323930
1.0017189574890180
1.0015744363527648
1.0014261229159662
1.0012743691167403
1.0011195353222373
1.0009619894898798
1.0008021063083823
1.0006402663204044
1.0004768550287506
1.0003122619881062
1.0001468798843420
0.9999811036034802
0.9998153292924710
0.9996499534139733
0.9994853717973740
0.9993219786883197
0.9991601657990671
0.9990003213619806
0.9988428291885338
0.9986880677361828
0.9985364091854827
0.9983882185298251
0.9982438526801647
0.9981036595870907
0.9979679773825745
0.9978371335437034
0.9977114440806607
0.9975912127511751
0.9974767303036119
0.9973682737508061
0.9972661056766829
0.9971704735776186
0.9970816092404201
0.9969997281587102
0.9969250289893972
0.9968576930508076
0.9967978838639466
0.9967457467382334
0.9967014084029230
0.9966649766853182
0.9966365402367124
0.9966161683068848
0.9966039105678213
0.9965997969871877
0.9966038377519323
0.9966160232422459
0.9966363240559607
0.9966646910833123
0.9967010556318394
0.9967453296010519
0.9967974057063398
0.9968571577514591
0.9969244409487813
0.9969990922863606
0.9970809309407292
0.9971697587342047
0.9972653606353687
0.9973675053012609
0.9974759456597078
0.9975904195301130
0.9977106502809225
0.9978363475218980
0.9979672078292340
0.9981029155014896
0.9982431433442287
0.9983875534811980
0.9985357981898303
0.9986875207588004
0.9988423563653362
0.9989999329699510
0.9991598722262433
0.9993217904033908
0.9994852993189685
0.9996500072797158
0.9998155200278849
0.9999814416908158
1.0001473757314061
1.0003129258971681
1.0004776971656009
1.0006412966836389
1.0008033346989840
1.0009634254811730
1.0011211882302857
1.0012762479712538
1.0014282364317870
1.0015767929019952
1.0017215650738547
1.0018622098587266
1.0019983941812141
1.0021297957477033
1.0022561037880180
1.0023770197686834
1.0024922580763742
1.0026015466701972
1.0027046277015332
1.0028012581002408
1.0028912101261045
1.0029742718844792
1.0030502478051677
1.0031189590836449
1.0031802440838096
1.0032339587015364
1.0032799766883658
1.0033181899347503
1.0033485087123488
1.0033708618749360
1.0033851970175773
1.0033914805937800
1.0033896979904207
1.0033798535603136
1.0033619706123666
1.0033360913593385
1.0033022768232904
1.0032606066988992
1.0032111791748728
1.0031541107137867
