1.0008111197888099
1.0008008727908644
1.0007887165071652
1.0007746799348967
1.0007587965488147
1.0007411042223910
1.0007216451385772
1.0007004656903882
1.0006776163715274
1.0006531516573001
1.0006271298760854
1.0005996130716590
1.0005706668566772
1.0005403602576544
1.0005087655517908
1.0004759580960163
1.0004420161486525
1.0004070206840894
1.0003710552009117
1.0003342055239133
1.0002965596004609
1.0002582072916775
1.0002192401589280
1.0001797512461108
1.0001398348582595
1.0000995863369782
1.0000591018332352
1.0000184780780565
0.9999778121516566
0.9999372012515586
0.9998967424602523
0.9998565325129524
0.9998166675660076
0.9997772429665189
0.9997383530237245
0.9997000907827021
0.9996625478009410
0.9996258139283265
0.9995899770910719
0.9995551230801291
0.9995213353445953
0.9994886947906315
0.9994572795863740
0.9994271649733362
0.9993984230847640
0.9993711227713934
0.9993453294350466
0.9993211048704829
0.9992985071158967
0.9992775903124440
0.9992584045731434
0.9992409958614866
0.9992254058800594
0.9992116719694594
0.9991998270177613
0.9991898993807589
0.9991819128131920
0.9991758864111251
0.9991718345656299
0.9991697669278841
0.9991696883857775
0.9991715990520845
0.9991754942642336
0.9991813645956711
0.9991891958788010
0.9991989692394304
0.9992106611426362
0.9992242434499377
0.9992396834876308
0.9992569441261123
0.9992759838699893
0.9992967569587475
0.9993192134777265
0.9993432994791156
0.9993689571126679
0.9993961247658095
0.9994247372127855
0.9994547257724689
0.9994860184744399
0.9995185402329225
0.9995522130281396
0.9995869560946395
0.9996226861161266
0.9996593174263094
0.9996967622152777
0.9997349307408960
0.9997737315446936
0.9998130716717263
0.9998528568938682
0.9998929919359939
0.9999333807045017
0.9999739265176215
1.0000145323369567
1.0000551009996972
1.0000955354509522
1.0001357389756425
1.0001756154294021
1.0002150694679430
1.0002540067743346
1.0002923342836638
1.0003299604045477
1.0003667952369781
1.0004027507859865
1.0004377411706358
1.0004716828278475
1.0005044947105923
1.0005360984799883
1.0005664186908663
1.0005953829703658
1.0006229221891618
1.0006489706249220
1.0006734661176291
1.0006963502164119
1.0007175683175442
1.0007370697933093
1.0007548081114310
1.0007707409448041
1.0007848302712765
1.0007970424632562
1.0008073483669448
1.0008157233710195
1.0008221474646031
1.0008266052843988
1.0008290861508813
1.0008295840934609
1.0008280978645736
1.0008246309426503
1.0008191915239728
1.0008117925034266
1.0008024514441980
1.0007911905364792
1.0007780365452761
1.0007630207474352
1.0007461788580330
1.0007275509462903
1.0007071813412023
1.0006851185270960
1.0006614150293498
1.0006361272905355
1.0006093155372575
1.0005810436380012
1.0005513789523039
1.0005203921715948
1.0004881571520667
1.0004547507399604
1.0004202525896662
1.0003847449750551
1.0003483125944763
1.0003110423698731
1.0002730232404795
1.0002343459515801
1.0001951028388201
1.0001553876085740
1.0001152951148866
1.0000749211335078
1.0000343621335572
0.9999937150473570
0.9999530770389782
0.9999125452720523
0.9998722166774029
0.9998321877210495
0.9997925541731487
0.9997534108784208
0.9997148515286227
0.9996769684376159
0.9996398523195732
0.9996035920708720
0.9995682745562028
0.9995339843994195
0.9995008037796431
0.9994688122331217
0.9994380864613409
0.9994087001458526
0.9993807237702865
0.9993542244499893
0.9993292657697144
0.9993059076297655
0.9992842061009845
0.9992642132889417
0.9992459772076724
0.9992295416632817
0.9992149461477071
0.9992022257429081
0.9991914110357230
0.9991825280436100
0.9991755981514631
0.9991706380596563
0.9991676597434596
0.9991666704239185
0.9991676725502763
0.9991706637939832
0.9991756370543080
0.9991825804755355
0.9991914774757092
0.9992023067868451
0.9992150425065131
0.9992296541606571
0.9992461067774933
0.9992643609722995
0.9992843730428831
0.9993060950754824
0.9993294750608350
0.9993544570201228
0.9993809811404767
0.9994089839196973
0.9994383983198288
0.9994691539292042
0.9995011771325533
0.9995343912887511
0.9995687169157623
0.9996040718823287
0.9996403716059150
0.9996775292564337
0.9997154559652375
0.9997540610388739
0.9997932521770708
0.9998329356944241
0.9998730167452469
0.9999133995510323
0.9999539876299806
0.9999946840280310
1.0000353915508480
1.0000760129962012
1.0001164513861847
1.0001566101987205
1.0001963935977953
1.0002357066618817
1.0002744556100061
1.0003125480249333
1.0003498930729404
1.0003864017196658
1.0004219869415254
1.0004565639322123
1.0004900503037886
1.0005223662819125
1.0005534348947498
1.0005831821551312
1.0006115372355358
1.0006384326355038
1.0006638043410954
1.0006875919760296
1.0007097389441613
1.0007301925629688
1.0007489041877591
1.0007658293262984
1.0007809277436168
1.0007941635567497
1.0008055053191969
1.0008149260949200
1.0008224035217028
1.0008279198637351
1.0008314620533034
1.0008330217214949
1.0008325952178476
1.0008301836188971
1.0008257927256059
1.0008194330496814
1.0008111197888099
1.0008008727908644
1.0007887165071652
1.0007746799348967
