1.1349670018292577
1.1335129217655198
1.1317845263529245
1.1297837639771735
1.1275129100158587
1.1249745734771845
1.1221717045657689
1.1191076031759395
1.1157859283111162
1.1122107084252744
1.1083863526790703
1.1043176630987517
1.1000098476203581
1.0954685339947821
1.0906997845207556
1.0857101115626191
1.0805064937974962
1.0750963931220947
1.0694877721324232
1.0636891120700629
1.0577094311059283
1.0515583028064719
1.0452458745977256
1.0387828860092325
1.0321806864426240
1.0254512521682064
1.0186072022074686
1.0116618127099979
1.0046290293802402
0.9975234774533608
0.9903604686609985
0.9831560045680866
0.9759267756027146
0.9686901550442124
0.9614641871828103
0.9542675688204305
0.9471196232500851
0.9400402658352257
0.9330499603149703
0.9261696649916351
0.9194207680187847
0.9128250111065296
0.9064044011010308
0.9001811090813463
0.8941773568517362
0.8884152909922685
0.8829168449634441
0.8777035901368321
0.8727965770349971
0.8682161684979605
0.8639818669337226
0.8601121382369130
0.8566242353494032
0.8535340247648161
0.8508558195202481
0.8486022223498270
0.8467839826764781
0.8454098709769885
0.8444865737654804
0.8440186120053291
0.8440082851926315
0.8444556426783709
0.8453584830423406
0.8467123815366688
0.8485107448206676
0.8507448914519918
0.8534041559189453
0.8564760134264499
0.8599462222068953
0.8637989798305088
0.8680170898420442
0.8725821350462187
0.8774746538902385
0.8826743166287147
0.8881600982810586
0.8939104457789863
0.8999034371271843
0.9061169308403120
0.9125287043541238
0.9191165805211112
0.9258585416790673
0.9327328311159349
0.9397180420412105
0.9467931944113670
0.9539378001450560
0.9611319174060459
0.9683561947321182
0.9755919058514595
0.9828209760598471
0.9900260010375677
0.9971902589696804
1.0042977168017804
1.0113330314200555
1.0182815464928914
1.0251292856546479
1.0318629426531005
1.0384698690223944
1.0449380597848155
1.0512561376283966
1.0574133359541553
1.0633994811371863
1.0692049743001819
1.0748207728563897
1.0802383720415361
1.0854497866207369
1.0904475329266843
1.0952246113592738
1.0997744894539840
1.1040910856065387
1.1081687535243552
1.1120022674607408
1.1155868082755089
1.1189179503553652
1.1219916494188569
1.1248042312236741
1.1273523811884050
1.1296331349363693
1.1316438697656659
1.1333822970469669
1.1348464555487139
1.1360347056881444
1.1369457247058625
1.1375785027613745
1.1379323399470935
1.1380068442186553
1.1378019302399420
1.1373178191418922
1.1365550391949431
1.1355144273957338
1.1341971319694324
1.1326046157896839
1.1307386607186405
1.1286013728697775
1.1261951887960950
1.1235228826058623
1.1205875740071112
1.1173927372805816
1.1139422111786204
1.1102402097445574
1.1062913340431511
1.1021005847876859
1.0976733758430413
1.0930155485763509
1.0881333870175285
1.0830336337807382
1.0777235066845732
1.0722107159930532
1.0665034821812645
1.0606105541082853
1.0545412274556771
1.0483053632620272
1.0419134063525390
1.0353764034272734
1.0287060205322145
1.0219145595937935
1.0150149736499039
1.0080208803590069
1.0009465733140634
0.9938070306303989
0.9866179202171970
0.9793956010824870
0.9721571199629834
0.9649202025152575
0.9577032382562842
0.9505252584027681
0.9434059057338382
0.9363653955951976
0.9294244671796514
0.9226043242644619
0.9159265646656601
0.9094130977885503
0.9030860498168831
0.8969676562941675
0.8910801421113457
0.8854455892252989
0.8800857927892763
0.8750221067728002
0.8702752805745186
0.8658652885724091
0.8618111549933402
0.8581307768965003
0.8548407484283440
0.8519561897952114
0.8494905845890470
0.8474556291699243
0.8458610977396045
0.8447147265233140
0.8440221201112379
0.8437866825053763
0.8440095747896651
0.8446897006188862
0.8458237199393397
0.8474060905507098
0.8494291363348696
0.8518831402528072
0.8547564595800580
0.8580356603414619
0.8617056675362912
0.8657499275235704
0.8701505788638787
0.8748886279785629
0.8799441261734454
0.8852963448601572
0.8909239461696340
0.8968051465637694
0.9029178714884220
0.9092398995520933
0.9157489951411443
0.9224230287798521
0.9292400849014721
0.9361785570080616
0.9432172304589753
0.9503353533403139
0.9575126960321394
0.9647296002105561
0.9719670181024691
0.9792065428572299
0.9864304309169557
0.9936216172613899
1.0007637243787884
1.0078410657760297
1.0148386447929150
1.0217421494308903
1.0285379438479960
1.0352130571120080
1.0417551697443055
1.0481525985293001
1.0543942800093111
1.0604697530332385
1.0663691406796660
1.0720831318313793
1.0776029626387258
1.0829203980737558
1.0880277137454746
1.0929176781186494
1.0975835352541488
1.1020189881675406
1.1062181828842947
1.1101756932542215
1.1138865065744012
1.1173460100586003
1.1205499781817874
1.1234945609206033
1.1261762729043547
1.1285919834860443
1.1307389077390022
1.1326145983816742
1.1342169386309022
1.1355441359825094
1.1365947169170461
1.1373675225280786
1.1378617050703115
1.1380767254250574
1.1380123514810367
1.1376686574291059
1.1370460239702618
1.1361451394370483
1.1349670018292577
1.1335129217655198
1.1317845263529245
1.1297837639771735
