1.0000003180336030
1.0000003142400675
1.0000003097116297
1.0000003044593480
1.0000002984959995
1.0000002918360515
1.0000002844956264
1.0000002764924640
1.0000002678458773
1.0000002585767063
1.0000002487072679
1.0000002382613025
1.0000002272639188
1.0000002157415324
1.0000002037218041
1.0000001912335721
1.0000001783067842
1.0000001649724251
1.0000001512624412
1.0000001372096683
1.0000001228477493
1.0000001082110552
1.0000000933346027
1.0000000782539700
1.0000000630052115
1.0000000476247721
1.0000000321494009
1.0000000166160616
1.0000000010618457
0.9999999855238831
0.9999999700392538
0.9999999546448987
0.9999999393775312
0.9999999242735526
0.9999999093689609
0.9999998946992662
0.9999998802994063
0.9999998662036639
0.9999998524455844
0.9999998390578944
0.9999998260724251
0.9999998135200349
0.9999998014305377
0.9999997898326309
0.9999997787538264
0.9999997682203855
0.9999997582572557
0.9999997488880120
0.9999997401347994
0.9999997320182805
0.9999997245575865
0.9999997177702711
0.9999997116722694
0.9999997062778617
0.9999997015996374
0.9999996976484659
0.9999996944334700
0.9999996919620061
0.9999996902396439
0.9999996892701556
0.9999996890555056
0.9999996895958475
0.9999996908895229
0.9999996929330665
0.9999996957212128
0.9999996992469106
0.9999997035013398
0.9999997084739330
0.9999997141524000
0.9999997205227560
0.9999997275693582
0.9999997352749422
0.9999997436206638
0.9999997525861442
0.9999997621495186
0.9999997722874902
0.9999997829753859
0.9999997941872143
0.9999998058957297
0.9999998180724948
0.9999998306879502
0.9999998437114864
0.9999998571115152
0.9999998708555472
0.9999998849102690
0.9999998992416238
0.9999999138148918
0.9999999285947748
0.9999999435454792
0.9999999586308043
0.9999999738142276
0.9999999890589936
1.0000000043282011
1.0000000195848910
1.0000000347921352
1.0000000499131239
1.0000000649112557
1.0000000797502262
1.0000000943941132
1.0000001088074637
1.0000001229553781
1.0000001368035953
1.0000001503185738
1.0000001634675721
1.0000001762187267
1.0000001885411305
1.0000002004049060
1.0000002117812770
1.0000002226426377
1.0000002329626194
1.0000002427161527
1.0000002518795272
1.0000002604304490
1.0000002683480933
1.0000002756131556
1.0000002822078990
1.0000002881161960
1.0000002933235663
1.0000002978172120
1.0000003015860504
1.0000003046207373
1.0000003069136925
1.0000003084591147
1.0000003092529990
1.0000003092931460
1.0000003085791678
1.0000003071124879
1.0000003048963373
1.0000003019357466
1.0000002982375356
1.0000002938102979
1.0000002886643797
1.0000002828118537
1.0000002762664904
1.0000002690437271
1.0000002611606316
1.0000002526358605
1.0000002434896138
1.0000002337435889
1.0000002234209269
1.0000002125461576
1.0000002011451403
1.0000001892450046
1.0000001768740834
1.0000001640618477
1.0000001508388339
1.0000001372365712
1.0000001232875066
1.0000001090249280
1.0000000944828820
1.0000000796960962
1.0000000646998948
1.0000000495301125
1.0000000342230093
1.0000000188151854
1.0000000033434930
0.9999999878449483
0.9999999723566426
0.9999999569156555
0.9999999415589622
0.9999999263233486
0.9999999112453227
0.9999998963610283
0.9999998817061564
0.9999998673158601
0.9999998532246704
0.9999998394664141
0.9999998260741340
0.9999998130800085
0.9999998005152760
0.9999997884101586
0.9999997767937892
0.9999997656941413
0.9999997551379642
0.9999997451507181
0.9999997357565124
0.9999997269780486
0.9999997188365676
0.9999997113517971
0.9999997045419038
0.9999996984234506
0.9999996930113548
0.9999996883188532
0.9999996843574714
0.9999996811369958
0.9999996786654497
0.9999996769490747
0.9999996759923148
0.9999996757978057
0.9999996763663680
0.9999996776970053
0.9999996797869060
0.9999996826314521
0.9999996862242284
0.9999996905570373
0.9999996956199179
0.9999997014011703
0.9999997078873828
0.9999997150634633
0.9999997229126756
0.9999997314166800
0.9999997405555754
0.9999997503079473
0.9999997606509173
0.9999997715601988
0.9999997830101560
0.9999997949738650
0.9999998074231767
0.9999998203287839
0.9999998336602900
0.9999998473862819
0.9999998614744072
0.9999998758914492
0.9999998906034072
0.9999999055755753
0.9999999207726264
0.9999999361586965
0.9999999516974701
0.9999999673522656
0.9999999830861249
0.9999999988618996
1.0000000146423400
1.0000000303901837
1.0000000460682457
1.0000000616395048
1.0000000770671944
1.0000000923148891
1.0000001073465923
1.0000001221268200
1.0000001366206861
1.0000001507939849
1.0000001646132732
1.0000001780459509
1.0000001910603373
1.0000002036257485
1.0000002157125689
1.0000002272923216
1.0000002383377362
1.0000002488228152
1.0000002587228951
1.0000002680147038
1.0000002766764176
1.0000002846877132
1.0000002920298146
1.0000002986855385
1.0000003046393362
1.0000003098773300
1.0000003143873453
1.0000003181589403
1.0000003211834305
1.0000003234539081
1.0000003249652596
1.0000003257141785
1.0000003256991716
1.0000003249205642
1.0000003233804982
1.0000003210829267
1.0000003180336030
1.0000003142400675
1.0000003097116297
1.0000003044593480
