1.0085440104249157
1.0084367828215368
1.0083095905583541
1.0081627259274510
1.0079965265991755
1.0078113749403237
1.0076076972395551
1.0073859628406685
1.0071466831844644
1.0068904107600307
1.0066177379664210
1.0063292958858088
1.0060257529693566
1.0057078136371878
1.0053762167940126
1.0050317342621291
1.0046751691337268
1.0043073540445939
1.0039291493715550
1.0035414413561812
1.0031451401575442
1.0027411778370279
1.0023305062784569
1.0019140950470586
1.0014929291910377
1.0010680069898037
1.0006403376531705
1.0002109389761125
0.9997808349539364
0.9993510533629910
0.9989226233123107
0.9984965727718407
0.9980739260831439
0.9976557014587237
0.9972429084763258
0.9968365455747864
0.9964375975581881
0.9960470331152422
0.9956658023609715
0.9952948344078771
0.9949350349738697
0.9945872840342959
0.9942524335254264
0.9939313051067532
0.9936246879894127
0.9933333368379641
0.9930579697526337
0.9927992663389825
0.9925578658717525
0.9923343655594217
0.9921293189157196
0.9919432342440442
0.9917765732403742
0.9916297497198908
0.9915031284721000
0.9913970242488132
0.9913117008888528
0.9912473705828583
0.9912041932810374
0.9911822762461722
0.9911816737536258
0.9912023869395193
0.9912443637976799
0.9913074993253682
0.9913916358172219
0.9914965633062525
0.9916220201501867
0.9917676937608622
0.9919332214738555
0.9921181915549905
0.9923221443398750
0.9925445735021347
0.9927849274455683
0.9930426108150269
0.9933169861204391
0.9936073754680539
0.9939130623926635
0.9942332937842863
0.9945672819025659
0.9949142064719302
0.9952732168504094
0.9956434342648799
0.9960239541054335
0.9964138482715162
0.9968121675624699
0.9972179441051439
0.9976301938112947
0.9980479188575815
0.9984701101810826
0.9988957499833998
0.9993238142365850
0.9997532751843143
1.0001831038319362
1.0006122724192421
1.0010397568700595
1.0014645392129968
1.0018856099679452
1.0023019704931897
1.0027126352882656
1.0031166342479603
1.0035130148631335
1.0039008443642983
1.0042792118041739
1.0046472300756824
1.0050040378621170
1.0053488015164600
1.0056807168670638
1.0059990109471462
1.0063029436457631
1.0065918092781416
1.0068649380734476
1.0071216975782544
1.0073614939741489
1.0075837733080828
1.0077880226342302
1.0079737710662473
1.0081405907389722
1.0082880976787161
1.0084159525814131
1.0085238614980034
1.0086115764265093
1.0086788958103630
1.0087256649426175
1.0087517762757563
1.0087571696368816
1.0087418323481359
1.0087057992522712
1.0086491526433496
1.0085720221026222
1.0084745842396945
1.0083570623391602
1.0082197259129495
1.0080628901587121
1.0078869153246361
1.0076922059811904
1.0074792102003591
1.0072484186430515
1.0070003635554658
1.0067356176753062
1.0064547930488759
1.0061585397602153
1.0058475445735851
1.0055225294907753
1.0051842502248698
1.0048334945922901
1.0044710808251316
1.0040978558060076
1.0037146932278362
1.0033224916812238
1.0029221726723443
1.0025146785744468
1.0021009705163821
1.0016820262118000
1.0012588377329266
1.0008324092331049
1.0004037546225522
0.9999738952020595
0.9995438572596308
0.9991146696353219
0.9986873612598042
0.9982629586724343
0.9978424835248545
0.9974269500763708
0.9970173626875861
0.9966147133189588
0.9962199790411296
0.9958341195640222
0.9954580747918578
0.9950927624113153
0.9947390755201522
0.9943978803036441
0.9940700137662104
0.9937562815255601
0.9934574556766373
0.9931742727325519
0.9929074316495257
0.9926575919427255
0.9924253718996298
0.9922113468973245
0.9920160478298315
0.9918399596512419
0.9916835200400596
0.9915471181897666
0.9914310937301848
0.9913357357837452
0.9912612821602950
0.9912079186935487
0.9911757787217607
0.9911649427146434
0.9911754380479936
0.9912072389269042
0.9912602664578676
0.9913343888694838
0.9914294218809089
0.9915451292166004
0.9916812232653569
0.9918373658810856
0.9920131693222081
0.9922081973260870
0.9924219663143845
0.9926539467247797
0.9929035644640599
0.9931702024771816
0.9934532024265443
0.9937518664753785
0.9940654591688665
0.9943932094063526
0.9947343124977823
0.9950879322973423
0.9954532034071133
0.9958292334434735
0.9962151053589072
0.9966098798118561
0.9970125975772575
0.9974222819904538
0.9978379414172349
0.9982585717428696
0.9986831588731276
0.9991106812404305
0.9995401123084614
0.9999704230687579
1.0004005845230288
1.0008295701451615
1.0012563583171339
1.0016799347333041
1.0020992947678027
1.0025134458000271
1.0029214094935077
1.0033222240236765
1.0037149462503587
1.0040986538310597
1.0044724472713948
1.0048354519092693
1.0051868198296556
1.0055257317070754
1.0058513985731183
1.0061630635065626
1.0064600032438729
1.0067415297080562
1.0070069914540551
1.0072557750290230
1.0074873062460237
1.0077010513698303
1.0078965182136654
1.0080732571458466
1.0082308620054390
1.0083689709261314
1.0084872670676508
1.0085854792541458
1.0086633825190454
1.0087207985559936
1.0087575960755342
1.0087736910672986
1.0087690469675128
1.0087436747317127
1.0086976328126198
1.0086310270431895
1.0085440104249157
1.0084367828215368
1.0083095905583541
1.0081627259274510
