1.0007076615389399
1.0006987224685173
1.0006881175858617
1.0006758722016476
1.0006620155346921
1.0006465806429945
1.0006296043456977
1.0006111271361482
1.0005911930862590
1.0005698497423845
1.0005471480129504
1.0005231420480936
1.0004978891115821
1.0004714494453144
1.0004438861267060
1.0004152649192921
1.0003856541168870
1.0003551243816637
1.0003237485765257
1.0002916015921597
1.0002587601691717
1.0002253027157193
1.0001913091210666
1.0001568605654980
1.0001220393270371
1.0000869285854230
1.0000516122238086
1.0000161746286536
0.9999807004882788
0.9999452745905628
0.9999099816202660
0.9998749059564668
0.9998401314705914
0.9998057413255265
0.9997718177762976
0.9997384419727930
0.9997056937650156
0.9996736515113300
0.9996423918901775
0.9996119897157103
0.9995825177578044
0.9995540465668912
0.9995266443040345
0.9995003765766722
0.9994753062804318
0.9994514934474109
0.9994289951012933
0.9994078651196648
0.9993881541038723
0.9993699092567462
0.9993531742684957
0.9993379892110589
0.9993243904411749
0.9993124105124181
0.9993020780964198
0.9992934179134703
0.9992864506726771
0.9992811930218319
0.9992776575071111
0.9992758525427108
0.9992757823904952
0.9992774471497073
0.9992808427567664
0.9992859609951588
0.9992927895153901
0.9993013118649546
0.9993115075282382
0.9993233519762652
0.9993368167261550
0.9993518694101408
0.9993684738539802
0.9993865901645582
0.9994061748264622
0.9994271808072870
0.9994495576714072
0.9994732517019325
0.9994982060305402
0.9995243607748620
0.9995516531830839
0.9995800177853991
0.9996093865519379
0.9996396890567852
0.9996708526476800
0.9997028026209781
0.9997354624014512
0.9997687537264754
0.9998025968341633
0.9998369106549772
0.9998716130063581
0.9999066207898990
0.9999418501905837
0.9999772168776097
1.0000126362063124
1.0000480234207001
1.0000832938561210
1.0001183631415727
1.0001531474011753
1.0001875634543278
1.0002215290140706
1.0002549628831898
1.0002877851475978
1.0003199173665338
1.0003512827591396
1.0003818063869765
1.0004114153320527
1.0004400388699508
1.0004676086376507
1.0004940587956577
1.0005193261840644
1.0005433504721848
1.0005660743014166
1.0005874434210020
1.0006074068163782
1.0006259168298202
1.0006429292731045
1.0006584035319326
1.0006723026618842
1.0006845934756685
1.0006952466214862
1.0007042366523262
1.0007115420860289
1.0007171454559898
1.0007210333523868
1.0007231964538330
1.0007236295493882
1.0007223315508811
1.0007193054955072
1.0007145585387043
1.0007081019373145
1.0006999510230805
1.0006901251665232
1.0006786477312946
1.0006655460190976
1.0006508512053072
1.0006345982654348
1.0006168258926009
1.0005975764062045
1.0005768956519985
1.0005548328937963
1.0005314406970574
1.0005067748046164
1.0004808940048402
1.0004538599925168
1.0004257372227912
1.0003965927584901
1.0003664961111816
1.0003355190763386
1.0003037355629889
1.0002712214182454
1.0002380542471228
1.0002043132280671
1.0001700789246231
1.0001354330936809
1.0001004584907582
1.0000652386727693
1.0000298577987503
0.9999944004290163
0.9999589513232181
0.9999235952377860
0.9998884167232429
0.9998534999218734
0.9998189283662309
0.9997847847789696
0.9997511508744832
0.9997181071628327
0.9996857327564409
0.9996541051800143
0.9996233001841651
0.9995933915631841
0.9995644509774145
0.9995365477806608
0.9995097488530564
0.9994841184398034
0.9994597179961834
0.9994366060392207
0.9994148380063718
0.9993944661215856
0.9993755392690720
0.9993581028750925
0.9993421987980706
0.9993278652272941
0.9993151365904631
0.9993040434703165
0.9992946125305461
0.9992868664511841
0.9992808238736294
0.9992764993554457
0.9992739033350514
0.9992730421063836
0.9992739178036074
0.9992765283959043
0.9992808676923519
0.9992869253568895
0.9992946869333220
0.9993041338803070
0.9993152436162343
0.9993279895738821
0.9993423412647188
0.9993582643526799
0.9993757207372429
0.9993946686455868
0.9994150627336069
0.9994368541955310
0.9994599908818638
0.9994844174253609
0.9995100753747237
0.9995369033356805
0.9995648371191015
0.9995938098957785
0.9996237523574941
0.9996545928839711
0.9996862577153005
0.9997186711294176
0.9997517556241901
0.9997854321036774
0.9998196200681012
0.9998542378070638
0.9998892025955490
0.9999244308922248
0.9999598385395722
0.9999953409653524
1.0000308533849340
1.0000662910039910
1.0001015692210844
1.0001366038296466
1.0001713112188870
1.0002056085731434
1.0002394140692041
1.0002726470711354
1.0003052283221585
1.0003370801331213
1.0003681265671251
1.0003982936198750
1.0004275093953354
1.0004557042762772
1.0004828110893276
1.0005087652641342
1.0005335049862794
1.0005569713435907
1.0005791084655149
1.0005998636552325
1.0006191875142088
1.0006370340589019
1.0006533608293569
1.0006681289894392
1.0006813034184814
1.0006928527941326
1.0007027496662262
1.0007109705214943
1.0007174958389864
1.0007223101360614
1.0007254020048566
1.0007267641391431
1.0007263933515123
1.0007242905808562
1.0007204608901190
1.0007149134543294
1.0007076615389399
1.0006987224685173
1.0006881175858617
1.0006758722016476
