1.0002488993120859
1.0002457601774084
1.0002420352740005
1.0002377335174157
1.0002328651997683
1.0002274419652284
1.0002214767823037
1.0002149839129648
1.0002079788786860
1.0002004784234866
1.0001925004740584
1.0001840640970707
1.0001751894537585
1.0001658977518939
1.0001562111952589
1.0001461529307343
1.0001357469931338
1.0001250182479111
1.0001139923318780
1.0001026955920682
1.0000911550229006
1.0000793982017797
1.0000674532232954
1.0000553486321744
1.0000431133551406
1.0000307766318499
1.0000183679450596
1.0000059169502069
0.9999934534045524
0.9999810070960687
0.9999686077722366
0.9999562850689241
0.9999440684395140
0.9999319870844520
0.9999200698813853
0.9999083453160573
0.9998968414141266
0.9998855856740702
0.9998746050013384
0.9998639256439132
0.9998535731294291
0.9998435722040111
0.9998339467729712
0.9998247198435082
0.9998159134695542
0.9998075486988962
0.9997996455227044
0.9997922228275845
0.9997852983502751
0.9997788886350991
0.9997730089942721
0.9997676734711595
0.9997628948065821
0.9997586844082411
0.9997550523233426
0.9997520072144873
0.9997495563388857
0.9997477055309473
0.9997464591882864
0.9997458202611771
0.9997457902454840
0.9997463691790930
0.9997475556418358
0.9997493467589247
0.9997517382078777
0.9997547242289216
0.9997582976388475
0.9997624498482854
0.9997671708823551
0.9997724494046406
0.9997782727444328
0.9997846269271737
0.9997914967080294
0.9997988656085047
0.9998067159560181
0.9998150289263363
0.9998237845887669
0.9998329619539944
0.9998425390244534
0.9998524928471072
0.9998627995685093
0.9998734344920143
0.9998843721370001
0.9998955862999552
0.9999070501172861
0.9999187361296908
0.9999306163479476
0.9999426623199560
0.9999548451988728
0.9999671358121750
0.9999795047314883
0.9999919223430122
1.0000043589183687
1.0000167846857091
1.0000291699009101
1.0000414849186823
1.0000537002634287
1.0000657866996807
1.0000777153019442
1.0000894575237880
1.0001009852660117
1.0001122709437322
1.0001232875522268
1.0001340087313761
1.0001444088285578
1.0001544629598409
1.0001641470693317
1.0001734379865352
1.0001823134815959
1.0001907523182880
1.0001987343046284
1.0002062403409944
1.0002132524656313
1.0002197538974436
1.0002257290759691
1.0002311636984400
1.0002360447538474
1.0002403605539281
1.0002441007609997
1.0002472564125768
1.0002498199427172
1.0002517852000408
1.0002531474623830
1.0002539034480458
1.0002540513236200
1.0002535907083672
1.0002525226751402
1.0002508497478486
1.0002485758954702
1.0002457065226251
1.0002422484567306
1.0002382099317730
1.0002336005687318
1.0002284313527023
1.0002227146067662
1.0002164639626767
1.0002096943284273
1.0002024218527761
1.0001946638868118
1.0001864389426502
1.0001777666493621
1.0001686677062309
1.0001591638334546
1.0001492777204060
1.0001390329715736
1.0001284540503117
1.0001175662205299
1.0001063954864631
1.0000949685306608
1.0000833126503479
1.0000714556923027
1.0000594259864086
1.0000472522780375
1.0000349636594255
1.0000225895002046
1.0000101593772526
0.9999977030040323
0.9999852501595854
0.9999728306173531
0.9999604740739924
0.9999482100783613
0.9999360679608361
0.9999240767631339
0.9999122651688113
0.9999006614346041
0.9998892933227692
0.9998781880345994
0.9998673721452631
0.9998568715401297
0.9998467113527350
0.9998369159045362
0.9998275086465999
0.9998185121033637
0.9998099478186123
0.9998018363037930
0.9997941969887987
0.9997870481753381
0.9997804069930062
0.9997742893581604
0.9997687099357010
0.9997636821038538
0.9997592179220343
0.9997553281018778
0.9997520219815013
0.9997493075030591
0.9997471911936526
0.9997456781496344
0.9997447720243509
0.9997444750193466
0.9997447878790567
0.9997457098889989
0.9997472388774709
0.9997493712207443
0.9997521018517481
0.9997554242722196
0.9997593305682867
0.9997638114294538
0.9997688561709386
0.9997744527593058
0.9997805878413365
0.9997872467760650
0.9997944136699001
0.9998020714147494
0.9998102017290561
0.9998187852016415
0.9998278013382510
0.9998372286106927
0.9998470445084470
0.9998572255926228
0.9998677475521289
0.9998785852619262
0.9998897128432175
0.9999011037254306
0.9999127307098471
0.9999245660347224
0.9999365814417398
0.9999487482436357
0.9999610373928393
0.9999734195509574
0.9999858651589374
0.9999983445077433
1.0000108278093718
1.0000232852680428
1.0000356871513909
1.0000480038614872
1.0000602060055246
1.0000722644659954
1.0000841504701941
1.0000958356588827
1.0001072921539549
1.0001184926249338
1.0001294103541531
1.0001400193004581
1.0001502941612828
1.0001602104329519
1.0001697444690678
1.0001788735368429
1.0001875758712435
1.0001958307268224
1.0002036184271104
1.0002109204114558
1.0002177192792001
1.0002239988310868
1.0002297441078019
1.0002349414255618
1.0002395784086588
1.0002436440188929
1.0002471285818166
1.0002500238097356
1.0002523228214062
1.0002540201583872
1.0002551117980061
1.0002555951629115
1.0002554691271868
1.0002547340190109
1.0002533916198624
1.0002514451602651
1.0002488993120859
1.0002457601774084
1.0002420352740005
1.0002377335174157
