1.0000000003035892
1.0000000003016964
1.0000000002992235
1.0000000002961784
1.0000000002925693
1.0000000002884071
1.0000000002837017
1.0000000002784657
1.0000000002727125
1.0000000002664573
1.0000000002597167
1.0000000002525065
1.0000000002448450
1.0000000002367513
1.0000000002282456
1.0000000002193479
1.0000000002100797
1.0000000002004641
1.0000000001905236
1.0000000001802813
1.0000000001697618
1.0000000001589902
1.0000000001479923
1.0000000001367959
1.0000000001254283
1.0000000001139167
1.0000000001022866
1.0000000000905653
1.0000000000787801
1.0000000000669587
1.0000000000551277
1.0000000000433151
1.0000000000315497
1.0000000000198608
1.0000000000082756
0.9999999999968212
0.9999999999855247
0.9999999999744105
0.9999999999635036
0.9999999999528276
0.9999999999424058
0.9999999999322607
0.9999999999224147
0.9999999999128900
0.9999999999037078
0.9999999998948892
0.9999999998864542
0.9999999998784214
0.9999999998708089
0.9999999998636323
0.9999999998569061
0.9999999998506433
0.9999999998448564
0.9999999998395573
0.9999999998347570
0.9999999998304646
0.9999999998266895
0.9999999998234399
0.9999999998207219
0.9999999998185397
0.9999999998168951
0.9999999998157886
0.9999999998152203
0.9999999998151882
0.9999999998156870
0.9999999998167113
0.9999999998182545
0.9999999998203107
0.9999999998228727
0.9999999998259315
0.9999999998294768
0.9999999998334969
0.9999999998379787
0.9999999998429085
0.9999999998482717
0.9999999998540532
0.9999999998602348
0.9999999998667979
0.9999999998737227
0.9999999998809885
0.9999999998885748
0.9999999998964584
0.9999999999046167
0.9999999999130279
0.9999999999216687
0.9999999999305160
0.9999999999395467
0.9999999999487362
0.9999999999580589
0.9999999999674887
0.9999999999769996
0.9999999999865641
0.9999999999961552
1.0000000000057461
1.0000000000153100
1.0000000000248201
1.0000000000342508
1.0000000000435765
1.0000000000527711
1.0000000000618090
1.0000000000706655
1.0000000000793163
1.0000000000877389
1.0000000000959115
1.0000000001038118
1.0000000001114175
1.0000000001187059
1.0000000001256566
1.0000000001322489
1.0000000001384641
1.0000000001442850
1.0000000001496927
1.0000000001546718
1.0000000001592071
1.0000000001632847
1.0000000001668914
1.0000000001700167
1.0000000001726517
1.0000000001747891
1.0000000001764215
1.0000000001775413
1.0000000001781433
1.0000000001782223
1.0000000001777749
1.0000000001767984
1.0000000001752927
1.0000000001732599
1.0000000001707041
1.0000000001676297
1.0000000001640426
1.0000000001599487
1.0000000001553560
1.0000000001502733
1.0000000001447127
1.0000000001386857
1.0000000001322062
1.0000000001252884
1.0000000001179472
1.0000000001101981
1.0000000001020570
1.0000000000935418
1.0000000000846714
1.0000000000754665
1.0000000000659490
1.0000000000561415
1.0000000000460669
1.0000000000357487
1.0000000000252127
1.0000000000144846
1.0000000000035902
0.9999999999925557
0.9999999999814079
0.9999999999701730
0.9999999999588761
0.9999999999475430
0.9999999999362004
0.9999999999248752
0.9999999999135957
0.9999999999023903
0.9999999998912867
0.9999999998803125
0.9999999998694949
0.9999999998588618
0.9999999998484393
0.9999999998382528
0.9999999998283274
0.9999999998186886
0.9999999998093597
0.9999999998003639
0.9999999997917248
0.9999999997834651
0.9999999997756059
0.9999999997681683
0.9999999997611723
0.9999999997546348
0.9999999997485728
0.9999999997430025
0.9999999997379395
0.9999999997333984
0.9999999997293918
0.9999999997259322
0.9999999997230318
0.9999999997206998
0.9999999997189439
0.9999999997177718
0.9999999997171877
0.9999999997171961
0.9999999997178001
0.9999999997190017
0.9999999997208010
0.9999999997231960
0.9999999997261833
0.9999999997297578
0.9999999997339148
0.9999999997386479
0.9999999997439496
0.9999999997498109
0.9999999997562204
0.9999999997631660
0.9999999997706328
0.9999999997786047
0.9999999997870652
0.9999999997959966
0.9999999998053810
0.9999999998152004
0.9999999998254344
0.9999999998360616
0.9999999998470599
0.9999999998584060
0.9999999998700768
0.9999999998820485
0.9999999998942962
0.9999999999067942
0.9999999999195168
0.9999999999324372
0.9999999999455272
0.9999999999587595
0.9999999999721049
0.9999999999855350
0.9999999999990205
1.0000000000125331
1.0000000000260432
1.0000000000395215
1.0000000000529403
1.0000000000662719
1.0000000000794871
1.0000000000925564
1.0000000001054514
1.0000000001181450
1.0000000001306109
1.0000000001428231
1.0000000001547562
1.0000000001663858
1.0000000001776874
1.0000000001886371
1.0000000001992111
1.0000000002093870
1.0000000002191440
1.0000000002284619
1.0000000002373226
1.0000000002457075
1.0000000002535998
1.0000000002609846
1.0000000002678466
1.0000000002741714
1.0000000002799456
1.0000000002851575
1.0000000002897969
1.0000000002938556
1.0000000002973273
1.0000000003002052
1.0000000003024860
1.0000000003041669
1.0000000003052474
1.0000000003057274
1.0000000003056089
1.0000000003048950
1.0000000003035892
1.0000000003016964
1.0000000002992235
1.0000000002961784
