1.0210745841908713
1.0208138822231683
1.0205045793065883
1.0201473447330507
1.0197429526356074
1.0192922808362417
1.0187963095266173
1.0182561197789473
1.0176728918839226
1.0170479035124489
1.0163825276978182
1.0156782306348540
1.0149365692925336
1.0141591888366359
1.0133478198590502
1.0125042754105622
1.0116304478341687
1.0107283053962919
1.0097998887136783
1.0088473069742396
1.0078727339506914
1.0068784038064893
1.0058666066943311
1.0048396841483471
1.0038000242720326
1.0027500567250092
1.0016922475128287
1.0006290935852233
0.9995631172494958
0.9984968604070944
0.9974328786228335
0.9963737350376888
0.9953219941376229
0.9942802153924333
0.9932509467801814
0.9922367182143276
0.9912400348922410
0.9902633705852789
0.9893091608920895
0.9883797964781782
0.9874776163260857
0.9866049010217040
0.9857638661033108
0.9849566555008025
0.9841853350933245
0.9834518864140369
0.9827582005310690
0.9821060721338200
0.9814971938536274
0.9809331508474451
0.9804154156725355
0.9799453434792913
0.9795241675481564
0.9791529951952247
0.9788328040694403
0.9785644388624504
0.9783486084500734
0.9781858834820325
0.9780766944341452
0.9780213301345200
0.9780199367725514
0.9780725173966599
0.9781789319037931
0.9783388975207544
0.9785519897744657
0.9788176439453583
0.9791351569952129
0.9795036899580191
0.9799222707797814
0.9803897975907208
0.9809050423910066
0.9814666551290603
0.9820731681495770
0.9827230009867621
0.9834144654768652
0.9841457711629388
0.9849150309638496
0.9857202670789280
0.9865594170992431
0.9874303402963444
0.9883308240594068
0.9892585904520232
0.9902113028604165
0.9911865727055551
0.9921819661925513
0.9931950110717563
0.9942232033871605
0.9952640141889890
0.9963148961887734
0.9973732903366483
0.9984366323021303
0.9995023588411824
1.0005679140339385
1.0016307553790196
1.0026883597319260
1.0037382290765060
1.0047778961199711
1.0058049297033549
1.0068169400206626
1.0078115836412478
1.0087865683311523
1.0097396576702731
1.0106686754632577
1.0115715099429625
1.0124461177661750
1.0132905278020510
1.0141028447143987
1.0148812523395174
1.0156240168617892
1.0163294897896311
1.0169961107347369
1.0176224099977917
1.0182070109640027
1.0187486323119037
1.0192460900389204
1.0196982993071537
1.0201042761127701
1.0204631387822403
1.0207741092984968
1.0210365144598528
1.0212497868742649
1.0214134657912346
1.0215271977733194
1.0215907372088771
1.0216039466673081
1.0215667970976794
1.0214793678712273
1.0213418466678459
1.0211545292062647
1.0209178188172390
1.0206322258586791
1.0202983669712857
1.0199169641728958
1.0194888437894132
1.0190149352198843
1.0184962695330115
1.0179339778921370
1.0173292898055419
1.0166835311987406
1.0159981223053336
1.0152745753729377
1.0145144921807061
1.0137195613650201
1.0128915555500666
1.0120323282802242
1.0111438107514599
1.0102280083393045
1.0092869969214164
1.0083229189932763
1.0073379795761881
1.0063344419174609
1.0053146229834551
1.0042808887470742
1.0032356492722763
1.0021813535992441
1.0011204844350217
1.0000555526556698
0.9989890916273076
0.9979236513548019
0.9968617924683070
0.9958060800593542
0.9947590773797331
0.9937233394179485
0.9927014063696189
0.9916957970197389
0.9907090020562622
0.9897434773359559
0.9888016371249041
0.9878858473373947
0.9869984187981635
0.9861416005540876
0.9853175732624071
0.9845284426833547
0.9837762333057092
0.9830628821342166
0.9823902326680312
0.9817600290993195
0.9811739107609008
0.9806334068512907
0.9801399314647572
0.9796947789529722
0.9792991196435701
0.9789539959393936
0.9786603188204508
0.9784188647686114
0.9782302731328666
0.9780950439505857
0.9780135362376478
0.9779859667576197
0.9780124092773411
0.9780927943133888
0.9782269093709348
0.9784143996735672
0.9786547693796849
0.9789473832781883
0.9792914689533718
0.9796861194062170
0.9801302961167240
0.9806228325295211
0.9811624379427812
0.9817477017784824
0.9823770982102742
0.9830489911236816
0.9837616393820915
0.9845132023709459
0.9853017457917934
0.9861252476773249
0.9869816045982686
0.9878686380329840
0.9887841008708044
0.9897256840205958
0.9906910230966327
0.9916777051546894
0.9926832754522269
0.9937052442076625
0.9947410933349609
0.9957882831311197
0.9968442588955689
0.9979064574619750
0.9989723136244913
1.0000392664420459
1.0011047654058316
1.0021662764567258
1.0032212878408886
1.0042673157932962
1.0053019100404179
1.0063226591146230
1.0073271954742349
1.0083132004243907
1.0092784088350362
1.0102206136534555
1.0111376702097290
1.0120275003144146
1.0128880961485527
1.0137175239468110
1.0145139274752077
1.0152755313053898
1.0160006438878910
1.0166876604271611
1.0173350655614382
1.0179414358507501
1.0185054420764608
1.0190258513558499
1.0195015290752136
1.0199314406449258
1.0203146530797826
1.0206503364078070
1.0209377649104754
1.0211763181970928
1.0213654821157649
1.0215048495031089
1.0215941207745025
1.0216331043563303
1.0216217169613062
1.0215599837075682
1.0214480380818503
1.0212861217466458
1.0210745841908713
1.0208138822231683
1.0205045793065883
1.0201473447330507
