1.0000346595721599
1.0000342251923897
1.0000337094049729
1.0000331134483729
1.0000324387524184
1.0000316869348840
1.0000308597976229
1.0000299593222579
1.0000289876654460
1.0000279471537230
1.0000268402779426
1.0000256696873238
1.0000244381831185
1.0000231487119182
1.0000218043586091
1.0000204083390012
1.0000189639921440
1.0000174747723458
1.0000159442409178
1.0000143760576643
1.0000127739721363
1.0000111418146678
1.0000094834872233
1.0000078029540740
1.0000061042323216
1.0000043913822978
1.0000026684978596
1.0000009396966048
0.9999992091100318
0.9999974808736607
0.9999957591171508
0.9999940479544314
0.9999923514738662
0.9999906737284819
0.9999890187262793
0.9999873904206525
0.9999857927009387
0.9999842293831221
0.9999827042007121
0.9999812207958173
0.9999797827104391
0.9999783933780041
0.9999770561151586
0.9999757741138378
0.9999745504336360
0.9999733879944939
0.9999722895697183
0.9999712577793511
0.9999702950839080
0.9999694037784981
0.9999685859873384
0.9999678436586759
0.9999671785601341
0.9999665922744889
0.9999660861958858
0.9999656615265103
0.9999653192737160
0.9999650602476206
0.9999648850591730
0.9999647941186991
0.9999647876349236
0.9999648656144751
0.9999650278618752
0.9999652739800120
0.9999656033710954
0.9999660152380947
0.9999665085866495
0.9999670822274525
0.9999677347791004
0.9999684646714055
0.9999692701491567
0.9999701492763232
0.9999710999406914
0.9999721198589245
0.9999732065820284
0.9999743575012159
0.9999755698541529
0.9999768407315706
0.9999781670842309
0.9999795457302222
0.9999809733625774
0.9999824465571889
0.9999839617810019
0.9999855154004696
0.9999871036902497
0.9999887228421166
0.9999903689740764
0.9999920381396544
0.9999937263373369
0.9999954295201439
0.9999971436053107
0.9999988644840573
1.0000005880314176
1.0000023101161044
1.0000040266103931
1.0000057333999939
1.0000074263938936
1.0000091015341412
1.0000107548055508
1.0000123822453062
1.0000139799524401
1.0000155440971608
1.0000170709300120
1.0000185567908393
1.0000199981175426
1.0000213914545952
1.0000227334613063
1.0000240209198119
1.0000252507427669
1.0000264199807294
1.0000275258292108
1.0000285656353853
1.0000295369044310
1.0000304373054987
1.0000312646772849
1.0000320170332015
1.0000326925661265
1.0000332896527262
1.0000338068573396
1.0000342429354130
1.0000345968364763
1.0000348677066579
1.0000350548907295
1.0000351579336768
1.0000351765817901
1.0000351107832774
1.0000349606883896
1.0000347266490641
1.0000344092180913
1.0000340091477964
1.0000335273882470
1.0000329650849873
1.0000323235763049
1.0000316043900375
1.0000308092399273
1.0000299400215291
1.0000289988076849
1.0000279878435745
1.0000269095413523
1.0000257664743888
1.0000245613711243
1.0000232971085523
1.0000219767053482
1.0000206033146588
1.0000191802165708
1.0000177108102730
1.0000161986059368
1.0000146472163294
1.0000130603481816
1.0000114417933301
1.0000097954196576
1.0000081251618502
1.0000064350119917
1.0000047290100267
1.0000030112341030
1.0000012857908243
0.9999995568054340
0.9999978284119548
0.9999961047433061
0.9999943899214230
0.9999926880474018
0.9999910031916960
0.9999893393843831
0.9999877006055281
0.9999860907756675
0.9999845137464330
0.9999829732913399
0.9999814730967623
0.9999800167531160
0.9999786077462722
0.9999772494492191
0.9999759451139922
0.9999746978638951
0.9999735106860281
0.9999723864241398
0.9999713277718224
0.9999703372660667
0.9999694172811913
0.9999685700231606
0.9999677975243054
0.9999671016384576
0.9999664840365117
0.9999659462024223
0.9999654894296508
0.9999651148180692
0.9999648232713221
0.9999646154946619
0.9999644919932569
0.9999644530709765
0.9999644988296602
0.9999646291688684
0.9999648437861188
0.9999651421776025
0.9999655236393846
0.9999659872690828
0.9999665319680201
0.9999671564438455
0.9999678592136204
0.9999686386073594
0.9999694927720186
0.9999704196759206
0.9999714171136094
0.9999724827111170
0.9999736139316380
0.9999748080815889
0.9999760623170432
0.9999773736505257
0.9999787389581498
0.9999801549870835
0.9999816183633213
0.9999831255997474
0.9999846731044657
0.9999862571893805
0.9999878740790089
0.9999895199195032
0.9999911907878570
0.9999928827012774
0.9999945916267026
0.9999963134904357
0.9999980441878771
0.9999997795933305
1.0000015155698589
1.0000032479791670
1.0000049726914833
1.0000066855954273
1.0000083826078283
1.0000100596834800
1.0000117128247989
1.0000133380913758
1.0000149316093834
1.0000164895808294
1.0000180082926244
1.0000194841254495
1.0000209135623985
1.0000222931973746
1.0000236197432235
1.0000248900395805
1.0000261010604177
1.0000272499212677
1.0000283338861071
1.0000293503738893
1.0000302969647030
1.0000311714055510
1.0000319716157247
1.0000326956917702
1.0000333419120300
1.0000339087407486
1.0000343948317385
1.0000347990315903
1.0000351203824238
1.0000353581241701
1.0000355116963833
1.0000355807395733
1.0000355650960622
1.0000354648103549
1.0000352801290302
1.0000350115001446
1.0000346595721599
1.0000342251923897
1.0000337094049729
1.0000331134483729
