1.0000021917966417
1.0000021648709254
1.0000021328312592
1.0000020957551023
1.0000020537319145
1.0000020068629440
1.0000019552609845
1.0000018990501034
1.0000018383653480
1.0000017733524207
1.0000017041673310
1.0000016309760205
1.0000015539539666
1.0000014732857629
1.0000013891646784
1.0000013017921947
1.0000012113775232
1.0000011181371058
1.0000010222940960
1.0000009240778269
1.0000008237232647
1.0000007214704449
1.0000006175638980
1.0000005122520648
1.0000004057867034
1.0000002984222871
1.0000001904153968
1.0000000820241055
0.9999999735073622
0.9999998651243741
0.9999997571339868
0.9999996497940657
0.9999995433608805
0.9999994380884912
0.9999993342281436
0.9999992320276657
0.9999991317308774
0.9999990335770077
0.9999989378001226
0.9999988446285651
0.9999987542844118
0.9999986669829398
0.9999985829321152
0.9999985023320960
0.9999984253747545
0.9999983522432174
0.9999982831114309
0.9999982181437423
0.9999981574945108
0.9999981013077369
0.9999980497167187
0.9999980028437344
0.9999979607997496
0.9999979236841536
0.9999978915845231
0.9999978645764132
0.9999978427231768
0.9999978260758156
0.9999978146728571
0.9999978085402638
0.9999978076913726
0.9999978121268632
0.9999978218347574
0.9999978367904477
0.9999978569567582
0.9999978822840335
0.9999979127102592
0.9999979481612105
0.9999979885506322
0.9999980337804413
0.9999980837409660
0.9999981383112069
0.9999981973591264
0.9999982607419685
0.9999983283066003
0.9999983998898782
0.9999984753190393
0.9999985544121153
0.9999986369783677
0.9999987228187459
0.9999988117263617
0.9999989034869872
0.9999989978795663
0.9999990946767462
0.9999991936454218
0.9999992945472934
0.9999993971394359
0.9999995011748806
0.9999996064032080
0.9999997125711477
0.9999998194231839
0.9999999267021660
1.0000000341499258
1.0000001415078961
1.0000002485177293
1.0000003549219167
1.0000004604644050
1.0000005648912071
1.0000006679510125
1.0000007693957889
1.0000008689813751
1.0000009664680669
1.0000010616211901
1.0000011542116614
1.0000012440165391
1.0000013308195554
1.0000014144116363
1.0000014945914009
1.0000015711656429
1.0000016439497956
1.0000017127683711
1.0000017774553838
1.0000018378547457
1.0000018938206414
1.0000019452178763
1.0000019919221996
1.0000020338206068
1.0000020708116066
1.0000021028054671
1.0000021297244286
1.0000021515028914
1.0000021680875730
1.0000021794376364
1.0000021855247878
1.0000021863333455
1.0000021818602787
1.0000021721152139
1.0000021571204134
1.0000021369107224
1.0000021115334872
1.0000020810484420
1.0000020455275656
1.0000020050549119
1.0000019597264085
1.0000019096496269
1.0000018549435279
1.0000017957381759
1.0000017321744303
1.0000016644036076
1.0000015925871200
1.0000015168960921
1.0000014375109489
1.0000013546209867
1.0000012684239212
1.0000011791254142
1.0000010869385831
1.0000009920834920
1.0000008947866246
1.0000007952803429
1.0000006938023318
1.0000005905950322
1.0000004859050609
1.0000003799826211
1.0000002730809061
1.0000001654554913
1.0000000573637244
0.9999999490641113
0.9999998408156964
0.9999997328774438
0.9999996255076190
0.9999995189631700
0.9999994134991129
0.9999993093679231
0.9999992068189323
0.9999991060977322
0.9999990074455872
0.9999989110988560
0.9999988172884261
0.9999987262391614
0.9999986381693653
0.9999985532902578
0.9999984718054704
0.9999983939105599
0.9999983197925397
0.9999982496294321
0.9999981835898410
0.9999981218325508
0.9999980645061447
0.9999980117486500
0.9999979636872073
0.9999979204377657
0.9999978821048033
0.9999978487810790
0.9999978205474096
0.9999977974724771
0.9999977796126622
0.9999977670119088
0.9999977597016175
0.9999977577005720
0.9999977610148924
0.9999977696380182
0.9999977835507249
0.9999978027211687
0.9999978271049614
0.9999978566452764
0.9999978912729840
0.9999979309068140
0.9999979754535518
0.9999980248082586
0.9999980788545204
0.9999981374647272
0.9999982005003772
0.9999982678124046
0.9999983392415368
0.9999984146186730
0.9999984937652884
0.9999985764938593
0.9999986626083121
0.9999987519044902
0.9999988441706404
0.9999989391879176
0.9999990367309067
0.9999991365681623
0.9999992384627605
0.9999993421728629
0.9999994474522933
0.9999995540511272
0.9999996617162877
0.9999997701921484
0.9999998792211435
0.9999999885443839
1.0000000979022743
1.0000002070351304
1.0000003156838007
1.0000004235902855
1.0000005304983521
1.0000006361541458
1.0000007403067950
1.0000008427090130
1.0000009431176857
1.0000010412944516
1.0000011370062700
1.0000012300259782
1.0000013201328326
1.0000014071130370
1.0000014907602512
1.0000015708760850
1.0000016472705706
1.0000017197626154
1.0000017881804344
1.0000018523619596
1.0000019121552282
1.0000019674187399
1.0000020180218003
1.0000020638448273
1.0000021047796390
1.0000021407297104
1.0000021716104035
1.0000021973491711
1.0000022178857275
1.0000022331721916
1.0000022431732012
1.0000022478659982
1.0000022472404806
1.0000022412992251
1.0000022300574822
1.0000022135431363
1.0000021917966417
1.0000021648709254
1.0000021328312592
1.0000020957551023
