1.0000000024810358
1.0000000024581568
1.0000000024299704
1.0000000023965523
1.0000000023579900
1.0000000023143842
1.0000000022658453
1.0000000022124964
1.0000000021544726
1.0000000020919180
1.0000000020249884
1.0000000019538491
1.0000000018786759
1.0000000017996526
1.0000000017169715
1.0000000016308330
1.0000000015414465
1.0000000014490280
1.0000000013538015
1.0000000012559982
1.0000000011558534
1.0000000010536074
1.0000000009495058
1.0000000008437979
1.0000000007367364
1.0000000006285767
1.0000000005195762
1.0000000004099945
1.0000000003000920
1.0000000001901297
1.0000000000803679
0.9999999999710663
0.9999999998624829
0.9999999997548747
0.9999999996484952
0.9999999995435943
0.9999999994404188
0.9999999993392107
0.9999999992402059
0.9999999991436346
0.9999999990497204
0.9999999989586811
0.9999999988707278
0.9999999987860636
0.9999999987048827
0.9999999986273703
0.9999999985537047
0.9999999984840540
0.9999999984185761
0.9999999983574193
0.9999999983007198
0.9999999982486037
0.9999999982011860
0.9999999981585705
0.9999999981208494
0.9999999980881017
0.9999999980603946
0.9999999980377836
0.9999999980203114
0.9999999980080078
0.9999999980008895
0.9999999979989612
0.9999999980022147
0.9999999980106293
0.9999999980241714
0.9999999980427944
0.9999999980664414
0.9999999980950420
0.9999999981285143
0.9999999981667635
0.9999999982096839
0.9999999982571574
0.9999999983090568
0.9999999983652442
0.9999999984255705
0.9999999984898772
0.9999999985579939
0.9999999986297429
0.9999999987049364
0.9999999987833793
0.9999999988648678
0.9999999989491908
0.9999999990361327
0.9999999991254706
0.9999999992169755
0.9999999993104126
0.9999999994055435
0.9999999995021246
0.9999999995999072
0.9999999996986394
0.9999999997980681
0.9999999998979396
0.9999999999980007
1.0000000000979974
1.0000000001976763
1.0000000002967824
1.0000000003950631
1.0000000004922669
1.0000000005881460
1.0000000006824568
1.0000000007749590
1.0000000008654164
1.0000000009535985
1.0000000010392789
1.0000000011222365
1.0000000012022590
1.0000000012791410
1.0000000013526840
1.0000000014226977
1.0000000014890000
1.0000000015514172
1.0000000016097876
1.0000000016639596
1.0000000017137907
1.0000000017591479
1.0000000017999089
1.0000000018359623
1.0000000018672093
1.0000000018935642
1.0000000019149529
1.0000000019313122
1.0000000019425925
1.0000000019487563
1.0000000019497788
1.0000000019456474
1.0000000019363635
1.0000000019219391
1.0000000019023991
1.0000000018777804
1.0000000018481328
1.0000000018135189
1.0000000017740134
1.0000000017297030
1.0000000016806874
1.0000000016270785
1.0000000015689987
1.0000000015065804
1.0000000014399659
1.0000000013693093
1.0000000012947738
1.0000000012165333
1.0000000011347694
1.0000000010496721
1.0000000009614400
1.0000000008702796
1.0000000007764049
1.0000000006800378
1.0000000005814060
1.0000000004807432
1.0000000003782901
1.0000000002742910
1.0000000001689944
1.0000000000626514
0.9999999999555165
0.9999999998478457
0.9999999997398975
0.9999999996319299
0.9999999995242016
0.9999999994169718
0.9999999993105003
0.9999999992050456
0.9999999991008632
0.9999999989982051
0.9999999988973212
0.9999999987984565
0.9999999987018515
0.9999999986077425
0.9999999985163608
0.9999999984279314
0.9999999983426726
0.9999999982607946
0.9999999981824992
0.9999999981079809
0.9999999980374246
0.9999999979710060
0.9999999979088917
0.9999999978512382
0.9999999977981925
0.9999999977498888
0.9999999977064519
0.9999999976679947
0.9999999976346201
0.9999999976064192
0.9999999975834707
0.9999999975658409
0.9999999975535832
0.9999999975467385
0.9999999975453360
0.9999999975493923
0.9999999975589112
0.9999999975738819
0.9999999975942814
0.9999999976200740
0.9999999976512109
0.9999999976876313
0.9999999977292611
0.9999999977760150
0.9999999978277956
0.9999999978844936
0.9999999979459865
0.9999999980121417
0.9999999980828140
0.9999999981578492
0.9999999982370835
0.9999999983203428
0.9999999984074430
0.9999999984981915
0.9999999985923866
0.9999999986898207
0.9999999987902770
0.9999999988935315
0.9999999989993534
0.9999999991075050
0.9999999992177423
0.9999999993298161
0.9999999994434735
0.9999999995584586
0.9999999996745123
0.9999999997913727
0.9999999999087769
1.0000000000264608
1.0000000001441600
1.0000000002616087
1.0000000003785428
1.0000000004946989
1.0000000006098155
1.0000000007236327
1.0000000008358951
1.0000000009463510
1.0000000010547523
1.0000000011608541
1.0000000012644181
1.0000000013652108
1.0000000014630062
1.0000000015575847
1.0000000016487358
1.0000000017362556
1.0000000018199482
1.0000000018996276
1.0000000019751176
1.0000000020462518
1.0000000021128743
1.0000000021748383
1.0000000022320072
1.0000000022842563
1.0000000023314728
1.0000000023735551
1.0000000024104132
1.0000000024419702
1.0000000024681617
1.0000000024889357
1.0000000025042532
1.0000000025140876
1.0000000025184268
1.0000000025172719
1.0000000025106366
1.0000000024985454
1.0000000024810358
1.0000000024581568
1.0000000024299704
1.0000000023965523
