1.0000000001381961
1.0000000001375686
1.0000000001366864
1.0000000001355533
1.0000000001341733
1.0000000001325497
1.0000000001306866
1.0000000001285883
1.0000000001262614
1.0000000001237122
1.0000000001209477
1.0000000001179761
1.0000000001148048
1.0000000001114415
1.0000000001078961
1.0000000001041780
1.0000000001002978
1.0000000000962654
1.0000000000920912
1.0000000000877858
1.0000000000833598
1.0000000000788238
1.0000000000741907
1.0000000000694711
1.0000000000646763
1.0000000000598182
1.0000000000549087
1.0000000000499596
1.0000000000449827
1.0000000000399893
1.0000000000349913
1.0000000000299996
1.0000000000250253
1.0000000000200793
1.0000000000151723
1.0000000000103153
1.0000000000055191
1.0000000000007956
0.9999999999961556
0.9999999999916104
0.9999999999871698
0.9999999999828442
0.9999999999786431
0.9999999999745750
0.9999999999706484
0.9999999999668713
0.9999999999632531
0.9999999999598017
0.9999999999565244
0.9999999999534280
0.9999999999505181
0.9999999999478004
0.9999999999452795
0.9999999999429593
0.9999999999408433
0.9999999999389348
0.9999999999372364
0.9999999999357495
0.9999999999344762
0.9999999999334170
0.9999999999325722
0.9999999999319414
0.9999999999315256
0.9999999999313248
0.9999999999313400
0.9999999999315698
0.9999999999320128
0.9999999999326658
0.9999999999335257
0.9999999999345884
0.9999999999358490
0.9999999999373018
0.9999999999389411
0.9999999999407609
0.9999999999427559
0.9999999999449192
0.9999999999472438
0.9999999999497219
0.9999999999523453
0.9999999999551049
0.9999999999579919
0.9999999999609963
0.9999999999641092
0.9999999999673215
0.9999999999706242
0.9999999999740077
0.9999999999774619
0.9999999999809775
0.9999999999845446
0.9999999999881535
0.9999999999917939
0.9999999999954550
0.9999999999991266
1.0000000000027978
1.0000000000064564
1.0000000000100908
1.0000000000136895
1.0000000000172415
1.0000000000207370
1.0000000000241660
1.0000000000275195
1.0000000000307889
1.0000000000339653
1.0000000000370399
1.0000000000400040
1.0000000000428497
1.0000000000455680
1.0000000000481508
1.0000000000505902
1.0000000000528790
1.0000000000550100
1.0000000000569769
1.0000000000587721
1.0000000000603904
1.0000000000618265
1.0000000000630760
1.0000000000641349
1.0000000000649998
1.0000000000656672
1.0000000000661338
1.0000000000663969
1.0000000000664546
1.0000000000663056
1.0000000000659490
1.0000000000653855
1.0000000000646170
1.0000000000636433
1.0000000000624663
1.0000000000610871
1.0000000000595084
1.0000000000577318
1.0000000000557605
1.0000000000535982
1.0000000000512490
1.0000000000487175
1.0000000000460094
1.0000000000431304
1.0000000000400873
1.0000000000368878
1.0000000000335387
1.0000000000300469
1.0000000000264204
1.0000000000226676
1.0000000000187970
1.0000000000148175
1.0000000000107385
1.0000000000065679
1.0000000000023153
0.9999999999979912
0.9999999999936060
0.9999999999891706
0.9999999999846951
0.9999999999801908
0.9999999999756689
0.9999999999711393
0.9999999999666125
0.9999999999620981
0.9999999999576068
0.9999999999531497
0.9999999999487376
0.9999999999443798
0.9999999999400873
0.9999999999358711
0.9999999999317432
0.9999999999277142
0.9999999999237945
0.9999999999199939
0.9999999999163214
0.9999999999127858
0.9999999999093953
0.9999999999061602
0.9999999999030885
0.9999999999001883
0.9999999998974675
0.9999999998949340
0.9999999998925954
0.9999999998904584
0.9999999998885298
0.9999999998868158
0.9999999998853211
0.9999999998840504
0.9999999998830086
0.9999999998821998
0.9999999998816266
0.9999999998812932
0.9999999998812011
0.9999999998813519
0.9999999998817461
0.9999999998823844
0.9999999998832670
0.9999999998843934
0.9999999998857619
0.9999999998873699
0.9999999998892152
0.9999999998912955
0.9999999998936091
0.9999999998961535
0.9999999998989235
0.9999999999019138
0.9999999999051183
0.9999999999085307
0.9999999999121459
0.9999999999159586
0.9999999999199620
0.9999999999241487
0.9999999999285094
0.9999999999330359
0.9999999999377190
0.9999999999425501
0.9999999999475201
0.9999999999526203
0.9999999999578403
0.9999999999631695
0.9999999999685962
0.9999999999741090
0.9999999999796962
0.9999999999853472
0.9999999999910512
0.9999999999967963
1.0000000000025711
1.0000000000083638
1.0000000000141624
1.0000000000199574
1.0000000000257365
1.0000000000314877
1.0000000000371985
1.0000000000428555
1.0000000000484455
1.0000000000539562
1.0000000000593758
1.0000000000646936
1.0000000000698976
1.0000000000749780
1.0000000000799250
1.0000000000847289
1.0000000000893805
1.0000000000938709
1.0000000000981923
1.0000000001023359
1.0000000001062925
1.0000000001100533
1.0000000001136100
1.0000000001169549
1.0000000001200802
1.0000000001229803
1.0000000001256495
1.0000000001280815
1.0000000001302709
1.0000000001322129
1.0000000001339042
1.0000000001353426
1.0000000001365261
1.0000000001374534
1.0000000001381220
1.0000000001385299
1.0000000001386777
1.0000000001385663
1.0000000001381961
1.0000000001375686
1.0000000001366864
1.0000000001355533
