1.0000000000156763
1.0000000000157145
1.0000000000157323
1.0000000000157290
1.0000000000157043
1.0000000000156586
1.0000000000155915
1.0000000000155029
1.0000000000153924
1.0000000000152609
1.0000000000151092
1.0000000000149381
1.0000000000147475
1.0000000000145390
1.0000000000143145
1.0000000000140741
1.0000000000138178
1.0000000000135478
1.0000000000132652
1.0000000000129710
1.0000000000126654
1.0000000000123475
1.0000000000120166
1.0000000000116747
1.0000000000113218
1.0000000000109592
1.0000000000105878
1.0000000000102089
1.0000000000098235
1.0000000000094313
1.0000000000090334
1.0000000000086307
1.0000000000082243
1.0000000000078160
1.0000000000074059
1.0000000000069953
1.0000000000065861
1.0000000000061777
1.0000000000057714
1.0000000000053673
1.0000000000049665
1.0000000000045692
1.0000000000041775
1.0000000000037919
1.0000000000034128
1.0000000000030416
1.0000000000026785
1.0000000000023239
1.0000000000019786
1.0000000000016440
1.0000000000013209
1.0000000000010112
1.0000000000007145
1.0000000000004310
1.0000000000001605
0.9999999999999036
0.9999999999996599
0.9999999999994316
0.9999999999992203
0.9999999999990266
0.9999999999988505
0.9999999999986910
0.9999999999985483
0.9999999999984219
0.9999999999983119
0.9999999999982178
0.9999999999981397
0.9999999999980783
0.9999999999980325
0.9999999999980007
0.9999999999979817
0.9999999999979757
0.9999999999979842
0.9999999999980062
0.9999999999980419
0.9999999999980910
0.9999999999981528
0.9999999999982262
0.9999999999983109
0.9999999999984068
0.9999999999985133
0.9999999999986289
0.9999999999987530
0.9999999999988853
0.9999999999990254
0.9999999999991740
0.9999999999993309
0.9999999999994944
0.9999999999996637
0.9999999999998374
1.0000000000000135
1.0000000000001912
1.0000000000003690
1.0000000000005465
1.0000000000007232
1.0000000000008991
1.0000000000010729
1.0000000000012443
1.0000000000014126
1.0000000000015772
1.0000000000017388
1.0000000000018967
1.0000000000020501
1.0000000000021987
1.0000000000023419
1.0000000000024800
1.0000000000026128
1.0000000000027394
1.0000000000028584
1.0000000000029692
1.0000000000030707
1.0000000000031628
1.0000000000032456
1.0000000000033187
1.0000000000033811
1.0000000000034310
1.0000000000034679
1.0000000000034910
1.0000000000035012
1.0000000000034979
1.0000000000034819
1.0000000000034546
1.0000000000034173
1.0000000000033697
1.0000000000033116
1.0000000000032434
1.0000000000031652
1.0000000000030764
1.0000000000029763
1.0000000000028639
1.0000000000027400
1.0000000000026055
1.0000000000024620
1.0000000000023095
1.0000000000021474
1.0000000000019751
1.0000000000017930
1.0000000000016021
1.0000000000014020
1.0000000000011935
1.0000000000009772
1.0000000000007541
1.0000000000005238
1.0000000000002862
1.0000000000000409
0.9999999999997895
0.9999999999995328
0.9999999999992717
0.9999999999990078
0.9999999999987419
0.9999999999984746
0.9999999999982061
0.9999999999979368
0.9999999999976655
0.9999999999973924
0.9999999999971182
0.9999999999968443
0.9999999999965721
0.9999999999963033
0.9999999999960386
0.9999999999957788
0.9999999999955259
0.9999999999952808
0.9999999999950442
0.9999999999948157
0.9999999999945963
0.9999999999943859
0.9999999999941848
0.9999999999939920
0.9999999999938078
0.9999999999936326
0.9999999999934662
0.9999999999933095
0.9999999999931631
0.9999999999930289
0.9999999999929086
0.9999999999928031
0.9999999999927129
0.9999999999926389
0.9999999999925805
0.9999999999925377
0.9999999999925103
0.9999999999924983
0.9999999999925017
0.9999999999925206
0.9999999999925547
0.9999999999926033
0.9999999999926665
0.9999999999927451
0.9999999999928409
0.9999999999929552
0.9999999999930883
0.9999999999932396
0.9999999999934092
0.9999999999935963
0.9999999999938003
0.9999999999940206
0.9999999999942564
0.9999999999945071
0.9999999999947713
0.9999999999950485
0.9999999999953391
0.9999999999956429
0.9999999999959595
0.9999999999962883
0.9999999999966296
0.9999999999969829
0.9999999999973472
0.9999999999977227
0.9999999999981092
0.9999999999985060
0.9999999999989118
0.9999999999993259
0.9999999999997478
1.0000000000001774
1.0000000000006146
1.0000000000010594
1.0000000000015110
1.0000000000019682
1.0000000000024309
1.0000000000028983
1.0000000000033695
1.0000000000038434
1.0000000000043183
1.0000000000047942
1.0000000000052702
1.0000000000057463
1.0000000000062228
1.0000000000066989
1.0000000000071736
1.0000000000076446
1.0000000000081102
1.0000000000085689
1.0000000000090210
1.0000000000094660
1.0000000000099023
1.0000000000103280
1.0000000000107416
1.0000000000111429
1.0000000000115310
1.0000000000119065
1.0000000000122691
1.0000000000126177
1.0000000000129514
1.0000000000132685
1.0000000000135678
1.0000000000138494
1.0000000000141125
1.0000000000143576
1.0000000000145848
1.0000000000147939
1.0000000000149838
1.0000000000151532
1.0000000000153020
1.0000000000154290
1.0000000000155342
1.0000000000156166
1.0000000000156763
1.0000000000157145
1.0000000000157323
1.0000000000157290
