1.0305789536553733
1.0302048731681637
1.0297609803833190
1.0292481922489423
1.0286675702916541
1.0280203194528337
1.0273077867445750
1.0265314597180248
1.0256929647360160
1.0247940650412264
1.0238366586104783
1.0228227757852375
1.0217545766679044
1.0206343482731186
1.0194645014230197
1.0182475673752560
1.0169861941724816
1.0156831427022057
1.0143412824560842
1.0129635869781632
1.0115531289921558
1.0101130751985967
1.0086466807336683
1.0071572832826434
1.0056482968422518
1.0041232051278541
1.0025855546231108
1.0010389472718413
0.9994870328140274
0.9979335007703674
0.9963820720824536
0.9948364904185366
0.9933005131578818
0.9917779020699574
0.9902724137080602
0.9887877895404626
0.9873277458457179
0.9858959634023717
0.9844960770069214
0.9831316648574119
0.9818062378435148
0.9805232287872274
0.9792859816814203
0.9780977409762844
0.9769616409662283
0.9758806953318939
0.9748577868936505
0.9738956576341086
0.9729968990478793
0.9721639428768944
0.9713990522890936
0.9707043135571508
0.9700816282921335
0.9695327062845783
0.9690590590023904
0.9686619937913239
0.9683426088195218
0.9681017888028082
0.9679402015421232
0.9678582952987921
0.9678562970272403
0.9679342114784436
0.9680918211808744
0.9683286872990884
0.9686441513634875
0.9690373378582550
0.9695071576481266
0.9700523122185728
0.9706712986982413
0.9713624156271958
0.9721237694296692
0.9729532815457579
0.9738486961727948
0.9748075885640441
0.9758273738299141
0.9769053161850827
0.9780385385837603
0.9792240326847930
0.9804586690883597
0.9817392077866754
0.9830623087722810
0.9844245427491631
0.9858224018940567
0.9872523106177504
0.9887106362790410
0.9901936998070553
0.9916977861909383
0.9932191547993685
0.9947540494958954
0.9962987085196926
0.9978493741049268
0.9994023018154999
1.0009537695754036
1.0025000863783073
1.0040376006632237
1.0055627083461605
1.0070718605005633
1.0085615706820168
1.0100284218951563
1.0114690732029907
1.0128802659808649
1.0142588298190995
1.0156016880799390
1.0169058631157979
1.0181684811569653
1.0193867768778839
1.0205580976518858
1.0216799075048615
1.0227497907787368
1.0237654555159033
1.0247247365758392
1.0256255984951430
1.0264661381020341
1.0272445868961131
1.0279593132038036
1.0286088241194340
1.0291917672413677
1.0297069322119705
1.0301532520695327
1.0305298044195050
1.0308358124316317
1.0310706456687342
1.0312338207520280
1.0313250018669715
1.0313440011127195
1.0312907786973313
1.0311654429799386
1.0309682503601203
1.0306996050137902
1.0303600584739481
1.0299503090537083
1.0294712011080929
1.0289237241301781
1.0283090116762912
1.0276283401141124
1.0268831271867236
1.0260749303848797
1.0252054451190613
1.0242765026822123
1.0232900679934833
1.0222482371127830
1.0211532345155272
1.0200074101166434
1.0188132360326800
1.0175733030707561
1.0162903169331297
1.0149670941263347
1.0136065575641615
1.0122117318542490
1.0107857382587195
1.0093317893201572
1.0078531831452595
1.0063532973397702
1.0048355825897637
1.0033035558860404
1.0017607933903090
1.0002109229439595
0.9986576162225910
0.9971045805420281
0.9955555503243398
0.9940142782353436
0.9924845260082256
0.9909700549712120
0.9894746163006598
0.9880019410244544
0.9865557298041976
0.9851396425282797
0.9837572877514996
0.9824122120204228
0.9811078891270389
0.9798477093364856
0.9786349686375695
0.9774728580674884
0.9763644531644632
0.9753127036039078
0.9743204230752018
0.9733902794570747
0.9725247853499837
0.9717262890236704
0.9709969658372486
0.9703388101877257
0.9697536280407424
0.9692430300945800
0.9688084256251007
0.9684510170553114
0.9681717952886949
0.9679715358404003
0.9678507957948558
0.9678099116124678
0.9678489978018480
0.9679679464675642
0.9681664277368215
0.9684438910618550
0.9687995673882212
0.9692324721727181
0.9697414092284488
0.9703249753686196
0.9709815658151359
0.9717093803329832
0.9725064300468274
0.9733705448922678
0.9742993816507813
0.9752904325146418
0.9763410341259622
0.9774483770325408
0.9786095155023418
0.9798213776382255
0.9810807757349045
0.9823844168210203
0.9837289133306775
0.9851107938506561
0.9865265138918364
0.9879724666360259
0.9894449936123342
0.9909403952604415
0.9924549413414780
0.9939848811607466
0.9955264535701015
0.9970758967213970
0.9986294575460160
1.0001834009390189
1.0017340186298778
1.0032776377250823
1.0048106289110448
1.0063294143087151
1.0078304749740894
1.0093103580413942
1.0107656835080696
1.0121931506628239
1.0135895441599503
1.0149517397447907
1.0162767096367140
1.0175615275772332
1.0188033735519444
1.0199995381958371
1.0211474268921892
1.0222445635757698
1.0232885942513907
1.0242772902390342
1.0252085511568190
1.0260804076529659
1.0268910238977162
1.0276386998458305
1.0283218732798844
1.0289391216440529
1.0294891636775092
1.0299708608559011
1.0303832186486557
1.0307253875991005
1.0309966642335744
1.0311964918048604
1.0313244608743857
1.0313803097367327
1.0313639246890838
1.0312753401472778
1.0311147386092159
1.0308824504653893
1.0305789536553733
1.0302048731681637
1.0297609803833190
1.0292481922489423
