1.0000011169932379
1.0000011033841134
1.0000010871759033
1.0000010684079015
1.0000010471254981
1.0000010233800682
1.0000009972288499
1.0000009687348075
1.0000009379664814
1.0000009049978238
1.0000008699080218
1.0000008327813081
1.0000007937067601
1.0000007527780863
1.0000007100934014
1.0000006657549914
1.0000006198690683
1.0000005725455179
1.0000005238976353
1.0000004740418551
1.0000004230974724
1.0000003711863579
1.0000003184326662
1.0000002649625392
1.0000002109038046
1.0000001563856713
1.0000001015384197
1.0000000464930905
0.9999999913811716
0.9999999363342817
0.9999998814838568
0.9999998269608384
0.9999997728953597
0.9999997194164333
0.9999996666516436
0.9999996147268418
0.9999995637658451
0.9999995138901407
0.9999994652185981
0.9999994178671824
0.9999993719486788
0.9999993275724236
0.9999992848440418
0.9999992438651955
0.9999992047333396
0.9999991675414892
0.9999991323779982
0.9999990993263478
0.9999990684649492
0.9999990398669579
0.9999990136000961
0.9999989897264919
0.9999989683025322
0.9999989493787287
0.9999989329995963
0.9999989192035474
0.9999989080227994
0.9999988994832985
0.9999988936046580
0.9999988904001127
0.9999988898764889
0.9999988920341872
0.9999988968671814
0.9999989043630345
0.9999989145029297
0.9999989272617136
0.9999989426079577
0.9999989605040357
0.9999989809062138
0.9999990037647547
0.9999990290240383
0.9999990566226925
0.9999990864937425
0.9999991185647706
0.9999991527580898
0.9999991889909322
0.9999992271756465
0.9999992672199065
0.9999993090269349
0.9999993524957332
0.9999993975213258
0.9999994439950097
0.9999994918046152
0.9999995408347758
0.9999995909672048
0.9999996420809774
0.9999996940528197
0.9999997467574054
0.9999998000676557
0.9999998538550439
0.9999999079899042
0.9999999623417410
1.0000000167795413
1.0000000711720887
1.0000001253882800
1.0000001792974365
1.0000002327696180
1.0000002856759340
1.0000003378888516
1.0000003892825018
1.0000004397329807
1.0000004891186471
1.0000005373204133
1.0000005842220316
1.0000006297103712
1.0000006736756886
1.0000007160118904
1.0000007566167897
1.0000007953923498
1.0000008322449210
1.0000008670854614
1.0000008998297503
1.0000009303985926
1.0000009587180079
1.0000009847194089
1.0000010083397652
1.0000010295217545
1.0000010482138999
1.0000010643706936
1.0000010779527055
1.0000010889266790
1.0000010972656119
1.0000011029488176
1.0000011059619780
1.0000011062971774
1.0000011039529229
1.0000010989341470
1.0000010912521966
1.0000010809248039
1.0000010679760474
1.0000010524362941
1.0000010343421275
1.0000010137362618
1.0000009906674390
1.0000009651903106
1.0000009373653083
1.0000009072585010
1.0000008749414366
1.0000008404909704
1.0000008039890833
1.0000007655226852
1.0000007251834075
1.0000006830673842
1.0000006392750220
1.0000005939107608
1.0000005470828250
1.0000004989029632
1.0000004494861818
1.0000003989504715
1.0000003474165238
1.0000002950074431
1.0000002418484519
1.0000001880665921
1.0000001337904199
1.0000000791497006
1.0000000242750988
0.9999999692978652
0.9999999143495222
0.9999998595615508
0.9999998050650742
0.9999997509905458
0.9999996974674351
0.9999996446239192
0.9999995925865774
0.9999995414800882
0.9999994914269311
0.9999994425470941
0.9999993949577850
0.9999993487731524
0.9999993041040118
0.9999992610575813
0.9999992197372234
0.9999991802421985
0.9999991426674280
0.9999991071032666
0.9999990736352858
0.9999990423440689
0.9999990133050188
0.9999989865881769
0.9999989622580553
0.9999989403734824
0.9999989209874626
0.9999989041470488
0.9999988898932285
0.9999988782608248
0.9999988692784155
0.9999988629682619
0.9999988593462548
0.9999988584218774
0.9999988601981816
0.9999988646717810
0.9999988718328570
0.9999988816651836
0.9999988941461652
0.9999989092468888
0.9999989269321943
0.9999989471607565
0.9999989698851837
0.9999989950521301
0.9999990226024229
0.9999990524712031
0.9999990845880807
0.9999991188773026
0.9999991552579318
0.9999991936440407
0.9999992339449162
0.9999992760652764
0.9999993199054982
0.9999993653618536
0.9999994123267552
0.9999994606890142
0.9999995103341071
0.9999995611444471
0.9999996129996657
0.9999996657768997
0.9999997193510842
0.9999997735952506
0.9999998283808293
0.9999998835779573
0.9999999390557864
0.9999999946827963
1.0000000503271071
1.0000001058567944
1.0000001611402052
1.0000002160462702
1.0000002704448190
1.0000003242068876
1.0000003772050279
1.0000004293136107
1.0000004804091260
1.0000005303704771
1.0000005790792701
1.0000006264200960
1.0000006722808077
1.0000007165527847
1.0000007591311935
1.0000007999152374
1.0000008388083985
1.0000008757186660
1.0000009105587555
1.0000009432463155
1.0000009737041269
1.0000010018602843
1.0000010276483695
1.0000010510076092
1.0000010718830186
1.0000010902255332
1.0000011059921265
1.0000011191459115
1.0000011296562279
1.0000011374987154
1.0000011426553708
1.0000011451145914
1.0000011448712010
1.0000011419264641
1.0000011362880821
1.0000011279701728
1.0000011169932379
1.0000011033841134
1.0000010871759033
1.0000010684079015
