1.0000000003597909
1.0000000003574405
1.0000000003543916
1.0000000003506540
1.0000000003462384
1.0000000003411571
1.0000000003354255
1.0000000003290590
1.0000000003220735
1.0000000003144849
1.0000000003063121
1.0000000002975757
1.0000000002882972
1.0000000002784997
1.0000000002682081
1.0000000002574472
1.0000000002462432
1.0000000002346230
1.0000000002226141
1.0000000002102458
1.0000000001975480
1.0000000001845513
1.0000000001712870
1.0000000001577865
1.0000000001440810
1.0000000001302027
1.0000000001161857
1.0000000001020635
1.0000000000878693
1.0000000000736369
1.0000000000594003
1.0000000000451921
1.0000000000310436
1.0000000000169882
1.0000000000030596
0.9999999999892905
0.9999999999757136
0.9999999999623596
0.9999999999492590
0.9999999999364430
0.9999999999239408
0.9999999999117819
0.9999999998999924
0.9999999998885983
0.9999999998776232
0.9999999998670904
0.9999999998570231
0.9999999998474429
0.9999999998383706
0.9999999998298251
0.9999999998218243
0.9999999998143853
0.9999999998075240
0.9999999998012540
0.9999999997955875
0.9999999997905360
0.9999999997861088
0.9999999997823148
0.9999999997791603
0.9999999997766490
0.9999999997747837
0.9999999997735662
0.9999999997729961
0.9999999997730721
0.9999999997737905
0.9999999997751459
0.9999999997771327
0.9999999997797427
0.9999999997829659
0.9999999997867922
0.9999999997912090
0.9999999997962017
0.9999999998017540
0.9999999998078486
0.9999999998144676
0.9999999998215908
0.9999999998291975
0.9999999998372656
0.9999999998457720
0.9999999998546923
0.9999999998640007
0.9999999998736698
0.9999999998836731
0.9999999998939829
0.9999999999045719
0.9999999999154102
0.9999999999264683
0.9999999999377157
0.9999999999491218
0.9999999999606548
0.9999999999722831
0.9999999999839744
0.9999999999956972
1.0000000000074190
1.0000000000191069
1.0000000000307294
1.0000000000422549
1.0000000000536511
1.0000000000648870
1.0000000000759344
1.0000000000867646
1.0000000000973486
1.0000000001076566
1.0000000001176592
1.0000000001273270
1.0000000001366325
1.0000000001455491
1.0000000001540521
1.0000000001621179
1.0000000001697253
1.0000000001768530
1.0000000001834810
1.0000000001895890
1.0000000001951597
1.0000000002001768
1.0000000002046252
1.0000000002084906
1.0000000002117591
1.0000000002144194
1.0000000002164628
1.0000000002178813
1.0000000002186691
1.0000000002188216
1.0000000002183376
1.0000000002172156
1.0000000002154563
1.0000000002130611
1.0000000002100335
1.0000000002063778
1.0000000002021003
1.0000000001972091
1.0000000001917126
1.0000000001856213
1.0000000001789480
1.0000000001717062
1.0000000001639124
1.0000000001555840
1.0000000001467397
1.0000000001374005
1.0000000001275868
1.0000000001173208
1.0000000001066267
1.0000000000955291
1.0000000000840539
1.0000000000722280
1.0000000000600799
1.0000000000476386
1.0000000000349332
1.0000000000219929
1.0000000000088478
0.9999999999955290
0.9999999999820686
0.9999999999684981
0.9999999999548500
0.9999999999411571
0.9999999999274525
0.9999999999137688
0.9999999999001390
0.9999999998865958
0.9999999998731718
0.9999999998599003
0.9999999998468142
0.9999999998339471
0.9999999998213313
0.9999999998089976
0.9999999997969766
0.9999999997852991
0.9999999997739947
0.9999999997630912
0.9999999997526171
0.9999999997425985
0.9999999997330605
0.9999999997240268
0.9999999997155207
0.9999999997075645
0.9999999997001788
0.9999999996933839
0.9999999996872002
0.9999999996816449
0.9999999996767331
0.9999999996724798
0.9999999996688972
0.9999999996659971
0.9999999996637893
0.9999999996622829
0.9999999996614848
0.9999999996613990
0.9999999996620293
0.9999999996633779
0.9999999996654436
0.9999999996682242
0.9999999996717162
0.9999999996759147
0.9999999996808132
0.9999999996864035
0.9999999996926749
0.9999999996996153
0.9999999997072118
0.9999999997154504
0.9999999997243149
0.9999999997337866
0.9999999997438476
0.9999999997544767
0.9999999997656530
0.9999999997773532
0.9999999997895532
0.9999999998022276
0.9999999998153504
0.9999999998288950
0.9999999998428335
0.9999999998571366
0.9999999998717740
0.9999999998867132
0.9999999999019211
0.9999999999173643
0.9999999999330101
0.9999999999488253
0.9999999999647766
0.9999999999808297
0.9999999999969500
1.0000000000131037
1.0000000000292559
1.0000000000453715
1.0000000000614155
1.0000000000773537
1.0000000000931508
1.0000000001087730
1.0000000001241873
1.0000000001393607
1.0000000001542610
1.0000000001688558
1.0000000001831137
1.0000000001970042
1.0000000002104972
1.0000000002235652
1.0000000002361815
1.0000000002483200
1.0000000002599556
1.0000000002710643
1.0000000002816223
1.0000000002916083
1.0000000003010023
1.0000000003097844
1.0000000003179368
1.0000000003254441
1.0000000003322917
1.0000000003384659
1.0000000003439551
1.0000000003487501
1.0000000003528429
1.0000000003562266
1.0000000003588958
1.0000000003608462
1.0000000003620750
1.0000000003625817
1.0000000003623670
1.0000000003614351
1.0000000003597909
1.0000000003574405
1.0000000003543916
1.0000000003506540
