1.0051102524012316
1.0050458809586311
1.0049695263987231
1.0048813670814913
1.0047816089884289
1.0046704852760497
1.0045482557695520
1.0044152063973859
1.0042716485675636
1.0041179184866575
1.0039543764225363
1.0037814059119903
1.0035994129145034
1.0034088249135398
1.0032100899668404
1.0030036757073124
1.0027900682962387
1.0025697713306423
1.0023433047067525
1.0021112034416666
1.0018740164553999
1.0016323053156513
1.0013866429477405
1.0011376123122884
1.0008858050533385
1.0006318201197384
1.0003762623627142
1.0001197411126941
0.9998628687385361
0.9996062591924390
0.9993505265439000
0.9990962835061848
0.9988441399588568
0.9985947014700007
0.9983485678218383
0.9981063315434936
0.9978685764547144
0.9976358762244016
0.9974087929478096
0.9971878757463063
0.9969736593935731
0.9967666629721101
0.9965673885638845
0.9963763199789069
0.9961939215254711
0.9960206368257079
0.9958568876800120
0.9957030729837962
0.9955595676998999
0.9954267218898408
0.9953048598069436
0.9951942790542153
0.9950952498096406
0.9950080141213914
0.9949327852752194
0.9948697472360954
0.9948190541659049
0.9947808300187942
0.9947551682154930
0.9947421313976930
0.9947417512632957
0.9947540284830738
0.9947789326990216
0.9948164026044037
0.9948663461052352
0.9949286405626563
0.9950031331154028
0.9950896410813057
0.9951879524364928
0.9952978263707285
0.9954189939170733
0.9955511586538205
0.9956939974764378
0.9958471614370471
0.9960102766487553
0.9961829452519880
0.9963647464397954
0.9965552375389466
0.9967539551434906
0.9969604162973367
0.9971741197222939
0.9973945470879252
0.9976211643194866
0.9978534229401649
0.9980907614437772
0.9983326066940702
0.9985783753467332
0.9988274752902455
0.9990793071016818
0.9993332655136352
0.9995887408884395
0.9998451206959338
1.0001017909910672
1.0003581378877084
1.0006135490251049
1.0008674150235279
1.0011191309257252
1.0013680976209094
1.0016137232481126
1.0018554245758562
1.0020926283551870
1.0023247726432614
1.0025513080947721
1.0027716992186400
1.0029854255975108
1.0031919830677289
1.0033908848575732
1.0035816626816807
1.0037638677896834
1.0039370719672269
1.0041008684876436
1.0042548730126797
1.0043987244407875
1.0045320857016100
1.0046546444953861
1.0047661139761266
1.0048662333775069
1.0049547685805260
1.0050315126220910
1.0050962861437673
1.0051489377800482
1.0051893444855842
1.0052174118008994
1.0052330740562236
1.0052362945131512
1.0052270654439273
1.0052054081482482
1.0051713729075560
1.0051250388768904
1.0050665139144455
1.0049959343490722
1.0049134646860574
1.0048192972515932
1.0047136517764483
1.0045967749194404
1.0044689397314106
1.0043304450604944
1.0041816148995810
1.0040227976769540
1.0038543654912178
1.0036767132917093
1.0034902580057179
1.0032954376139338
1.0030927101756701
1.0028825528055150
1.0026654606031884
1.0024419455385034
1.0022125352934477
1.0019777720635306
1.0017382113206579
1.0014944205399281
1.0012469778928579
1.0009964709096821
1.0007434951134815
1.0004886526290189
1.0002325507692831
0.9999758006028413
0.9997190155052255
0.9994628096976677
0.9992077967766111
0.9989545882375011
0.9987037919964482
0.9984560109134355
0.9982118413207978
0.9979718715607617
0.9977366805358754
0.9975068362761875
0.9972828945270569
0.9970653973614789
0.9968548718208082
0.9966518285877245
0.9964567606952630
0.9962701422756690
0.9960924273527771
0.9959240486815170
0.9957654166380580
0.9956169181639832
0.9954789157677560
0.9953517465865950
0.9952357215117028
0.9951311243796326
0.9950382112323665
0.9949572096485003
0.9948883181476911
0.9948317056703108
0.9947875111340084
0.9947558430686416
0.9947367793307752
0.9947303668986971
0.9947366217486272
0.9947555288125303
0.9947870420176746
0.9948310844078053
0.9948875483455261
0.9949562957952218
0.9950371586855843
0.9951299393505463
0.9952344110471740
0.9953503185488194
0.9954773788116063
0.9956152817120835
0.9957636908536763
0.9959222444393521
0.9960905562077331
0.9962682164297109
0.9964547929624509
0.9966498323575316
0.9968528610198324
0.9970633864136610
0.9972808983125154
0.9975048700887897
0.9977347600396606
0.9979700127453460
0.9982100604558748
0.9984543245024985
0.9987022167298589
0.9989531409450285
0.9992064943795622
0.9994616691607324
0.9997180537881595
0.9999750346121012
1.0002319973097371
1.0004883283558470
1.0007434164843767
1.0009966541374675
1.0012474388986261
1.0014951749068106
1.0017392742483249
1.0019791583235231
1.0022142591854379
1.0024440208475729
1.0026679005582178
1.0028853700387694
1.0030959166836633
1.0032990447196499
1.0034942763222676
1.0036811526874900
1.0038592350566486
1.0040281056928531
1.0041873688072418
1.0043366514335275
1.0044756042493967
1.0046039023434556
1.0047212459265042
1.0048273609860439
1.0049219998830130
1.0050049418898601
1.0050759936691522
1.0051349896920212
1.0051817925958397
1.0052162934806188
1.0052384121437037
1.0052480972524380
1.0052453264545524
1.0052301064261273
1.0052024728570585
1.0051624903740484
1.0051102524012316
1.0050458809586311
1.0049695263987231
1.0048813670814913
