1.1363084634865670
1.1348424886933277
1.1330999203262042
1.1310827036505553
1.1287931106510303
1.1262337467810390
1.1234075586577745
1.1203178427044451
1.1169682547397060
1.1133628205118402
1.1095059471719781
1.1054024356763188
1.1010574941018687
1.0964767518533627
1.0916662747306645
1.0866325808157908
1.0813826571265448
1.0759239769693079
1.0702645179065908
1.0644127802351409
1.0583778058475091
1.0521691973236660
1.0457971370692549
1.0392724062831324
1.0326064034987616
1.0258111624016455
1.0188993685783039
1.0118843748013611
1.0047802144004530
0.9976016122103520
0.9903639925267480
0.9830834834376486
0.9757769168359617
0.9684618233584623
0.9611564214406927
0.9538795996294765
0.9466508912585082
0.9394904405722470
0.9324189593841404
0.9254576733824198
0.9186282572561199
0.9119527579113167
0.9054535051882835
0.8991530096789784
0.8930738474842430
0.8872385320426509
0.8816693735067159
0.8763883265325507
0.8714168277775390
0.8667756248545121
0.8624845989532627
0.8585625837900016
0.8550271839582800
0.8518945961045955
0.8491794366116917
0.8468945796174115
0.8450510092058937
0.8436576894662025
0.8427214558147714
0.8422469305257319
0.8422364648211128
0.8426901091650715
0.8436056126154480
0.8449784512513728
0.8468018848601127
0.8490670402726762
0.8517630190254103
0.8548770264270171
0.8583945186515296
0.8622993641720850
0.8665740157017330
0.8711996888099942
0.8761565435231141
0.8814238654711326
0.8869802434911594
0.8928037410069198
0.8988720589532985
0.9051626884768755
0.9116530520981293
0.9183206324509022
0.9251430881069942
0.9320983563397288
0.9391647429752180
0.9463209997223464
0.9535463895634341
0.9608207409302851
0.9681244914894880
0.9754387224218092
0.9827451841090544
0.9900263141436130
0.9972652485565069
1.0044458271241512
1.0115525935666050
1.0185707913947044
1.0254863561032734
1.0322859043452375
1.0389567206589676
1.0454867422601239
1.0518645423508244
1.0580793123439349
1.0641208433491647
1.0699795072207727
1.0756462374241214
1.0811125099400407
1.0863703243918497
1.0914121855497050
1.0962310853404904
1.1008204854683989
1.1051743007314461
1.1092868831020639
1.1131530066254061
1.1167678531767158
1.1201269991088991
1.1232264028129739
1.1260623932071794
1.1286316591650010
1.1309312398880147
1.1329585162261329
1.1347112029453723
1.1361873419415598
1.1373852963973006
1.1383037458789818
1.1389416823704590
1.1392984072402907
1.1393735291398814
1.1391669628305918
1.1386789289387163
1.1379099546381275
1.1368608752613312
1.1355328368405440
1.1339272995812057
1.1320460422709364
1.1298911676273398
1.1274651085881293
1.1247706355467311
1.1218108645357459
1.1185892663592965
1.1151096766732451
1.1113763070094433
1.1073937567363870
1.1031670259437933
1.0987015292324769
1.0940031103833241
1.0890780578699117
1.0839331211681840
1.0785755278033191
1.0730130010582353
1.0672537782498082
1.0613066294575384
1.0551808765647690
1.0488864124443960
1.0424337200889806
1.0358338914491112
1.0290986457035460
1.0222403466400061
1.0152720187765296
1.0082073618002028
1.0010607628432355
0.9938473060564101
0.9865827788778442
0.9792836743321173
0.9719671886329175
0.9646512133037645
0.9573543209789419
0.9500957440040053
0.9428953449262433
0.9357735779549797
0.9287514404848499
0.9218504138178267
0.9150923922976038
0.9084996001886557
0.9020944957969833
0.8958996625442843
0.8899376869744233
0.8842310239907107
0.8788018499916749
0.8736719049852246
0.8688623252057360
0.8643934682207403
0.8602847329743838
0.8565543776507956
0.8532193386263202
0.8502950540883608
0.8477952961040855
0.8457320150010894
0.8441151998561103
0.8429527586662764
0.8422504213985618
0.8420116685858201
0.8422376874811479
0.8429273570251666
0.8440772620597047
0.8456817363779233
0.8477329333786119
0.8502209223329001
0.8531338076117606
0.8564578676914427
0.8601777103708443
0.8642764404087819
0.8687358357188727
0.8735365283347419
0.8786581865605305
0.8840796950279188
0.8897793297649148
0.8957349258165778
0.9019240354179806
0.9083240751820885
0.9149124612105896
0.9216667314489916
0.9285646549777923
0.9355843282526031
0.9427042585747266
0.9499034352898603
0.9571613893786484
0.9644582422227267
0.9717747444088172
0.9790923054769634
0.9863930155330015
0.9936596596354547
1.0008757258384979
1.0080254077302089
1.0150936022531072
1.0220659035355233
1.0289285934004926
1.0356686291559902
1.0422736292081860
1.0487318569793795
1.0550322035553410
1.0611641694335654
1.0671178456948787
1.0728838948760444
1.0784535317805930
1.0838185044288922
1.0889710753163659
1.0939040031204768
1.0986105249723765
1.1030843393876928
1.1073195899324653
1.1113108496844979
1.1150531065370408
1.1185417493805272
1.1217725551887925
1.1247416770285741
1.1274456330049154
1.1298812961502060
1.1320458852607809
1.1339369566821433
1.1355523970418193
1.1368904169274783
1.1379495455071644
1.1387286260881508
1.1392268126110028
1.1394435670758003
1.1393786578980905
1.1390321591929136
1.1384044509861297
1.1374962203532109
1.1363084634865670
1.1348424886933277
1.1330999203262042
1.1310827036505553
