1.0005221614793278
1.0005155677388327
1.0005077448301070
1.0004987114436539
1.0004884891557393
1.0004771023772889
1.0004645782960675
1.0004509468122669
1.0004362404676592
1.0004204943684691
1.0004037461021491
1.0003860356482523
1.0003674052836027
1.0003478994819848
1.0003275648085863
1.0003064498094378
1.0002846048961067
1.0002620822259138
1.0002389355779511
1.0002152202251953
1.0001909928030082
1.0001663111743382
1.0001412342919371
1.0001158220579200
1.0000901351809930
1.0000642350316911
1.0000381834959684
1.0000120428274859
0.9999858754989475
0.9999597440528409
0.9999337109519397
0.9999078384299191
0.9998821883424474
0.9998568220191106
0.9998318001165262
0.9998071824729975
0.9997830279650610
0.9997593943662729
0.9997363382085795
0.9997139146466052
0.9996921773251891
0.9996711782504956
0.9996509676650071
0.9996315939267112
0.9996131033927744
0.9995955403079884
0.9995789466982637
0.9995633622694309
0.9995488243116002
0.9995353676093125
0.9995230243577091
0.9995118240849217
0.9995017935808785
0.9994929568326993
0.9994853349668400
0.9994789461981369
0.9994738057858674
0.9994699259969407
0.9994673160763125
0.9994659822246925
0.9994659275836033
0.9994671522278257
0.9994696531652536
0.9994734243441482
0.9994784566677883
0.9994847380164692
0.9994922532767976
0.9995009843782153
0.9995109103366535
0.9995220073052127
0.9995342486317426
0.9995476049231795
0.9995620441164798
0.9995775315559764
0.9995940300769633
0.9996115000953043
0.9996298997028444
0.9996491847683869
0.9996693090439899
0.9996902242763215
0.9997118803227970
0.9997342252722141
0.9997572055695905
0.9997807661448987
0.9998048505453876
0.9998294010711616
0.9998543589136966
0.9998796642969463
0.9999052566207032
0.9999310746058649
0.9999570564412597
0.9999831399316673
1.0000092626466908
1.0000353620701126
1.0000613757493877
1.0000872414449031
1.0001128972786582
1.0001382818820079
1.0001633345421141
1.0001879953467652
1.0002122053272164
1.0002359065987119
1.0002590424983615
1.0002815577200466
1.0003033984460368
1.0003245124750075
1.0003448493461624
1.0003643604591688
1.0003829991896243
1.0004007209997898
1.0004174835443278
1.0004332467708035
1.0004479730147116
1.0004616270888131
1.0004741763665745
1.0004855908595141
1.0004958432882811
1.0005049091472979
1.0005127667628211
1.0005193973442874
1.0005247850288279
1.0005289169188427
1.0005317831125549
1.0005333767274716
1.0005336939166962
1.0005327338780625
1.0005304988560582
1.0005269941365431
1.0005222280342700
1.0005162118732336
1.0005089599598973
1.0005004895493599
1.0004908208045376
1.0004799767484547
1.0004679832097516
1.0004548687615402
1.0004406646537412
1.0004254047390624
1.0004091253927889
1.0003918654265700
1.0003736659964027
1.0003545705050205
1.0003346244989204
1.0003138755602619
1.0002923731938893
1.0002701687097422
1.0002473151009283
1.0002238669177417
1.0001998801379217
1.0001754120334596
1.0001505210342567
1.0001252665889664
1.0000997090233361
1.0000739093963948
1.0000479293548168
1.0000218309858104
0.9999956766688827
0.9999695289268273
0.9999434502762995
0.9999175030783265
0.9998917493891158
0.9998662508115177
0.9998410683475003
0.9998162622519898
0.9997918918884294
0.9997680155864053
0.9997446905016872
0.9997219724790185
0.9996999159179941
0.9996785736423497
0.9996579967729814
0.9996382346050092
0.9996193344891807
0.9996013417179052
0.9995842994162019
0.9995682484378262
0.9995532272668345
0.9995392719248273
0.9995264158840971
0.9995146899869000
0.9995041223710491
0.9994947384020115
0.9994865606116808
0.9994796086439752
0.9994738992073956
0.9994694460346626
0.9994662598495322
0.9994643483408729
0.9994637161440680
0.9994643648297894
0.9994662929001727
0.9994694957924016
0.9994739658896932
0.9994796925396552
0.9994866620799712
0.9994948578713508
0.9995042603376595
0.9995148470131338
0.9995265925965579
0.9995394690122745
0.9995534454778717
0.9995684885783831
0.9995845623468158
0.9996016283508056
0.9996196457851894
0.9996385715702638
0.9996583604554874
0.9996789651283708
0.9997003363282916
0.9997224229649487
0.9997451722411694
0.9997685297797673
0.9997924397541426
0.9998168450223066
0.9998416872640001
0.9998669071205802
0.9998924443373264
0.9999182379078290
0.9999442262201099
0.9999703472041189
0.9999965384802553
1.0000227375085569
1.0000488817381950
1.0000749087569221
1.0001007564401143
1.0001263630990562
1.0001516676281057
1.0001766096504006
1.0002011296617530
1.0002251691723991
1.0002486708462623
1.0002715786374099
1.0002938379233759
1.0003153956350386
1.0003362003827483
1.0003562025784141
1.0003753545532592
1.0003936106709745
1.0004109274360049
1.0004272635967182
1.0004425802432186
1.0004568408995718
1.0004700116102370
1.0004820610205007
1.0004929604507264
1.0005026839642512
1.0005112084287739
1.0005185135710928
1.0005245820250614
1.0005293993726612
1.0005329541780923
1.0005352380148029
1.0005362454853977
1.0005359742343796
1.0005344249536940
1.0005316013810626
1.0005275102911140
1.0005221614793278
1.0005155677388327
1.0005077448301070
1.0004987114436539
