1.2788497760254522
1.2765339513065799
1.2737758076669861
1.2705750505410640
1.2669313470812857
1.2628443312533897
1.2583136098885133
1.2533387698035436
1.2479193861210027
1.2420550319424759
1.2357452895553334
1.2289897633818747
1.2217880949136743
1.2141399799125301
1.2060451882039165
1.1975035864401518
1.1885151642697678
1.1790800644181731
1.1691986172640938
1.1588713805882493
1.1480991852773033
1.1368831878895664
1.1252249311318605
1.1131264134622401
1.1005901692240985
1.0876193609370026
1.0742178856219573
1.0603904973272389
1.0461429483486717
1.0314821520076740
1.0164163702624613
1.0009554298807144
0.9851109713898378
0.9688967355310827
0.9523288924535915
0.9354264193563998
0.9182115326615500
0.9007101809898457
0.8829526050795511
0.8649739701456597
0.8468150747526531
0.8285231376948882
0.8101526601483484
0.7917663538339262
0.7734361163267554
0.7552440210551351
0.7372832710389474
0.7196590413050211
0.7024891050608538
0.6859041041999062
0.6700472887421751
0.6550735187291291
0.6411473063163015
0.6284396899802539
0.6171237940643414
0.6073690504313505
0.5993342497126225
0.5931598322562832
0.5889600803519985
0.5868160649997720
0.5867702557337593
0.5888235674762642
0.5929352958822512
0.5990259512676870
0.6069825571203532
0.6166656496063158
0.6279170712465125
0.6405676997338234
0.6544444401652234
0.6693760594100794
0.6851976854416422
0.7017539879384401
0.7189011829358797
0.7365080680497899
0.7544563106539547
0.7726401965886053
0.7909660163097212
0.8093512294733399
0.8277235142920438
0.8460197779080358
0.8641851796613429
0.8821722004059407
0.8999397772409393
0.9174525132643445
0.9346799653166565
0.9515960083658653
0.9681782725460728
0.9844076473956371
1.0002678471702855
1.0157450309576506
1.0308274714972763
1.0455052669792542
1.0597700905638152
1.0736149728732685
1.0870341132183350
1.1000227158100337
1.1125768476628897
1.1246933153091196
1.1363695578147468
1.1476035539180947
1.1583937414012113
1.1687389470586187
1.1786383258489286
1.1880913080068956
1.1970975530598069
1.2056569098359415
1.2137693816770752
1.2214350961742577
1.2286542788386599
1.2354272301992002
1.2417543058876825
1.2476358993318455
1.2530724267283522
1.2580643140125241
1.2626119855804783
1.2667158545531909
1.2703763144015525
1.2735937317773847
1.2763684404181761
1.2787007360134903
1.2805908719389618
1.2820390557799595
1.2830454465816232
1.2836101527754260
1.2837332307448814
1.2834146840047953
1.2826544629797423
1.2814524653784796
1.2798085371719763
1.2777224741938540
1.2751940243935049
1.2722228907842310
1.2688087351416024
1.2649511825211974
1.2606498266801589
1.2559042365039412
1.2507139635585482
1.2450785509098976
1.2389975433760965
1.2324704994059235
1.2254970048082761
1.2180766885934311
1.2102092412284848
1.2018944356572148
1.1931321514898989
1.1839224028325883
1.1742653702993926
1.1641614378371465
1.1536112350913217
1.1426156861573706
1.1311760656953611
1.1192940635405506
1.1069718591215894
1.0942122072046903
1.0810185367200529
1.0673950646997163
1.0533469276675049
1.0388803331748853
1.0240027345733846
1.0087230325548411
0.9930518074718666
0.9770015869640886
0.9605871539443078
0.9438259005139150
0.9267382338319454
0.9093480402842974
0.8916832143794685
0.8737762584740696
0.8556649584755690
0.8373931387598041
0.8190114962392531
0.8005785082474635
0.7821614009335546
0.7638371533118042
0.7456934960234373
0.7278298423445522
0.7103580614815284
0.6934029710709319
0.6771023890293771
0.6616065491369311
0.6470766584125955
0.6336823703465012
0.6215979831736881
0.6109972642272969
0.6020469618976717
0.5948992922477206
0.5896839487520467
0.5865004222811141
0.5854115558000041
0.5864392222086231
0.5895627740606850
0.5947205077195763
0.6018139127358003
0.6107140674881085
0.6212692967447576
0.6333131650006262
0.6466720126694472
0.6611714790813058
0.6766417179538052
0.6929212381216411
0.7098594648341843
0.7273182106535327
0.7451722815095552
0.7633094403570718
0.7816299249987143
0.8000456810091685
0.8184794338729060
0.8368636911792456
0.8551397380521940
0.8732566673011128
0.8911704695446265
0.9088431968934430
0.9262422057155942
0.9433394786698197
0.9601110228430699
0.9765363388846836
0.9925979550513500
1.0082810197392009
1.0235729461500715
1.0384631030558571
1.0529425460772666
1.0670037844074871
1.0806405784399640
1.0938477642734006
1.1066211015492926
1.1189571415191573
1.1308531126367511
1.1423068213249608
1.1533165658797071
1.1638810617471753
1.1739993766495755
1.1836708742421598
1.1928951651640045
1.2016720645005208
1.2100015548098866
1.2178837539814336
1.2253188872939202
1.2323072631278169
1.2388492518601026
1.2449452675342987
1.2505957519539999
1.2558011608962272
1.2605619521826161
1.2648785753826965
1.2687514629550927
1.2721810226600943
1.2751676311012838
1.2777116282753134
1.2798133130279075
1.2814729393311548
1.2826907133124794
1.2834667909796498
1.2838012765990854
1.2836942216967888
1.2831456246627209
1.2821554309505541
1.2807235338756915
1.2788497760254522
1.2765339513065799
1.2737758076669861
1.2705750505410640
