1.0000000086992413
1.0000000086094163
1.0000000085003729
1.0000000083723914
1.0000000082257965
1.0000000080609566
1.0000000078782827
1.0000000076782276
1.0000000074612847
1.0000000072279864
1.0000000069789041
1.0000000067146455
1.0000000064358538
1.0000000061432048
1.0000000058374083
1.0000000055192046
1.0000000051893627
1.0000000048486757
1.0000000044979631
1.0000000041380692
1.0000000037698589
1.0000000033942154
1.0000000030120395
1.0000000026242464
1.0000000022317621
1.0000000018355237
1.0000000014364778
1.0000000010355743
1.0000000006337675
1.0000000002320135
0.9999999998312671
0.9999999994324795
0.9999999990365960
0.9999999986445538
0.9999999982572816
0.9999999978756963
0.9999999975006986
0.9999999971331738
0.9999999967739882
0.9999999964239872
0.9999999960839946
0.9999999957548082
0.9999999954371985
0.9999999951319071
0.9999999948396455
0.9999999945610933
0.9999999942968977
0.9999999940476701
0.9999999938139872
0.9999999935963861
0.9999999933953654
0.9999999932113824
0.9999999930448529
0.9999999928961516
0.9999999927656087
0.9999999926535094
0.9999999925600950
0.9999999924855607
0.9999999924300562
0.9999999923936846
0.9999999923765032
0.9999999923785222
0.9999999923997068
0.9999999924399756
0.9999999924992008
0.9999999925772096
0.9999999926737827
0.9999999927886566
0.9999999929215230
0.9999999930720291
0.9999999932397808
0.9999999934243424
0.9999999936252372
0.9999999938419492
0.9999999940739245
0.9999999943205717
0.9999999945812640
0.9999999948553414
0.9999999951421124
0.9999999954408549
0.9999999957508180
0.9999999960712221
0.9999999964012641
0.9999999967401170
0.9999999970869327
0.9999999974408443
0.9999999978009682
0.9999999981664051
0.9999999985362428
0.9999999989095573
0.9999999992854169
0.9999999996628837
1.0000000000410172
1.0000000004188747
1.0000000007955143
1.0000000011699970
1.0000000015413906
1.0000000019087716
1.0000000022712243
1.0000000026278448
1.0000000029777434
1.0000000033200465
1.0000000036538990
1.0000000039784669
1.0000000042929380
1.0000000045965258
1.0000000048884692
1.0000000051680364
1.0000000054345257
1.0000000056872667
1.0000000059256233
1.0000000061489931
1.0000000063568082
1.0000000065485395
1.0000000067236958
1.0000000068818273
1.0000000070225261
1.0000000071454263
1.0000000072502058
1.0000000073365873
1.0000000074043365
1.0000000074532638
1.0000000074832252
1.0000000074941224
1.0000000074859030
1.0000000074585622
1.0000000074121418
1.0000000073467297
1.0000000072624602
1.0000000071595130
1.0000000070381141
1.0000000068985337
1.0000000067410870
1.0000000065661330
1.0000000063740724
1.0000000061653480
1.0000000059404435
1.0000000056998821
1.0000000054442260
1.0000000051740738
1.0000000048900581
1.0000000045928454
1.0000000042831358
1.0000000039616612
1.0000000036291827
1.0000000032864884
1.0000000029343914
1.0000000025737286
1.0000000022053572
1.0000000018301536
1.0000000014490105
1.0000000010628374
1.0000000006725569
1.0000000002791019
0.9999999998834137
0.9999999994864405
0.9999999990891334
0.9999999986924463
0.9999999982973315
0.9999999979047387
0.9999999975156131
0.9999999971308924
0.9999999967515031
0.9999999963783610
0.9999999960123687
0.9999999956544121
0.9999999953053597
0.9999999949660597
0.9999999946373390
0.9999999943199981
0.9999999940148120
0.9999999937225258
0.9999999934438561
0.9999999931794875
0.9999999929300715
0.9999999926962243
0.9999999924785259
0.9999999922775180
0.9999999920937042
0.9999999919275463
0.9999999917794652
0.9999999916498382
0.9999999915389993
0.9999999914472385
0.9999999913748017
0.9999999913218889
0.9999999912886542
0.9999999912752053
0.9999999912816031
0.9999999913078631
0.9999999913539531
0.9999999914197943
0.9999999915052603
0.9999999916101788
0.9999999917343312
0.9999999918774528
0.9999999920392350
0.9999999922193241
0.9999999924173235
0.9999999926327949
0.9999999928652586
0.9999999931141942
0.9999999933790433
0.9999999936592094
0.9999999939540599
0.9999999942629275
0.9999999945851102
0.9999999949198745
0.9999999952664559
0.9999999956240629
0.9999999959918788
0.9999999963690628
0.9999999967547512
0.9999999971480604
0.9999999975480887
0.9999999979539183
0.9999999983646181
0.9999999987792447
0.9999999991968457
0.9999999996164616
1.0000000000371272
1.0000000004578748
1.0000000008777363
1.0000000012957451
1.0000000017109394
1.0000000021223652
1.0000000025290772
1.0000000029301401
1.0000000033246330
1.0000000037116512
1.0000000040903059
1.0000000044597279
1.0000000048190703
1.0000000051675086
1.0000000055042446
1.0000000058285075
1.0000000061395573
1.0000000064366850
1.0000000067192139
1.0000000069865029
1.0000000072379474
1.0000000074729796
1.0000000076910700
1.0000000078917297
1.0000000080745095
1.0000000082390021
1.0000000083848442
1.0000000085117160
1.0000000086193424
1.0000000087074925
1.0000000087759831
1.0000000088246752
1.0000000088534782
1.0000000088623471
1.0000000088512848
1.0000000088203413
1.0000000087696126
1.0000000086992413
1.0000000086094163
1.0000000085003729
1.0000000083723914
