1.0000000000108187
1.0000000000108578
1.0000000000108802
1.0000000000108855
1.0000000000108742
1.0000000000108469
1.0000000000108040
1.0000000000107447
1.0000000000106686
1.0000000000105762
1.0000000000104694
1.0000000000103497
1.0000000000102183
1.0000000000100762
1.0000000000099236
1.0000000000097609
1.0000000000095879
1.0000000000094045
1.0000000000092095
1.0000000000090028
1.0000000000087854
1.0000000000085576
1.0000000000083207
1.0000000000080753
1.0000000000078222
1.0000000000075622
1.0000000000072959
1.0000000000070239
1.0000000000067479
1.0000000000064697
1.0000000000061899
1.0000000000059099
1.0000000000056299
1.0000000000053508
1.0000000000050735
1.0000000000047984
1.0000000000045255
1.0000000000042553
1.0000000000039886
1.0000000000037255
1.0000000000034670
1.0000000000032150
1.0000000000029705
1.0000000000027340
1.0000000000025056
1.0000000000022851
1.0000000000020728
1.0000000000018685
1.0000000000016729
1.0000000000014866
1.0000000000013096
1.0000000000011422
1.0000000000009837
1.0000000000008342
1.0000000000006937
1.0000000000005620
1.0000000000004385
1.0000000000003231
1.0000000000002152
1.0000000000001150
1.0000000000000229
0.9999999999999385
0.9999999999998626
0.9999999999997945
0.9999999999997348
0.9999999999996828
0.9999999999996387
0.9999999999996027
0.9999999999995743
0.9999999999995548
0.9999999999995443
0.9999999999995419
0.9999999999995471
0.9999999999995592
0.9999999999995787
0.9999999999996045
0.9999999999996364
0.9999999999996738
0.9999999999997153
0.9999999999997600
0.9999999999998083
0.9999999999998607
0.9999999999999175
0.9999999999999784
1.0000000000000424
1.0000000000001097
1.0000000000001803
1.0000000000002522
1.0000000000003255
1.0000000000004006
1.0000000000004767
1.0000000000005533
1.0000000000006302
1.0000000000007059
1.0000000000007783
1.0000000000008473
1.0000000000009133
1.0000000000009774
1.0000000000010392
1.0000000000010996
1.0000000000011586
1.0000000000012175
1.0000000000012763
1.0000000000013345
1.0000000000013896
1.0000000000014415
1.0000000000014908
1.0000000000015374
1.0000000000015803
1.0000000000016183
1.0000000000016507
1.0000000000016778
1.0000000000017000
1.0000000000017180
1.0000000000017319
1.0000000000017411
1.0000000000017439
1.0000000000017397
1.0000000000017291
1.0000000000017133
1.0000000000016926
1.0000000000016682
1.0000000000016400
1.0000000000016089
1.0000000000015743
1.0000000000015357
1.0000000000014921
1.0000000000014440
1.0000000000013911
1.0000000000013338
1.0000000000012728
1.0000000000012079
1.0000000000011395
1.0000000000010683
1.0000000000009939
1.0000000000009159
1.0000000000008340
1.0000000000007478
1.0000000000006586
1.0000000000005660
1.0000000000004692
1.0000000000003679
1.0000000000002625
1.0000000000001530
1.0000000000000413
0.9999999999999283
0.9999999999998150
0.9999999999997008
0.9999999999995851
0.9999999999994691
0.9999999999993516
0.9999999999992327
0.9999999999991125
0.9999999999989910
0.9999999999988686
0.9999999999987452
0.9999999999986213
0.9999999999984968
0.9999999999983719
0.9999999999982473
0.9999999999981228
0.9999999999979985
0.9999999999978743
0.9999999999977516
0.9999999999976318
0.9999999999975157
0.9999999999974024
0.9999999999972926
0.9999999999971869
0.9999999999970854
0.9999999999969891
0.9999999999968974
0.9999999999968101
0.9999999999967276
0.9999999999966512
0.9999999999965817
0.9999999999965185
0.9999999999964615
0.9999999999964114
0.9999999999963685
0.9999999999963324
0.9999999999963040
0.9999999999962839
0.9999999999962722
0.9999999999962699
0.9999999999962770
0.9999999999962934
0.9999999999963197
0.9999999999963559
0.9999999999964020
0.9999999999964572
0.9999999999965200
0.9999999999965895
0.9999999999966657
0.9999999999967486
0.9999999999968388
0.9999999999969376
0.9999999999970460
0.9999999999971640
0.9999999999972917
0.9999999999974294
0.9999999999975769
0.9999999999977335
0.9999999999978992
0.9999999999980738
0.9999999999982577
0.9999999999984518
0.9999999999986552
0.9999999999988669
0.9999999999990871
0.9999999999993149
0.9999999999995506
0.9999999999997942
1.0000000000000457
1.0000000000003051
1.0000000000005715
1.0000000000008444
1.0000000000011229
1.0000000000014060
1.0000000000016935
1.0000000000019851
1.0000000000022804
1.0000000000025802
1.0000000000028830
1.0000000000031890
1.0000000000034979
1.0000000000038087
1.0000000000041211
1.0000000000044345
1.0000000000047480
1.0000000000050615
1.0000000000053744
1.0000000000056855
1.0000000000059934
1.0000000000062967
1.0000000000065945
1.0000000000068854
1.0000000000071692
1.0000000000074456
1.0000000000077134
1.0000000000079723
1.0000000000082232
1.0000000000084668
1.0000000000087035
1.0000000000089329
1.0000000000091547
1.0000000000093672
1.0000000000095688
1.0000000000097589
1.0000000000099361
1.0000000000100999
1.0000000000102500
1.0000000000103857
1.0000000000105056
1.0000000000106088
1.0000000000106948
1.0000000000107645
1.0000000000108187
1.0000000000108578
1.0000000000108802
1.0000000000108855
