1.0000009819309246
1.0000009699888408
1.0000009557632883
1.0000009392887745
1.0000009206051614
1.0000008997575698
1.0000008767962720
1.0000008517765702
1.0000008247586649
1.0000007958075110
1.0000007649926623
1.0000007323881033
1.0000006980720744
1.0000006621268829
1.0000006246387070
1.0000005856973904
1.0000005453962260
1.0000005038317326
1.0000004611034246
1.0000004173135750
1.0000003725669699
1.0000003269706563
1.0000002806336885
1.0000002336668665
1.0000001861824721
1.0000001382939996
1.0000000901158839
1.0000000417632280
0.9999999933515292
0.9999999449964012
0.9999998968132993
0.9999998489172418
0.9999998014225377
0.9999997544425111
0.9999997080892328
0.9999996624732507
0.9999996177033276
0.9999995738861805
0.9999995311262263
0.9999994895253309
0.9999994491825662
0.9999994101939738
0.9999993726523372
0.9999993366469586
0.9999993022634466
0.9999992695835094
0.9999992386847626
0.9999992096405437
0.9999991825197363
0.9999991573866068
0.9999991343006502
0.9999991133164469
0.9999990944835342
0.9999990778462878
0.9999990634438177
0.9999990513098714
0.9999990414727564
0.9999990339552716
0.9999990287746544
0.9999990259425411
0.9999990254649381
0.9999990273422088
0.9999990315690723
0.9999990381346155
0.9999990470223197
0.9999990582101007
0.9999990716703657
0.9999990873700771
0.9999991052708315
0.9999991253289519
0.9999991474955953
0.9999991717168657
0.9999991979339450
0.9999992260832357
0.9999992560965130
0.9999992879010884
0.9999993214199838
0.9999993565721156
0.9999993932724893
0.9999994314324048
0.9999994709596658
0.9999995117588021
0.9999995537312989
0.9999995967758343
0.9999996407885202
0.9999996856631521
0.9999997312914624
0.9999997775633814
0.9999998243673006
0.9999998715903393
0.9999999191186156
0.9999999668375187
1.0000000146319834
1.0000000623867653
1.0000001099867182
1.0000001573170694
1.0000002042636946
1.0000002507133920
1.0000002965541519
1.0000003416754275
1.0000003859683970
1.0000004293262259
1.0000004716443229
1.0000005128205909
1.0000005527556703
1.0000005913531764
1.0000006285199317
1.0000006641661887
1.0000006982058465
1.0000007305566549
1.0000007611404136
1.0000007898831595
1.0000008167153431
1.0000008415719943
1.0000008643928797
1.0000008851226458
1.0000009037109530
1.0000009201125959
1.0000009342876122
1.0000009462013775
1.0000009558246885
1.0000009631338351
1.0000009681106548
1.0000009707425792
1.0000009710226627
1.0000009689496014
1.0000009645277343
1.0000009577670350
1.0000009486830879
1.0000009372970520
1.0000009236356100
1.0000009077309033
1.0000008896204573
1.0000008693470905
1.0000008469588142
1.0000008225087167
1.0000007960548363
1.0000007676600238
1.0000007373917930
1.0000007053221591
1.0000006715274672
1.0000006360882081
1.0000005990888263
1.0000005606175204
1.0000005207660319
1.0000004796294266
1.0000004373058662
1.0000003938963720
1.0000003495045851
1.0000003042365180
1.0000002582003031
1.0000002115059341
1.0000001642650032
1.0000001165904335
1.0000000685962100
1.0000000203971053
0.9999999721084066
0.9999999238456382
0.9999998757242876
0.9999998278595282
0.9999997803659452
0.9999997333572603
0.9999996869460598
0.9999996412435260
0.9999995963591702
0.9999995524005717
0.9999995094731202
0.9999994676797633
0.9999994271207604
0.9999993878934433
0.9999993500919847
0.9999993138071714
0.9999992791261860
0.9999992461323994
0.9999992149051707
0.9999991855196578
0.9999991580466359
0.9999991325523286
0.9999991090982511
0.9999990877410612
0.9999990685324249
0.9999990515188917
0.9999990367417828
0.9999990242370930
0.9999990140354021
0.9999990061618034
0.9999990006358417
0.9999989974714648
0.9999989966769911
0.9999989982550900
0.9999990022027759
0.9999990085114155
0.9999990171667450
0.9999990281489052
0.9999990414324884
0.9999990569865976
0.9999990747749207
0.9999990947558172
0.9999991168824175
0.9999991411027337
0.9999991673597826
0.9999991955917221
0.9999992257320003
0.9999992577095121
0.9999992914487693
0.9999993268700795
0.9999993638897360
0.9999994024202169
0.9999994423703952
0.9999994836457563
0.9999995261486232
0.9999995697783879
0.9999996144317518
0.9999996600029717
0.9999997063841125
0.9999997534653060
0.9999998011350131
0.9999998492802863
0.9999998977870410
0.9999999465403285
0.9999999954246097
1.0000000443240304
1.0000000931226967
1.0000001417049533
1.0000001899556605
1.0000002377604651
1.0000002850060754
1.0000003315805306
1.0000003773734687
1.0000004222763883
1.0000004661829083
1.0000005089890216
1.0000005505933438
1.0000005908973539
1.0000006298056285
1.0000006672260708
1.0000007030701308
1.0000007372530153
1.0000007696938913
1.0000008003160779
1.0000008290472278
1.0000008558195010
1.0000008805697262
1.0000009032395520
1.0000009237755854
1.0000009421295200
1.0000009582582483
1.0000009721239655
1.0000009836942578
1.0000009929421847
1.0000009998463397
1.0000010043909009
1.0000010065656668
1.0000010063660807
1.0000010037932427
1.0000009988539078
1.0000009915604684
1.0000009819309246
1.0000009699888408
1.0000009557632883
1.0000009392887745
