1.0000001645388119
1.0000001626057038
1.0000001602942492
1.0000001576101221
1.0000001545598789
1.0000001511509449
1.0000001473915963
1.0000001432909409
1.0000001388588964
1.0000001341061653
1.0000001290442098
1.0000001236852252
1.0000001180421112
1.0000001121284388
1.0000001059584191
1.0000000995468699
1.0000000929091781
1.0000000860612641
1.0000000790195454
1.0000000718008950
1.0000000644226008
1.0000000569023249
1.0000000492580614
1.0000000415080936
1.0000000336709496
1.0000000257653574
1.0000000178102024
1.0000000098244826
1.0000000018272615
0.9999999938376236
0.9999999858746285
0.9999999779572644
0.9999999701044030
0.9999999623347554
0.9999999546668272
0.9999999471188727
0.9999999397088533
0.9999999324543937
0.9999999253727401
0.9999999184807177
0.9999999117946915
0.9999999053305286
0.9999998991035588
0.9999998931285382
0.9999998874196141
0.9999998819902912
0.9999998768534014
0.9999998720210710
0.9999998675046909
0.9999998633148915
0.9999998594615166
0.9999998559535996
0.9999998527993437
0.9999998500061001
0.9999998475803523
0.9999998455276995
0.9999998438528445
0.9999998425595819
0.9999998416507899
0.9999998411284216
0.9999998409935009
0.9999998412461218
0.9999998418854464
0.9999998429097079
0.9999998443162152
0.9999998461013588
0.9999998482606220
0.9999998507885911
0.9999998536789659
0.9999998569245780
0.9999998605174051
0.9999998644485917
0.9999998687084716
0.9999998732865899
0.9999998781717272
0.9999998833519274
0.9999998888145272
0.9999998945461862
0.9999999005329204
0.9999999067601321
0.9999999132126486
0.9999999198747577
0.9999999267302445
0.9999999337624313
0.9999999409542166
0.9999999482881153
0.9999999557463033
0.9999999633106565
0.9999999709627980
0.9999999786841415
0.9999999864559356
0.9999999942593096
1.0000000020753179
1.0000000098849857
1.0000000176693524
1.0000000254095196
1.0000000330866943
1.0000000406822356
1.0000000481777001
1.0000000555548854
1.0000000627958738
1.0000000698830758
1.0000000767992703
1.0000000835276486
1.0000000900518531
1.0000000963560169
1.0000001024248029
1.0000001082434387
1.0000001137977534
1.0000001190742123
1.0000001240599463
1.0000001287427853
1.0000001331112869
1.0000001371547664
1.0000001408633190
1.0000001442278439
1.0000001472400670
1.0000001498925610
1.0000001521787631
1.0000001540929904
1.0000001556304545
1.0000001567872721
1.0000001575604751
1.0000001579480180
1.0000001579487816
1.0000001575625772
1.0000001567901464
1.0000001556331619
1.0000001540942205
1.0000001521768374
1.0000001498854394
1.0000001472253524
1.0000001442027904
1.0000001408248398
1.0000001370994438
1.0000001330353816
1.0000001286422480
1.0000001239304310
1.0000001189110870
1.0000001135961154
1.0000001079981284
1.0000001021304208
1.0000000960069397
1.0000000896422505
1.0000000830515023
1.0000000762503933
1.0000000692551316
1.0000000620823957
1.0000000547492958
1.0000000472733326
1.0000000396723556
1.0000000319645197
1.0000000241682419
1.0000000163021578
1.0000000083850769
1.0000000004359371
0.9999999924737625
0.9999999845176144
0.9999999765865468
0.9999999686995602
0.9999999608755560
0.9999999531332923
0.9999999454913401
0.9999999379680377
0.9999999305814474
0.9999999233493126
0.9999999162890131
0.9999999094175241
0.9999999027513766
0.9999998963066171
0.9999998900987689
0.9999998841427954
0.9999998784530653
0.9999998730433176
0.9999998679266285
0.9999998631153809
0.9999998586212326
0.9999998544550880
0.9999998506270735
0.9999998471465144
0.9999998440219102
0.9999998412609157
0.9999998388703222
0.9999998368560409
0.9999998352230891
0.9999998339755771
0.9999998331166999
0.9999998326487278
0.9999998325730012
0.9999998328899274
0.9999998335989803
0.9999998346987012
0.9999998361867024
0.9999998380596705
0.9999998403133759
0.9999998429426835
0.9999998459415633
0.9999998493031050
0.9999998530195349
0.9999998570822350
0.9999998614817637
0.9999998662078764
0.9999998712495506
0.9999998765950111
0.9999998822317598
0.9999998881466040
0.9999998943256883
0.9999999007545264
0.9999999074180363
0.9999999143005762
0.9999999213859826
0.9999999286576088
0.9999999360983656
0.9999999436907597
0.9999999514169358
0.9999999592587189
0.9999999671976580
0.9999999752150703
0.9999999832920864
0.9999999914096928
0.9999999995487779
1.0000000076901798
1.0000000158147295
1.0000000239032978
1.0000000319368409
1.0000000398964450
1.0000000477633717
1.0000000555191018
1.0000000631453794
1.0000000706242576
1.0000000779381395
1.0000000850698205
1.0000000920025300
1.0000000987199689
1.0000001052063492
1.0000001114464312
1.0000001174255613
1.0000001231297087
1.0000001285454965
1.0000001336602342
1.0000001384619461
1.0000001429394012
1.0000001470821400
1.0000001508804979
1.0000001543256289
1.0000001574095285
1.0000001601250499
1.0000001624659216
1.0000001644267622
1.0000001660030948
1.0000001671913572
1.0000001679889094
1.0000001683940407
1.0000001684059732
1.0000001680248625
1.0000001672517973
1.0000001660887983
1.0000001645388119
1.0000001626057038
1.0000001602942492
1.0000001576101221
