1.0000000003049918
1.0000000003030900
1.0000000003006031
1.0000000002975409
1.0000000002939124
1.0000000002897276
1.0000000002849971
1.0000000002797331
1.0000000002739486
1.0000000002676572
1.0000000002608755
1.0000000002536216
1.0000000002459137
1.0000000002377722
1.0000000002292169
1.0000000002202685
1.0000000002109481
1.0000000002012785
1.0000000001912832
1.0000000001809877
1.0000000001704172
1.0000000001595948
1.0000000001485454
1.0000000001372955
1.0000000001258729
1.0000000001143048
1.0000000001026186
1.0000000000908416
1.0000000000790012
1.0000000000671254
1.0000000000552427
1.0000000000433802
1.0000000000315648
1.0000000000198237
1.0000000000081841
0.9999999999966732
0.9999999999853173
0.9999999999741431
0.9999999999631765
0.9999999999524424
0.9999999999419656
0.9999999999317699
0.9999999999218776
0.9999999999123110
0.9999999999030914
0.9999999998942383
0.9999999998857700
0.9999999998777039
0.9999999998700576
0.9999999998628472
0.9999999998560878
0.9999999998497948
0.9999999998439809
0.9999999998386581
0.9999999998338375
0.9999999998295288
0.9999999998257395
0.9999999998224766
0.9999999998197455
0.9999999998175511
0.9999999998158954
0.9999999998147792
0.9999999998142012
0.9999999998141602
0.9999999998146537
0.9999999998156771
0.9999999998172245
0.9999999998192884
0.9999999998218607
0.9999999998249326
0.9999999998284943
0.9999999998325353
0.9999999998370420
0.9999999998420005
0.9999999998473960
0.9999999998532110
0.9999999998594282
0.9999999998660283
0.9999999998729918
0.9999999998802991
0.9999999998879312
0.9999999998958659
0.9999999999040795
0.9999999999125483
0.9999999999212472
0.9999999999301519
0.9999999999392377
0.9999999999484794
0.9999999999578513
0.9999999999673278
0.9999999999768826
0.9999999999864897
0.9999999999961241
1.0000000000057594
1.0000000000153697
1.0000000000249283
1.0000000000344087
1.0000000000437848
1.0000000000530309
1.0000000000621223
1.0000000000710345
1.0000000000797420
1.0000000000882201
1.0000000000964457
1.0000000001043949
1.0000000001120446
1.0000000001193741
1.0000000001263636
1.0000000001329932
1.0000000001392444
1.0000000001450982
1.0000000001505376
1.0000000001555471
1.0000000001601124
1.0000000001642191
1.0000000001678542
1.0000000001710063
1.0000000001736640
1.0000000001758176
1.0000000001774592
1.0000000001785823
1.0000000001791824
1.0000000001792568
1.0000000001788030
1.0000000001778178
1.0000000001763025
1.0000000001742593
1.0000000001716911
1.0000000001686018
1.0000000001649989
1.0000000001608882
1.0000000001562772
1.0000000001511744
1.0000000001455895
1.0000000001395344
1.0000000001330214
1.0000000001260643
1.0000000001186788
1.0000000001108820
1.0000000001026914
1.0000000000941265
1.0000000000852067
1.0000000000759541
1.0000000000663904
1.0000000000565381
1.0000000000464198
1.0000000000360583
1.0000000000254776
1.0000000000147027
1.0000000000037563
0.9999999999926640
0.9999999999814537
0.9999999999701529
0.9999999999587890
0.9999999999473905
0.9999999999359859
0.9999999999246024
0.9999999999132677
0.9999999999020088
0.9999999998908529
0.9999999998798265
0.9999999998689557
0.9999999998582684
0.9999999998477902
0.9999999998375477
0.9999999998275666
0.9999999998178718
0.9999999998084882
0.9999999997994400
0.9999999997907512
0.9999999997824439
0.9999999997745411
0.9999999997670644
0.9999999997600323
0.9999999997534635
0.9999999997473757
0.9999999997417852
0.9999999997367074
0.9999999997321557
0.9999999997281428
0.9999999997246803
0.9999999997217776
0.9999999997194429
0.9999999997176853
0.9999999997165120
0.9999999997159281
0.9999999997159380
0.9999999997165449
0.9999999997177513
0.9999999997195569
0.9999999997219601
0.9999999997249577
0.9999999997285453
0.9999999997327174
0.9999999997374670
0.9999999997427850
0.9999999997486613
0.9999999997550856
0.9999999997620461
0.9999999997695285
0.9999999997775182
0.9999999997860000
0.9999999997949575
0.9999999998043730
0.9999999998142282
0.9999999998245036
0.9999999998351783
0.9999999998462289
0.9999999998576321
0.9999999998693648
0.9999999998814028
0.9999999998937199
0.9999999999062898
0.9999999999190853
0.9999999999320791
0.9999999999452425
0.9999999999585469
0.9999999999719634
0.9999999999854635
0.9999999999990187
1.0000000000125993
1.0000000000261760
1.0000000000397202
1.0000000000532039
1.0000000000665983
1.0000000000798754
1.0000000000930069
1.0000000001059635
1.0000000001187177
1.0000000001312417
1.0000000001435090
1.0000000001554936
1.0000000001671714
1.0000000001785183
1.0000000001895111
1.0000000002001270
1.0000000002103437
1.0000000002201397
1.0000000002294942
1.0000000002383884
1.0000000002468041
1.0000000002547247
1.0000000002621352
1.0000000002690208
1.0000000002753675
1.0000000002811633
1.0000000002863976
1.0000000002910603
1.0000000002951426
1.0000000002986367
1.0000000003015370
1.0000000003038394
1.0000000003055400
1.0000000003066365
1.0000000003071283
1.0000000003070162
1.0000000003063025
1.0000000003049918
1.0000000003030900
1.0000000003006031
1.0000000002975409
