1.0000340079321095
1.0000335817553083
1.0000330757036586
1.0000324909922860
1.0000318290240779
1.0000310913863264
1.0000302798469356
1.0000293963501945
1.0000284430121287
1.0000274221154428
1.0000263361040649
1.0000251875773039
1.0000239792836396
1.0000227141141527
1.0000213950956156
1.0000200253832585
1.0000186082532292
1.0000171470947632
1.0000156454020832
1.0000141067660482
1.0000125348655720
1.0000109334588307
1.0000093063742832
1.0000076575015200
1.0000059907819665
1.0000043101994627
1.0000026197707412
1.0000009235358298
0.9999992255483937
0.9999975298660458
0.9999958405406493
0.9999941616086306
0.9999924970813329
0.9999908509354272
0.9999892271034079
0.9999876294641905
0.9999860618338398
0.9999845279564491
0.9999830314951906
0.9999815760235573
0.9999801650168215
0.9999788018437279
0.9999774897584387
0.9999762318927566
0.9999750312486377
0.9999738906910134
0.9999728129409442
0.9999718005691155
0.9999708559896927
0.9999699814545514
0.9999691790478956
0.9999684506812773
0.9999677980890262
0.9999672228241073
0.9999667262544100
0.9999663095594825
0.9999659737277139
0.9999657195539738
0.9999655476377168
0.9999654583815520
0.9999654519902869
0.9999655284704416
0.9999656876302395
0.9999659290800695
0.9999662522334263
0.9999666563083162
0.9999671403291341
0.9999677031290034
0.9999683433525713
0.9999690594592591
0.9999698497269498
0.9999707122561140
0.9999716449743594
0.9999726456413934
0.9999737118543898
0.9999748410537381
0.9999760305291757
0.9999772774262737
0.9999785787532701
0.9999799313882312
0.9999813320865214
0.9999827774885702
0.9999842641279134
0.9999857884394885
0.9999873467681659
0.9999889353774957
0.9999905504586476
0.9999921881395240
0.9999938444940233
0.9999955155514335
0.9999971973059337
0.9999988857261752
1.0000005767649263
1.0000022663687529
1.0000039504877152
1.0000056250850546
1.0000072861468503
1.0000089296916204
1.0000105517798432
1.0000121485233786
1.0000137160947675
1.0000152507363846
1.0000167487694267
1.0000182066027083
1.0000196207412526
1.0000209877946491
1.0000223044851584
1.0000235676555509
1.0000247742766561
1.0000259214546083
1.0000270064377652
1.0000280266232890
1.0000289795633699
1.0000298629710809
1.0000306747258472
1.0000314128785179
1.0000320756560270
1.0000326614656339
1.0000331688987349
1.0000335967342333
1.0000339439414612
1.0000342096826458
1.0000343933149174
1.0000344943918484
1.0000345126645240
1.0000344480821417
1.0000343007921346
1.0000340711398261
1.0000337596676079
1.0000333671136485
1.0000328944101342
1.0000323426810438
1.0000317132394694
1.0000310075844827
1.0000302273975561
1.0000293745385493
1.0000284510412685
1.0000274591086098
1.0000264011073008
1.0000252795622468
1.0000240971505017
1.0000228566948737
1.0000215611571823
1.0000202136311844
1.0000188173351847
1.0000173756043458
1.0000158918827222
1.0000143697150308
1.0000128127381793
1.0000112246725767
1.0000096093132442
1.0000079705207467
1.0000063122119649
1.0000046383507359
1.0000029529383798
1.0000012600041353
0.9999995635955288
0.9999978677686980
0.9999961765786971
0.9999944940698022
0.9999928242658422
0.9999911711605775
0.9999895387081503
0.9999879308136336
0.9999863513236903
0.9999848040173771
0.9999832925971043
0.9999818206797817
0.9999803917881696
0.9999790093424504
0.9999776766520490
0.9999763969077161
0.9999751731738957
0.9999740083813936
0.9999729053203629
0.9999718666336304
0.9999708948103728
0.9999699921801576
0.9999691609073691
0.9999684029860294
0.9999677202350232
0.9999671142937454
0.9999665866181731
0.9999661384773799
0.9999657709504955
0.9999654849241210
0.9999652810902027
0.9999651599443736
0.9999651217847600
0.9999651667112647
0.9999652946253234
0.9999655052301357
0.9999657980313683
0.9999661723383318
0.9999666272656283
0.9999671617352643
0.9999677744792215
0.9999684640424850
0.9999692287865175
0.9999700668931714
0.9999709763690322
0.9999719550501794
0.9999730006073586
0.9999741105515427
0.9999752822398799
0.9999765128820075
0.9999777995467192
0.9999791391689686
0.9999805285571914
0.9999819644009337
0.9999834432787605
0.9999849616664285
0.9999865159453067
0.9999881024110248
0.9999897172823222
0.9999913567100813
0.9999930167865261
0.9999946935545568
0.9999963830172028
0.9999980811471726
0.9999997838964745
1.0000014872060854
1.0000031870156481
1.0000048792731713
1.0000065599447057
1.0000082250239797
1.0000098705419704
1.0000114925763826
1.0000130872610156
1.0000146507949970
1.0000161794518574
1.0000176695884313
1.0000191176535571
1.0000205201965555
1.0000218738754694
1.0000231754650442
1.0000244218644267
1.0000256101045681
1.0000267373553122
1.0000278009321542
1.0000287983026450
1.0000297270924376
1.0000305850909523
1.0000313702566530
1.0000320807219194
1.0000327147975032
1.0000332709765589
1.0000337479382382
1.0000341445508405
1.0000344598745108
1.0000346931634811
1.0000348438678461
1.0000349116348717
1.0000348963098336
1.0000347979363824
1.0000346167564367
1.0000343532096003
1.0000340079321095
1.0000335817553083
1.0000330757036586
1.0000324909922860
