1.0000000008592433
1.0000000008524441
1.0000000008438814
1.0000000008335799
1.0000000008215679
1.0000000008078780
1.0000000007925471
1.0000000007756151
1.0000000007571259
1.0000000007371261
1.0000000007156651
1.0000000006927954
1.0000000006685732
1.0000000006430583
1.0000000006163117
1.0000000005883980
1.0000000005593854
1.0000000005293435
1.0000000004983458
1.0000000004664680
1.0000000004337866
1.0000000004003802
1.0000000003663287
1.0000000003317151
1.0000000002966232
1.0000000002611393
1.0000000002253486
1.0000000001893359
1.0000000001531857
1.0000000001169824
1.0000000000808107
1.0000000000447560
1.0000000000089031
0.9999999999733359
0.9999999999381369
0.9999999999033886
0.9999999998691717
0.9999999998355665
0.9999999998026511
0.9999999997705011
0.9999999997391903
0.9999999997087901
0.9999999996793697
0.9999999996509958
0.9999999996237331
0.9999999995976437
0.9999999995727877
0.9999999995492211
0.9999999995269966
0.9999999995061627
0.9999999994867653
0.9999999994688465
0.9999999994524449
0.9999999994375929
0.9999999994243204
0.9999999994126536
0.9999999994026159
0.9999999993942249
0.9999999993874954
0.9999999993824380
0.9999999993790593
0.9999999993773622
0.9999999993773436
0.9999999993789978
0.9999999993823147
0.9999999993872810
0.9999999993938787
0.9999999994020852
0.9999999994118750
0.9999999994232190
0.9999999994360836
0.9999999994504318
0.9999999994662224
0.9999999994834103
0.9999999995019463
0.9999999995217784
0.9999999995428521
0.9999999995651108
0.9999999995884936
0.9999999996129361
0.9999999996383736
0.9999999996647375
0.9999999996919575
0.9999999997199617
0.9999999997486749
0.9999999997780213
0.9999999998079230
0.9999999998383010
0.9999999998690752
0.9999999999001641
0.9999999999314862
0.9999999999629596
0.9999999999945003
1.0000000000260245
1.0000000000574485
1.0000000000886891
1.0000000001196649
1.0000000001502947
1.0000000001804983
1.0000000002101965
1.0000000002393110
1.0000000002677658
1.0000000002954867
1.0000000003224003
1.0000000003484348
1.0000000003735228
1.0000000003975971
1.0000000004205933
1.0000000004424501
1.0000000004631084
1.0000000004825125
1.0000000005006091
1.0000000005173495
1.0000000005326872
1.0000000005465801
1.0000000005589891
1.0000000005698768
1.0000000005792105
1.0000000005869609
1.0000000005931038
1.0000000005976188
1.0000000006004914
1.0000000006017102
1.0000000006012686
1.0000000005991627
1.0000000005953944
1.0000000005899681
1.0000000005828922
1.0000000005741794
1.0000000005638461
1.0000000005519123
1.0000000005384033
1.0000000005233478
1.0000000005067791
1.0000000004887328
1.0000000004692489
1.0000000004483702
1.0000000004261433
1.0000000004026188
1.0000000003778504
1.0000000003518961
1.0000000003248160
1.0000000002966720
1.0000000002675296
1.0000000002374563
1.0000000002065235
1.0000000001748048
1.0000000001423759
1.0000000001093134
1.0000000000756952
1.0000000000416012
1.0000000000071119
0.9999999999723087
0.9999999999372748
0.9999999999020938
0.9999999998668502
0.9999999998316290
0.9999999997965152
0.9999999997615933
0.9999999997269484
0.9999999996926664
0.9999999996588315
0.9999999996255268
0.9999999995928334
0.9999999995608313
0.9999999995295992
0.9999999994992126
0.9999999994697460
0.9999999994412723
0.9999999994138623
0.9999999993875844
0.9999999993625051
0.9999999993386869
0.9999999993161895
0.9999999992950710
0.9999999992753859
0.9999999992571855
0.9999999992405181
0.9999999992254281
0.9999999992119560
0.9999999992001380
0.9999999991900068
0.9999999991815920
0.9999999991749178
0.9999999991700069
0.9999999991668767
0.9999999991655401
0.9999999991660051
0.9999999991682751
0.9999999991723489
0.9999999991782224
0.9999999991858887
0.9999999991953381
0.9999999992065555
0.9999999992195210
0.9999999992342109
0.9999999992505966
0.9999999992686441
0.9999999992883165
0.9999999993095733
0.9999999993323697
0.9999999993566585
0.9999999993823883
0.9999999994095052
0.9999999994379515
0.9999999994676676
0.9999999994985903
0.9999999995306532
0.9999999995637873
0.9999999995979207
0.9999999996329793
0.9999999996688853
0.9999999997055589
0.9999999997429191
0.9999999997808846
0.9999999998193712
0.9999999998582941
0.9999999998975686
0.9999999999371082
0.9999999999768264
1.0000000000166362
1.0000000000564506
1.0000000000961802
1.0000000001357363
1.0000000001750320
1.0000000002139797
1.0000000002524934
1.0000000002904876
1.0000000003278799
1.0000000003645897
1.0000000004005376
1.0000000004356446
1.0000000004698337
1.0000000005030296
1.0000000005351599
1.0000000005661525
1.0000000005959391
1.0000000006244552
1.0000000006516396
1.0000000006774346
1.0000000007017860
1.0000000007246428
1.0000000007459562
1.0000000007656817
1.0000000007837782
1.0000000008002077
1.0000000008149366
1.0000000008279353
1.0000000008391789
1.0000000008486465
1.0000000008563203
1.0000000008621874
1.0000000008662389
1.0000000008684700
1.0000000008688807
1.0000000008674745
1.0000000008642587
1.0000000008592433
1.0000000008524441
1.0000000008438814
1.0000000008335799
