1.0000011150753385
1.0000011014899024
1.0000010853098613
1.0000010665744417
1.0000010453289534
1.0000010216246831
1.0000009955187703
1.0000009670740728
1.0000009363590143
1.0000009034474202
1.0000008684183426
1.0000008313558681
1.0000007923489189
1.0000007514910403
1.0000007088801768
1.0000006646184374
1.0000006188118498
1.0000005715701092
1.0000005230063147
1.0000004732366987
1.0000004223803511
1.0000003705589322
1.0000003178963823
1.0000002645186257
1.0000002105532695
1.0000001561293002
1.0000001013767725
1.0000000464265006
0.9999999914097448
0.9999999364578978
0.9999998817021698
0.9999998272732757
0.9999997733011240
0.9999997199145030
0.9999996672407767
0.9999996154055796
0.9999995645325166
0.9999995147428665
0.9999994661552927
0.9999994188855601
0.9999993730462593
0.9999993287465359
0.9999992860918310
0.9999992451836297
0.9999992061192169
0.9999991689914483
0.9999991338885261
0.9999991008937890
0.9999990700855137
0.9999990415367286
0.9999990153150398
0.9999989914824678
0.9999989700953036
0.9999989512039705
0.9999989348529064
0.9999989210804568
0.9999989099187844
0.9999989013937903
0.9999988955250551
0.9999988923257906
0.9999988918028102
0.9999988939565138
0.9999988987808867
0.9999989062635140
0.9999989163856101
0.9999989291220656
0.9999989444415074
0.9999989623063750
0.9999989826730090
0.9999990054917578
0.9999990307070973
0.9999990582577629
0.9999990880768969
0.9999991200922067
0.9999991542261414
0.9999991903960752
0.9999992285145072
0.9999992684892696
0.9999993102237519
0.9999993536171311
0.9999993985646133
0.9999994449576831
0.9999994926843655
0.9999995416294936
0.9999995916749829
0.9999996427001168
0.9999996945818341
0.9999997471950264
0.9999998004128363
0.9999998541069609
0.9999999081479587
0.9999999624055599
1.0000000167489775
1.0000000710472223
1.0000001251694166
1.0000001789851076
1.0000002323645791
1.0000002851791634
1.0000003373015494
1.0000003886060858
1.0000004389690844
1.0000004882691149
1.0000005363872964
1.0000005832075805
1.0000006286170307
1.0000006725060924
1.0000007147688550
1.0000007553033070
1.0000007940115805
1.0000008308001878
1.0000008655802413
1.0000008982676685
1.0000009287834124
1.0000009570536219
1.0000009830098286
1.0000010065891114
1.0000010277342470
1.0000010463938476
1.0000010625224842
1.0000010760807951
1.0000010870355807
1.0000010953598835
1.0000011010330541
1.0000011040407988
1.0000011043752153
1.0000011020348121
1.0000010970245123
1.0000010893556428
1.0000010790459062
1.0000010661193406
1.0000010506062613
1.0000010325431901
1.0000010119727660
1.0000009889436454
1.0000009635103857
1.0000009357333155
1.0000009056783885
1.0000008734170291
1.0000008390259605
1.0000008025870231
1.0000007641869770
1.0000007239172959
1.0000006818739475
1.0000006381571658
1.0000005928712090
1.0000005461241146
1.0000004980274393
1.0000004486959910
1.0000003982475558
1.0000003468026157
1.0000002944840616
1.0000002414168987
1.0000001877279492
1.0000001335455491
1.0000000789992409
1.0000000242194631
0.9999999693372391
0.9999999144838646
0.9999998597905910
0.9999998053883145
0.9999997514072620
0.9999996979766814
0.9999996452245306
0.9999995932771703
0.9999995422590638
0.9999994922924786
0.9999994434971952
0.9999993959902184
0.9999993498854995
0.9999993052936617
0.9999992623217361
0.9999992210729066
0.9999991816462626
0.9999991441365617
0.9999991086340029
0.9999990752240102
0.9999990439870291
0.9999990149983330
0.9999989883278430
0.9999989640399597
0.9999989421934100
0.9999989228411057
0.9999989060300167
0.9999988918010592
0.9999988801889964
0.9999988712223562
0.9999988649233607
0.9999988613078731
0.9999988603853592
0.9999988621588661
0.9999988666250129
0.9999988737739985
0.9999988835896241
0.9999988960493320
0.9999989111242601
0.9999989287793077
0.9999989489732207
0.9999989716586883
0.9999989967824571
0.9999990242854569
0.9999990541029422
0.9999990861646449
0.9999991203949423
0.9999991567130372
0.9999991950331506
0.9999992352647260
0.9999992773126447
0.9999993210774539
0.9999993664556028
0.9999994133396916
0.9999994616187258
0.9999995111783812
0.9999995619012755
0.9999996136672478
0.9999996663536465
0.9999997198356221
0.9999997739864236
0.9999998286777024
0.9999998837798186
0.9999999391621494
0.9999999946934010
1.0000000502419204
1.0000001056760115
1.0000001608642486
1.0000002156757897
1.0000002699806876
1.0000003236502015
1.0000003765571031
1.0000004285759798
1.0000004795835364
1.0000005294588865
1.0000005780838421
1.0000006253431954
1.0000006711249914
1.0000007153207968
1.0000007578259582
1.0000007985398529
1.0000008373661282
1.0000008742129312
1.0000009089931272
1.0000009416245077
1.0000009720299867
1.0000010001377839
1.0000010258815948
1.0000010492007505
1.0000010700403617
1.0000010883514494
1.0000011040910597
1.0000011172223688
1.0000011277147696
1.0000011355439440
1.0000011406919198
1.0000011431471127
1.0000011429043563
1.0000011399649129
1.0000011343364708
1.0000011260331239
1.0000011150753385
1.0000011014899024
1.0000010853098613
1.0000010665744417
