1.0006730883891413
1.0006645864203620
1.0006545000110836
1.0006428532391178
1.0006296739000067
1.0006149934413742
1.0005988468886462
1.0005812727622936
1.0005623129867995
1.0005420127915507
1.0005204206038798
1.0004975879345075
1.0004735692556437
1.0004484218720269
1.0004222057851995
1.0003949835513284
1.0003668201329017
1.0003377827446438
1.0003079406940047
1.0002773652165964
1.0002461293069551
1.0002143075450245
1.0001819759187662
1.0001492116433175
1.0001160929771133
1.0000826990354097
1.0000491096016464
1.0000154049371008
0.9999816655892761
0.9999479721994838
0.9999144053100814
0.9998810451718210
0.9998479715517765
0.9998152635423062
0.9997829993715104
0.9997512562156449
0.9997201100139458
0.9996896352863089
0.9996599049542735
0.9996309901657432
0.9996029601238738
0.9995758819205453
0.9995498203748318
0.9995248378768629
0.9995009942374586
0.9994783465439142
0.9994569490222917
0.9994368529065566
0.9994181063148848
0.9994007541334505
0.9993848379079809
0.9993703957433527
0.9993574622114751
0.9993460682676966
0.9993362411759387
0.9993280044427479
0.9993213777604311
0.9993163769594152
0.9993130139699516
0.9993112967932627
0.9993112294822013
0.9993128121314735
0.9993160408774470
0.9993209079075481
0.9993274014792228
0.9993355059484116
0.9993452018074721
0.9993564657324486
0.9993692706395739
0.9993835857508583
0.9993993766686031
0.9994166054586497
0.9994352307421576
0.9994552077956839
0.9994764886593103
0.9994990222525505
0.9995227544977467
0.9995476284506518
0.9995735844378675
0.9996005602008042
0.9996284910458005
0.9996573100000377
0.9996869479728577
0.9997173339220931
0.9997483950249951
0.9997800568533507
0.9998122435523497
0.9998448780227719
0.9998778821060506
0.9999111767717589
0.9999446823070706
0.9999783185077356
1.0000120048701098
1.0000456607837775
1.0000792057243062
1.0001125594456699
1.0001456421718842
1.0001783747873989
1.0002106790257912
1.0002424776563190
1.0002736946678916
1.0003042554500230
1.0003340869703441
1.0003631179482588
1.0003912790243377
1.0004185029250521
1.0004447246224701
1.0004698814885391
1.0004939134435982
1.0005167630987826
1.0005383758919835
1.0005587002170555
1.0005776875459751
1.0005952925436665
1.0006114731752367
1.0006261908053680
1.0006394102896505
1.0006511000576357
1.0006612321874297
1.0006697824716537
1.0006767304746202
1.0006820595806003
1.0006857570330663
1.0006878139648265
1.0006882254189775
1.0006869903606335
1.0006841116794005
1.0006795961825936
1.0006734545792100
1.0006657014546949
1.0006563552365557
1.0006454381509078
1.0006329761700428
1.0006189989511451
1.0006035397662936
1.0005866354239041
1.0005683261817955
1.0005486556520760
1.0005276706980695
1.0005054213235103
1.0004819605542643
1.0004573443128495
1.0004316312860400
1.0004048827858620
1.0003771626042963
1.0003485368620268
1.0003190738515852
1.0002888438752513
1.0002579190780942
1.0002263732765320
1.0001942817828162
1.0001617212258533
1.0001287693687781
1.0000955049237128
1.0000620073641457
1.0000283567353760
0.9999946334634711
0.9999609181631864
0.9999272914453123
0.9998938337239051
0.9998606250238604
0.9998277447892990
0.9997952716932187
0.9997632834488712
0.9997318566233249
0.9997010664536613
0.9996709866662543
0.9996416892995712
0.9996132445309304
0.9995857205076375
0.9995591831829128
0.9995336961570134
0.9995093205239447
0.9994861147241391
0.9994641344034620
0.9994434322788980
0.9994240580112509
0.9994060580851698
0.9993894756968068
0.9993743506493772
0.9993607192568912
0.9993486142562932
0.9993380647282329
0.9993290960266596
0.9993217297174238
0.9993159835260358
0.9993118712947130
0.9993094029488269
0.9993085844728278
0.9993094178957147
0.9993119012860830
0.9993160287567617
0.9993217904790334
0.9993291727063961
0.9993381578078097
0.9993487243103413
0.9993608469511073
0.9993744967383749
0.9993896410216743
0.9994062435707458
0.9994242646631210
0.9994436611801221
0.9994643867110385
0.9994863916652215
0.9995096233918122
0.9995340263068127
0.9995595420271776
0.9995861095115991
0.9996136652076325
0.9996421432047996
0.9996714753932946
0.9997015916278983
0.9997324198967014
0.9997638864942169
0.9997959161984648
0.9998284324515934
0.9998613575435961
0.9998946127986801
0.9999281187638357
0.9999617953991464
0.9999955622693840
1.0000293387364272
1.0000630441520397
1.0000965980505510
1.0001299203409746
1.0001629314981095
1.0001955527521698
1.0002277062764933
1.0002593153728876
1.0002903046541720
1.0003206002234926
1.0003501298499826
1.0003788231403641
1.0004066117060835
1.0004334293255992
1.0004592121014400
1.0004838986116693
1.0005074300554060
1.0005297503920709
1.0005508064740294
1.0005705481723306
1.0005889284952536
1.0006059036993882
1.0006214333929981
1.0006354806314306
1.0006480120043506
1.0006589977146050
1.0006684116485356
1.0006762314375846
1.0006824385110453
1.0006870181398473
1.0006899594712708
1.0006912555545149
1.0006909033570599
1.0006889037717848
1.0006852616148281
1.0006799856141959
1.0006730883891413
1.0006645864203620
1.0006545000110836
1.0006428532391178
