1.1277641096495747
1.1263747967941529
1.1247235626925856
1.1228123663636125
1.1206434942565069
1.1182195662780934
1.1155435426462419
1.1126187315639935
1.1094487977058949
1.1060377715048091
1.1023900592233238
1.0985104537887698
1.0944041463646585
1.0900767386238892
1.0855342556801963
1.0807831596238431
1.0758303635953330
1.0706832463166869
1.0653496669834737
1.0598379804020355
1.0541570522350534
1.0483162741945797
1.0423255789947603
1.0361954548465695
1.0299369592439698
1.0235617317549484
1.0170820054920757
1.0105106168957909
1.0038610134200052
0.9971472586644704
0.9903840344525148
0.9835866393074356
0.9767709827374965
0.9699535746999780
0.9631515095812977
0.9563824440055124
0.9496645677705595
0.9430165672138020
0.9364575803294918
0.9300071430045456
0.9236851258094302
0.9175116608816222
0.9115070585732586
0.9056917137045536
0.9000860014714513
0.8947101632993065
0.8895841832115956
0.8847276555888050
0.8801596455200996
0.8758985432887413
0.8719619148683804
0.8683663506257969
0.8651273147092037
0.8622589978317519
0.8597741763197055
0.8576840803678177
0.8559982744178937
0.8547245524420017
0.8538688506666938
0.8534351799227424
0.8534255793569813
0.8538400927159426
0.8546767678277979
0.8559316792963645
0.8575989738075318
0.8596709368633701
0.8621380792292670
0.8649892409275914
0.8682117102549789
0.8717913550503369
0.8757127633012398
0.8799593901451650
0.8845137083908984
0.8893573598417143
0.8944713049296956
0.8998359684521162
0.9054313795180801
0.9112373041493276
0.9172333693176812
0.9233991775297823
0.9297144113770596
0.9361589277474798
0.9427128416405397
0.9493565997355001
0.9560710440344533
0.9628374660375092
0.9696376520095018
0.9764539199692759
0.9832691490775053
0.9900668021209702
0.9968309417941927
1.0035462414669731
1.0101979911021159
1.0167720989545415
1.0232550896436958
1.0296340991479631
1.0358968672245137
1.0420317277121904
1.0480275971298307
1.0538739619387243
1.0595608647963644
1.0650788900897092
1.0704191490001032
1.0755732643189295
1.0805333552030545
1.0852920220320832
1.0898423315052983
1.0941778020947412
1.0982923899520438
1.1021804753501556
1.1058368497267919
1.1092567033841150
1.1124356138886196
1.1153695352062445
1.1180547876002183
1.1204880483128907
1.1226663430476409
1.1245870382627743
1.1262478342859807
1.1276467592552961
1.1287821638905144
1.1296527170975195
1.1302574024069540
1.1305955152479501
1.1306666610572238
1.1304707542236390
1.1300080178682690
1.1292789844599951
1.1282844972667165
1.1270257126422263
1.1255041031486792
1.1237214615142885
1.1216799054253574
1.1193818831508922
1.1168301799968225
1.1140279255851449
1.1109786019510286
1.1076860524479886
1.1041544914475117
1.1003885148149202
1.0963931111376009
1.0921736736749097
1.0877360129909095
1.0830863702214308
1.0782314309155996
1.0731783393787577
1.0679347134284012
1.0625086594572046
1.0569087876771603
1.0511442273961789
1.0452246421529929
1.0391602445077646
1.0329618102542995
1.0266406917852455
1.0202088303041523
1.0136787665379878
1.0070636495610017
1.0003772432962044
0.9936339302149725
0.9868487117094065
0.9800372045673602
0.9732156329382458
0.9664008151407953
0.9596101446344052
0.9528615644563475
0.9461735344212497
0.9395649903903655
0.9330552949501444
0.9266641788963392
0.9204116730052049
0.9143180296907436
0.9084036342992342
0.9026889059812451
0.8971941883073508
0.8919396300553489
0.8869450568901825
0.8822298349767532
0.8778127279012744
0.8737117486169530
0.8699440084601527
0.8665255655872646
0.8634712754424546
0.8607946460641178
0.8585077011561452
0.8566208538743114
0.8551427941974510
0.8540803925619590
0.8534386221371716
0.8532205017156239
0.8534270607001463
0.8540573271094091
0.8551083389198763
0.8565751784434265
0.8584510288354475
0.8607272512662736
0.8633934807945995
0.8664377385752549
0.8698465577297324
0.8736051200136405
0.8776974003315520
0.8821063161711324
0.8868138791442588
0.8918013460185077
0.8970493668808351
0.9025381283783594
0.9082474903110230
0.9141571141909846
0.9202465827193527
0.9264955094504601
0.9328836382080824
0.9393909320805598
0.9459976520487974
0.9526844254911280
0.9594323049623261
0.9662228177623737
0.9730380068967650
0.9798604640876134
0.9866733555274418
0.9934604410791907
1.0002060876205217
1.0068952772114761
1.0135136107352405
1.0200473076250265
1.0264832022483472
1.0328087374753376
1.0390119559118867
1.0450814892325668
1.0510065460036950
1.0567768983440802
1.0623828677306639
1.0678153102186769
1.0730656013113138
1.0781256206823699
1.0829877369267340
1.0876447924880561
1.0920900888901481
1.0963173723785702
1.1003208200612211
1.1040950266213980
1.1076349916635118
1.1109361077402495
1.1139941491002698
1.1168052611873183
1.1193659509147911
1.1216730777341013
1.1237238455105671
1.1255157952167960
1.1270467984505890
1.1283150517820892
1.1293190719331929
1.1300576917909821
1.1305300572560930
1.1307356249263856
1.1306741606159842
1.1303457387096341
1.1297507423522988
1.1288898644739578
1.1277641096495747
1.1263747967941529
1.1247235626925856
1.1228123663636125
