1.0000000000026383
1.0000000000026394
1.0000000000026359
1.0000000000026292
1.0000000000026201
1.0000000000026097
1.0000000000025968
1.0000000000025815
1.0000000000025635
1.0000000000025431
1.0000000000025195
1.0000000000024927
1.0000000000024611
1.0000000000024241
1.0000000000023823
1.0000000000023368
1.0000000000022888
1.0000000000022384
1.0000000000021867
1.0000000000021350
1.0000000000020826
1.0000000000020302
1.0000000000019766
1.0000000000019220
1.0000000000018654
1.0000000000018063
1.0000000000017446
1.0000000000016815
1.0000000000016198
1.0000000000015605
1.0000000000015046
1.0000000000014519
1.0000000000014007
1.0000000000013498
1.0000000000012985
1.0000000000012463
1.0000000000011928
1.0000000000011391
1.0000000000010858
1.0000000000010338
1.0000000000009845
1.0000000000009384
1.0000000000008964
1.0000000000008571
1.0000000000008187
1.0000000000007805
1.0000000000007421
1.0000000000007041
1.0000000000006668
1.0000000000006315
1.0000000000005991
1.0000000000005700
1.0000000000005442
1.0000000000005207
1.0000000000004985
1.0000000000004778
1.0000000000004590
1.0000000000004432
1.0000000000004308
1.0000000000004217
1.0000000000004163
1.0000000000004146
1.0000000000004157
1.0000000000004190
1.0000000000004243
1.0000000000004314
1.0000000000004401
1.0000000000004510
1.0000000000004650
1.0000000000004816
1.0000000000005007
1.0000000000005209
1.0000000000005418
1.0000000000005627
1.0000000000005833
1.0000000000006031
1.0000000000006217
1.0000000000006402
1.0000000000006588
1.0000000000006772
1.0000000000006957
1.0000000000007134
1.0000000000007307
1.0000000000007463
1.0000000000007603
1.0000000000007732
1.0000000000007840
1.0000000000007936
1.0000000000008014
1.0000000000008058
1.0000000000008065
1.0000000000008034
1.0000000000007974
1.0000000000007887
1.0000000000007780
1.0000000000007654
1.0000000000007505
1.0000000000007327
1.0000000000007112
1.0000000000006861
1.0000000000006579
1.0000000000006282
1.0000000000005975
1.0000000000005660
1.0000000000005336
1.0000000000004996
1.0000000000004636
1.0000000000004259
1.0000000000003870
1.0000000000003475
1.0000000000003071
1.0000000000002662
1.0000000000002260
1.0000000000001872
1.0000000000001499
1.0000000000001144
1.0000000000000815
1.0000000000000508
1.0000000000000229
0.9999999999999980
0.9999999999999764
0.9999999999999590
0.9999999999999459
0.9999999999999371
0.9999999999999315
0.9999999999999293
0.9999999999999293
0.9999999999999318
0.9999999999999369
0.9999999999999448
0.9999999999999541
0.9999999999999646
0.9999999999999748
0.9999999999999837
0.9999999999999920
0.9999999999999996
1.0000000000000067
1.0000000000000142
1.0000000000000229
1.0000000000000320
1.0000000000000420
1.0000000000000528
1.0000000000000642
1.0000000000000759
1.0000000000000884
1.0000000000001013
1.0000000000001132
1.0000000000001250
1.0000000000001361
1.0000000000001454
1.0000000000001530
1.0000000000001577
1.0000000000001590
1.0000000000001574
1.0000000000001532
1.0000000000001463
1.0000000000001368
1.0000000000001252
1.0000000000001124
1.0000000000000988
1.0000000000000859
1.0000000000000731
1.0000000000000608
1.0000000000000491
1.0000000000000377
1.0000000000000260
1.0000000000000127
0.9999999999999978
0.9999999999999816
0.9999999999999650
0.9999999999999495
0.9999999999999347
0.9999999999999213
0.9999999999999098
0.9999999999999002
0.9999999999998920
0.9999999999998843
0.9999999999998772
0.9999999999998711
0.9999999999998656
0.9999999999998592
0.9999999999998517
0.9999999999998431
0.9999999999998347
0.9999999999998264
0.9999999999998181
0.9999999999998092
0.9999999999997994
0.9999999999997893
0.9999999999997795
0.9999999999997711
0.9999999999997636
0.9999999999997570
0.9999999999997512
0.9999999999997460
0.9999999999997417
0.9999999999997390
0.9999999999997384
0.9999999999997401
0.9999999999997440
0.9999999999997505
0.9999999999997600
0.9999999999997724
0.9999999999997882
0.9999999999998064
0.9999999999998266
0.9999999999998497
0.9999999999998758
0.9999999999999047
0.9999999999999369
0.9999999999999720
1.0000000000000098
1.0000000000000502
1.0000000000000935
1.0000000000001394
1.0000000000001878
1.0000000000002380
1.0000000000002893
1.0000000000003426
1.0000000000003990
1.0000000000004594
1.0000000000005240
1.0000000000005931
1.0000000000006657
1.0000000000007407
1.0000000000008182
1.0000000000008977
1.0000000000009788
1.0000000000010598
1.0000000000011398
1.0000000000012188
1.0000000000012979
1.0000000000013771
1.0000000000014566
1.0000000000015363
1.0000000000016165
1.0000000000016966
1.0000000000017766
1.0000000000018556
1.0000000000019329
1.0000000000020073
1.0000000000020790
1.0000000000021478
1.0000000000022133
1.0000000000022748
1.0000000000023317
1.0000000000023828
1.0000000000024276
1.0000000000024674
1.0000000000025024
1.0000000000025324
1.0000000000025577
1.0000000000025790
1.0000000000025973
1.0000000000026126
1.0000000000026246
1.0000000000026328
1.0000000000026383
1.0000000000026394
1.0000000000026359
1.0000000000026292
