1.0000000000317040
1.0000000000316696
1.0000000000315818
1.0000000000314415
1.0000000000312481
1.0000000000310034
1.0000000000307079
1.0000000000303635
1.0000000000299718
1.0000000000295335
1.0000000000290503
1.0000000000285236
1.0000000000279547
1.0000000000273452
1.0000000000266964
1.0000000000260105
1.0000000000252900
1.0000000000245370
1.0000000000237528
1.0000000000229390
1.0000000000220979
1.0000000000212335
1.0000000000203479
1.0000000000194438
1.0000000000185236
1.0000000000175895
1.0000000000166427
1.0000000000156848
1.0000000000147173
1.0000000000137432
1.0000000000127658
1.0000000000117870
1.0000000000108098
1.0000000000098375
1.0000000000088725
1.0000000000079179
1.0000000000069753
1.0000000000060469
1.0000000000051350
1.0000000000042419
1.0000000000033691
1.0000000000025182
1.0000000000016918
1.0000000000008915
1.0000000000001186
0.9999999999993739
0.9999999999986596
0.9999999999979764
0.9999999999973256
0.9999999999967084
0.9999999999961260
0.9999999999955801
0.9999999999950715
0.9999999999946008
0.9999999999941682
0.9999999999937735
0.9999999999934153
0.9999999999930926
0.9999999999928052
0.9999999999925536
0.9999999999923387
0.9999999999921615
0.9999999999920235
0.9999999999919243
0.9999999999918627
0.9999999999918376
0.9999999999918480
0.9999999999918927
0.9999999999919714
0.9999999999920830
0.9999999999922262
0.9999999999924009
0.9999999999926066
0.9999999999928424
0.9999999999931081
0.9999999999934015
0.9999999999937219
0.9999999999940677
0.9999999999944368
0.9999999999948276
0.9999999999952384
0.9999999999956674
0.9999999999961140
0.9999999999965774
0.9999999999970556
0.9999999999975464
0.9999999999980488
0.9999999999985600
0.9999999999990793
0.9999999999996032
1.0000000000001295
1.0000000000006557
1.0000000000011806
1.0000000000017031
1.0000000000022224
1.0000000000027378
1.0000000000032474
1.0000000000037494
1.0000000000042419
1.0000000000047218
1.0000000000051879
1.0000000000056388
1.0000000000060731
1.0000000000064897
1.0000000000068860
1.0000000000072611
1.0000000000076128
1.0000000000079396
1.0000000000082405
1.0000000000085165
1.0000000000087665
1.0000000000089888
1.0000000000091815
1.0000000000093441
1.0000000000094766
1.0000000000095774
1.0000000000096474
1.0000000000096854
1.0000000000096918
1.0000000000096667
1.0000000000096099
1.0000000000095211
1.0000000000094009
1.0000000000092488
1.0000000000090645
1.0000000000088491
1.0000000000086025
1.0000000000083251
1.0000000000080187
1.0000000000076830
1.0000000000073177
1.0000000000069234
1.0000000000064997
1.0000000000060469
1.0000000000055649
1.0000000000050553
1.0000000000045188
1.0000000000039575
1.0000000000033724
1.0000000000027642
1.0000000000021341
1.0000000000014837
1.0000000000008147
1.0000000000001288
0.9999999999994276
0.9999999999987126
0.9999999999979849
0.9999999999972455
0.9999999999964958
0.9999999999957367
0.9999999999949706
0.9999999999941991
0.9999999999934236
0.9999999999926467
0.9999999999918712
0.9999999999910998
0.9999999999903343
0.9999999999895757
0.9999999999888251
0.9999999999880843
0.9999999999873550
0.9999999999866388
0.9999999999859375
0.9999999999852516
0.9999999999845823
0.9999999999839315
0.9999999999833017
0.9999999999826947
0.9999999999821119
0.9999999999815539
0.9999999999810223
0.9999999999805183
0.9999999999800430
0.9999999999795972
0.9999999999791830
0.9999999999788035
0.9999999999784605
0.9999999999781560
0.9999999999778919
0.9999999999776689
0.9999999999774880
0.9999999999773491
0.9999999999772526
0.9999999999771990
0.9999999999771891
0.9999999999772227
0.9999999999772986
0.9999999999774183
0.9999999999775824
0.9999999999777893
0.9999999999780379
0.9999999999783289
0.9999999999786634
0.9999999999790425
0.9999999999794663
0.9999999999799353
0.9999999999804484
0.9999999999810051
0.9999999999816056
0.9999999999822494
0.9999999999829354
0.9999999999836630
0.9999999999844306
0.9999999999852356
0.9999999999860767
0.9999999999869518
0.9999999999878603
0.9999999999888008
0.9999999999897711
0.9999999999907696
0.9999999999917942
0.9999999999928426
0.9999999999939125
0.9999999999950007
0.9999999999961052
0.9999999999972258
0.9999999999983609
0.9999999999995091
1.0000000000006681
1.0000000000018363
1.0000000000030120
1.0000000000041922
1.0000000000053737
1.0000000000065543
1.0000000000077323
1.0000000000089049
1.0000000000100697
1.0000000000112237
1.0000000000123654
1.0000000000134934
1.0000000000146050
1.0000000000156983
1.0000000000167699
1.0000000000178189
1.0000000000188427
1.0000000000198392
1.0000000000208071
1.0000000000217455
1.0000000000226525
1.0000000000235263
1.0000000000243647
1.0000000000251659
1.0000000000259277
1.0000000000266485
1.0000000000273264
1.0000000000279599
1.0000000000285481
1.0000000000290885
1.0000000000295797
1.0000000000300220
1.0000000000304148
1.0000000000307581
1.0000000000310501
1.0000000000312899
1.0000000000314764
1.0000000000316078
1.0000000000316838
1.0000000000317040
1.0000000000316696
1.0000000000315818
1.0000000000314415
