1.0016101494481420
1.0015898073001930
1.0015656769827466
1.0015378158214767
1.0015062899980178
1.0014711743963940
1.0014325524291643
1.0013905158436482
1.0013451645086462
1.0012966061821003
1.0012449562601946
1.0011903375084341
1.0011328797752734
1.0010727196889158
1.0010100003379392
1.0009448709364430
1.0008774864744496
1.0008080073543268
1.0007365990140327
1.0006634315380254
1.0005886792567018
1.0005125203352667
1.0004351363529618
1.0003567118736139
1.0002774340084790
1.0001974919723939
1.0001170766342558
1.0000363800628853
0.9999555950693336
0.9998749147467106
0.9997945320086339
0.9997146391273950
0.9996354272729561
0.9995570860538904
0.9994798030613827
0.9994037634174059
0.9993291493281858
0.9992561396440632
0.9991849094268417
0.9991156295257128
0.9990484661628204
0.9989835805295129
0.9989211283943147
0.9988612597236157
0.9988041183160498
0.9987498414515100
0.9986985595557091
0.9986503958811532
0.9986054662053705
0.9985638785471749
0.9985257329017195
0.9984911209950331
0.9984601260586953
0.9984328226252424
0.9984092763448521
0.9983895438237927
0.9983736724850717
0.9983617004516546
0.9983536564525675
0.9983495597521329
0.9983494201025339
0.9983532377198292
0.9983610032834870
0.9983726979594379
0.9983882934465849
0.9984077520466444
0.9984310267571298
0.9984580613872337
0.9984887906962894
0.9985231405544495
0.9985610281251478
0.9986023620688599
0.9986470427676190
0.9986949625696889
0.9987460060537506
0.9988000503119067
0.9988569652507532
0.9989166139097350
0.9989788527959492
0.9990435322345289
0.9991104967336972
0.9991795853635514
0.9992506321476050
0.9993234664660837
0.9993979134699532
0.9994737945046269
0.9995509275422906
0.9996291276217603
0.9997082072947746
0.9997879770776208
0.9998682459069798
0.9999488215988754
1.0000295113096118
1.0001101219975808
1.0001904608848327
1.0002703359173053
1.0003495562226190
1.0004279325643568
1.0005052777917631
1.0005814072838179
1.0006561393866529
1.0007292958433016
1.0008007022148060
1.0008701882917175
1.0009375884950615
1.0010027422658683
1.0010654944423960
1.0011256956242094
1.0011832025223089
1.0012378782945379
1.0012895928655421
1.0013382232305761
1.0013836537425065
1.0014257763813879
1.0014644910060317
1.0014997055870374
1.0015313364207787
1.0015593083239003
1.0015835548079106
1.0016040182335000
1.0016206499442577
1.0016334103795166
1.0016422691660760
1.0016472051886203
1.0016482066386809
1.0016452710420443
1.0016384052645415
1.0016276254962162
1.0016129572138954
1.0015944351222492
1.0015721030734521
1.0015460139656245
1.0015162296202609
1.0014828206389046
1.0014458662393670
1.0014054540718387
1.0013616800152809
1.0013146479545256
1.0012644695385637
1.0012112639205328
1.0011551574799624
1.0010962835278729
1.0010347819953709
1.0009707991064081
1.0009044870354245
1.0008360035506223
1.0007655116436576
1.0006931791465721
1.0006191783368155
1.0005436855312451
1.0004668806700172
1.0003889468913125
1.0003100700978680
1.0002304385163066
1.0001502422502853
1.0000696728284959
0.9999889227485768
0.9999081850180112
0.9998276526930948
0.9997475184170727
0.9996679739585489
0.9995892097512882
0.9995114144365181
0.9994347744088553
0.9993594733669684
0.9992856918700853
0.9992136069014472
0.9991433914397992
0.9990752140399934
0.9990092384237648
0.9989456230817166
0.9988845208875289
0.9988260787253784
0.9987704371315343
0.9987177299510456
0.9986680840104228
0.9986216188071629
0.9985784462169270
0.9985386702191404
0.9985023866417394
0.9984696829257393
0.9984406379102516
0.9984153216385120
0.9983937951854444
0.9983761105072148
0.9983623103131848
0.9983524279606008
0.9983464873723039
0.9983445029776825
0.9983464796770254
0.9983524128293711
0.9983622882638885
0.9983760823147502
0.9983937618794149
0.9984152845001582
0.9984405984686286
0.9984696429531560
0.9985023481484646
0.9985386354473956
0.9985784176341790
0.9986215990987387
0.9986680760714616
0.9987177368778098
0.9987704622121055
0.9988261254297583
0.9988845928571786
0.9989457241185592
0.9990093724786748
0.9990753852008104
0.9991436039188916
0.9992138650228607
0.9992860000563104
0.9993598361253629
0.9994351963177533
0.9995119001310609
0.9995897639090168
0.9996686012847925
0.9997482236301716
0.9998284405094963
0.9999090601372717
0.9999898898383133
1.0000707365093209
1.0001514070807653
1.0002317089779809
1.0003114505803632
1.0003904416775939
1.0004684939218067
1.0005454212746494
1.0006210404481963
1.0006951713386940
1.0007676374521459
1.0008382663207658
1.0009068899093554
1.0009733450106904
1.0010374736290293
1.0010991233508904
1.0011581477022728
1.0012144064915407
1.0012677661372122
1.0013180999799440
1.0013652885780304
1.0014092199857791
1.0014497900141672
1.0014869024732169
1.0015204693955759
1.0015504112408240
1.0015766570800768
1.0015991447604933
1.0016178210493407
1.0016326417573185
1.0016435718408778
1.0016505854833289
1.0016536661545559
1.0016528066492238
1.0016480091033964
1.0016392849895275
1.0016266550898394
1.0016101494481420
1.0015898073001930
1.0015656769827466
1.0015378158214767
