1.0000000003892979
1.0000000003867178
1.0000000003833778
1.0000000003792868
1.0000000003744567
1.0000000003689000
1.0000000003626326
1.0000000003556708
1.0000000003480320
1.0000000003397362
1.0000000003308056
1.0000000003212619
1.0000000003111282
1.0000000003004292
1.0000000002891909
1.0000000002774405
1.0000000002652065
1.0000000002525200
1.0000000002394127
1.0000000002259168
1.0000000002120646
1.0000000001978895
1.0000000001834259
1.0000000001687079
1.0000000001537694
1.0000000001386455
1.0000000001233722
1.0000000001079856
1.0000000000925227
1.0000000000770206
1.0000000000615172
1.0000000000460485
1.0000000000306504
1.0000000000153584
1.0000000000002074
0.9999999999852325
0.9999999999704675
0.9999999999559457
0.9999999999416987
0.9999999999277595
0.9999999999141604
0.9999999999009342
0.9999999998881123
0.9999999998757239
0.9999999998637972
0.9999999998523571
0.9999999998414284
0.9999999998310342
0.9999999998211963
0.9999999998119361
0.9999999998032729
0.9999999997952241
0.9999999997878074
0.9999999997810375
0.9999999997749267
0.9999999997694865
0.9999999997647275
0.9999999997606578
0.9999999997572843
0.9999999997546130
0.9999999997526474
0.9999999997513896
0.9999999997508396
0.9999999997509955
0.9999999997518535
0.9999999997534081
0.9999999997556521
0.9999999997585766
0.9999999997621709
0.9999999997664222
0.9999999997713158
0.9999999997768361
0.9999999997829667
0.9999999997896903
0.9999999997969866
0.9999999998048330
0.9999999998132065
0.9999999998220819
0.9999999998314317
0.9999999998412293
0.9999999998514476
0.9999999998620581
0.9999999998730317
0.9999999998843385
0.9999999998959466
0.9999999999078244
0.9999999999199400
0.9999999999322614
0.9999999999447545
0.9999999999573854
0.9999999999701193
0.9999999999829211
0.9999999999957557
1.0000000000085874
1.0000000000213796
1.0000000000340974
1.0000000000467066
1.0000000000591738
1.0000000000714659
1.0000000000835503
1.0000000000953935
1.0000000001069635
1.0000000001182276
1.0000000001291556
1.0000000001397185
1.0000000001498881
1.0000000001596376
1.0000000001689406
1.0000000001777707
1.0000000001861036
1.0000000001939147
1.0000000002011808
1.0000000002078806
1.0000000002139942
1.0000000002195046
1.0000000002243956
1.0000000002286520
1.0000000002322593
1.0000000002352050
1.0000000002374787
1.0000000002390719
1.0000000002399780
1.0000000002401921
1.0000000002397103
1.0000000002385305
1.0000000002366531
1.0000000002340796
1.0000000002308138
1.0000000002268603
1.0000000002222269
1.0000000002169218
1.0000000002109559
1.0000000002043428
1.0000000001970963
1.0000000001892324
1.0000000001807678
1.0000000001717209
1.0000000001621110
1.0000000001519593
1.0000000001412890
1.0000000001301246
1.0000000001184919
1.0000000001064173
1.0000000000939286
1.0000000000810549
1.0000000000678271
1.0000000000542755
1.0000000000404325
1.0000000000263318
1.0000000000120060
0.9999999999974893
0.9999999999828165
0.9999999999680237
0.9999999999531457
0.9999999999382182
0.9999999999232766
0.9999999999083568
0.9999999998934940
0.9999999998787251
0.9999999998640868
0.9999999998496149
0.9999999998353452
0.9999999998213113
0.9999999998075485
0.9999999997940920
0.9999999997809758
0.9999999997682328
0.9999999997558955
0.9999999997439944
0.9999999997325593
0.9999999997216181
0.9999999997111985
0.9999999997013272
0.9999999996920309
0.9999999996833345
0.9999999996752609
0.9999999996678312
0.9999999996610661
0.9999999996549855
0.9999999996496064
0.9999999996449443
0.9999999996410144
0.9999999996378303
0.9999999996354028
0.9999999996337402
0.9999999996328488
0.9999999996327330
0.9999999996333955
0.9999999996348370
0.9999999996370565
0.9999999996400509
0.9999999996438157
0.9999999996483445
0.9999999996536301
0.9999999996596635
0.9999999996664344
0.9999999996739289
0.9999999996821337
0.9999999996910341
0.9999999997006143
0.9999999997108550
0.9999999997217346
0.9999999997332312
0.9999999997453207
0.9999999997579793
0.9999999997711814
0.9999999997848995
0.9999999997991046
0.9999999998137665
0.9999999998288547
0.9999999998443370
0.9999999998601808
0.9999999998763531
0.9999999998928202
0.9999999999095465
0.9999999999264962
0.9999999999436325
0.9999999999609182
0.9999999999783149
0.9999999999957842
1.0000000000132891
1.0000000000307925
1.0000000000482565
1.0000000000656446
1.0000000000829194
1.0000000001000444
1.0000000001169818
1.0000000001336964
1.0000000001501530
1.0000000001663165
1.0000000001821518
1.0000000001976246
1.0000000002127010
1.0000000002273481
1.0000000002415335
1.0000000002552265
1.0000000002683982
1.0000000002810225
1.0000000002930747
1.0000000003045302
1.0000000003153671
1.0000000003255631
1.0000000003350979
1.0000000003439518
1.0000000003521070
1.0000000003595477
1.0000000003662579
1.0000000003722240
1.0000000003774341
1.0000000003818785
1.0000000003855503
1.0000000003884422
1.0000000003905489
1.0000000003918683
1.0000000003924001
1.0000000003921461
1.0000000003911100
1.0000000003892979
1.0000000003867178
1.0000000003833778
1.0000000003792868
