1.0000006672055857
1.0000006591385655
1.0000006495229519
1.0000006383821174
1.0000006257430611
1.0000006116363482
1.0000005960960363
1.0000005791595925
1.0000005608678053
1.0000005412646844
1.0000005203973572
1.0000004983159538
1.0000004750734892
1.0000004507257350
1.0000004253310866
1.0000003989504231
1.0000003716469634
1.0000003434861140
1.0000003145353127
1.0000002848638665
1.0000002545427864
1.0000002236446193
1.0000001922432724
1.0000001604138355
1.0000001282324040
1.0000000957758959
1.0000000631218684
1.0000000303483305
0.9999999975335573
0.9999999647559041
0.9999999320936190
0.9999998996246560
0.9999998674264888
0.9999998355759256
0.9999998041489248
0.9999997732204138
0.9999997428641121
0.9999997131523533
0.9999996841559115
0.9999996559438319
0.9999996285832677
0.9999996021393202
0.9999995766748810
0.9999995522504851
0.9999995289241652
0.9999995067513128
0.9999994857845441
0.9999994660735767
0.9999994476651088
0.9999994306027105
0.9999994149267190
0.9999994006741425
0.9999993878785728
0.9999993765701037
0.9999993667752600
0.9999993585169343
0.9999993518143330
0.9999993466829306
0.9999993431344320
0.9999993411767446
0.9999993408139619
0.9999993420463521
0.9999993448703584
0.9999993492786098
0.9999993552599379
0.9999993627994026
0.9999993718783289
0.9999993824743530
0.9999993945614749
0.9999994081101200
0.9999994230872126
0.9999994394562551
0.9999994571774156
0.9999994762076205
0.9999994965006614
0.9999995180073049
0.9999995406754096
0.9999995644500523
0.9999995892736595
0.9999996150861463
0.9999996418250590
0.9999996694257262
0.9999996978214130
0.9999997269434800
0.9999997567215499
0.9999997870836769
0.9999998179565156
0.9999998492654999
0.9999998809350206
0.9999999128886065
0.9999999450491082
0.9999999773388816
1.0000000096799757
1.0000000419943180
1.0000000742039028
1.0000001062309756
1.0000001379982228
1.0000001694289538
1.0000002004472861
1.0000002309783298
1.0000002609483649
1.0000002902850182
1.0000003189174369
1.0000003467764567
1.0000003737947685
1.0000003999070781
1.0000004250502650
1.0000004491635321
1.0000004721885523
1.0000004940696092
1.0000005147537310
1.0000005341908162
1.0000005523337545
1.0000005691385387
1.0000005845643731
1.0000005985737674
1.0000006111326292
1.0000006222103439
1.0000006317798502
1.0000006398177053
1.0000006463041402
1.0000006512231094
1.0000006545623261
1.0000006563132935
1.0000006564713244
1.0000006550355549
1.0000006520089444
1.0000006473982692
1.0000006412141085
1.0000006334708180
1.0000006241864965
1.0000006133829407
1.0000006010855964
1.0000005873234965
1.0000005721291925
1.0000005555386760
1.0000005375912939
1.0000005183296532
1.0000004977995196
1.0000004760497072
1.0000004531319646
1.0000004291008500
1.0000004040136019
1.0000003779300022
1.0000003509122319
1.0000003230247227
1.0000002943340043
1.0000002649085444
1.0000002348185881
1.0000002041359870
1.0000001729340278
1.0000001412872572
1.0000001092713038
1.0000000769626955
1.0000000444386794
1.0000000117770360
0.9999999790558946
0.9999999463535462
0.9999999137482551
0.9999998813180734
0.9999998491406517
0.9999998172930555
0.9999997858515800
0.9999997548915665
0.9999997244872237
0.9999996947114517
0.9999996656356666
0.9999996373296287
0.9999996098612748
0.9999995832965570
0.9999995576992844
0.9999995331309706
0.9999995096506870
0.9999994873149213
0.9999994661774424
0.9999994462891706
0.9999994276980562
0.9999994104489637
0.9999993945835646
0.9999993801402379
0.9999993671539809
0.9999993556563220
0.9999993456752457
0.9999993372351250
0.9999993303566623
0.9999993250568415
0.9999993213488867
0.9999993192422290
0.9999993187424833
0.9999993198514363
0.9999993225670412
0.9999993268834223
0.9999993327908877
0.9999993402759537
0.9999993493213774
0.9999993599061944
0.9999993720057697
0.9999993855918557
0.9999994006326601
0.9999994170929238
0.9999994349340031
0.9999994541139593
0.9999994745876608
0.9999994963068881
0.9999995192204523
0.9999995432743156
0.9999995684117198
0.9999995945733209
0.9999996216973323
0.9999996497196711
0.9999996785741104
0.9999997081924360
0.9999997385046119
0.9999997694389440
0.9999998009222549
0.9999998328800548
0.9999998652367209
0.9999998979156772
0.9999999308395783
0.9999999639304910
0.9999999971100830
1.0000000302998100
1.0000000634210997
1.0000000963955413
1.0000001291450717
1.0000001615921632
1.0000001936600078
1.0000002252727000
1.0000002563554162
1.0000002868345947
1.0000003166381106
1.0000003456954476
1.0000003739378664
1.0000004012985708
1.0000004277128631
1.0000004531183018
1.0000004774548481
1.0000005006650106
1.0000005226939801
1.0000005434897621
1.0000005630032993
1.0000005811885921
1.0000005980028046
1.0000006134063666
1.0000006273630684
1.0000006398401478
1.0000006508083672
1.0000006602420837
1.0000006681193094
1.0000006744217653
1.0000006791349219
1.0000006822480354
1.0000006837541726
1.0000006836502275
1.0000006819369278
1.0000006786188338
1.0000006737043261
1.0000006672055857
1.0000006591385655
1.0000006495229519
1.0000006383821174
