1.0040622544070650
1.0040110305951795
1.0039502711755730
1.0038801187909683
1.0038007381576475
1.0037123157008980
1.0036150591418156
1.0035091970361529
1.0033949782659848
1.0032726714850595
1.0031425645187837
1.0030049637198915
1.0028601932809229
1.0027085945047474
1.0025505250344489
1.0023863580439816
1.0022164813911039
1.0020412967341963
1.0018612186146545
1.0016766735066458
1.0014880988361183
1.0012959419710354
1.0011006591849017
1.0009027145957450
1.0007025790827933
1.0005007291831844
1.0002976459711217
1.0000938139219677
0.9998897197638495
0.9996858513194149
0.9994826963404413
0.9992807413380694
0.9990804704114766
0.9988823640778626
0.9986868981066545
0.9984945423608673
0.9983057596485877
0.9981210045875607
0.9979407224858619
0.9977653482416424
0.9975953052649122
0.9974310044243101
0.9972728430217697
0.9971212037979497
0.9969764539712389
0.9968389443130834
0.9967090082622958
0.9965869610809314
0.9964730990542089
0.9963676987368458
0.9962710162480544
0.9961832866173205
0.9961047231829440
0.9960355170451699
0.9959758365755897
0.9959258269843172
0.9958856099462758
0.9958552832877597
0.9958349207342415
0.9958245717202200
0.9958242612616890
0.9958339898916396
0.9958537336587914
0.9958834441895589
0.9959230488130577
0.9959724507487614
0.9960315293562199
0.9961001404460638
0.9961781166513222
0.9962652678579061
0.9963613816929261
0.9964662240693410
0.9965795397852704
0.9967010531761479
0.9968304688177398
0.9969674722779173
0.9971117309149317
0.9972628947198398
0.9974205972005915
0.9975844563052123
0.9977540753814160
0.9979290441699036
0.9981089398285417
0.9982933279845568
0.9984817638118343
0.9986737931303732
0.9988689535249333
0.9990667754798913
0.9992667835273159
0.9994684974052876
0.9996714332234912
0.9998751046331418
1.0000790239983408
1.0002827035659847
1.0004856566314060
1.0006873986969760
1.0008874486209649
1.0010853297540112
1.0012805710606278
1.0014727082232533
1.0016612847264221
1.0018458529187195
1.0020259750502742
1.0022012242836233
1.0023711856758801
1.0025354571302223
1.0026936503148132
1.0028453915473612
1.0029903226436203
1.0031281017282250
1.0032584040063490
1.0033809224947712
1.0034953687110262
1.0036014733194081
1.0036989867326911
1.0037876796685161
1.0038673436594896
1.0039377915161272
1.0039988577418610
1.0040503988994209
1.0040922939279755
1.0041244444105208
1.0041467747910779
1.0041592325413444
1.0041617882765310
1.0041544358201999
1.0041371922179949
1.0041100977002437
1.0040732155934919
1.0040266321811118
1.0039704565132086
1.0039048201661360
1.0038298769520051
1.0037458025786683
1.0036527942607341
1.0035510702822605
1.0034408695118591
1.0033224508710272
1.0031960927566221
1.0030620924184690
1.0029207652931973
1.0027724442954804
1.0026174790679572
1.0024562351911999
1.0022890933551851
1.0021164484938270
1.0019387088842189
1.0017562952123273
1.0015696396069727
1.0013791846440343
1.0011853823228958
1.0009886930172491
1.0007895844024601
1.0005885303617845
1.0003860098738115
1.0001825058835876
0.9999785041599583
0.9997744921417292
0.9995709577753281
0.9993683883467003
0.9991672693102313
0.9989680831175510
0.9987713080491012
0.9985774170513942
0.9983868765829170
0.9982001454716555
0.9980176737872249
0.9978399017305912
0.9976672585443601
0.9975001614465971
0.9973390145911062
0.9971842080570619
0.9970361168708290
0.9968951000627562
0.9967614997616496
0.9966356403295493
0.9965178275393407
0.9964083477976255
0.9963074674151654
0.9962154319270795
0.9961324654648518
0.9960587701820509
0.9959945257355157
0.9959398888235995
0.9958949927829006
0.9958599472447208
0.9958348378523239
0.9958197260398725
0.9958146488737383
0.9958196189566771
0.9958346243951680
0.9958596288300247
0.9958945715301789
0.9959393675493424
0.9959939079450579
0.9960580600594550
0.9961316678608345
0.9962145523450230
0.9963065119952472
0.9964073232991196
0.9965167413211402
0.9966345003289717
0.9967603144715838
0.9968938785072180
0.9970348685789994
0.9971829430358796
0.9973377432964950
0.9974988947534101
0.9976660077151261
0.9978386783831468
0.9980164898613277
0.9981990131946661
0.9983858084346435
0.9985764257281912
0.9987704064273237
0.9989672842164597
0.9991665862544418
0.9993678343282745
0.9995705460156038
0.9997742358529821
0.9999784165069985
1.0001825999453779
1.0003862986052026
1.0005890265554609
1.0007903006511838
1.0009896416764916
1.0011865754739426
1.0013806340576474
1.0015713567076927
1.0017582910434981
1.0019409940738102
1.0021190332211296
1.0022919873184521
1.0024594475763038
1.0026210185181310
1.0027763188822052
1.0029249824883004
1.0030666590674888
1.0032010150534978
1.0033277343341676
1.0034465189616397
1.0035570898199981
1.0036591872491840
1.0037525716240860
1.0038370238878116
1.0039123460382251
1.0039783615669311
1.0040349158499646
1.0040818764895418
1.0041191336063107
1.0041466000816208
1.0041642117494194
1.0041719275374632
1.0041697295576189
1.0041576231451059
1.0041356368466223
1.0041038223573668
1.0040622544070650
1.0040110305951795
1.0039502711755730
1.0038801187909683
