1.0131683961260503
1.0130039958860759
1.0128089733869174
1.0125837670073745
1.0123288834120532
1.0120448966285520
1.0117324469963667
1.0113922399873223
1.0110250448974045
1.0106316934099047
1.0102130780298924
1.0097701503901229
1.0093039194286288
1.0088154494384103
1.0083058579898216
1.0077763137264788
1.0072280340357611
1.0066622825952669
1.0060803667968941
1.0054836350505645
1.0048734739699965
1.0042513054433357
1.0036185835918909
1.0029767916206973
1.0023274385651291
1.0016720559382928
1.0010121942844887
1.0003494196445826
0.9996853099397132
0.9990214512803512
0.9983594342083163
0.9977008498799718
0.9970472861994055
0.9964003239109892
0.9957615326612994
0.9951324670409273
0.9945146626172320
0.9939096319695986
0.9933188607392051
0.9927438037057239
0.9921858809037332
0.9916464737919144
0.9911269214883491
0.9906285170853872
0.9901525040576497
0.9897000727767394
0.9892723571461550
0.9888704313697386
0.9884953068667421
0.9881479293462462
0.9878291760532429
0.9875398531981635
0.9872806935810173
0.9870523544206135
0.9868554153985564
0.9866903769268406
0.9865576586469507
0.9864575981673648
0.9863904500453086
0.9863563850175096
0.9863554894835529
0.9863877652442692
0.9864531294963798
0.9865514150834327
0.9866823710018429
0.9868456631596648
0.9870408753845447
0.9872675106761553
0.9875249926973082
0.9878126674968897
0.9881298054567583
0.9884756034538147
0.9888491872275932
0.9892496139429315
0.9896758749365799
0.9901268986359919
0.9906015536380139
0.9910986519347462
0.9916169522735115
0.9921551636376036
0.9927119488343229
0.9932859281767361
0.9938756832455874
0.9944797607178826
0.9950966762488270
0.9957249183940237
0.9963629525591490
0.9970092249646546
0.9976621666134756
0.9983201972501685
0.9989817293003895
0.9996451717801673
1.0003089341649627
1.0009714302090975
1.0016310817067078
1.0022863221859883
1.0029356005290846
1.0035773845105991
1.0042101642482482
1.0048324555598098
1.0054428032210485
1.0060397841198565
1.0066220103023713
1.0071881319073268
1.0077368399853646
1.0082668692004779
1.0087770004111651
1.0092660631292591
1.0097329378547422
1.0101765582851718
1.0105959133986364
1.0109900494094006
1.0113580715956325
1.0116991459987916
1.0120125009944205
1.0122974287342190
1.0125532864593925
1.0127794976853473
1.0129755532578639
1.0131410122809308
1.0132755029164302
1.0133787230558906
1.0134504408644893
1.0134904951974923
1.0134987958892610
1.0134753239149370
1.0134201314248639
1.0133333416517563
1.0132151486905761
1.0130658171510394
1.0128856816826242
1.0126751463719192
1.0124346840121252
1.0121648352445027
1.0118662075715623
1.0115394742418027
1.0111853730058349
1.0108047047437798
1.0103983319638994
1.0099671771725176
1.0095122211154066
1.0090345008909698
1.0085351079357190
1.0080151858827568
1.0074759282942085
1.0069185762688175
1.0063444159262165
1.0057547757697203
1.0051510239298498
1.0045345652911868
1.0039068385055974
1.0032693128953030
1.0026234852497715
1.0019708765209072
1.0013130284215530
1.0006514999328724
0.9999878637267497
0.9993237025099304
0.9986606052972241
0.9980001636216863
0.9973439676902998
0.9966936024942697
0.9960506438836277
0.9954166546164114
0.9947931803932242
0.9941817458884952
0.9935838507902317
0.9930009658605007
0.9924345290292503
0.9918859415344166
0.9913565641215222
0.9908477133161838
0.9903606577830576
0.9898966147848117
0.9894567467546718
0.9890421579959749
0.9886538915219553
0.9882929260486863
0.9879601731537200
0.9876564746124757
0.9873825999238712
0.9871392440360279
0.9869270252821379
0.9867464835357623
0.9865980785939301
0.9864821887954471
0.9863991098807903
0.9863490540988875
0.9863321495649554
0.9863484398724081
0.9863978839606573
0.9864803562394313
0.9865956469690198
0.9867434628946614
0.9869234281320926
0.9871350853001203
0.9873778968949509
0.9876512468999279
0.9879544426233038
0.9882867167556979
0.9886472296380016
0.9890350717296618
0.9894492662665315
0.9898887720968206
0.9903524866831015
0.9908392492578439
0.9913478441195663
0.9918770040563849
0.9924254138835376
0.9929917140813334
0.9935745045199408
0.9941723482574814
0.9947837753980098
0.9954072869961724
0.9960413589955828
0.9966844461882918
0.9973349861831192
0.9979914033710291
0.9986521128762198
0.9993155244821097
0.9999800465219330
1.0006440897242384
1.0013060710041590
1.0019644171919202
1.0026175686906462
1.0032639830561327
1.0039021384918452
1.0045305372529849
1.0051477089540448
1.0057522137748269
1.0063426455604245
1.0069176348111886
1.0074758515591828
1.0080160081280809
1.0085368617738923
1.0090372172043014
1.0095159289747606
1.0099719037598240
1.0104041024984931
1.0108115424126276
1.0111932988977086
1.0115485072854431
1.0118763644778865
1.0121761304528971
1.0124471296408695
1.0126887521727803
1.0129004549996612
1.0130817628836604
1.0132322692608864
1.0133516369762439
1.0134395988904632
1.0134959583595180
1.0135205895865911
1.0135134378467170
1.0134745195841841
1.0134039223827371
1.0133018048085700
1.0131683961260503
1.0130039958860759
1.0128089733869174
1.0125837670073745
