1.0000001071586382
1.0000001059144357
1.0000001044247615
1.0000001026932854
1.0000001007242509
1.0000000985224649
1.0000000960932869
1.0000000934426148
1.0000000905768693
1.0000000875029826
1.0000000842283783
1.0000000807609550
1.0000000771090669
1.0000000732815031
1.0000000692874682
1.0000000651365604
1.0000000608387469
1.0000000564043414
1.0000000518439787
1.0000000471685895
1.0000000423893729
1.0000000375177733
1.0000000325654486
1.0000000275442447
1.0000000224661658
1.0000000173433479
1.0000000121880281
1.0000000070125177
1.0000000018291688
0.9999999966503480
0.9999999914884042
0.9999999863556414
0.9999999812642881
0.9999999762264701
0.9999999712541791
0.9999999663592456
0.9999999615533102
0.9999999568477952
0.9999999522538775
0.9999999477824631
0.9999999434441598
0.9999999392492511
0.9999999352076727
0.9999999313289893
0.9999999276223727
0.9999999240965781
0.9999999207599245
0.9999999176202742
0.9999999146850143
0.9999999119610393
0.9999999094547322
0.9999999071719522
0.9999999051180194
0.9999999032977019
0.9999999017152056
0.9999999003741653
0.9999998992776351
0.9999998984280793
0.9999998978273693
0.9999998974767770
0.9999998973769727
0.9999998975280243
0.9999998979293969
0.9999998985799537
0.9999998994779594
0.9999999006210855
0.9999999020064138
0.9999999036304452
0.9999999054891057
0.9999999075777579
0.9999999098912131
0.9999999124237428
0.9999999151690926
0.9999999181204983
0.9999999212707004
0.9999999246119611
0.9999999281360845
0.9999999318344360
0.9999999356979623
0.9999999397172148
0.9999999438823719
0.9999999481832618
0.9999999526093873
0.9999999571499525
0.9999999617938874
0.9999999665298737
0.9999999713463730
0.9999999762316543
0.9999999811738194
0.9999999861608349
0.9999999911805604
0.9999999962207774
1.0000000012692183
1.0000000063135974
1.0000000113416401
1.0000000163411102
1.0000000212998419
1.0000000262057664
1.0000000310469424
1.0000000358115848
1.0000000404880942
1.0000000450650821
1.0000000495314008
1.0000000538761673
1.0000000580887918
1.0000000621590026
1.0000000660768693
1.0000000698328297
1.0000000734177097
1.0000000768227475
1.0000000800396140
1.0000000830604321
1.0000000858777955
1.0000000884847877
1.0000000908749986
1.0000000930425390
1.0000000949820551
1.0000000966887412
1.0000000981583528
1.0000000993872153
1.0000001003722330
1.0000001011108961
1.0000001016012887
1.0000001018420910
1.0000001018325835
1.0000001015726490
1.0000001010627739
1.0000001003040462
1.0000000992981539
1.0000000980473802
1.0000000965545994
1.0000000948232681
1.0000000928574166
1.0000000906616413
1.0000000882410927
1.0000000856014630
1.0000000827489737
1.0000000796903605
1.0000000764328565
1.0000000729841738
1.0000000693524878
1.0000000655464172
1.0000000615750022
1.0000000574476826
1.0000000531742743
1.0000000487649490
1.0000000442302088
1.0000000395808617
1.0000000348279947
1.0000000299829475
1.0000000250572862
1.0000000200627737
1.0000000150113426
1.0000000099150677
1.0000000047861364
0.9999999996368205
0.9999999944794453
0.9999999893263597
0.9999999841899084
0.9999999790824021
0.9999999740160874
0.9999999690031165
0.9999999640555208
0.9999999591851806
0.9999999544037959
0.9999999497228591
0.9999999451536267
0.9999999407070933
0.9999999363939670
0.9999999322246410
0.9999999282091699
0.9999999243572438
0.9999999206781672
0.9999999171808360
0.9999999138737181
0.9999999107648304
0.9999999078617219
0.9999999051714533
0.9999999027005806
0.9999999004551408
0.9999998984406372
0.9999998966620247
0.9999998951236976
0.9999998938294801
0.9999998927826161
0.9999998919857622
0.9999998914409817
0.9999998911497398
0.9999998911128984
0.9999998913307154
0.9999998918028432
0.9999998925283282
0.9999998935056135
0.9999998947325446
0.9999998962063722
0.9999998979237590
0.9999998998807887
0.9999999020729737
0.9999999044952689
0.9999999071420819
0.9999999100072852
0.9999999130842323
0.9999999163657726
0.9999999198442688
0.9999999235116149
0.9999999273592544
0.9999999313782006
0.9999999355590593
0.9999999398920506
0.9999999443670310
0.9999999489735190
0.9999999537007191
0.9999999585375486
0.9999999634726633
0.9999999684944841
0.9999999735912255
0.9999999787509236
0.9999999839614641
0.9999999892106106
0.9999999944860344
0.9999999997753442
1.0000000050661151
1.0000000103459183
1.0000000156023494
1.0000000208230591
1.0000000259957831
1.0000000311083717
1.0000000361488162
1.0000000411052796
1.0000000459661258
1.0000000507199447
1.0000000553555812
1.0000000598621590
1.0000000642291089
1.0000000684461936
1.0000000725035316
1.0000000763916208
1.0000000801013615
1.0000000836240781
1.0000000869515389
1.0000000900759758
1.0000000929901036
1.0000000956871358
1.0000000981608026
1.0000001004053647
1.0000001024156278
1.0000001041869555
1.0000001057152785
1.0000001069971038
1.0000001080295233
1.0000001088102204
1.0000001093374771
1.0000001096101774
1.0000001096278102
1.0000001093904705
1.0000001088988588
1.0000001081542795
1.0000001071586382
1.0000001059144357
1.0000001044247615
1.0000001026932854
