1.0000000000141116
1.0000000000141349
1.0000000000141449
1.0000000000141425
1.0000000000141267
1.0000000000140961
1.0000000000140490
1.0000000000139833
1.0000000000138982
1.0000000000137936
1.0000000000136693
1.0000000000135261
1.0000000000133655
1.0000000000131888
1.0000000000129967
1.0000000000127898
1.0000000000125688
1.0000000000123341
1.0000000000120859
1.0000000000118248
1.0000000000115519
1.0000000000112683
1.0000000000109757
1.0000000000106750
1.0000000000103662
1.0000000000100495
1.0000000000097251
1.0000000000093949
1.0000000000090590
1.0000000000087170
1.0000000000083686
1.0000000000080134
1.0000000000076523
1.0000000000072875
1.0000000000069209
1.0000000000065528
1.0000000000061837
1.0000000000058153
1.0000000000054483
1.0000000000050833
1.0000000000047222
1.0000000000043652
1.0000000000040126
1.0000000000036653
1.0000000000033238
1.0000000000029881
1.0000000000026590
1.0000000000023375
1.0000000000020246
1.0000000000017211
1.0000000000014277
1.0000000000011449
1.0000000000008726
1.0000000000006111
1.0000000000003610
1.0000000000001235
0.9999999999998984
0.9999999999996867
0.9999999999994890
0.9999999999993056
0.9999999999991380
0.9999999999989873
0.9999999999988533
0.9999999999987360
0.9999999999986361
0.9999999999985533
0.9999999999984869
0.9999999999984368
0.9999999999984016
0.9999999999983794
0.9999999999983693
0.9999999999983705
0.9999999999983823
0.9999999999984042
0.9999999999984373
0.9999999999984818
0.9999999999985383
0.9999999999986058
0.9999999999986842
0.9999999999987716
0.9999999999988686
0.9999999999989730
0.9999999999990840
0.9999999999992005
0.9999999999993221
0.9999999999994490
0.9999999999995820
0.9999999999997206
0.9999999999998640
1.0000000000000104
1.0000000000001579
1.0000000000003049
1.0000000000004503
1.0000000000005931
1.0000000000007330
1.0000000000008702
1.0000000000010052
1.0000000000011373
1.0000000000012661
1.0000000000013911
1.0000000000015130
1.0000000000016325
1.0000000000017495
1.0000000000018634
1.0000000000019729
1.0000000000020774
1.0000000000021769
1.0000000000022702
1.0000000000023557
1.0000000000024341
1.0000000000025033
1.0000000000025626
1.0000000000026124
1.0000000000026543
1.0000000000026894
1.0000000000027176
1.0000000000027391
1.0000000000027540
1.0000000000027611
1.0000000000027607
1.0000000000027514
1.0000000000027327
1.0000000000027036
1.0000000000026648
1.0000000000026177
1.0000000000025637
1.0000000000025033
1.0000000000024361
1.0000000000023608
1.0000000000022771
1.0000000000021849
1.0000000000020843
1.0000000000019764
1.0000000000018607
1.0000000000017371
1.0000000000016049
1.0000000000014657
1.0000000000013194
1.0000000000011657
1.0000000000010043
1.0000000000008358
1.0000000000006608
1.0000000000004798
1.0000000000002933
1.0000000000001024
0.9999999999999060
0.9999999999997046
0.9999999999994993
0.9999999999992911
0.9999999999990806
0.9999999999988686
0.9999999999986555
0.9999999999984415
0.9999999999982259
0.9999999999980085
0.9999999999977898
0.9999999999975695
0.9999999999973481
0.9999999999971261
0.9999999999969050
0.9999999999966863
0.9999999999964703
0.9999999999962580
0.9999999999960492
0.9999999999958437
0.9999999999956429
0.9999999999954482
0.9999999999952596
0.9999999999950775
0.9999999999949035
0.9999999999947383
0.9999999999945827
0.9999999999944372
0.9999999999943022
0.9999999999941771
0.9999999999940623
0.9999999999939587
0.9999999999938667
0.9999999999937863
0.9999999999937180
0.9999999999936633
0.9999999999936218
0.9999999999935930
0.9999999999935775
0.9999999999935757
0.9999999999935878
0.9999999999936141
0.9999999999936553
0.9999999999937109
0.9999999999937820
0.9999999999938690
0.9999999999939716
0.9999999999940901
0.9999999999942242
0.9999999999943737
0.9999999999945388
0.9999999999947187
0.9999999999949131
0.9999999999951219
0.9999999999953456
0.9999999999955838
0.9999999999958364
0.9999999999961042
0.9999999999963866
0.9999999999966824
0.9999999999969910
0.9999999999973114
0.9999999999976448
0.9999999999979907
0.9999999999983488
0.9999999999987188
0.9999999999991004
0.9999999999994917
0.9999999999998922
1.0000000000003006
1.0000000000007170
1.0000000000011400
1.0000000000015687
1.0000000000020028
1.0000000000024414
1.0000000000028832
1.0000000000033278
1.0000000000037752
1.0000000000042260
1.0000000000046778
1.0000000000051299
1.0000000000055822
1.0000000000060336
1.0000000000064826
1.0000000000069273
1.0000000000073670
1.0000000000078002
1.0000000000082254
1.0000000000086422
1.0000000000090503
1.0000000000094482
1.0000000000098339
1.0000000000102061
1.0000000000105638
1.0000000000109059
1.0000000000112317
1.0000000000115412
1.0000000000118345
1.0000000000121116
1.0000000000123719
1.0000000000126150
1.0000000000128395
1.0000000000130447
1.0000000000132294
1.0000000000133933
1.0000000000135378
1.0000000000136651
1.0000000000137768
1.0000000000138731
1.0000000000139548
1.0000000000140219
1.0000000000140741
1.0000000000141116
1.0000000000141349
1.0000000000141449
1.0000000000141425
