1.0000381100520990
1.0000376322294910
1.0000370648825170
1.0000364093732295
1.0000356672741295
1.0000348403644088
1.0000339306256962
1.0000329402373198
1.0000318715710970
1.0000307271856674
1.0000295098203773
1.0000282223887340
1.0000268679714408
1.0000254498090368
1.0000239712941497
1.0000224359633902
1.0000208474889007
1.0000192096695812
1.0000175264220099
1.0000158017710836
1.0000140398403981
1.0000122448423936
1.0000104210682885
1.0000085728778214
1.0000067046888339
1.0000048209667129
1.0000029262137169
1.0000010249582159
0.9999991217438672
0.9999972211187556
0.9999953276245213
0.9999934457855070
0.9999915800979409
0.9999897350191905
0.9999879149571061
0.9999861242594854
0.9999843672036803
0.9999826479863713
0.9999809707135360
0.9999793393906334
0.9999777579130288
0.9999762300566799
0.9999747594691122
0.9999733496606974
0.9999720039962616
0.9999707256870428
0.9999695177830121
0.9999683831655846
0.9999673245407291
0.9999663444325008
0.9999654451770096
0.9999646289168357
0.9999638975959099
0.9999632529548672
0.9999626965268882
0.9999622296340366
0.9999618533841013
0.9999615686679520
0.9999613761574144
0.9999612763036669
0.9999612693361662
0.9999613552621046
0.9999615338663976
0.9999618047122063
0.9999621671419868
0.9999626202790696
0.9999631630297626
0.9999637940859709
0.9999645119283349
0.9999653148298713
0.9999662008601098
0.9999671678897175
0.9999682135955981
0.9999693354664555
0.9999705308088093
0.9999717967534423
0.9999731302622688
0.9999745281356082
0.9999759870198461
0.9999775034154577
0.9999790736853874
0.9999806940637526
0.9999823606648574
0.9999840694924906
0.9999858164494903
0.9999875973475459
0.9999894079172201
0.9999912438181661
0.9999931006495116
0.9999949739603881
0.9999968592605762
0.9999987520312499
1.0000006477357859
1.0000025418306167
1.0000044297760973
1.0000063070473644
1.0000081691451601
1.0000100116065913
1.0000118300158021
1.0000136200145355
1.0000153773125575
1.0000170976979157
1.0000187770470121
1.0000204113344648
1.0000219966427306
1.0000235291714750
1.0000250052466593
1.0000264213293280
1.0000277740240675
1.0000290600871256
1.0000302764341689
1.0000314201476572
1.0000324884838192
1.0000334788792138
1.0000343889568606
1.0000352165319242
1.0000359596169373
1.0000366164265562
1.0000371853818288
1.0000376651139735
1.0000380544676541
1.0000383525037453
1.0000385585015801
1.0000386719606771
1.0000386926019398
1.0000386203683296
1.0000384554250035
1.0000381981589266
1.0000378491779516
1.0000374093093718
1.0000368795979500
1.0000362613034244
1.0000355558975043
1.0000347650603589
1.0000338906766055
1.0000329348308112
1.0000318998025182
1.0000307880607990
1.0000296022583617
1.0000283452252139
1.0000270199619052
1.0000256296323629
1.0000241775563334
1.0000226672014549
1.0000211021749723
1.0000194862151213
1.0000178231821970
1.0000161170493298
1.0000143718929939
1.0000125918832661
1.0000107812738637
1.0000089443919784
1.0000070856279342
1.0000052094246961
1.0000033202672520
1.0000014226718918
0.9999995211754137
0.9999976203242792
0.9999957246637435
0.9999938387269918
0.9999919670242986
0.9999901140322458
0.9999882841830178
0.9999864818538042
0.9999847113563334
0.9999829769265608
0.9999812827145408
0.9999796327745000
0.9999780310551396
0.9999764813901920
0.9999749874892468
0.9999735529288794
0.9999721811440943
0.9999708754201065
0.9999696388844820
0.9999684744996522
0.9999673850558262
0.9999663731643136
0.9999654412512734
0.9999645915519086
0.9999638261051138
0.9999631467485947
0.9999625551144679
0.9999620526253504
0.9999616404909536
0.9999613197051832
0.9999610910437573
0.9999609550623462
0.9999609120952362
0.9999609622545252
0.9999611054298491
0.9999613412886406
0.9999616692769188
0.9999620886206083
0.9999625983273853
0.9999631971890455
0.9999638837843863
0.9999646564825990
0.9999655134471669
0.9999664526402494
0.9999674718275514
0.9999685685836605
0.9999697402978412
0.9999709841802736
0.9999722972687194
0.9999736764355972
0.9999751183954579
0.9999766197128334
0.9999781768104468
0.9999797859777627
0.9999814433798508
0.9999831450665516
0.9999848869819119
0.9999866649738767
0.9999884748042104
0.9999903121586239
0.9999921726570836
0.9999940518642755
0.9999959453002023
0.9999978484508856
0.9999997567791493
1.0000016657354578
1.0000035707687867
1.0000054673374916
1.0000073509201579
1.0000092170264008
1.0000110612075912
1.0000128790674785
1.0000146662726923
1.0000164185630915
1.0000181317619363
1.0000198017858626
1.0000214246546344
1.0000229965006457
1.0000245135781580
1.0000259722722409
1.0000273691074029
1.0000287007558895
1.0000299640456272
1.0000311559677959
1.0000322736840088
1.0000333145330889
1.0000342760374192
1.0000351559088567
1.0000359520541913
1.0000366625801411
1.0000372857978692
1.0000378202270133
1.0000382645992152
1.0000386178611449
1.0000388791770121
1.0000390479305579
1.0000391237265216
1.0000391063915777
1.0000389959747482
1.0000387927472802
1.0000384972019936
1.0000381100520990
1.0000376322294910
1.0000370648825170
1.0000364093732295
