1.0007862902332416
1.0007763571210098
1.0007645731519077
1.0007509664387533
1.0007355694353264
1.0007184188598843
1.0006995556086073
1.0006790246591704
1.0006568749646605
1.0006331593380751
1.0006079343276664
1.0005812600834108
1.0005532002149111
1.0005238216410535
1.0004931944317597
1.0004613916422007
1.0004284891398496
1.0003945654247703
1.0003597014435537
1.0003239803973358
1.0002874875443435
1.0002503099974172
1.0002125365169894
1.0001742573000012
1.0001355637652483
1.0000965483356632
1.0000573042180441
1.0000179251807535
0.9999785053299088
0.9999391388846003
0.9998999199516714
0.9998609423005989
0.9998222991390133
0.9997840828893970
0.9997463849675031
0.9997092955630277
0.9996729034230679
0.9996372956388966
0.9996025574365660
0.9995687719718589
0.9995360201300876
0.9995043803312359
0.9994739283409180
0.9994447370876310
0.9994168764867467
0.9993904132716817
0.9993654108326663
0.9993419290635146
0.9993200242167791
0.9992997487676482
0.9992811512869330
0.9992642763234619
0.9992491642961784
0.9992358513962107
0.9992243694991639
0.9992147460878559
0.9992070041856899
0.9992011623008353
0.9991972343813545
0.9991952297813933
0.9991951532385188
0.9991970048622630
0.9992007801338983
0.9992064699174499
0.9992140604819137
0.9992235335346242
0.9992348662656897
0.9992480314033777
0.9992629972803173
0.9992797279103419
0.9992981830757869
0.9993183184250163
0.9993400855799344
0.9993634322532097
0.9993883023749194
0.9994146362282904
0.9994423705942049
0.9994714389040995
0.9995017714008819
0.9995332953074634
0.9995659350024862
0.9995996122028068
0.9996342461522876
0.9996697538164273
0.9997060500823519
0.9997430479636723
0.9997806588097081
0.9998187925185645
0.9998573577535413
0.9998962621623511
0.9999354125986077
0.9999747153450577
1.0000140763380090
1.0000534013924227
1.0000925964271250
1.0001315676895992
1.0001702219798294
1.0002084668726532
1.0002462109381041
1.0002833639592235
1.0003198371468232
1.0003555433506988
1.0003903972668025
1.0004243156398827
1.0004572174611246
1.0004890241603330
1.0005196597922121
1.0005490512163104
1.0005771282702165
1.0006038239356090
1.0006290744967812
1.0006528196912734
1.0006750028522744
1.0006955710424639
1.0007144751789954
1.0007316701493314
1.0007471149176730
1.0007607726217393
1.0007726106596828
1.0007826007669418
1.0007907190828575
1.0007969462069046
1.0008012672444082
1.0008036718416506
1.0008041542102810
1.0008027131409785
1.0007993520063354
1.0007940787529563
1.0007869058827898
1.0007778504237332
1.0007669338895759
1.0007541822293771
1.0007396257663832
1.0007232991266288
1.0007052411573769
1.0006854948355850
1.0006641071666040
1.0006411290733370
1.0006166152761107
1.0005906241635305
1.0005632176546091
1.0005344610524882
1.0005044228900830
1.0004731747680029
1.0004407911851179
1.0004073493621610
1.0003729290587748
1.0003376123844208
1.0003014836035875
1.0002646289357515
1.0002271363505546
1.0001890953586769
1.0001505967988922
1.0001117326218054
1.0000725956707821
1.0000332794605857
0.9999938779542462
0.9999544853386869
0.9999151957996489
0.9998761032964473
0.9998373013370967
0.9997988827543486
0.9997609394831783
0.9997235623402612
0.9996868408059690
0.9996508628094218
0.9996157145171135
0.9995814801256293
0.9995482416589624
0.9995160787709277
0.9994850685531623
0.9994552853491819
0.9994268005749576
0.9993996825464564
0.9993739963145737
0.9993498035078673
0.9993271621834895
0.9993061266866908
0.9992867475192421
0.9992690712171084
0.9992531402376814
0.9992389928568579
0.9992266630762184
0.9992161805405427
0.9992075704658723
0.9992008535782969
0.9991960460636290
0.9991931595280841
0.9991922009700703
0.9991931727631634
0.9991960726503013
0.9992008937492189
0.9992076245691102
0.9992162490384716
0.9992267465440601
0.9992390919808614
0.9992532558129461
0.9992692041450603
0.9992868988047674
0.9993062974349352
0.9993273535963346
0.9993500168800903
0.9993742330296992
0.9993999440723113
0.9994270884589441
0.9994556012132793
0.9994854140886676
0.9995164557329526
0.9995486518606974
0.9995819254323953
0.9996161968402103
0.9996513840997922
0.9996874030476931
0.9997241675438980
0.9997615896789757
0.9997995799853338
0.9998380476520699
0.9998769007428954
0.9999160464165932
0.9999553911494864
0.9999948409593747
1.0000343016304003
1.0000736789383042
1.0001128788755340
1.0001518078756604
1.0001903730365764
1.0002284823419447
1.0002660448803691
1.0003029710617783
1.0003391728305069
1.0003745638745782
1.0004090598306963
1.0004425784844757
1.0004750399654345
1.0005063669363070
1.0005364847762319
1.0005653217573978
1.0005928092147389
1.0006188817082895
1.0006434771778299
1.0006665370894661
1.0006880065738104
1.0007078345554528
1.0007259738734218
1.0007423813923699
1.0007570181042222
1.0007698492200705
1.0007808442520962
1.0007899770853415
1.0007972260391689
1.0008025739182664
1.0008060080530876
1.0008075203296338
1.0008071072085130
1.0008047697332334
1.0008005135277103
1.0007943487829929
1.0007862902332416
1.0007763571210098
1.0007645731519077
1.0007509664387533
