1.0113743328981148
1.0112320389553526
1.0110632449873773
1.0108683336852300
1.0106477472744124
1.0104019866756215
1.0101316105498102
1.0098372342277748
1.0095195285245628
1.0091792184390722
1.0088170817393272
1.0084339474340271
1.0080306941311292
1.0076082482843747
1.0071675823288651
1.0067097127069979
1.0062356977863112
1.0057466356710274
1.0052436619093796
1.0047279470990942
1.0042006943937232
1.0036631369128752
1.0031165350597484
1.0025621737497488
1.0020013595543946
1.0014354177651072
1.0008656893819214
1.0002935280325969
0.9997202968280535
0.9991473651605062
0.9985761054511331
0.9980078898545588
0.9974440869278814
0.9968860582724047
0.9963351551566598
0.9957927151296956
0.9952600586339924
0.9947384856277086
0.9942292722262713
0.9937336673736019
0.9932528895535013
0.9927881235518989
0.9923405172808069
0.9919111786748981
0.9915011726716517
0.9911115182859530
0.9907431857899527
0.9903970940088005
0.9900741077426416
0.9897750353249556
0.9895006263269417
0.9892515694172288
0.9890284903856664
0.9888319503393955
0.9886624440787706
0.9885203986600188
0.9884061721507870
0.9883200525839401
0.9882622571141574
0.9882329313810053
0.9882321490812781
0.9882599117524906
0.9883161487684770
0.9884007175471118
0.9885134039692431
0.9886539230069977
0.9888219195586977
0.9890169694867517
0.9892385808540133
0.9894861953532709
0.9897591899237570
0.9900568785478168
0.9903785142201976
0.9907232910817828
0.9910903467090371
0.9914787645499056
0.9918875764964803
0.9923157655843675
0.9927622688083829
0.9932259800439576
0.9937057530634694
0.9942004046366072
0.9947087177038222
0.9952294446119514
0.9957613104011636
0.9963030161325133
0.9968532422455761
0.9974106519358554
0.9979738945419362
0.9985416089326674
0.9991124268849984
0.9996849764434707
1.0002578852527657
1.0008297838551223
1.0013993089448818
1.0019651065728579
1.0025258352936695
1.0030801692496523
1.0036268011853935
1.0041644453873979
1.0046918405438305
1.0052077525197054
1.0057109770433175
1.0062003423001069
1.0066747114305319
1.0071329849288966
1.0075741029404148
1.0079970474541224
1.0084008443895482
1.0087845655753307
1.0091473306182299
1.0094883086612056
1.0098067200294529
1.0101018377634698
1.0103729890383963
1.0106195564690159
1.0108409792999260
1.0110367544805059
1.0112064376243859
1.0113496438532086
1.0114660485245248
1.0115553878437129
1.0116174593598537
1.0116521223455128
1.0116592980603962
1.0116389698988708
1.0115911834213371
1.0115160462694532
1.0114137279652125
1.0112844595938841
1.0111285333708362
1.0109463020922700
1.0107381784699299
1.0105046343498640
1.0102461998153724
1.0099634621743112
1.0096570648310077
1.0093277060431081
1.0089761375637822
1.0086031631698273
1.0082096370763476
1.0077964622388398
1.0073645885436899
1.0069150108882925
1.0064487671522100
1.0059669360610508
1.0054706349449987
1.0049610173942156
1.0044392708136567
1.0039066138801669
1.0033642939050842
1.0028135841059460
1.0022557807912928
1.0016922004629671
1.0011241768407315
1.0005530578144644
0.9999802023296402
0.9994069772122471
0.9988347539397533
0.9982649053651849
0.9976988024018292
0.9971378106765145
0.9965832871598459
0.9960365767821903
0.9954990090445874
0.9949718946341319
0.9944565220536904
0.9939541542761205
0.9934660254334139
0.9929933375513852
0.9925372573406960
0.9920989130551050
0.9916793914278895
0.9912797346973634
0.9909009377323585
0.9905439452683790
0.9902096492649524
0.9898988863944194
0.9896124356720681
0.9893510162371109
0.9891152852935289
0.9889058362192783
0.9887231968517419
0.9885678279566632
0.9884401218870862
0.9883404014380631
0.9882689189020829
0.9882258553293364
0.9882113199960531
0.9882253500832425
0.9882679105672548
0.9883388943226425
0.9884381224368652
0.9885653447354588
0.9887202405153551
0.9889024194831451
0.9891114228941991
0.9893467248877122
0.9896077340119321
0.9898937949330775
0.9902041903207239
0.9905381429017911
0.9908948176746570
0.9912733242743884
0.9916727194796034
0.9920920098510707
0.9925301544918121
0.9929860679181975
0.9934586230313204
0.9939466541777967
0.9944489602890592
0.9949643080882034
0.9954914353534929
0.9960290542277356
0.9965758545628955
0.9971305072895202
0.9976916678008072
0.9982579793414338
0.9988280763915993
0.9994005880370903
0.9999741413165675
1.0005473645376848
1.0011188905540722
1.0016873599956564
1.0022514244452501
1.0028097495547819
1.0033610180950037
1.0039039329329531
1.0044372199319085
1.0049596307689896
1.0054699456660054
1.0059669760295362
1.0064495669966458
1.0069165998829914
1.0073669945304500
1.0077997115517199
1.0082137544696572
1.0086081717494175
1.0089820587217104
1.0093345593957483
1.0096648681606721
1.0099722313744424
1.0102559488393639
1.0105153751635618
1.0107499210078656
1.0109590542176743
1.0111423008394778
1.0112992460217858
1.0114295348002798
1.0115328727670669
1.0116090266239486
1.0116578246196442
1.0116791568709411
1.0116729755677523
1.0116392950620665
1.0115781918407956
1.0114898043825162
1.0113743328981148
1.0112320389553526
1.0110632449873773
1.0108683336852300
