1.0000007459790261
1.0000007369435826
1.0000007261757067
1.0000007137015552
1.0000006995513451
1.0000006837592825
1.0000006663634804
1.0000006474058660
1.0000006269320816
1.0000006049913750
1.0000005816364816
1.0000005569234982
1.0000005309117483
1.0000005036636417
1.0000004752445231
1.0000004457225165
1.0000004151683626
1.0000003836552491
1.0000003512586366
1.0000003180560781
1.0000002841270323
1.0000002495526736
1.0000002144156992
1.0000001788001311
1.0000001427911147
1.0000001064747150
1.0000000699377118
1.0000000332673917
0.9999999965513399
0.9999999598772308
0.9999999233326199
0.9999998870047333
0.9999998509802586
0.9999998153451375
0.9999997801843613
0.9999997455817683
0.9999997116198429
0.9999996783795188
0.9999996459399848
0.9999996143784960
0.9999995837701905
0.9999995541879082
0.9999995257020181
0.9999994983802513
0.9999994722875367
0.9999994474858479
0.9999994240340546
0.9999994019877841
0.9999993813992855
0.9999993623173056
0.9999993447869734
0.9999993288496936
0.9999993145430470
0.9999993019007004
0.9999992909523271
0.9999992817235355
0.9999992742358081
0.9999992685064517
0.9999992645485551
0.9999992623709602
0.9999992619782379
0.9999992633706816
0.9999992665443049
0.9999992714908514
0.9999992781978141
0.9999992866484683
0.9999992968219099
0.9999993086931059
0.9999993222329553
0.9999993374083571
0.9999993541822918
0.9999993725139089
0.9999993923586281
0.9999994136682436
0.9999994363910412
0.9999994604719203
0.9999994858525282
0.9999995124713998
0.9999995402641060
0.9999995691634056
0.9999995990994079
0.9999996299997393
0.9999996617897163
0.9999996943925258
0.9999997277294089
0.9999997617198512
0.9999997962817744
0.9999998313317334
0.9999998667851172
0.9999999025563489
0.9999999385590916
0.9999999747064560
1.0000000109112086
1.0000000470859807
1.0000000831434770
1.0000001189966847
1.0000001545590849
1.0000001897448565
1.0000002244690827
1.0000002586479562
1.0000002921989775
1.0000003250411538
1.0000003570951923
1.0000003882836914
1.0000004185313245
1.0000004477650224
1.0000004759141479
1.0000005029106653
1.0000005286893021
1.0000005531877079
1.0000005763466027
1.0000005981099176
1.0000006184249304
1.0000006372423913
1.0000006545166404
1.0000006702057187
1.0000006842714713
1.0000006966796360
1.0000007073999251
1.0000007164061000
1.0000007236760324
1.0000007291917590
1.0000007329395237
1.0000007349098119
1.0000007350973723
1.0000007335012309
1.0000007301246916
1.0000007249753313
1.0000007180649819
1.0000007094097021
1.0000006990297388
1.0000006869494780
1.0000006731973863
1.0000006578059448
1.0000006408115718
1.0000006222545361
1.0000006021788614
1.0000005806322192
1.0000005576658155
1.0000005333342690
1.0000005076954794
1.0000004808104919
1.0000004527433504
1.0000004235609448
1.0000003933328510
1.0000003621311635
1.0000003300303246
1.0000002971069462
1.0000002634396250
1.0000002291087555
1.0000001941963386
1.0000001587857865
1.0000001229617219
1.0000000868097769
1.0000000504163886
1.0000000138685918
0.9999999772538097
0.9999999406596468
0.9999999041736775
0.9999998678832375
0.9999998318752141
0.9999997962358411
0.9999997610504900
0.9999997264034663
0.9999996923778093
0.9999996590550921
0.9999996265152273
0.9999995948362757
0.9999995640942587
0.9999995343629774
0.9999995057138356
0.9999994782156691
0.9999994519345812
0.9999994269337831
0.9999994032734442
0.9999993810105448
0.9999993601987435
0.9999993408882464
0.9999993231256884
0.9999993069540204
0.9999992924124064
0.9999992795361305
0.9999992683565133
0.9999992589008345
0.9999992511922664
0.9999992452498209
0.9999992410883016
0.9999992387182691
0.9999992381460147
0.9999992393735455
0.9999992423985796
0.9999992472145492
0.9999992538106177
0.9999992621717069
0.9999992722785301
0.9999992841076383
0.9999992976314753
0.9999993128184442
0.9999993296329820
0.9999993480356425
0.9999993679831929
0.9999993894287158
0.9999994123217205
0.9999994366082642
0.9999994622310795
0.9999994891297107
0.9999995172406582
0.9999995464975300
0.9999995768312002
0.9999996081699720
0.9999996404397496
0.9999996735642155
0.9999997074650124
0.9999997420619300
0.9999997772730957
0.9999998130151706
0.9999998492035470
0.9999998857525512
0.9999999225756476
0.9999999595856444
0.9999999966949021
1.0000000338155421
1.0000000708596570
1.0000001077395182
1.0000001443677868
1.0000001806577237
1.0000002165233937
1.0000002518798714
1.0000002866434428
1.0000003207318056
1.0000003540642652
1.0000003865619289
1.0000004181478930
1.0000004487474250
1.0000004782881438
1.0000005067001891
1.0000005339163902
1.0000005598724249
1.0000005845069744
1.0000006077618688
1.0000006295822252
1.0000006499165808
1.0000006687170129
1.0000006859392545
1.0000007015427981
1.0000007154909922
1.0000007277511296
1.0000007382945231
1.0000007470965766
1.0000007541368425
1.0000007593990701
1.0000007628712437
1.0000007645456139
1.0000007644187112
1.0000007624913567
1.0000007587686592
1.0000007532600037
1.0000007459790261
1.0000007369435826
1.0000007261757067
1.0000007137015552
