1.0000000732549734
1.0000000724145897
1.0000000714070341
1.0000000702348015
1.0000000689007738
1.0000000674082168
1.0000000657607724
1.0000000639624491
1.0000000620176124
1.0000000599309742
1.0000000577075800
1.0000000553527995
1.0000000528723121
1.0000000502720949
1.0000000475584070
1.0000000447377744
1.0000000418169737
1.0000000388030161
1.0000000357031322
1.0000000325247549
1.0000000292755005
1.0000000259631507
1.0000000225956343
1.0000000191810068
1.0000000157274322
1.0000000122431634
1.0000000087365235
1.0000000052158831
1.0000000016896435
0.9999999981662163
0.9999999946540021
0.9999999911613691
0.9999999876966339
0.9999999842680432
0.9999999808837527
0.9999999775518089
0.9999999742801299
0.9999999710764867
0.9999999679484818
0.9999999649035340
0.9999999619488601
0.9999999590914580
0.9999999563380880
0.9999999536952582
0.9999999511692086
0.9999999487658965
0.9999999464909830
0.9999999443498178
0.9999999423474268
0.9999999404885014
0.9999999387773870
0.9999999372180735
0.9999999358141837
0.9999999345689659
0.9999999334852850
0.9999999325656171
0.9999999318120425
0.9999999312262424
0.9999999308094939
0.9999999305626672
0.9999999304862237
0.9999999305802154
0.9999999308442850
0.9999999312776663
0.9999999318791849
0.9999999326472623
0.9999999335799201
0.9999999346747822
0.9999999359290833
0.9999999373396747
0.9999999389030332
0.9999999406152674
0.9999999424721300
0.9999999444690270
0.9999999466010271
0.9999999488628760
0.9999999512490075
0.9999999537535562
0.9999999563703715
0.9999999590930346
0.9999999619148727
0.9999999648289749
0.9999999678282098
0.9999999709052418
0.9999999740525479
0.9999999772624365
0.9999999805270656
0.9999999838384628
0.9999999871885437
0.9999999905691324
0.9999999939719789
0.9999999973887798
1.0000000008111993
1.0000000042308892
1.0000000076395072
1.0000000110287381
1.0000000143903158
1.0000000177160393
1.0000000209977937
1.0000000242275695
1.0000000273974847
1.0000000304998020
1.0000000335269459
1.0000000364715218
1.0000000393263342
1.0000000420844035
1.0000000447389830
1.0000000472835751
1.0000000497119468
1.0000000520181449
1.0000000541965099
1.0000000562416904
1.0000000581486550
1.0000000599127061
1.0000000615294897
1.0000000629950061
1.0000000643056197
1.0000000654580665
1.0000000664494635
1.0000000672773157
1.0000000679395218
1.0000000684343799
1.0000000687605914
1.0000000689172650
1.0000000689039166
1.0000000687204713
1.0000000683672636
1.0000000678450367
1.0000000671549423
1.0000000662985380
1.0000000652777825
1.0000000640950291
1.0000000627530214
1.0000000612548878
1.0000000596041336
1.0000000578046324
1.0000000558606166
1.0000000537766696
1.0000000515577125
1.0000000492089938
1.0000000467360737
1.0000000441448140
1.0000000414413628
1.0000000386321417
1.0000000357238306
1.0000000327233491
1.0000000296378411
1.0000000264746574
1.0000000232413384
1.0000000199455970
1.0000000165952978
1.0000000131984410
1.0000000097631423
1.0000000062976129
1.0000000028101408
0.9999999993090709
0.9999999958027838
0.9999999922996771
0.9999999888081449
0.9999999853365579
0.9999999818932430
0.9999999784864645
0.9999999751244031
0.9999999718151367
0.9999999685666192
0.9999999653866639
0.9999999622829246
0.9999999592628762
0.9999999563337979
0.9999999535027566
0.9999999507765877
0.9999999481618792
0.9999999456649563
0.9999999432918669
0.9999999410483661
0.9999999389399031
0.9999999369716089
0.9999999351482813
0.9999999334743754
0.9999999319539926
0.9999999305908706
0.9999999293883746
0.9999999283494896
0.9999999274768129
0.9999999267725469
0.9999999262384937
0.9999999258760506
0.9999999256862078
0.9999999256695454
0.9999999258262332
0.9999999261560303
0.9999999266582839
0.9999999273319307
0.9999999281755001
0.9999999291871172
0.9999999303645083
0.9999999317050041
0.9999999332055486
0.9999999348627042
0.9999999366726608
0.9999999386312460
0.9999999407339343
0.9999999429758571
0.9999999453518149
0.9999999478562879
0.9999999504834505
0.9999999532271850
0.9999999560810962
0.9999999590385263
0.9999999620925710
0.9999999652360948
0.9999999684617495
0.9999999717619911
0.9999999751290981
0.9999999785551914
0.9999999820322517
0.9999999855521368
0.9999999891066008
0.9999999926873155
0.9999999962858894
0.9999999998938874
1.0000000035028525
1.0000000071043258
1.0000000106898657
1.0000000142510679
1.0000000177795847
1.0000000212671463
1.0000000247055802
1.0000000280868306
1.0000000314029769
1.0000000346462534
1.0000000378090659
1.0000000408840115
1.0000000438638963
1.0000000467417511
1.0000000495108496
1.0000000521647241
1.0000000546971797
1.0000000571023115
1.0000000593745166
1.0000000615085074
1.0000000634993242
1.0000000653423480
1.0000000670333093
1.0000000685683010
1.0000000699437854
1.0000000711566039
1.0000000722039839
1.0000000730835461
1.0000000737933084
1.0000000743316915
1.0000000746975242
1.0000000748900424
1.0000000749088931
1.0000000747541351
1.0000000744262394
1.0000000739260886
1.0000000732549734
1.0000000724145897
1.0000000714070341
1.0000000702348015
