1.0000000057217471
1.0000000056645493
1.0000000055948293
1.0000000055127678
1.0000000054185751
1.0000000053124911
1.0000000051947810
1.0000000050657387
1.0000000049256854
1.0000000047749666
1.0000000046139532
1.0000000044430384
1.0000000042626382
1.0000000040731913
1.0000000038751569
1.0000000036690144
1.0000000034552610
1.0000000032344121
1.0000000030070000
1.0000000027735727
1.0000000025346916
1.0000000022909297
1.0000000020428719
1.0000000017911121
1.0000000015362531
1.0000000012789030
1.0000000010196761
1.0000000007591909
1.0000000004980687
1.0000000002369309
0.9999999999763971
0.9999999997170842
0.9999999994596073
0.9999999992045756
0.9999999989525915
0.9999999987042498
0.9999999984601363
0.9999999982208257
0.9999999979868802
0.9999999977588485
0.9999999975372652
0.9999999973226494
0.9999999971155030
0.9999999969163080
0.9999999967255280
0.9999999965436053
0.9999999963709607
0.9999999962079924
0.9999999960550745
0.9999999959125561
0.9999999957807606
0.9999999956599854
0.9999999955505020
0.9999999954525534
0.9999999953663546
0.9999999952920919
0.9999999952299224
0.9999999951799737
0.9999999951423442
0.9999999951171034
0.9999999951042892
0.9999999951039096
0.9999999951159427
0.9999999951403351
0.9999999951770051
0.9999999952258415
0.9999999952867032
0.9999999953594202
0.9999999954437929
0.9999999955395947
0.9999999956465714
0.9999999957644405
0.9999999958928948
0.9999999960316012
0.9999999961802014
0.9999999963383115
0.9999999965055263
0.9999999966814190
0.9999999968655414
0.9999999970574247
0.9999999972565817
0.9999999974625083
0.9999999976746835
0.9999999978925720
0.9999999981156243
0.9999999983432792
0.9999999985749636
0.9999999988100956
0.9999999990480846
0.9999999992883316
0.9999999995302341
0.9999999997731858
1.0000000000165785
1.0000000002598022
1.0000000005022467
1.0000000007433030
1.0000000009823666
1.0000000012188386
1.0000000014521251
1.0000000016816408
1.0000000019068092
1.0000000021270636
1.0000000023418505
1.0000000025506297
1.0000000027528744
1.0000000029480745
1.0000000031357372
1.0000000033153889
1.0000000034865755
1.0000000036488641
1.0000000038018422
1.0000000039451189
1.0000000040783268
1.0000000042011234
1.0000000043131920
1.0000000044142419
1.0000000045040101
1.0000000045822599
1.0000000046487820
1.0000000047033972
1.0000000047459536
1.0000000047763298
1.0000000047944326
1.0000000048001991
1.0000000047935960
1.0000000047746207
1.0000000047433009
1.0000000046996944
1.0000000046438891
1.0000000045760022
1.0000000044961808
1.0000000044046011
1.0000000043014676
1.0000000041870130
1.0000000040614987
1.0000000039252135
1.0000000037784738
1.0000000036216197
1.0000000034550149
1.0000000032790479
1.0000000030941294
1.0000000029006930
1.0000000026991929
1.0000000024901028
1.0000000022739162
1.0000000020511444
1.0000000018223156
1.0000000015879729
1.0000000013486741
1.0000000011049879
1.0000000008574947
1.0000000006067848
1.0000000003534568
1.0000000000981166
0.9999999998413756
0.9999999995838509
0.9999999993261600
0.9999999990689211
0.9999999988127524
0.9999999985582706
0.9999999983060890
0.9999999980568163
0.9999999978110538
0.9999999975693963
0.9999999973324291
0.9999999971007261
0.9999999968748507
0.9999999966553532
0.9999999964427690
0.9999999962376179
0.9999999960404022
0.9999999958516054
0.9999999956716904
0.9999999955011013
0.9999999953402595
0.9999999951895645
0.9999999950493913
0.9999999949200912
0.9999999948019894
0.9999999946953841
0.9999999946005464
0.9999999945177207
0.9999999944471243
0.9999999943889468
0.9999999943433506
0.9999999943104670
0.9999999942903960
0.9999999942832063
0.9999999942889360
0.9999999943075925
0.9999999943391523
0.9999999943835637
0.9999999944407444
0.9999999945105817
0.9999999945929330
0.9999999946876261
0.9999999947944599
0.9999999949132036
0.9999999950435977
0.9999999951853559
0.9999999953381650
0.9999999955016867
0.9999999956755573
0.9999999958593881
0.9999999960527665
0.9999999962552576
0.9999999964664046
0.9999999966857301
0.9999999969127377
0.9999999971469122
0.9999999973877223
0.9999999976346207
0.9999999978870462
0.9999999981444240
0.9999999984061682
0.9999999986716825
0.9999999989403617
0.9999999992115925
0.9999999994847558
0.9999999997592265
1.0000000000343763
1.0000000003095759
1.0000000005841956
1.0000000008576064
1.0000000011291830
1.0000000013983046
1.0000000016643560
1.0000000019267292
1.0000000021848245
1.0000000024380535
1.0000000026858387
1.0000000029276161
1.0000000031628358
1.0000000033909617
1.0000000036114742
1.0000000038238721
1.0000000040276746
1.0000000042224202
1.0000000044076680
1.0000000045830000
1.0000000047480198
1.0000000049023567
1.0000000050456646
1.0000000051776237
1.0000000052979419
1.0000000054063549
1.0000000055026261
1.0000000055865466
1.0000000056579372
1.0000000057166480
1.0000000057625589
1.0000000057955798
1.0000000058156495
1.0000000058227376
1.0000000058168443
1.0000000057980012
1.0000000057662715
1.0000000057217471
1.0000000056645493
1.0000000055948293
1.0000000055127678
