1.0000001665198874
1.0000001645628989
1.0000001622229702
1.0000001595058439
1.0000001564181580
1.0000001529674298
1.0000001491620378
1.0000001450112015
1.0000001405249590
1.0000001357141435
1.0000001305903572
1.0000001251659449
1.0000001194539625
1.0000001134681462
1.0000001072228801
1.0000001007331596
1.0000000940145577
1.0000000870831873
1.0000000799556628
1.0000000726490612
1.0000000651808809
1.0000000575689991
1.0000000498316302
1.0000000419872805
1.0000000340547055
1.0000000260528641
1.0000000180008730
1.0000000099179607
1.0000000018234227
0.9999999937365756
0.9999999856767106
0.9999999776630475
0.9999999697146882
0.9999999618505718
0.9999999540894292
0.9999999464497376
0.9999999389496759
0.9999999316070833
0.9999999244394157
0.9999999174637029
0.9999999106965090
0.9999999041538938
0.9999998978513739
0.9999998918038855
0.9999998860257492
0.9999998805306353
0.9999998753315303
0.9999998704407085
0.9999998658697000
0.9999998616292637
0.9999998577293610
0.9999998541791344
0.9999998509868858
0.9999998481600572
0.9999998457052103
0.9999998436280130
0.9999998419332259
0.9999998406246902
0.9999998397053185
0.9999998391770869
0.9999998390410314
0.9999998392972462
0.9999998399448833
0.9999998409821538
0.9999998424063338
0.9999998442137706
0.9999998463998913
0.9999998489592138
0.9999998518853611
0.9999998551710760
0.9999998588082387
0.9999998627878864
0.9999998671002349
0.9999998717347013
0.9999998766799302
0.9999998819238196
0.9999998874535514
0.9999998932556228
0.9999998993158778
0.9999999056195414
0.9999999121512557
0.9999999188951163
0.9999999258347105
0.9999999329531576
0.9999999402331471
0.9999999476569820
0.9999999552066193
0.9999999628637154
0.9999999706096698
0.9999999784256698
0.9999999862927353
0.9999999941917651
1.0000000021035806
1.0000000100089741
1.0000000178887540
1.0000000257237909
1.0000000334950649
1.0000000411837098
1.0000000487710570
1.0000000562386828
1.0000000635684525
1.0000000707425616
1.0000000777435798
1.0000000845544927
1.0000000911587421
1.0000000975402663
1.0000001036835406
1.0000001095736128
1.0000001151961380
1.0000001205374158
1.0000001255844200
1.0000001303248325
1.0000001347470731
1.0000001388403239
1.0000001425945582
1.0000001460005621
1.0000001490499608
1.0000001517352362
1.0000001540497456
1.0000001559877383
1.0000001575443678
1.0000001587157026
1.0000001594987391
1.0000001598914070
1.0000001598925745
1.0000001595020520
1.0000001587205904
1.0000001575498809
1.0000001559925507
1.0000001540521584
1.0000001517331831
1.0000001490410164
1.0000001459819481
1.0000001425631506
1.0000001387926625
1.0000001346793697
1.0000001302329840
1.0000001254640201
1.0000001203837703
1.0000001150042774
1.0000001093383075
1.0000001033993189
1.0000000972014291
1.0000000907593807
1.0000000840885066
1.0000000772046944
1.0000000701243479
1.0000000628643491
1.0000000554420174
1.0000000478750677
1.0000000401815661
1.0000000323798879
1.0000000244886744
1.0000000165267886
1.0000000085132690
1.0000000004672860
0.9999999924080932
0.9999999843549835
0.9999999763272431
0.9999999683441051
0.9999999604247031
0.9999999525880254
0.9999999448528701
0.9999999372377980
0.9999999297610895
0.9999999224407015
0.9999999152942246
0.9999999083388420
0.9999999015912877
0.9999998950678046
0.9999998887841054
0.9999998827553364
0.9999998769960405
0.9999998715201225
0.9999998663408156
0.9999998614706519
0.9999998569214321
0.9999998527041952
0.9999998488291915
0.9999998453058592
0.9999998421428025
0.9999998393477701
0.9999998369276359
0.9999998348883837
0.9999998332350926
0.9999998319719240
0.9999998311021120
0.9999998306279558
0.9999998305508132
0.9999998308710967
0.9999998315882745
0.9999998327008702
0.9999998342064657
0.9999998361017076
0.9999998383823141
0.9999998410430878
0.9999998440779253
0.9999998474798327
0.9999998512409419
0.9999998553525290
0.9999998598050366
0.9999998645880945
0.9999998696905464
0.9999998751004748
0.9999998808052305
0.9999998867914612
0.9999998930451434
0.9999998995516158
0.9999999062956144
0.9999999132613087
0.9999999204323398
0.9999999277918595
0.9999999353225695
0.9999999430067636
0.9999999508263694
0.9999999587629912
0.9999999667979543
0.9999999749123479
0.9999999830870726
0.9999999913028842
0.9999999995404392
1.0000000077803417
1.0000000160031888
1.0000000241896185
1.0000000323203555
1.0000000403762557
1.0000000483383513
1.0000000561878986
1.0000000639064213
1.0000000714757533
1.0000000788780852
1.0000000860960025
1.0000000931125295
1.0000000999111691
1.0000001064759423
1.0000001127914264
1.0000001188427921
1.0000001246158368
1.0000001300970203
1.0000001352734973
1.0000001401331453
1.0000001446645954
1.0000001488572603
1.0000001527013580
1.0000001561879357
1.0000001593088914
1.0000001620569912
1.0000001644258889
1.0000001664101388
1.0000001680052097
1.0000001692074962
1.0000001700143271
1.0000001704239714
1.0000001704356412
1.0000001700494940
1.0000001692666332
1.0000001680891029
1.0000001665198874
1.0000001645628989
1.0000001622229702
1.0000001595058439
