1.0000000000129270
1.0000000000129674
1.0000000000129883
1.0000000000129894
1.0000000000129698
1.0000000000129301
1.0000000000128695
1.0000000000127878
1.0000000000126847
1.0000000000125602
1.0000000000124145
1.0000000000122500
1.0000000000120677
1.0000000000118692
1.0000000000116553
1.0000000000114286
1.0000000000111899
1.0000000000109406
1.0000000000106803
1.0000000000104099
1.0000000000101299
1.0000000000098401
1.0000000000095419
1.0000000000092362
1.0000000000089242
1.0000000000086087
1.0000000000082911
1.0000000000079714
1.0000000000076490
1.0000000000073250
1.0000000000069993
1.0000000000066729
1.0000000000063471
1.0000000000060223
1.0000000000056994
1.0000000000053790
1.0000000000050622
1.0000000000047489
1.0000000000044411
1.0000000000041394
1.0000000000038445
1.0000000000035567
1.0000000000032758
1.0000000000030005
1.0000000000027311
1.0000000000024676
1.0000000000022098
1.0000000000019591
1.0000000000017166
1.0000000000014830
1.0000000000012599
1.0000000000010478
1.0000000000008469
1.0000000000006586
1.0000000000004838
1.0000000000003224
1.0000000000001730
1.0000000000000342
0.9999999999999062
0.9999999999997886
0.9999999999996817
0.9999999999995863
0.9999999999995027
0.9999999999994295
0.9999999999993662
0.9999999999993128
0.9999999999992695
0.9999999999992355
0.9999999999992103
0.9999999999991941
0.9999999999991874
0.9999999999991899
0.9999999999992004
0.9999999999992194
0.9999999999992475
0.9999999999992832
0.9999999999993258
0.9999999999993745
0.9999999999994293
0.9999999999994896
0.9999999999995554
0.9999999999996262
0.9999999999997016
0.9999999999997814
0.9999999999998646
0.9999999999999502
1.0000000000000377
1.0000000000001270
1.0000000000002180
1.0000000000003106
1.0000000000004052
1.0000000000005005
1.0000000000005955
1.0000000000006886
1.0000000000007794
1.0000000000008678
1.0000000000009550
1.0000000000010418
1.0000000000011269
1.0000000000012088
1.0000000000012859
1.0000000000013574
1.0000000000014242
1.0000000000014870
1.0000000000015463
1.0000000000016029
1.0000000000016571
1.0000000000017091
1.0000000000017579
1.0000000000018034
1.0000000000018443
1.0000000000018803
1.0000000000019116
1.0000000000019384
1.0000000000019607
1.0000000000019775
1.0000000000019895
1.0000000000019966
1.0000000000019991
1.0000000000019962
1.0000000000019884
1.0000000000019753
1.0000000000019564
1.0000000000019313
1.0000000000018991
1.0000000000018601
1.0000000000018141
1.0000000000017619
1.0000000000017040
1.0000000000016405
1.0000000000015714
1.0000000000014961
1.0000000000014135
1.0000000000013234
1.0000000000012259
1.0000000000011224
1.0000000000010136
1.0000000000009004
1.0000000000007829
1.0000000000006612
1.0000000000005362
1.0000000000004070
1.0000000000002736
1.0000000000001357
0.9999999999999943
0.9999999999998496
0.9999999999997025
0.9999999999995536
0.9999999999994037
0.9999999999992530
0.9999999999991017
0.9999999999989501
0.9999999999987981
0.9999999999986462
0.9999999999984940
0.9999999999983407
0.9999999999981872
0.9999999999980335
0.9999999999978798
0.9999999999977263
0.9999999999975733
0.9999999999974208
0.9999999999972702
0.9999999999971216
0.9999999999969749
0.9999999999968308
0.9999999999966909
0.9999999999965552
0.9999999999964241
0.9999999999962988
0.9999999999961799
0.9999999999960679
0.9999999999959633
0.9999999999958664
0.9999999999957772
0.9999999999956958
0.9999999999956225
0.9999999999955576
0.9999999999955015
0.9999999999954541
0.9999999999954153
0.9999999999953864
0.9999999999953676
0.9999999999953589
0.9999999999953604
0.9999999999953720
0.9999999999953937
0.9999999999954261
0.9999999999954696
0.9999999999955238
0.9999999999955878
0.9999999999956622
0.9999999999957471
0.9999999999958427
0.9999999999959489
0.9999999999960654
0.9999999999961909
0.9999999999963256
0.9999999999964707
0.9999999999966269
0.9999999999967946
0.9999999999969734
0.9999999999971638
0.9999999999973652
0.9999999999975765
0.9999999999977969
0.9999999999980260
0.9999999999982628
0.9999999999985080
0.9999999999987621
0.9999999999990250
0.9999999999992966
0.9999999999995777
0.9999999999998690
1.0000000000001712
1.0000000000004836
1.0000000000008056
1.0000000000011355
1.0000000000014724
1.0000000000018145
1.0000000000021614
1.0000000000025127
1.0000000000028686
1.0000000000032285
1.0000000000035916
1.0000000000039575
1.0000000000043272
1.0000000000047002
1.0000000000050764
1.0000000000054541
1.0000000000058313
1.0000000000062077
1.0000000000065827
1.0000000000069553
1.0000000000073250
1.0000000000076912
1.0000000000080531
1.0000000000084099
1.0000000000087608
1.0000000000091043
1.0000000000094389
1.0000000000097633
1.0000000000100757
1.0000000000103757
1.0000000000106626
1.0000000000109370
1.0000000000111970
1.0000000000114422
1.0000000000116718
1.0000000000118856
1.0000000000120821
1.0000000000122613
1.0000000000124225
1.0000000000125637
1.0000000000126847
1.0000000000127856
1.0000000000128664
1.0000000000129270
1.0000000000129674
1.0000000000129883
1.0000000000129894
