1.0000000000044369
1.0000000000044504
1.0000000000044553
1.0000000000044527
1.0000000000044411
1.0000000000044202
1.0000000000043907
1.0000000000043525
1.0000000000043063
1.0000000000042528
1.0000000000041929
1.0000000000041287
1.0000000000040610
1.0000000000039910
1.0000000000039193
1.0000000000038449
1.0000000000037683
1.0000000000036899
1.0000000000036091
1.0000000000035254
1.0000000000034384
1.0000000000033480
1.0000000000032550
1.0000000000031590
1.0000000000030604
1.0000000000029605
1.0000000000028599
1.0000000000027593
1.0000000000026592
1.0000000000025604
1.0000000000024625
1.0000000000023646
1.0000000000022666
1.0000000000021687
1.0000000000020710
1.0000000000019735
1.0000000000018769
1.0000000000017815
1.0000000000016889
1.0000000000015992
1.0000000000015119
1.0000000000014269
1.0000000000013454
1.0000000000012679
1.0000000000011939
1.0000000000011224
1.0000000000010543
1.0000000000009905
1.0000000000009319
1.0000000000008791
1.0000000000008313
1.0000000000007883
1.0000000000007487
1.0000000000007128
1.0000000000006799
1.0000000000006501
1.0000000000006224
1.0000000000005971
1.0000000000005744
1.0000000000005540
1.0000000000005365
1.0000000000005216
1.0000000000005103
1.0000000000005020
1.0000000000004974
1.0000000000004965
1.0000000000004998
1.0000000000005069
1.0000000000005171
1.0000000000005305
1.0000000000005467
1.0000000000005649
1.0000000000005853
1.0000000000006075
1.0000000000006295
1.0000000000006506
1.0000000000006708
1.0000000000006903
1.0000000000007083
1.0000000000007243
1.0000000000007379
1.0000000000007481
1.0000000000007550
1.0000000000007583
1.0000000000007576
1.0000000000007532
1.0000000000007465
1.0000000000007394
1.0000000000007325
1.0000000000007254
1.0000000000007181
1.0000000000007103
1.0000000000007021
1.0000000000006921
1.0000000000006799
1.0000000000006650
1.0000000000006490
1.0000000000006328
1.0000000000006164
1.0000000000006002
1.0000000000005842
1.0000000000005695
1.0000000000005558
1.0000000000005418
1.0000000000005269
1.0000000000005114
1.0000000000004956
1.0000000000004794
1.0000000000004630
1.0000000000004479
1.0000000000004350
1.0000000000004241
1.0000000000004146
1.0000000000004048
1.0000000000003937
1.0000000000003810
1.0000000000003673
1.0000000000003526
1.0000000000003362
1.0000000000003184
1.0000000000002995
1.0000000000002804
1.0000000000002613
1.0000000000002427
1.0000000000002256
1.0000000000002116
1.0000000000002014
1.0000000000001947
1.0000000000001923
1.0000000000001941
1.0000000000001987
1.0000000000002065
1.0000000000002160
1.0000000000002272
1.0000000000002396
1.0000000000002525
1.0000000000002645
1.0000000000002753
1.0000000000002844
1.0000000000002922
1.0000000000002986
1.0000000000003046
1.0000000000003109
1.0000000000003175
1.0000000000003246
1.0000000000003331
1.0000000000003419
1.0000000000003511
1.0000000000003597
1.0000000000003684
1.0000000000003766
1.0000000000003837
1.0000000000003892
1.0000000000003935
1.0000000000003959
1.0000000000003968
1.0000000000003970
1.0000000000003968
1.0000000000003961
1.0000000000003946
1.0000000000003915
1.0000000000003864
1.0000000000003795
1.0000000000003710
1.0000000000003613
1.0000000000003506
1.0000000000003388
1.0000000000003260
1.0000000000003106
1.0000000000002938
1.0000000000002747
1.0000000000002531
1.0000000000002294
1.0000000000002032
1.0000000000001752
1.0000000000001446
1.0000000000001112
1.0000000000000753
1.0000000000000364
0.9999999999999946
0.9999999999999508
0.9999999999999052
0.9999999999998577
0.9999999999998088
0.9999999999997592
0.9999999999997090
0.9999999999996586
0.9999999999996089
0.9999999999995614
0.9999999999995161
0.9999999999994725
0.9999999999994312
0.9999999999993936
0.9999999999993600
0.9999999999993301
0.9999999999993041
0.9999999999992825
0.9999999999992657
0.9999999999992543
0.9999999999992489
0.9999999999992505
0.9999999999992590
0.9999999999992742
0.9999999999992969
0.9999999999993273
0.9999999999993653
0.9999999999994097
0.9999999999994587
0.9999999999995119
0.9999999999995697
0.9999999999996320
0.9999999999996999
0.9999999999997738
0.9999999999998539
0.9999999999999407
1.0000000000000340
1.0000000000001337
1.0000000000002387
1.0000000000003479
1.0000000000004607
1.0000000000005762
1.0000000000006937
1.0000000000008129
1.0000000000009341
1.0000000000010576
1.0000000000011835
1.0000000000013118
1.0000000000014424
1.0000000000015752
1.0000000000017100
1.0000000000018459
1.0000000000019813
1.0000000000021154
1.0000000000022489
1.0000000000023819
1.0000000000025142
1.0000000000026452
1.0000000000027747
1.0000000000029028
1.0000000000030302
1.0000000000031561
1.0000000000032805
1.0000000000034015
1.0000000000035176
1.0000000000036278
1.0000000000037306
1.0000000000038263
1.0000000000039142
1.0000000000039950
1.0000000000040690
1.0000000000041367
1.0000000000041986
1.0000000000042548
1.0000000000043052
1.0000000000043492
1.0000000000043860
1.0000000000044156
1.0000000000044369
1.0000000000044504
1.0000000000044553
1.0000000000044527
