1.1094865621760626
1.1082682617824298
1.1068206806197423
1.1051457568620195
1.1032457493026093
1.1011232417345953
1.0987811478975440
1.0962227169724581
1.0934515396029689
1.0904715544163766
1.0872870550130211
1.0839026973866233
1.0803235077315116
1.0765548905850293
1.0726026372447444
1.0684729343903472
1.0641723728291663
1.0597079562720415
1.0550871100327632
1.0503176895293962
1.0454079884495062
1.0403667464236295
1.0352031560322825
1.0299268689515104
1.0245480010205557
1.0190771359929185
1.0135253277091791
1.0079041004068539
1.0022254468597975
0.9965018240178672
0.9907461457975287
0.9849717726567294
0.9791924975737875
0.9734225280414837
0.9676764636854025
0.9619692691213213
0.9563162416817502
0.9507329736681737
0.9452353088248217
0.9398392927833578
0.9345611172970854
0.9294170581690387
0.9244234068812053
0.9195963960519612
0.9149521189847145
0.9105064437209921
0.9062749221729647
0.9022726950798635
0.8985143937049677
0.8950140393589239
0.8917849419942974
0.8888395992580898
0.8861895975058077
0.8838455163650375
0.8818168384815117
0.8801118660806144
0.8787376459280580
0.8776999041731259
0.8770029924067743
0.8766498460680957
0.8766419560917206
0.8769793544137646
0.8776606136548915
0.8786828609874991
0.8800418058821902
0.8817317811288538
0.8837457962513919
0.8860756021925076
0.8887117659441512
0.8916437536459139
0.8948600205710108
0.8983481063680403
0.9020947339245349
0.9060859102614489
0.9103070279504836
0.9147429656617048
0.9193781865897950
0.9241968336658025
0.9291828206300452
0.9343199182140374
0.9395918348490099
0.9449822914807842
0.9504750902215862
0.9560541767059763
0.9617036961386627
0.9674080431255940
0.9731519054662697
0.9789203021551200
0.9846986158940711
0.9904726204582613
0.9962285032838882
1.0019528836629130
1.0076328269355108
1.0132558550693285
1.0188099540062954
1.0242835781443662
1.0296656523043675
1.0349455715121665
1.0401131989046617
1.0451588620453514
1.0500733479121498
1.0548478967971979
1.0594741953360749
1.0639443688623493
1.0682509732630601
1.0723869864916209
1.0763457998768902
1.0801212093507955
1.0837074067019450
1.0870989709490748
1.0902908599159160
1.0932784020780739
1.0960572887427122
1.0986235666131192
1.1009736307825579
1.1031042181950663
1.1050124016049596
1.1066955840616433
1.1081514939419019
1.1093781805479486
1.1103740102861830
1.1111376634387129
1.1116681315371835
1.1119647153462520
1.1120270234621066
1.1118549715296659
1.1114487820804615
1.1108089849916505
1.1099364185650722
1.1088322312236651
1.1074978838208964
1.1059351525569996
1.1041461324937709
1.1021332416573335
1.0998992257156002
1.0974471632140770
1.0947804713500608
1.0919029122611701
1.0888185997993678
1.0855320067561638
1.0820479724983814
1.0783717109667181
1.0745088189811693
1.0704652847881826
1.0662474967740494
1.0618622522574563
1.0573167662612413
1.0526186801491635
1.0477760699978669
1.0427974545571974
1.0376918026336213
1.0324685397117559
1.0271375536080984
1.0217091989290941
1.0161943000829627
1.0106041525716034
1.0049505222658228
0.9992456423447030
0.9935022075588429
0.9877333654583218
0.9819527042105773
0.9761742366221092
0.9704123799723583
0.9646819312697087
0.9589980375498977
0.9533761608578319
0.9478320375865450
0.9423816318933869
0.9370410829749359
0.9318266460597241
0.9267546270724190
0.9218413110348342
0.9171028843975287
0.9125553516395123
0.9082144466304226
0.9040955394161391
0.9002135392607840
0.8965827949499448
0.8932169935253499
0.8901290587729888
0.8873310509172012
0.8848340690749006
0.8826481580895661
0.8807822213875827
0.8792439414749315
0.8780397096170581
0.8771745661181672
0.8766521524399308
0.8764746761780086
0.8766428896547660
0.8771560825972758
0.8780120890619965
0.8792073084534390
0.8807367401761023
0.8825940311689883
0.8847715353110512
0.8872603834631673
0.8900505627346237
0.8931310034341275
0.8964896720887247
0.9001136688880816
0.9039893279332497
0.9081023187334037
0.9124377474947845
0.9169802568758922
0.9217141230342680
0.9266233489553038
0.9316917532253300
0.9369030535832736
0.9422409447520068
0.9476891702076671
0.9532315876893939
0.9588522283807577
0.9645353498063624
0.9702654825821323
0.9760274712358542
0.9818065093763857
0.9875881695366961
0.9933584280489994
0.9991036853312573
1.0048107819749466
1.0104670110257954
1.0160601268438056
1.0215783509177516
1.0270103749937811
1.0323453618589413
1.0375729440994161
1.0426832211308534
1.0476667547751135
1.0525145636346374
1.0572181164929231
1.0617693249476121
1.0661605354617292
1.0703845209988589
1.0744344723895829
1.0783039895594484
1.0819870727330645
1.0854781137146541
1.0887718873324699
1.0918635431228683
1.0947485973194420
1.0974229252033711
1.0998827538629807
1.1021246554032869
1.1041455406400109
1.1059426533070393
1.1075135648015146
1.1088561694865970
1.1099686805683531
1.1108496265601155
1.1114978483449758
1.1119124968447243
1.1120930313014914
1.1120392181765029
1.1117511306686723
1.1112291488541863
1.1104739604466798
1.1094865621760626
1.1082682617824298
1.1068206806197423
1.1051457568620195
