1.0281983737426723
1.0278524484087612
1.0274419826924606
1.0269678344749029
1.0264309966835474
1.0258325961069106
1.0251738920291433
1.0244562746783263
1.0236812634817485
1.0228505051209129
1.0219657713785137
1.0210289567692306
1.0200420759458471
1.0190072608719507
1.0179267577523314
1.0168029237121317
1.0156382232158789
1.0144352242177102
1.0131965940344261
1.0119250949334651
1.0106235794284999
1.0092949852761282
1.0079423301680601
1.0065687061143074
1.0051772735141651
1.0037712549132305
1.0023539284463547
1.0009286209682369
0.9994987008753842
0.9980675706253275
0.9966386589613362
0.9952154128533671
0.9938012891686202
0.9923997460878289
0.9910142342862761
0.9896481879014482
0.9883050153122275
0.9869880897574934
0.9857007398249771
0.9844462398441043
0.9832278002193675
0.9820485577433891
0.9809115659313108
0.9798197854203435
0.9787760744802352
0.9777831796820153
0.9768437267736065
0.9759602118116975
0.9751349925996536
0.9743702804811382
0.9736681325385143
0.9730304442439943
0.9724589426098633
0.9719551798819536
0.9715205278178776
0.9711561725883643
0.9708631103364133
0.9706421434249185
0.9704938773989601
0.9704187186841747
0.9704168730375393
0.9704883447616292
0.9706329366879783
0.9708502509296593
0.9711396903977026
0.9715004610705361
0.9719315750003364
0.9724318540351004
0.9729999342304444
0.9736342709206697
0.9743331444145507
0.9750946662776548
0.9759167861598113
0.9767972991236600
0.9777338534280403
0.9787239587183137
0.9797649945745892
0.9808542193681867
0.9819887793765686
0.9831657181073025
0.9843819857824333
0.9856344489358392
0.9869199000777273
0.9882350673823498
0.9895766243572031
0.9909411994544233
0.9923253855877244
0.9937257495210188
0.9951388410977394
0.9965612022828602
0.9979893759925819
0.9994199146896373
1.0008493887250982
1.0022743944104295
1.0036915618062949
1.0050975622172607
1.0064891153840574
1.0078629963673951
1.0092160421195222
1.0105451577417224
1.0118473224277864
1.0131195950951333
1.0143591197067368
1.0155631302882917
1.0167289556461687
1.0178540237926523
1.0189358660857195
1.0199721210912438
1.0209605381759710
1.0218989808399372
1.0227854297971977
1.0236179858137957
1.0243948723118721
1.0251144377486503
1.0257751577788057
1.0263756372083843
1.0269146117480381
1.0273909495728619
1.0278036526955721
1.0281518581591851
1.0284348390547053
1.0286520053686514
1.0288029046645311
1.0288872226016270
1.0289047832937004
1.0288555495094165
1.0287396227155128
1.0285572429629246
1.0283087886152746
1.0279947759183341
1.0276158584082693
1.0271728261557145
1.0266666048419493
1.0260982546627258
1.0254689690545904
1.0247800732378796
1.0240330225699501
1.0232294007016336
1.0223709175293909
1.0214594069351985
1.0204968243058219
1.0194852438228457
1.0184268555146239
1.0173239620612171
1.0161789753433890
1.0149944127268584
1.0137728930732612
1.0125171324696600
1.0112299396689786
1.0099142112344262
1.0085729263818268
1.0072091415147859
1.0058259844488224
1.0044266483219673
1.0030143851908733
1.0015924993132397
1.0001643401192417
0.9987332948767736
0.9973027810575641
0.9958762384136520
0.9944571207762850
0.9930488875919987
0.9916549952134529
0.9902788879654996
0.9889239890099174
0.9875936910352310
0.9862913468010217
0.9850202595690715
0.9837836734565225
0.9825847637489826
0.9814266272140393
0.9803122724579945
0.9792446103707018
0.9782264447051541
0.9772604628398850
0.9763492267732699
0.9754951643994165
0.9747005611154604
0.9739675518097350
0.9732981132794282
0.9726940571249609
0.9721570231664265
0.9716884734250051
0.9712896867093476
0.9709617538435205
0.9707055735692389
0.9705218491508425
0.9704110857068421
0.9703735882869129
0.9704094607080287
0.9705186051580530
0.9707007225696224
0.9709553137616439
0.9712816813402407
0.9716789323456051
0.9721459816260147
0.9726815559153341
0.9732841985856620
0.9739522750425142
0.9746839787260576
0.9754773376784855
0.9763302216346964
0.9772403495910013
0.9782052978046683
0.9792225081757263
0.9802892969615765
0.9814028637745961
0.9825603008130374
0.9837586022761154
0.9849946739151844
0.9862653426743080
0.9875673663752974
0.9888974434043377
0.9902522223596686
0.9916283116223261
0.9930222888146747
0.9944307101143116
0.9958501193938558
0.9972770571601172
0.9987080692691309
1.0001397153964988
1.0015685772453842
1.0029912664773211
1.0044044323537078
1.0058047690784298
1.0071890228344744
1.0085539985096912
1.0098965661089283
1.0112136668517102
1.0125023189563553
1.0137596231130057
1.0149827676493961
1.0161690333944022
1.0173157982454284
1.0184205414465568
1.0194808475850621
1.0204944103144398
1.0214590358124944
1.0223726459832858
1.0232332814118585
1.0240391040807020
1.0247883998567762
1.0254795807577490
1.0261111870058046
1.0266818888770011
1.0271904883537244
1.0276359205872689
1.0280172551770024
1.0283336972719639
1.0285845885000717
1.0287694077294247
1.0288877716654354
1.0289394352867989
1.0289242921224977
1.0288423743712700
1.0286938528641640
1.0284790368699879
1.0281983737426723
1.0278524484087612
1.0274419826924606
1.0269678344749029
