1.0292885390927764
1.0289297002874767
1.0285039034868795
1.0280120338626455
1.0274551160324046
1.0268343128824302
1.0261509242098428
1.0254063851776676
1.0246022645754080
1.0237402628771761
1.0228222100889044
1.0218500633756680
1.0208259044597581
1.0197519367798520
1.0186304824014139
1.0174639786683628
1.0162549745860672
1.0150061269258774
1.0137201960417017
1.0124000413895546
1.0110486167416228
1.0096689650871491
1.0082642132133792
1.0068375659609539
1.0053923001494349
1.0039317581701883
1.0024593412455409
1.0009785023550652
0.9994927388319459
0.9980055846346901
0.9965206023019455
0.9950413746008525
0.9935714958821813
0.9921145631584782
0.9906741669245296
0.9892538817426275
0.9878572566183588
0.9864878051958952
0.9851489958050091
0.9838442413952334
0.9825768893956502
0.9813502115417454
0.9801673937134803
0.9790315258312211
0.9779455918583394
0.9769124599611217
0.9759348728780516
0.9750154385515055
0.9741566210754106
0.9733607320123798
0.9726299221332942
0.9719661736311594
0.9713712928593738
0.9708469036422661
0.9703944412029165
0.9700151467498895
0.9697100627605866
0.9694800289945426
0.9693256792651613
0.9692474389931939
0.9692455235597474
0.9693199374708605
0.9694704743397839
0.9696967176870878
0.9699980425527410
0.9703736179083785
0.9708224098522139
0.9713431855635455
0.9719345179885718
0.9725947912244058
0.9733222065637577
0.9741147891588224
0.9749703952595011
0.9758867199782081
0.9768613055312213
0.9778915499048001
0.9789747158931484
0.9801079404547145
0.9812882443332736
0.9825125418907155
0.9837776510994199
0.9850803036435083
0.9864171550800692
0.9877847950136187
0.9891797572395148
0.9905985298147796
0.9920375650176944
0.9934932891606146
0.9949621122236418
0.9964404372800184
0.9979246696873877
0.9994112260222850
1.0008965427384158
1.0023770845323570
1.0038493524033023
1.0053098913963019
1.0067552980211147
1.0081822273413077
1.0095873997305420
1.0109676072951073
1.0123197199636949
1.0136406912471276
1.0149275636722810
1.0161774738957592
1.0173876575040401
1.0185554535077324
1.0196783085383887
1.0207537807569020
1.0217795434829662
1.0227533885553788
1.0236732294331234
1.0245371040471820
1.0253431774129547
1.0260897440129479
1.0267752299591020
1.0273981949437307
1.0279573339875923
1.0284514789930503
1.0288796001096896
1.0292408069190970
1.0295343494447986
1.0297596189925997
1.0299161488258004
1.0300036146789315
1.0300218351128243
1.0299707717129876
1.0298505291323898
1.0296613549788751
1.0294036395465773
1.0290779153898204
1.0286848567371401
1.0282252787422095
1.0277001365676375
1.0271105242968004
1.0264576736680977
1.0257429526252970
1.0249678636769475
1.0241340420571985
1.0232432536797902
1.0222973928764700
1.0212984799106610
1.0202486582568486
1.0191501916359074
1.0180054607964362
1.0168169600321195
1.0155872934252339
1.0143191708066304
1.0130154034228838
1.0116788993018264
1.0103126583083590
1.0089197668832910
1.0075033924590009
1.0060667775469252
1.0046132334933124
1.0031461339012964
1.0016689077191516
1.0001850319966235
0.9986980243134300
0.9972114348864466
0.9957288383646560
0.9942538253237150
0.9927899934748815
0.9913409386060846
0.9899102452760524
0.9885014772856352
0.9871181679537057
0.9857638102282882
0.9844418466667857
0.9831556593223189
0.9819085595762067
0.9807037779594623
0.9795444540087811
0.9784336262048418
0.9773742220427359
0.9763690482859835
0.9754207814567873
0.9745319586159311
0.9737049684859540
0.9729420429709593
0.9722452491255510
0.9716164816239860
0.9710574557786332
0.9705697011542567
0.9701545558215202
0.9698131612894463
0.9695464581524001
0.9693551824825433
0.9692398629936808
0.9692008189970531
0.9692381591639825
0.9693517811044267
0.9695413717645340
0.9698064086402782
0.9701461617982811
0.9705596966890746
0.9710458777324125
0.9716033726488469
0.9722306575067663
0.9729260224494484
0.9736875780624986
0.9745132623383834
0.9754008481916123
0.9763479514755453
0.9773520394497912
0.9784104396457266
0.9795203490768012
0.9806788437399968
0.9818828883550200
0.9831293462885495
0.9844149896120445
0.9857365092432409
0.9870905251234622
0.9884735963851974
0.9898822314669891
0.9913128981355311
0.9927620333778731
0.9942260531297674
0.9957013618094257
0.9971843616292053
0.9986714616610013
1.0001590866343428
1.0016436854493194
1.0031217393895127
1.0045897700230135
1.0060443467823559
1.0074820942167919
1.0088996989127514
1.0102939160805302
1.0116615758072918
1.0129995889782826
1.0143049528697876
1.0155747564187769
1.0168061851754235
1.0179965259457204
1.0191431711322785
1.0202436227820793
1.0212954963504783
1.0222965241911219
1.0232445587816628
1.0241375756952533
1.0249736763277524
1.0257510903904457
1.0264681781778120
1.0271234326195333
1.0277154811255083
1.0282430872321267
1.0287051520574839
1.0291007155725838
1.0294289576948918
1.0296891992098731
1.0298809025253772
1.0300036722629402
1.0300572556892480
1.0300415429901495
1.0299565673887716
1.0298025051083983
1.0295796751799191
1.0292885390927764
1.0289297002874767
1.0285039034868795
1.0280120338626455
