1.0000000000741769
1.0000000000739415
1.0000000000735740
1.0000000000730762
1.0000000000724496
1.0000000000716960
1.0000000000708189
1.0000000000698226
1.0000000000687104
1.0000000000674856
1.0000000000661513
1.0000000000647105
1.0000000000631661
1.0000000000615223
1.0000000000597833
1.0000000000579543
1.0000000000560407
1.0000000000540481
1.0000000000519820
1.0000000000498483
1.0000000000476534
1.0000000000454023
1.0000000000431004
1.0000000000407527
1.0000000000383642
1.0000000000359399
1.0000000000334857
1.0000000000310076
1.0000000000285130
1.0000000000260076
1.0000000000234979
1.0000000000209890
1.0000000000184865
1.0000000000159952
1.0000000000135210
1.0000000000110689
1.0000000000086446
1.0000000000062543
1.0000000000039031
1.0000000000015961
0.9999999999993380
0.9999999999971336
0.9999999999949890
0.9999999999929078
0.9999999999908943
0.9999999999889531
0.9999999999870883
0.9999999999853032
0.9999999999836002
0.9999999999819833
0.9999999999804554
0.9999999999790203
0.9999999999776803
0.9999999999764384
0.9999999999752984
0.9999999999742615
0.9999999999733291
0.9999999999725023
0.9999999999717820
0.9999999999711693
0.9999999999706661
0.9999999999702742
0.9999999999699933
0.9999999999698237
0.9999999999697639
0.9999999999698116
0.9999999999699642
0.9999999999702192
0.9999999999705741
0.9999999999710273
0.9999999999715760
0.9999999999722174
0.9999999999729491
0.9999999999737677
0.9999999999746697
0.9999999999756521
0.9999999999767111
0.9999999999778429
0.9999999999790445
0.9999999999803121
0.9999999999816422
0.9999999999830297
0.9999999999844695
0.9999999999859566
0.9999999999874842
0.9999999999890473
0.9999999999906403
0.9999999999922575
0.9999999999938947
0.9999999999955465
0.9999999999972085
0.9999999999988758
1.0000000000005442
1.0000000000022091
1.0000000000038656
1.0000000000055094
1.0000000000071356
1.0000000000087403
1.0000000000103186
1.0000000000118652
1.0000000000133757
1.0000000000148459
1.0000000000162714
1.0000000000176490
1.0000000000189755
1.0000000000202467
1.0000000000214582
1.0000000000226066
1.0000000000236879
1.0000000000246987
1.0000000000256346
1.0000000000264924
1.0000000000272689
1.0000000000279605
1.0000000000285649
1.0000000000290803
1.0000000000295048
1.0000000000298370
1.0000000000300762
1.0000000000302214
1.0000000000302713
1.0000000000302252
1.0000000000300813
1.0000000000298392
1.0000000000294977
1.0000000000290565
1.0000000000285152
1.0000000000278753
1.0000000000271381
1.0000000000263054
1.0000000000253788
1.0000000000243614
1.0000000000232550
1.0000000000220612
1.0000000000207829
1.0000000000194222
1.0000000000179821
1.0000000000164644
1.0000000000148723
1.0000000000132083
1.0000000000114757
1.0000000000096785
1.0000000000078204
1.0000000000059046
1.0000000000039357
1.0000000000019182
0.9999999999998570
0.9999999999977576
0.9999999999956242
0.9999999999934611
0.9999999999912740
0.9999999999890669
0.9999999999868453
0.9999999999846145
0.9999999999823797
0.9999999999801463
0.9999999999779198
0.9999999999757060
0.9999999999735101
0.9999999999713389
0.9999999999691986
0.9999999999670941
0.9999999999650299
0.9999999999630108
0.9999999999610418
0.9999999999591274
0.9999999999572734
0.9999999999554861
0.9999999999537706
0.9999999999521320
0.9999999999505733
0.9999999999490999
0.9999999999477157
0.9999999999464240
0.9999999999452283
0.9999999999441335
0.9999999999431428
0.9999999999422591
0.9999999999414854
0.9999999999408226
0.9999999999402714
0.9999999999398334
0.9999999999395104
0.9999999999393046
0.9999999999392183
0.9999999999392523
0.9999999999394056
0.9999999999396794
0.9999999999400744
0.9999999999405917
0.9999999999412310
0.9999999999419923
0.9999999999428761
0.9999999999438818
0.9999999999450071
0.9999999999462497
0.9999999999476068
0.9999999999490756
0.9999999999506528
0.9999999999523361
0.9999999999541229
0.9999999999560105
0.9999999999579960
0.9999999999600758
0.9999999999622462
0.9999999999645023
0.9999999999668382
0.9999999999692492
0.9999999999717316
0.9999999999742816
0.9999999999768954
0.9999999999795687
0.9999999999822968
0.9999999999850748
0.9999999999878975
0.9999999999907584
0.9999999999936517
0.9999999999965719
0.9999999999995129
1.0000000000024698
1.0000000000054370
1.0000000000084091
1.0000000000113811
1.0000000000143479
1.0000000000173033
1.0000000000202409
1.0000000000231550
1.0000000000260394
1.0000000000288880
1.0000000000316951
1.0000000000344555
1.0000000000371638
1.0000000000398139
1.0000000000424001
1.0000000000449170
1.0000000000473590
1.0000000000497216
1.0000000000520002
1.0000000000541900
1.0000000000562861
1.0000000000582838
1.0000000000601792
1.0000000000619689
1.0000000000636491
1.0000000000652167
1.0000000000666673
1.0000000000679978
1.0000000000692060
1.0000000000702898
1.0000000000712475
1.0000000000720770
1.0000000000727762
1.0000000000733440
1.0000000000737790
1.0000000000740801
1.0000000000742466
1.0000000000742788
1.0000000000741769
1.0000000000739415
1.0000000000735740
1.0000000000730762
