1.0000000329902374
1.0000000326232084
1.0000000321816205
1.0000000316665780
1.0000000310793584
1.0000000304214094
1.0000000296943456
1.0000000288999447
1.0000000280401438
1.0000000271170340
1.0000000261328550
1.0000000250899908
1.0000000239909634
1.0000000228384263
1.0000000216351577
1.0000000203840564
1.0000000190881333
1.0000000177505031
1.0000000163743779
1.0000000149630603
1.0000000135199345
1.0000000120484589
1.0000000105521563
1.0000000090346071
1.0000000074994406
1.0000000059503271
1.0000000043909671
1.0000000028250833
1.0000000012564103
0.9999999996886870
0.9999999981256468
0.9999999965710094
0.9999999950284729
0.9999999935017045
0.9999999919943304
0.9999999905099295
0.9999999890520234
0.9999999876240676
0.9999999862294451
0.9999999848714556
0.9999999835533079
0.9999999822781145
0.9999999810488844
0.9999999798685137
0.9999999787397803
0.9999999776653361
0.9999999766477006
0.9999999756892566
0.9999999747922429
0.9999999739587491
0.9999999731907114
0.9999999724899059
0.9999999718579456
0.9999999712962793
0.9999999708061855
0.9999999703887709
0.9999999700449653
0.9999999697755214
0.9999999695810129
0.9999999694618311
0.9999999694181853
0.9999999694501039
0.9999999695574348
0.9999999697398426
0.9999999699968112
0.9999999703276454
0.9999999707314725
0.9999999712072432
0.9999999717537350
0.9999999723695560
0.9999999730531467
0.9999999738027855
0.9999999746165906
0.9999999754925257
0.9999999764284051
0.9999999774218985
0.9999999784705381
0.9999999795717236
0.9999999807227287
0.9999999819207079
0.9999999831627041
0.9999999844456536
0.9999999857663953
0.9999999871216763
0.9999999885081611
0.9999999899224393
0.9999999913610338
0.9999999928204081
0.9999999942969764
0.9999999957871119
0.9999999972871554
0.9999999987934243
1.0000000003022218
1.0000000018098438
1.0000000033125900
1.0000000048067703
1.0000000062887175
1.0000000077547937
1.0000000092013996
1.0000000106249827
1.0000000120220476
1.0000000133891620
1.0000000147229657
1.0000000160201792
1.0000000172776107
1.0000000184921649
1.0000000196608496
1.0000000207807835
1.0000000218492033
1.0000000228634700
1.0000000238210742
1.0000000247196443
1.0000000255569503
1.0000000263309088
1.0000000270395903
1.0000000276812233
1.0000000282541985
1.0000000287570714
1.0000000291885669
1.0000000295475817
1.0000000298331875
1.0000000300446341
1.0000000301813496
1.0000000302429430
1.0000000302292036
1.0000000301401046
1.0000000299758001
1.0000000297366243
1.0000000294230924
1.0000000290358990
1.0000000285759179
1.0000000280441979
1.0000000274419620
1.0000000267706033
1.0000000260316826
1.0000000252269243
1.0000000243582121
1.0000000234275843
1.0000000224372314
1.0000000213894882
1.0000000202868289
1.0000000191318623
1.0000000179273227
1.0000000166760663
1.0000000153810633
1.0000000140453902
1.0000000126722235
1.0000000112648315
1.0000000098265664
1.0000000083608571
1.0000000068711992
1.0000000053611489
1.0000000038343140
1.0000000022943449
1.0000000007449250
0.9999999991897613
0.9999999976325793
0.9999999960771102
0.9999999945270843
0.9999999929862209
0.9999999914582191
0.9999999899467487
0.9999999884554436
0.9999999869878925
0.9999999855476290
0.9999999841381241
0.9999999827627786
0.9999999814249133
0.9999999801277610
0.9999999788744598
0.9999999776680442
0.9999999765114386
0.9999999754074506
0.9999999743587660
0.9999999733679402
0.9999999724373924
0.9999999715693989
0.9999999707660887
0.9999999700294386
0.9999999693612672
0.9999999687632314
0.9999999682368224
0.9999999677833622
0.9999999674039988
0.9999999670997048
0.9999999668712750
0.9999999667193243
0.9999999666442877
0.9999999666464177
0.9999999667257842
0.9999999668822758
0.9999999671155977
0.9999999674252716
0.9999999678106377
0.9999999682708554
0.9999999688049067
0.9999999694115989
0.9999999700895675
0.9999999708372792
0.9999999716530338
0.9999999725349690
0.9999999734810661
0.9999999744891541
0.9999999755569149
0.9999999766818879
0.9999999778614764
0.9999999790929551
0.9999999803734744
0.9999999817000685
0.9999999830696615
0.9999999844790762
0.9999999859250404
0.9999999874041949
0.9999999889131012
0.9999999904482483
0.9999999920060632
0.9999999935829191
0.9999999951751439
0.9999999967790277
0.9999999983908331
1.0000000000068041
1.0000000016231743
1.0000000032361767
1.0000000048420525
1.0000000064370591
1.0000000080174785
1.0000000095796271
1.0000000111198659
1.0000000126346074
1.0000000141203234
1.0000000155735547
1.0000000169909196
1.0000000183691202
1.0000000197049546
1.0000000209953190
1.0000000222372178
1.0000000234277697
1.0000000245642156
1.0000000256439234
1.0000000266643967
1.0000000276232781
1.0000000285183559
1.0000000293475688
1.0000000301090133
1.0000000308009460
1.0000000314217892
1.0000000319701325
1.0000000324447393
1.0000000328445462
1.0000000331686674
1.0000000334163950
1.0000000335872017
1.0000000336807435
1.0000000336968586
1.0000000336355686
1.0000000334970789
1.0000000332817782
1.0000000329902374
1.0000000326232084
1.0000000321816205
1.0000000316665780
