1.0000002189476662
1.0000002163573174
1.0000002132623766
1.0000002096704232
1.0000002055902146
1.0000002010316682
1.0000001960058369
1.0000001905248821
1.0000001846020441
1.0000001782516112
1.0000001714888878
1.0000001643301555
1.0000001567926347
1.0000001488944419
1.0000001406545480
1.0000001320927319
1.0000001232295330
1.0000001140862034
1.0000001046846556
1.0000000950474115
1.0000000851975477
1.0000000751586386
1.0000000649547043
1.0000000546101495
1.0000000441497070
1.0000000335983776
1.0000000229813708
1.0000000123240433
1.0000000016518400
0.9999999909902326
0.9999999803646596
0.9999999698004625
0.9999999593228285
0.9999999489567295
0.9999999387268627
0.9999999286575911
0.9999999187728851
0.9999999090962653
0.9999998996507468
0.9999998904587850
0.9999998815422189
0.9999998729222220
0.9999998646192504
0.9999998566529945
0.9999998490423324
0.9999998418052841
0.9999998349589705
0.9999998285195716
0.9999998225022873
0.9999998169213000
0.9999998117897426
0.9999998071196646
0.9999998029220066
0.9999997992065728
0.9999997959820079
0.9999997932557770
0.9999997910341475
0.9999997893221746
0.9999997881236889
0.9999997874412877
0.9999997872763290
0.9999997876289282
0.9999997884979595
0.9999997898810565
0.9999997917746191
0.9999997941738220
0.9999997970726271
0.9999998004637969
0.9999998043389111
0.9999998086883888
0.9999998135015118
0.9999998187664501
0.9999998244702892
0.9999998305990625
0.9999998371377848
0.9999998440704889
0.9999998513802623
0.9999998590492887
0.9999998670588903
0.9999998753895731
0.9999998840210742
0.9999998929324088
0.9999999021019212
0.9999999115073387
0.9999999211258229
0.9999999309340255
0.9999999409081440
0.9999999510239799
0.9999999612569944
0.9999999715823689
0.9999999819750631
0.9999999924098769
1.0000000028615093
1.0000000133046199
1.0000000237138902
1.0000000340640836
1.0000000443301071
1.0000000544870720
1.0000000645103502
1.0000000743756350
1.0000000840589998
1.0000000935369553
1.0000001027865066
1.0000001117852082
1.0000001205112157
1.0000001289433398
1.0000001370610951
1.0000001448447529
1.0000001522753867
1.0000001593349195
1.0000001660061664
1.0000001722728746
1.0000001781197621
1.0000001835325543
1.0000001884980201
1.0000001930040037
1.0000001970394525
1.0000002005944431
1.0000002036602056
1.0000002062291473
1.0000002082948698
1.0000002098521834
1.0000002108971182
1.0000002114269371
1.0000002114401398
1.0000002109364696
1.0000002099169090
1.0000002083836812
1.0000002063402462
1.0000002037912907
1.0000002007427162
1.0000001972016264
1.0000001931763096
1.0000001886762186
1.0000001837119499
1.0000001782952166
1.0000001724388230
1.0000001661566302
1.0000001594635259
1.0000001523753888
1.0000001449090496
1.0000001370822520
1.0000001289136107
1.0000001204225664
1.0000001116293371
1.0000001025548717
1.0000000932208000
1.0000000836493814
1.0000000738634500
1.0000000638863626
1.0000000537419416
1.0000000434544174
1.0000000330483723
1.0000000225486798
1.0000000119804471
1.0000000013689534
0.9999999907395908
0.9999999801178034
0.9999999695290254
0.9999999589986202
0.9999999485518208
0.9999999382136681
0.9999999280089514
0.9999999179621509
0.9999999080973774
0.9999998984383140
0.9999998890081608
0.9999998798295789
0.9999998709246372
0.9999998623147566
0.9999998540206614
0.9999998460623288
0.9999998384589430
0.9999998312288476
0.9999998243895013
0.9999998179574361
0.9999998119482173
0.9999998063764064
0.9999998012555267
0.9999997965980325
0.9999997924152767
0.9999997887174835
0.9999997855137249
0.9999997828118991
0.9999997806187106
0.9999997789396550
0.9999997777790048
0.9999997771397992
0.9999997770238358
0.9999997774316678
0.9999997783626013
0.9999997798146978
0.9999997817847783
0.9999997842684301
0.9999997872600179
0.9999997907526980
0.9999997947384330
0.9999997992080107
0.9999998041510656
0.9999998095561050
0.9999998154105352
0.9999998217006913
0.9999998284118702
0.9999998355283651
0.9999998430335043
0.9999998509096900
0.9999998591384397
0.9999998677004311
0.9999998765755473
0.9999998857429240
0.9999998951809999
0.9999999048675682
0.9999999147798297
0.9999999248944467
0.9999999351875987
0.9999999456350388
0.9999999562121512
0.9999999668940105
0.9999999776554417
0.9999999884710781
0.9999999993154226
1.0000000101629092
1.0000000209879638
1.0000000317650646
1.0000000424688029
1.0000000530739446
1.0000000635554895
1.0000000738887320
1.0000000840493177
1.0000000940133018
1.0000001037572079
1.0000001132580829
1.0000001224935522
1.0000001314418712
1.0000001400819776
1.0000001483935441
1.0000001563570247
1.0000001639537013
1.0000001711657287
1.0000001779761769
1.0000001843690722
1.0000001903294333
1.0000001958433078
1.0000002008978044
1.0000002054811248
1.0000002095825919
1.0000002131926748
1.0000002163030119
1.0000002189064299
1.0000002209969625
1.0000002225698625
1.0000002236216143
1.0000002241499413
1.0000002241538106
1.0000002236334362
1.0000002225902789
1.0000002210270422
1.0000002189476662
1.0000002163573174
1.0000002132623766
1.0000002096704232
