1.0000387065327017
1.0000382211990018
1.0000376449377320
1.0000369791323120
1.0000362253799102
1.0000353854876245
1.0000344614681631
1.0000334555350334
1.0000323700972515
1.0000312077535829
1.0000299712863325
1.0000286636546962
1.0000272879876888
1.0000258475766666
1.0000243458674609
1.0000227864521438
1.0000211730604449
1.0000195095508375
1.0000177999013189
1.0000160481999023
1.0000142586348466
1.0000124354846498
1.0000105831078228
1.0000087059324738
1.0000068084457254
1.0000048951829892
1.0000029707171285
1.0000010396475283
0.9999991065891007
0.9999971761612551
0.9999952529768558
0.9999933416311988
0.9999914466910250
0.9999895726836053
0.9999877240859180
0.9999859053139472
0.9999841207121261
0.9999823745429512
0.9999806709767941
0.9999790140819313
0.9999774078148194
0.9999758560106342
0.9999743623741054
0.9999729304706572
0.9999715637178854
0.9999702653773868
0.9999690385469613
0.9999678861532089
0.9999668109445327
0.9999658154845696
0.9999649021460626
0.9999640731051891
0.9999633303363603
0.9999626756075034
0.9999621104758368
0.9999616362841500
0.9999612541575963
0.9999609650010071
0.9999607694967305
0.9999606681030058
0.9999606610528733
0.9999607483536207
0.9999609297867732
0.9999612049086221
0.9999615730512916
0.9999620333243429
0.9999625846169088
0.9999632256003593
0.9999639547314857
0.9999647702561962
0.9999656702137216
0.9999666524413104
0.9999677145794089
0.9999688540773108
0.9999700681992649
0.9999713540310272
0.9999727084868373
0.9999741283168061
0.9999756101146949
0.9999771503260689
0.9999787452568031
0.9999803910819258
0.9999820838547744
0.9999838195164378
0.9999855939054703
0.9999874027678507
0.9999892417671595
0.9999911064949555
0.9999929924813226
0.9999948952055645
0.9999968101070196
0.9999987325959721
1.0000006580646303
1.0000025818981497
1.0000044994856727
1.0000064062313561
1.0000082975653624
1.0000101689547891
1.0000120159145118
1.0000138340179092
1.0000156189074501
1.0000173663051128
1.0000190720226163
1.0000207319714354
1.0000223421725780
1.0000238987660999
1.0000253980203342
1.0000268363408145
1.0000282102788676
1.0000295165398634
1.0000307519910887
1.0000319136692390
1.0000329987875052
1.0000340047422358
1.0000349291191624
1.0000357696991748
1.0000365244636273
1.0000371915991659
1.0000377695020670
1.0000382567820729
1.0000386522657190
1.0000389549991417
1.0000391642503608
1.0000392795110340
1.0000393004976755
1.0000392271523402
1.0000390596427629
1.0000387983619652
1.0000384439273193
1.0000379971790792
1.0000374591783754
1.0000368312046857
1.0000361147527828
1.0000353115291678
1.0000344234479970
1.0000334526265138
1.0000324013799933
1.0000312722162141
1.0000300678294700
1.0000287910941368
1.0000274450578075
1.0000260329340138
1.0000245580945510
1.0000230240614256
1.0000214344984422
1.0000197932024499
1.0000181040942715
1.0000163712093368
1.0000145986880415
1.0000127907658538
1.0000109517631939
1.0000090860751101
1.0000071981607745
1.0000052925328269
1.0000033737465897
1.0000014463891798
0.9999995150685451
0.9999975844024512
0.9999956590074381
0.9999937434877867
0.9999918424245110
0.9999899603644063
0.9999881018091756
0.9999862712046654
0.9999844729302365
0.9999827112882899
0.9999809904939785
0.9999793146651245
0.9999776878123705
0.9999761138295862
0.9999745964845549
0.9999731394099600
0.9999717460946934
0.9999704198755094
0.9999691639290422
0.9999679812642019
0.9999668747149763
0.9999658469336465
0.9999649003844421
0.9999640373376388
0.9999632598641267
0.9999625698304524
0.9999619688943499
0.9999614585007671
0.9999610398784066
0.9999607140367794
0.9999604817637868
0.9999603436238299
0.9999602999564546
0.9999603508755337
0.9999604962689883
0.9999607357990504
0.9999610689030644
0.9999614947948274
0.9999620124664655
0.9999626206908382
0.9999633180244666
0.9999641028109800
0.9999649731850712
0.9999659270769520
0.9999669622172978
0.9999680761426686
0.9999692662013965
0.9999705295599191
0.9999718632095501
0.9999732639736704
0.9999747285153163
0.9999762533451539
0.9999778348298174
0.9999794692005913
0.9999811525624157
0.9999828809031912
0.9999846501033679
0.9999864559457886
0.9999882941257656
0.9999901602613670
0.9999920499038837
0.9999939585484596
0.9999958816448549
0.9999978146083157
0.9999997528305290
1.0000016916906307
1.0000036265662446
1.0000055528445233
1.0000074659331657
1.0000093612713892
1.0000112343408210
1.0000130806762897
1.0000148958764894
1.0000166756144910
1.0000184156480769
1.0000201118298708
1.0000217601172421
1.0000233565819567
1.0000248974195574
1.0000263789584478
1.0000277976686578
1.0000291501702721
1.0000304332414967
1.0000316438263515
1.0000327790419630
1.0000338361854464
1.0000348127403542
1.0000357063826832
1.0000365149864203
1.0000372366286143
1.0000378695939649
1.0000384123789139
1.0000388636952322
1.0000392224730912
1.0000394878636107
1.0000396592408833
1.0000397362034634
1.0000397185753214
1.0000396064062600
1.0000393999717903
1.0000390997724695
1.0000387065327017
1.0000382211990018
1.0000376449377320
1.0000369791323120
