1.0000000000155851
1.0000000000156195
1.0000000000156348
1.0000000000156317
1.0000000000156100
1.0000000000155693
1.0000000000155118
1.0000000000154383
1.0000000000153477
1.0000000000152403
1.0000000000151155
1.0000000000149740
1.0000000000148161
1.0000000000146418
1.0000000000144500
1.0000000000142404
1.0000000000140135
1.0000000000137694
1.0000000000135090
1.0000000000132321
1.0000000000129396
1.0000000000126328
1.0000000000123126
1.0000000000119804
1.0000000000116369
1.0000000000112828
1.0000000000109184
1.0000000000105445
1.0000000000101625
1.0000000000097735
1.0000000000093789
1.0000000000089795
1.0000000000085769
1.0000000000081719
1.0000000000077647
1.0000000000073539
1.0000000000069398
1.0000000000065228
1.0000000000061042
1.0000000000056859
1.0000000000052698
1.0000000000048572
1.0000000000044489
1.0000000000040452
1.0000000000036462
1.0000000000032523
1.0000000000028655
1.0000000000024865
1.0000000000021150
1.0000000000017515
1.0000000000013975
1.0000000000010545
1.0000000000007243
1.0000000000004090
1.0000000000001092
0.9999999999998264
0.9999999999995597
0.9999999999993106
0.9999999999990793
0.9999999999988656
0.9999999999986682
0.9999999999984870
0.9999999999983217
0.9999999999981736
0.9999999999980438
0.9999999999979313
0.9999999999978365
0.9999999999977588
0.9999999999976980
0.9999999999976522
0.9999999999976217
0.9999999999976058
0.9999999999976051
0.9999999999976203
0.9999999999976523
0.9999999999977003
0.9999999999977631
0.9999999999978394
0.9999999999979287
0.9999999999980314
0.9999999999981481
0.9999999999982786
0.9999999999984218
0.9999999999985770
0.9999999999987429
0.9999999999989181
0.9999999999991012
0.9999999999992913
0.9999999999994883
0.9999999999996906
0.9999999999998972
1.0000000000001066
1.0000000000003175
1.0000000000005300
1.0000000000007441
1.0000000000009592
1.0000000000011751
1.0000000000013907
1.0000000000016054
1.0000000000018188
1.0000000000020299
1.0000000000022367
1.0000000000024363
1.0000000000026268
1.0000000000028062
1.0000000000029743
1.0000000000031317
1.0000000000032783
1.0000000000034146
1.0000000000035405
1.0000000000036549
1.0000000000037566
1.0000000000038467
1.0000000000039240
1.0000000000039873
1.0000000000040359
1.0000000000040696
1.0000000000040885
1.0000000000040932
1.0000000000040836
1.0000000000040599
1.0000000000040221
1.0000000000039710
1.0000000000039075
1.0000000000038316
1.0000000000037441
1.0000000000036453
1.0000000000035341
1.0000000000034106
1.0000000000032758
1.0000000000031297
1.0000000000029721
1.0000000000028026
1.0000000000026210
1.0000000000024281
1.0000000000022242
1.0000000000020104
1.0000000000017875
1.0000000000015561
1.0000000000013163
1.0000000000010680
1.0000000000008118
1.0000000000005473
1.0000000000002751
0.9999999999999963
0.9999999999997109
0.9999999999994195
0.9999999999991239
0.9999999999988253
0.9999999999985238
0.9999999999982195
0.9999999999979116
0.9999999999975996
0.9999999999972838
0.9999999999969645
0.9999999999966431
0.9999999999963219
0.9999999999960018
0.9999999999956831
0.9999999999953683
0.9999999999950590
0.9999999999947559
0.9999999999944591
0.9999999999941702
0.9999999999938903
0.9999999999936213
0.9999999999933635
0.9999999999931174
0.9999999999928839
0.9999999999926645
0.9999999999924599
0.9999999999922710
0.9999999999920972
0.9999999999919373
0.9999999999917912
0.9999999999916592
0.9999999999915429
0.9999999999914425
0.9999999999913585
0.9999999999912914
0.9999999999912412
0.9999999999912074
0.9999999999911908
0.9999999999911915
0.9999999999912098
0.9999999999912462
0.9999999999913008
0.9999999999913740
0.9999999999914662
0.9999999999915786
0.9999999999917122
0.9999999999918676
0.9999999999920448
0.9999999999922429
0.9999999999924603
0.9999999999926960
0.9999999999929494
0.9999999999932206
0.9999999999935101
0.9999999999938173
0.9999999999941418
0.9999999999944832
0.9999999999948411
0.9999999999952146
0.9999999999956023
0.9999999999960029
0.9999999999964154
0.9999999999968401
0.9999999999972756
0.9999999999977218
0.9999999999981779
0.9999999999986435
0.9999999999991185
0.9999999999996009
1.0000000000000913
1.0000000000005880
1.0000000000010896
1.0000000000015952
1.0000000000021045
1.0000000000026159
1.0000000000031284
1.0000000000036411
1.0000000000041533
1.0000000000046647
1.0000000000051732
1.0000000000056790
1.0000000000061808
1.0000000000066787
1.0000000000071712
1.0000000000076561
1.0000000000081313
1.0000000000085951
1.0000000000090468
1.0000000000094860
1.0000000000099121
1.0000000000103257
1.0000000000107263
1.0000000000111144
1.0000000000114897
1.0000000000118512
1.0000000000121980
1.0000000000125298
1.0000000000128448
1.0000000000131430
1.0000000000134255
1.0000000000136924
1.0000000000139442
1.0000000000141809
1.0000000000144018
1.0000000000146065
1.0000000000147942
1.0000000000149640
1.0000000000151159
1.0000000000152491
1.0000000000153630
1.0000000000154570
1.0000000000155309
1.0000000000155851
1.0000000000156195
1.0000000000156348
1.0000000000156317
