1.0000644013297153
1.0000635921914756
1.0000626316651218
1.0000615220547349
1.0000602660202993
1.0000588665713455
1.0000573270597615
1.0000556511717837
1.0000538429191925
1.0000519066297289
1.0000498469367551
1.0000476687681850
1.0000453773347138
1.0000429781173714
1.0000404768544291
1.0000378795276921
1.0000351923482107
1.0000324217414411
1.0000295743318957
1.0000266569273140
1.0000236765024013
1.0000206401821627
1.0000175552248785
1.0000144290047597
1.0000112689943288
1.0000080827465616
1.0000048778768371
1.0000016620447389
0.9999984429357482
0.9999952282428737
0.9999920256482627
0.9999888428048394
0.9999856873180106
0.9999825667274869
0.9999794884892532
0.9999764599577443
0.9999734883682629
0.9999705808196783
0.9999677442574519
0.9999649854570316
0.9999623110076463
0.9999597272965510
0.9999572404937529
0.9999548565372531
0.9999525811188507
0.9999504196705276
0.9999483773514588
0.9999464590356714
0.9999446693003889
0.9999430124150847
0.9999414923312711
0.9999401126730501
0.9999388767284459
0.9999377874415447
0.9999368474054546
0.9999360588561055
0.9999354236669054
0.9999349433442660
0.9999346190240044
0.9999344514686306
0.9999344410655310
0.9999345878260489
0.9999348913854652
0.9999353510038809
0.9999359655679956
0.9999367335937798
0.9999376532300355
0.9999387222628360
0.9999399381208343
0.9999412978814247
0.9999427982777453
0.9999444357065065
0.9999462062366234
0.9999481056186333
0.9999501292948717
0.9999522724103872
0.9999545298245689
0.9999568961234552
0.9999593656326973
0.9999619324311455
0.9999645903650223
0.9999673330626551
0.9999701539497262
0.9999730462650095
0.9999760030765512
0.9999790172982624
0.9999820817068751
0.9999851889592245
0.9999883316098187
0.9999915021286543
0.9999946929192296
0.9999978963367154
1.0000011047062445
1.0000043103412677
1.0000075055619380
1.0000106827134789
1.0000138341844900
1.0000169524251485
1.0000200299652626
1.0000230594321335
1.0000260335681812
1.0000289452482942
1.0000317874968647
1.0000345535044639
1.0000372366441197
1.0000398304871567
1.0000423288185625
1.0000447256518430
1.0000470152433307
1.0000491921059131
1.0000512510221433
1.0000531870567122
1.0000549955682430
1.0000566722203812
1.0000582129921594
1.0000596141876075
1.0000608724445874
1.0000619847428269
1.0000629484111394
1.0000637611338108
1.0000644209561327
1.0000649262890804
1.0000652759131126
1.0000654689810906
1.0000655050203060
1.0000653839336182
1.0000651059996912
1.0000646718723349
1.0000640825789513
1.0000633395180878
1.0000624444561046
1.0000613995229610
1.0000602072071372
1.0000588703496982
1.0000573921375149
1.0000557760956588
1.0000540260789901
1.0000521462629588
1.0000501411336364
1.0000480154770082
1.0000457743675457
1.0000434231560935
1.0000409674570931
1.0000384131351754
1.0000357662911561
1.0000330332474667
1.0000302205330551
1.0000273348677906
1.0000243831464120
1.0000213724220577
1.0000183098894144
1.0000152028675271
1.0000120587823116
1.0000088851488087
1.0000056895532277
1.0000024796348130
0.9999992630675872
0.9999960475420072
0.9999928407465815
0.9999896503494903
0.9999864839802517
0.9999833492114785
0.9999802535407699
0.9999772043727847
0.9999742090015324
0.9999712745929279
0.9999684081676503
0.9999656165843486
0.9999629065232354
0.9999602844701034
0.9999577567008080
0.9999553292662520
0.9999530079779051
0.9999507983938957
0.9999487058057090
0.9999467352255200
0.9999448913741958
0.9999431786699962
0.9999416012179951
0.9999401628002506
0.9999388668667488
0.9999377165271435
0.9999367145433037
0.9999358633226999
0.9999351649126339
0.9999346209953345
0.9999342328839216
0.9999340015192579
0.9999339274676885
0.9999340109196787
0.9999342516893480
0.9999346492149085
0.9999352025600008
0.9999359104159252
0.9999367711047661
0.9999377825833994
0.9999389424483743
0.9999402479416560
0.9999416959572158
0.9999432830484554
0.9999450054364459
0.9999468590189614
0.9999488393802857
0.9999509418017685
0.9999531612731053
0.9999554925043178
0.9999579299384003
0.9999604677646039
0.9999630999323273
0.9999658201655830
0.9999686219779982
0.9999714986883205
0.9999744434363887
0.9999774491995302
0.9999805088093444
0.9999836149688379
0.9999867602698620
0.9999899372108171
0.9999931382145794
0.9999963556466076
0.9999995818331850
1.0000028090797537
1.0000060296892976
1.0000092359807302
1.0000124203072436
1.0000155750745738
1.0000186927591408
1.0000217659260164
1.0000247872466834
1.0000277495165333
1.0000306456720731
1.0000334688077908
1.0000362121926414
1.0000388692861171
1.0000414337538646
1.0000438994828040
1.0000462605957225
1.0000485114653002
1.0000506467275416
1.0000526612945762
1.0000545503668008
1.0000563094443329
1.0000579343377458
1.0000594211780662
1.0000607664260017
1.0000619668803843
1.0000630196858045
1.0000639223394214
1.0000646726969309
1.0000652689776761
1.0000657097688941
1.0000659940290781
1.0000661210904593
1.0000660906605923
1.0000659028230490
1.0000655580372115
1.0000650571371676
1.0000644013297153
1.0000635921914756
1.0000626316651218
1.0000615220547349
