1.0000005256007207
1.0000005192712014
1.0000005117233588
1.0000005029755639
1.0000004930490400
1.0000004819678168
1.0000004697586680
1.0000004564510494
1.0000004420770279
1.0000004266712039
1.0000004102706297
1.0000003929147203
1.0000003746451600
1.0000003555058012
1.0000003355425597
1.0000003148033056
1.0000002933377488
1.0000002711973215
1.0000002484350514
1.0000002251054367
1.0000002012643159
1.0000001769687350
1.0000001522768098
1.0000001272475882
1.0000001019409082
1.0000000764172545
1.0000000507376150
1.0000000249633336
0.9999999991559653
0.9999999733771288
0.9999999476883591
0.9999999221509602
0.9999998968258590
0.9999998717734567
0.9999998470534892
0.9999998227248811
0.9999997988456069
0.9999997754725516
0.9999997526613756
0.9999997304663801
0.9999997089403783
0.9999996881345693
0.9999996680984156
0.9999996488795257
0.9999996305235422
0.9999996130740303
0.9999995965723745
0.9999995810576798
0.9999995665666778
0.9999995531336396
0.9999995407902955
0.9999995295657578
0.9999995194864518
0.9999995105760524
0.9999995028554282
0.9999994963425919
0.9999994910526576
0.9999994869978039
0.9999994841872457
0.9999994826272137
0.9999994823209394
0.9999994832686462
0.9999994854675520
0.9999994889118724
0.9999994935928377
0.9999994994987128
0.9999995066148267
0.9999995149236075
0.9999995244046240
0.9999995350346357
0.9999995467876468
0.9999995596349702
0.9999995735452978
0.9999995884847743
0.9999996044170784
0.9999996213035084
0.9999996391030782
0.9999996577726138
0.9999996772668566
0.9999996975385730
0.9999997185386682
0.9999997402163026
0.9999997625190136
0.9999997853928420
0.9999998087824618
0.9999998326313131
0.9999998568817365
0.9999998814751114
0.9999999063519979
0.9999999314522768
0.9999999567152963
0.9999999820800158
1.0000000074851529
1.0000000328693295
1.0000000581712201
1.0000000833296976
1.0000001082839802
1.0000001329737780
1.0000001573394348
1.0000001813220751
1.0000002048637426
1.0000002279075395
1.0000002503977639
1.0000002722800434
1.0000002935014631
1.0000003140106930
1.0000003337581116
1.0000003526959251
1.0000003707782821
1.0000003879613846
1.0000004042035922
1.0000004194655217
1.0000004337101400
1.0000004469028554
1.0000004590116010
1.0000004700069074
1.0000004798619775
1.0000004885527489
1.0000004960579536
1.0000005023591674
1.0000005074408553
1.0000005112904111
1.0000005138981833
1.0000005152575000
1.0000005153646854
1.0000005142190702
1.0000005118229927
1.0000005081817929
1.0000005033037995
1.0000004972003118
1.0000004898855712
1.0000004813767291
1.0000004716938036
1.0000004608596331
1.0000004488998218
1.0000004358426782
1.0000004217191480
1.0000004065627413
1.0000003904094514
1.0000003732976719
1.0000003552681012
1.0000003363636474
1.0000003166293254
1.0000002961121488
1.0000002748610191
1.0000002529266068
1.0000002303612319
1.0000002072187382
1.0000001835543650
1.0000001594246155
1.0000001348871199
1.0000001100004987
1.0000000848242228
1.0000000594184713
1.0000000338439878
1.0000000081619365
0.9999999824337538
0.9999999567210026
0.9999999310852258
0.9999999055877971
0.9999998802897752
0.9999998552517583
0.9999998305337399
0.9999998061949642
0.9999997822937846
0.9999997588875239
0.9999997360323354
0.9999997137830697
0.9999996921931440
0.9999996713144141
0.9999996511970515
0.9999996318894215
0.9999996134379689
0.9999995958871054
0.9999995792791048
0.9999995636540004
0.9999995490494902
0.9999995355008433
0.9999995230408205
0.9999995116995930
0.9999995015046705
0.9999994924808354
0.9999994846500826
0.9999994780315679
0.9999994726415601
0.9999994684934019
0.9999994655974801
0.9999994639612001
0.9999994635889673
0.9999994644821750
0.9999994666392020
0.9999994700554142
0.9999994747231780
0.9999994806318763
0.9999994877679355
0.9999994961148563
0.9999995056532530
0.9999995163609003
0.9999995282127849
0.9999995411811662
0.9999995552356402
0.9999995703432120
0.9999995864683745
0.9999996035731948
0.9999996216174043
0.9999996405584953
0.9999996603518205
0.9999996809506994
0.9999997023065285
0.9999997243688982
0.9999997470857133
0.9999997704033168
0.9999997942666173
0.9999998186192217
0.9999998434035692
0.9999998685610678
0.9999998940322342
0.9999999197568351
0.9999999456740328
0.9999999717225292
0.9999999978407108
1.0000000239667968
1.0000000500389847
1.0000000759955989
1.0000001017752371
1.0000001273169177
1.0000001525602245
1.0000001774454510
1.0000002019137431
1.0000002259072382
1.0000002493692051
1.0000002722441781
1.0000002944780881
1.0000003160183926
1.0000003368142001
1.0000003568163927
1.0000003759777429
1.0000003942530273
1.0000004115991326
1.0000004279751584
1.0000004433425156
1.0000004576650159
1.0000004709089603
1.0000004830432196
1.0000004940393072
1.0000005038714470
1.0000005125166362
1.0000005199546986
1.0000005261683327
1.0000005311431521
1.0000005348677206
1.0000005373335790
1.0000005385352642
1.0000005384703237
1.0000005371393215
1.0000005345458340
1.0000005306964439
1.0000005256007207
1.0000005192712014
1.0000005117233588
1.0000005029755639
