1.0001630348314370
1.0001609806359690
1.0001585428531194
1.0001557273221497
1.0001525407839822
1.0001489908651240
1.0001450860594816
1.0001408357081072
1.0001362499769242
1.0001313398324858
1.0001261170158224
1.0001205940144413
1.0001147840325428
1.0001087009595278
1.0001023593368625
1.0000957743233896
1.0000889616591599
1.0000819376278749
1.0000747190180272
1.0000673230828330
1.0000597674990461
1.0000520703247642
1.0000442499563094
1.0000363250843001
1.0000283146490125
1.0000202377951406
1.0000121138260620
1.0000039621577175
0.9999958022722132
0.9999876536712613
0.9999795358295642
0.9999714681482574
0.9999634699085233
0.9999555602254810
0.9999477580024715
0.9999400818858376
0.9999325502203196
0.9999251810051580
0.9999179918510245
0.9999109999378730
0.9999042219738187
0.9998976741551394
0.9998913721275006
0.9998853309484935
0.9998795650515762
0.9998740882115056
0.9998689135113502
0.9998640533111508
0.9998595192183124
0.9998553220597970
0.9998514718561847
0.9998479777976665
0.9998448482220285
0.9998420905946723
0.9998397114907325
0.9998377165793267
0.9998361106099730
0.9998348974012173
0.9998340798314902
0.9998336598322176
0.9998336383832048
0.9998340155103016
0.9998347902853560
0.9998359608284534
0.9998375243124417
0.9998394769697275
0.9998418141013243
0.9998445300881382
0.9998476184044558
0.9998510716336079
0.9998548814857665
0.9998590388178366
0.9998635336553915
0.9998683552165967
0.9998734919380700
0.9998789315026110
0.9998846608687341
0.9998906663019368
0.9998969334076233
0.9999034471656040
0.9999101919660924
0.9999171516471108
0.9999243095332091
0.9999316484754116
0.9999391508922902
0.9999467988120687
0.9999545739156535
0.9999624575804921
0.9999704309251475
0.9999784748544881
0.9999865701053802
0.9999946972927787
1.0000028369560987
1.0000109696057613
1.0000190757698020
1.0000271360404278
1.0000351311204148
1.0000430418692363
1.0000508493488081
1.0000585348687421
1.0000660800310028
1.0000734667738569
1.0000806774150162
1.0000876946938657
1.0000945018126808
1.0001010824767351
1.0001074209331999
1.0001135020087479
1.0001193111457676
1.0001248344371065
1.0001300586592561
1.0001349713039045
1.0001395606077803
1.0001438155807172
1.0001477260318705
1.0001512825940289
1.0001544767459587
1.0001573008327285
1.0001597480839706
1.0001618126300293
1.0001634895159643
1.0001647747133746
1.0001656651300093
1.0001661586171506
1.0001662539747480
1.0001659509542895
1.0001652502594065
1.0001641535442085
1.0001626634093543
1.0001607833958674
1.0001585179767079
1.0001558725461237
1.0001528534068063
1.0001494677548799
1.0001457236627609
1.0001416300599248
1.0001371967116308
1.0001324341956530
1.0001273538770710
1.0001219678811775
1.0001162890645741
1.0001103309845216
1.0001041078666093
1.0000976345708308
1.0000909265561415
1.0000839998435818
1.0000768709780519
1.0000695569888365
1.0000620753489611
1.0000544439334877
1.0000466809768447
1.0000388050292872
1.0000308349126008
1.0000227896751459
1.0000146885463566
1.0000065508908000
0.9999983961619021
0.9999902438554561
0.9999821134630216
0.9999740244253241
0.9999659960857714
0.9999580476441918
0.9999501981109081
0.9999424662612600
0.9999348705906819
0.9999274292704401
0.9999201601041420
0.9999130804851148
0.9999062073547637
0.9998995571620055
0.9998931458238728
0.9998869886873885
0.9998811004928004
0.9998754953382626
0.9998701866460512
0.9998651871303985
0.9998605087670168
0.9998561627643887
0.9998521595368933
0.9998485086798342
0.9998452189464281
0.9998422982268091
0.9998397535291015
0.9998375909626048
0.9998358157231351
0.9998344320805493
0.9998334433684959
0.9998328519764060
0.9998326593437502
0.9998328659565711
0.9998334713463040
0.9998344740908839
0.9998358718181402
0.9998376612114690
0.9998398380177711
0.9998423970576330
0.9998453322377304
0.9998486365654202
0.9998523021654888
0.9998563202990145
0.9998606813842971
0.9998653750198093
0.9998703900091086
0.9998757143876539
0.9998813354514594
0.9998872397875168
0.9998934133059145
0.9998998412735716
0.9999065083495114
0.9999133986215843
0.9999204956445568
0.9999277824794699
0.9999352417341759
0.9999428556049509
0.9999506059190905
0.9999584741783787
0.9999664416033296
0.9999744891781003
0.9999825976959567
0.9999907478051939
0.9999989200553925
1.0000070949439053
1.0000152529624606
1.0000233746437730
1.0000314406080471
1.0000394316092651
1.0000473285811489
1.0000551126826867
1.0000627653431138
1.0000702683062423
1.0000776036740309
1.0000847539492963
1.0000917020774585
1.0000984314872279
1.0001049261301320
1.0001111705187895
1.0001171497638415
1.0001228496094505
1.0001282564672869
1.0001333574489173
1.0001381403965230
1.0001425939118738
1.0001467073834842
1.0001504710118967
1.0001538758330244
1.0001569137395030
1.0001595774999987
1.0001618607764275
1.0001637581390450
1.0001652650793702
1.0001663780209160
1.0001670943276981
1.0001674123105024
1.0001673312308972
1.0001668513029807
1.0001659736928576
1.0001647005158487
1.0001630348314370
1.0001609806359690
1.0001585428531194
1.0001557273221497
