1.3041361336165966
1.3018444097584885
1.2991142614712867
1.2959447120293257
1.2923346238380247
1.2882826967120631
1.2837874659952264
1.2788473005641490
1.2734604007679768
1.2676247963677745
1.2613383445537560
1.2545987281356707
1.2474034540225811
1.2397498521335943
1.2316350749118705
1.2230560976515792
1.2140097198928734
1.2044925681952310
1.1945011006668307
1.1840316137097799
1.1730802515413421
1.1616430191740570
1.1497157996880285
1.1372943768131842
1.1243744640661404
1.1109517419655637
1.0970219051943417
1.0825807220023178
1.0676241086697704
1.0521482225040764
1.0361495776512477
1.0196251890090438
1.0025727507772981
0.9849908577333151
0.9668792792482409
0.9482392984514441
0.9290741319068837
0.9093894488049324
0.8891940131201338
0.8685004775592743
0.8473263645102550
0.8256952765977710
0.8036383876684645
0.7811962735227699
0.7584211492998623
0.7353795848189444
0.7121557662699532
0.6888553554207855
0.6656099546293015
0.6425821001399635
0.6199705531445602
0.5980154080940218
0.5770021633966551
0.5572633972554365
0.5391761233924390
0.5231524600387797
0.5096213095651708
0.4989998443777498
0.4916561416211339
0.4878680616996259
0.4877870140608446
0.4914163009193984
0.4986106297150403
0.5090969490681553
0.5225102445369747
0.5384346472471547
0.5564410973452689
0.5761162941855013
0.5970814472043710
0.6190019528701144
0.6415902781260050
0.6646044281244163
0.6878439473160920
0.7111448352631929
0.7343742513293026
0.7574255022744765
0.7802135518900898
0.8026711352402222
0.8247454719056412
0.8463955282911393
0.8675897609899461
0.8883042698384597
0.9085212934761099
0.9282279877333978
0.9474154356569408
0.9660778462237125
0.9842119062335374
1.0018162562997706
1.0188910672745364
1.0354376979297608
1.0514584183871503
1.0669561867743058
1.0819344689976171
1.0963970934687783
1.1103481341887012
1.1237918168533714
1.1367324436607231
1.1491743333144733
1.1611217733792423
1.1725789826726083
1.1835500818091289
1.1940390703589412
1.2040498093653527
1.2135860081947145
1.2226512148780462
1.2312488092556042
1.2393819983594114
1.2470538135699798
1.2542671091663127
1.2610245619561831
1.2673286717294332
1.2731817623228192
1.2785859831226145
1.2835433108621719
1.2880555515972192
1.2921243427627236
1.2957511552325536
1.2989372953175564
1.3016839066495547
1.3039919719086484
1.3058623143594161
1.3072955991684925
1.3082923344817801
1.3088528722445132
1.3089774087516599
1.3086659849199478
1.3079184862762676
1.3067346426604851
1.3051140276439173
1.3030560576680386
1.3005599909115182
1.2976249258976007
1.2942497998582763
1.2904333868768438
1.2861742958365388
1.2814709682101195
1.2763216757339766
1.2707245180207654
1.2646774201771753
1.2581781305087181
1.2512242184119311
1.2438130725768906
1.2359418996502165
1.2276077235419720
1.2188073856002661
1.2095375459266189
1.1997946861651914
1.1895751141723006
1.1788749710622708
1.1676902412354013
1.1560167661283485
1.1438502625924321
1.1311863470085259
1.1180205664975296
1.1043484388943312
1.0901655035350923
1.0754673853806007
1.0602498755850283
1.0445090323480324
1.0282413067943064
1.0114436997527665
0.9941139567127136
0.9762508099845283
0.9578542792708529
0.9389260445604963
0.9194699086083620
0.8994923703920726
0.8790033359777049
0.8580169993089440
0.8365529326317387
0.8146374345343735
0.7923051926256013
0.7696013269247399
0.7465838874885360
0.7233268825984753
0.6999239065585995
0.6764924096821220
0.6531785928242452
0.6301627931439653
0.6076650272814305
0.5859500394445630
0.5653307411986926
0.5461683449804907
0.5288669023397383
0.5138596532530099
0.5015850773373656
0.4924523919035874
0.4867996810665329
0.4848520483450361
0.4866900359586459
0.4922375941728290
0.5012734512323581
0.5134622404984038
0.5283962004766173
0.5456371689725968
0.5647513641196740
0.5853336492587750
0.6070214583082300
0.6295004587564931
0.6525045458746729
0.6758124719884241
0.6992428268050787
0.7226484975095594
0.7459112724649329
0.7689369297666409
0.7916509484383254
0.8139948623660240
0.8359232155792887
0.8574010502713991
0.8784018512699556
0.8989058732661710
0.9188987844788918
0.9383705694621763
0.9573146428221034
0.9757271339047009
0.9936063097472532
1.0109521096989211
1.0277657701869518
1.0440495222567716
1.0598063478859825
1.0750397837955981
1.0897537636740930
1.1039524914912731
1.1176403399931290
1.1308217696041414
1.1435012638754518
1.1556832783505362
1.1673722003103160
1.1785723173355074
1.1892877930083063
1.1995226483863337
1.2092807481336039
1.2185657903977003
1.2273812996885223
1.2357306221492839
1.2436169227208402
1.2510431837905680
1.2580122049907654
1.2645266038719423
1.2705888172258926
1.2762011028740892
1.2813655417703325
1.2860840402940632
1.2903583326333377
1.2941899831751000
1.2975803888357338
1.3005307812775602
1.3030422289674448
1.3051156390423864
1.3067517589542157
1.3079511778716437
1.3087143278230555
1.3090414845679190
1.3089327681885798
1.3083881433977660
1.3074074195604299
1.3059902504317757
1.3041361336165966
1.3018444097584885
1.2991142614712867
1.2959447120293257
