1.0529456276039901
1.0523148223658407
1.0515659963515340
1.0507005312768074
1.0497200299230045
1.0486263158096687
1.0474214327744646
1.0461076444417436
1.0446874335587246
1.0431635011759011
1.0415387656459301
1.0398163614129050
1.0379996375615941
1.0360921560939214
1.0340976898977541
1.0320202203709106
1.0298639346612775
1.0276332224820515
1.0253326724594392
1.0229670679686884
1.0205413824131739
1.0180607739004308
1.0155305792686002
1.0129563074167884
1.0103436318934131
1.0076983826977630
1.0050265372518381
1.0023342105021140
0.9996276441142408
0.9969131947279625
0.9941973212447248
0.9914865711266132
0.9887875656924653
0.9861069844052407
0.9834515481540290
0.9808280015444064
0.9782430942221706
0.9757035612677314
0.9732161027115150
0.9707873622344951
0.9684239051322642
0.9661321956356813
0.9639185736958485
0.9617892313557187
0.9597501888447246
0.9578072705461389
0.9559660809990779
0.9542319811078437
0.9526100647402892
0.9511051359037899
0.9497216866919003
0.9484638761966194
0.9473355105801461
0.9463400244959321
0.9454804640416328
0.9447594714162141
0.9441792714400418
0.9437416600804197
0.9434479951059791
0.9432991889718528
0.9432957040141075
0.9434375500068363
0.9437242841092132
0.9441550132030950
0.9447283985950802
0.9454426630307586
0.9462955999437793
0.9472845848388086
0.9484065886858905
0.9496581931845420
0.9510356077394256
0.9525346879758807
0.9541509556131056
0.9558796195054409
0.9577155976579864
0.9596535400216138
0.9616878518741528
0.9638127175989112
0.9660221246784899
0.9683098877307575
0.9706696724245490
0.9730950191248090
0.9755793661301726
0.9781160723800397
0.9806984395227299
0.9833197332510255
0.9859732038260411
0.9886521057246691
0.9913497163596451
0.9940593538343907
0.9967743937070681
0.9994882847496516
1.0021945636981986
1.0048868689998345
1.0075589535702736
1.0102046965829252
1.0128181143168609
1.0153933700961506
1.0179247833573808
1.0204068378855797
1.0228341892613839
1.0252016715641499
1.0275043033769005
1.0297372931395914
1.0318960438972378
1.0339761574890312
1.0359734382237806
1.0378838960858479
1.0397037495143135
1.0414294277964435
1.0430575731146425
1.0445850422840763
1.0460089082159945
1.0473264611395643
1.0485352096127432
1.0496328813503788
1.0506174238953845
1.0514870051564749
1.0522400138335890
1.0528750597497818
1.0533909741060303
1.0537868096730916
1.0540618409322515
1.0542155641745279
1.0542476975656343
1.0541581811817677
1.0539471770190456
1.0536150689771897
1.0531624628158314
1.0525901860795743
1.0518992879857156
1.0510910392662811
1.0501669319537523
1.0491286790975853
1.0479782143963166
1.0467176917277206
1.0453494845571505
1.0438761852018332
1.0423006039265346
1.0406257678436435
1.0388549195883852
1.0369915157375587
1.0350392249379230
1.0330019257081775
1.0308837038763747
1.0286888496126583
1.0264218540154293
1.0240874052074667
1.0216903838972125
1.0192358583594301
1.0167290787888157
1.0141754709799355
1.0115806292871508
1.0089503088190608
1.0062904168234788
1.0036070032211513
1.0009062502494150
0.9981944611808029
0.9954780480863273
0.9927635186188702
0.9900574617987868
0.9873665327915784
0.9846974366762599
0.9820569112128936
0.9794517086285948
0.9768885764531428
0.9743742374480187
0.9719153686861514
0.9695185798537239
0.9671903908599059
0.9649372088550866
0.9627653047728799
0.9606807895255444
0.9586895899962116
0.9567974249841416
0.9550097812707548
0.9533318899841277
0.9517687034476133
0.9503248727039810
0.9490047259096551
0.9478122477940366
0.9467510603763252
0.9458244051266027
0.9450351267491243
0.9443856587538259
0.9438780109670976
0.9435137591150823
0.9432940365924035
0.9432195285066663
0.9432904680647107
0.9435066353408966
0.9438673584411877
0.9443715170500073
0.9450175483203141
0.9458034550416103
0.9467268159961973
0.9477847983913653
0.9489741722347916
0.9502913265025540
0.9517322869341220
0.9532927352766724
0.9549680297921672
0.9567532268348944
0.9586431033045150
0.9606321797799894
0.9627147441428647
0.9648848755040723
0.9671364682562995
0.9694632560838879
0.9718588357737071
0.9743166906832290
0.9768302137357813
0.9793927298273037
0.9819975175436199
0.9846378301019578
0.9873069154449677
0.9899980354295734
0.9927044840664727
0.9954196047788179
0.9981368066604492
1.0008495797249284
1.0035515091464837
1.0062362885027873
1.0088977320372514
1.0115297859652488
1.0141265388543790
1.0166822311136512
1.0191912636303027
1.0216482055959648
1.0240478015661068
1.0263849777982030
1.0286548479149480
1.0308527179391314
1.0329740907466241
1.0350146699832796
1.0369703634905818
1.0388372862835455
1.0406117631228231
1.0422903307211764
1.0438697396225363
1.0453469557897668
1.0467191619350782
1.0479837586247565
1.0491383651875743
1.0501808204539007
1.0511091833501729
1.0519217333710262
1.0526169709490314
1.0531936177396428
1.0536506168366355
1.0539871329310129
1.0542025524240750
1.0542964835030793
1.0542687561856627
1.0541194223369659
1.0538487556611726
1.0534572516669423
1.0529456276039901
1.0523148223658407
1.0515659963515340
1.0507005312768074
