1.0000000002860909
1.0000000002843501
1.0000000002820650
1.0000000002792429
1.0000000002758900
1.0000000002720164
1.0000000002676326
1.0000000002627494
1.0000000002573790
1.0000000002515350
1.0000000002452332
1.0000000002384890
1.0000000002313203
1.0000000002237448
1.0000000002157807
1.0000000002074467
1.0000000001987637
1.0000000001897529
1.0000000001804361
1.0000000001708356
1.0000000001609746
1.0000000001508769
1.0000000001405671
1.0000000001300708
1.0000000001194145
1.0000000001086244
1.0000000000977249
1.0000000000867422
1.0000000000757019
1.0000000000646296
1.0000000000535514
1.0000000000424931
1.0000000000314804
1.0000000000205389
1.0000000000096938
0.9999999999989696
0.9999999999883900
0.9999999999779781
0.9999999999677569
0.9999999999577489
0.9999999999479765
0.9999999999384621
0.9999999999292277
0.9999999999202943
0.9999999999116821
0.9999999999034108
0.9999999998954988
0.9999999998879622
0.9999999998808171
0.9999999998740787
0.9999999998677614
0.9999999998618786
0.9999999998564418
0.9999999998514616
0.9999999998469475
0.9999999998429091
0.9999999998393534
0.9999999998362868
0.9999999998337141
0.9999999998316393
0.9999999998300647
0.9999999998289912
0.9999999998284176
0.9999999998283431
0.9999999998287649
0.9999999998296788
0.9999999998310800
0.9999999998329626
0.9999999998353184
0.9999999998381383
0.9999999998414120
0.9999999998451281
0.9999999998492740
0.9999999998538370
0.9999999998588036
0.9999999998641583
0.9999999998698859
0.9999999998759709
0.9999999998823955
0.9999999998891419
0.9999999998961915
0.9999999999035225
0.9999999999111149
0.9999999999189466
0.9999999999269958
0.9999999999352395
0.9999999999436530
0.9999999999522133
0.9999999999608971
0.9999999999696808
0.9999999999785403
0.9999999999874500
0.9999999999963843
1.0000000000053184
1.0000000000142282
1.0000000000230889
1.0000000000318761
1.0000000000405662
1.0000000000491358
1.0000000000575606
1.0000000000658169
1.0000000000738816
1.0000000000817322
1.0000000000893470
1.0000000000967038
1.0000000001037810
1.0000000001105585
1.0000000001170175
1.0000000001231397
1.0000000001289082
1.0000000001343061
1.0000000001393188
1.0000000001439322
1.0000000001481317
1.0000000001519052
1.0000000001552403
1.0000000001581268
1.0000000001605545
1.0000000001625149
1.0000000001640013
1.0000000001650060
1.0000000001655249
1.0000000001655547
1.0000000001650939
1.0000000001641414
1.0000000001626985
1.0000000001607674
1.0000000001583513
1.0000000001554523
1.0000000001520759
1.0000000001482290
1.0000000001439191
1.0000000001391542
1.0000000001339442
1.0000000001283009
1.0000000001222373
1.0000000001157663
1.0000000001089016
1.0000000001016578
1.0000000000940501
1.0000000000860938
1.0000000000778069
1.0000000000692091
1.0000000000603217
1.0000000000511662
1.0000000000417646
1.0000000000321385
1.0000000000223104
1.0000000000123024
1.0000000000021383
0.9999999999918430
0.9999999999814405
0.9999999999709565
0.9999999999604160
0.9999999999498429
0.9999999999392613
0.9999999999286958
0.9999999999181720
0.9999999999077159
0.9999999998973537
0.9999999998871099
0.9999999998770106
0.9999999998670809
0.9999999998573459
0.9999999998478302
0.9999999998385571
0.9999999998295505
0.9999999998208329
0.9999999998124275
0.9999999998043559
0.9999999997966394
0.9999999997892970
0.9999999997823473
0.9999999997758090
0.9999999997696994
0.9999999997640355
0.9999999997588335
0.9999999997541080
0.9999999997498721
0.9999999997461384
0.9999999997429189
0.9999999997402238
0.9999999997380613
0.9999999997364382
0.9999999997353594
0.9999999997348298
0.9999999997348538
0.9999999997354343
0.9999999997365727
0.9999999997382689
0.9999999997405227
0.9999999997433319
0.9999999997466937
0.9999999997506028
0.9999999997550524
0.9999999997600340
0.9999999997655388
0.9999999997715564
0.9999999997780752
0.9999999997850827
0.9999999997925653
0.9999999998005079
0.9999999998088943
0.9999999998177084
0.9999999998269316
0.9999999998365439
0.9999999998465250
0.9999999998568539
0.9999999998675086
0.9999999998784671
0.9999999998897067
0.9999999999012033
0.9999999999129331
0.9999999999248719
0.9999999999369947
0.9999999999492768
0.9999999999616919
0.9999999999742136
0.9999999999868161
0.9999999999994722
1.0000000000121552
1.0000000000248377
1.0000000000374927
1.0000000000500935
1.0000000000626137
1.0000000000750262
1.0000000000873031
1.0000000000994174
1.0000000001113434
1.0000000001230562
1.0000000001345317
1.0000000001457461
1.0000000001566769
1.0000000001673020
1.0000000001775990
1.0000000001875462
1.0000000001971219
1.0000000002063067
1.0000000002150820
1.0000000002234282
1.0000000002313272
1.0000000002387628
1.0000000002457192
1.0000000002521821
1.0000000002581386
1.0000000002635774
1.0000000002684883
1.0000000002728626
1.0000000002766929
1.0000000002799727
1.0000000002826972
1.0000000002848632
1.0000000002864691
1.0000000002875131
1.0000000002879956
1.0000000002879177
1.0000000002872818
1.0000000002860909
1.0000000002843501
1.0000000002820650
1.0000000002792429
