1.0000001962354661
1.0000001939198415
1.0000001911523435
1.0000001879397555
1.0000001842899173
1.0000001802117062
1.0000001757150154
1.0000001708107318
1.0000001655107087
1.0000001598277395
1.0000001537755241
1.0000001473686373
1.0000001406224941
1.0000001335533120
1.0000001261780718
1.0000001185144793
1.0000001105809235
1.0000001023964284
1.0000000939806095
1.0000000853536288
1.0000000765361443
1.0000000675492631
1.0000000584144879
1.0000000491536671
1.0000000397889399
1.0000000303426873
1.0000000208374771
1.0000000112960097
1.0000000017410653
0.9999999921954481
0.9999999826819310
0.9999999732232023
0.9999999638418119
0.9999999545601168
0.9999999454002287
0.9999999363839592
0.9999999275327685
0.9999999188677143
0.9999999104094024
0.9999999021779357
0.9999998941928683
0.9999998864731569
0.9999998790371172
0.9999998719023794
0.9999998650858474
0.9999998586036563
0.9999998524711349
0.9999998467027686
0.9999998413121680
0.9999998363120317
0.9999998317141181
0.9999998275292171
0.9999998237671244
0.9999998204366197
0.9999998175454451
0.9999998151002860
0.9999998131067567
0.9999998115693853
0.9999998104916054
0.9999998098757449
0.9999998097230233
0.9999998100335467
0.9999998108063096
0.9999998120391977
0.9999998137289919
0.9999998158713752
0.9999998184609444
0.9999998214912241
0.9999998249546809
0.9999998288427424
0.9999998331458170
0.9999998378533153
0.9999998429536787
0.9999998484344067
0.9999998542820880
0.9999998604824312
0.9999998670202994
0.9999998738797465
0.9999998810440542
0.9999998884957750
0.9999998962167729
0.9999999041882656
0.9999999123908702
0.9999999208046506
0.9999999294091638
0.9999999381835110
0.9999999471063863
0.9999999561561288
0.9999999653107741
0.9999999745481066
0.9999999838457130
0.9999999931810364
1.0000000025314311
1.0000000118742156
1.0000000211867273
1.0000000304463761
1.0000000396306998
1.0000000487174194
1.0000000576844907
1.0000000665101569
1.0000000751730023
1.0000000836520024
1.0000000919265737
1.0000000999766236
1.0000001077826002
1.0000001153255380
1.0000001225871042
1.0000001295496412
1.0000001361962096
1.0000001425106304
1.0000001484775203
1.0000001540823322
1.0000001593113876
1.0000001641519107
1.0000001685920605
1.0000001726209566
1.0000001762287072
1.0000001794064315
1.0000001821462825
1.0000001844414668
1.0000001862862578
1.0000001876760112
1.0000001886071761
1.0000001890773038
1.0000001890850549
1.0000001886302003
1.0000001877136235
1.0000001863373171
1.0000001845043802
1.0000001822190094
1.0000001794864903
1.0000001763131843
1.0000001727065124
1.0000001686749396
1.0000001642279528
1.0000001593760408
1.0000001541306676
1.0000001485042445
1.0000001425101028
1.0000001361624598
1.0000001294763843
1.0000001224677619
1.0000001151532574
1.0000001075502745
1.0000000996769134
1.0000000915519285
1.0000000831946856
1.0000000746251128
1.0000000658636534
1.0000000569312193
1.0000000478491378
1.0000000386391013
1.0000000293231173
1.0000000199234538
1.0000000104625872
1.0000000009631480
0.9999999914478667
0.9999999819395216
0.9999999724608825
0.9999999630346552
0.9999999536834284
0.9999999444296189
0.9999999352954185
0.9999999263027417
0.9999999174731725
0.9999999088279136
0.9999999003877345
0.9999998921729225
0.9999998842032335
0.9999998764978444
0.9999998690753066
0.9999998619535042
0.9999998551496098
0.9999998486800428
0.9999998425604322
0.9999998368055762
0.9999998314294072
0.9999998264449584
0.9999998218643349
0.9999998176986830
0.9999998139581637
0.9999998106519280
0.9999998077880945
0.9999998053737311
0.9999998034148370
0.9999998019163290
0.9999998008820291
0.9999998003146554
0.9999998002158148
0.9999998005859992
0.9999998014245851
0.9999998027298340
0.9999998044988964
0.9999998067278179
0.9999998094115510
0.9999998125439636
0.9999998161178559
0.9999998201249768
0.9999998245560444
0.9999998294007665
0.9999998346478660
0.9999998402851074
0.9999998462993246
0.9999998526764529
0.9999998594015632
0.9999998664588974
0.9999998738319047
0.9999998815032827
0.9999998894550179
0.9999998976684285
0.9999999061242083
0.9999999148024735
0.9999999236828082
0.9999999327443151
0.9999999419656647
0.9999999513251464
0.9999999608007192
0.9999999703700649
0.9999999800106409
0.9999999896997347
0.9999999994145174
1.0000000091320975
1.0000000188295757
1.0000000284840997
1.0000000380729204
1.0000000475734421
1.0000000569632796
1.0000000662203112
1.0000000753227292
1.0000000842490930
1.0000000929783810
1.0000001014900406
1.0000001097640381
1.0000001177809039
1.0000001255217796
1.0000001329684640
1.0000001401034546
1.0000001469099908
1.0000001533720939
1.0000001594746031
1.0000001652032144
1.0000001705445123
1.0000001754860028
1.0000001800161440
1.0000001841243706
1.0000001878011207
1.0000001910378580
1.0000001938270935
1.0000001961624028
1.0000001980384419
1.0000001994509580
1.0000002003968005
1.0000002008739286
1.0000002008814166
1.0000002004194537
1.0000001994893453
1.0000001980935080
1.0000001962354661
1.0000001939198415
1.0000001911523435
1.0000001879397555
