1.0000000000017677
1.0000000000017735
1.0000000000017677
1.0000000000017504
1.0000000000017233
1.0000000000016878
1.0000000000016454
1.0000000000015978
1.0000000000015472
1.0000000000014944
1.0000000000014400
1.0000000000013838
1.0000000000013267
1.0000000000012690
1.0000000000012113
1.0000000000011535
1.0000000000010962
1.0000000000010392
1.0000000000009821
1.0000000000009248
1.0000000000008680
1.0000000000008118
1.0000000000007565
1.0000000000007019
1.0000000000006477
1.0000000000005935
1.0000000000005402
1.0000000000004887
1.0000000000004394
1.0000000000003926
1.0000000000003479
1.0000000000003046
1.0000000000002627
1.0000000000002216
1.0000000000001816
1.0000000000001439
1.0000000000001099
1.0000000000000793
1.0000000000000528
1.0000000000000309
1.0000000000000129
0.9999999999999993
0.9999999999999899
0.9999999999999839
0.9999999999999801
0.9999999999999781
0.9999999999999786
0.9999999999999805
0.9999999999999845
0.9999999999999905
0.9999999999999978
1.0000000000000078
1.0000000000000198
1.0000000000000338
1.0000000000000482
1.0000000000000628
1.0000000000000770
1.0000000000000908
1.0000000000001048
1.0000000000001201
1.0000000000001372
1.0000000000001568
1.0000000000001785
1.0000000000002021
1.0000000000002260
1.0000000000002498
1.0000000000002736
1.0000000000002967
1.0000000000003197
1.0000000000003439
1.0000000000003699
1.0000000000003966
1.0000000000004228
1.0000000000004470
1.0000000000004683
1.0000000000004854
1.0000000000004978
1.0000000000005060
1.0000000000005109
1.0000000000005129
1.0000000000005125
1.0000000000005105
1.0000000000005080
1.0000000000005063
1.0000000000005054
1.0000000000005040
1.0000000000005018
1.0000000000004980
1.0000000000004925
1.0000000000004845
1.0000000000004734
1.0000000000004583
1.0000000000004399
1.0000000000004183
1.0000000000003946
1.0000000000003677
1.0000000000003386
1.0000000000003086
1.0000000000002776
1.0000000000002460
1.0000000000002149
1.0000000000001845
1.0000000000001552
1.0000000000001279
1.0000000000001026
1.0000000000000793
1.0000000000000580
1.0000000000000380
1.0000000000000187
1.0000000000000002
0.9999999999999817
0.9999999999999619
0.9999999999999403
0.9999999999999165
0.9999999999998918
0.9999999999998667
0.9999999999998420
0.9999999999998179
0.9999999999997952
0.9999999999997738
0.9999999999997530
0.9999999999997325
0.9999999999997126
0.9999999999996936
0.9999999999996761
0.9999999999996610
0.9999999999996483
0.9999999999996375
0.9999999999996277
0.9999999999996187
0.9999999999996101
0.9999999999996005
0.9999999999995896
0.9999999999995773
0.9999999999995646
0.9999999999995526
0.9999999999995426
0.9999999999995356
0.9999999999995316
0.9999999999995316
0.9999999999995355
0.9999999999995426
0.9999999999995525
0.9999999999995637
0.9999999999995759
0.9999999999995902
0.9999999999996066
0.9999999999996257
0.9999999999996482
0.9999999999996734
0.9999999999997001
0.9999999999997270
0.9999999999997540
0.9999999999997806
0.9999999999998073
0.9999999999998326
0.9999999999998558
0.9999999999998763
0.9999999999998948
0.9999999999999118
0.9999999999999282
0.9999999999999427
0.9999999999999557
0.9999999999999675
0.9999999999999785
0.9999999999999902
1.0000000000000020
1.0000000000000135
1.0000000000000240
1.0000000000000333
1.0000000000000415
1.0000000000000495
1.0000000000000573
1.0000000000000644
1.0000000000000699
1.0000000000000742
1.0000000000000770
1.0000000000000784
1.0000000000000788
1.0000000000000795
1.0000000000000806
1.0000000000000819
1.0000000000000817
1.0000000000000793
1.0000000000000742
1.0000000000000673
1.0000000000000588
1.0000000000000495
1.0000000000000391
1.0000000000000278
1.0000000000000158
1.0000000000000040
0.9999999999999927
0.9999999999999801
0.9999999999999661
0.9999999999999509
0.9999999999999349
0.9999999999999201
0.9999999999999069
0.9999999999998956
0.9999999999998866
0.9999999999998804
0.9999999999998778
0.9999999999998794
0.9999999999998842
0.9999999999998920
0.9999999999999009
0.9999999999999101
0.9999999999999192
0.9999999999999277
0.9999999999999357
0.9999999999999437
0.9999999999999516
0.9999999999999598
0.9999999999999692
0.9999999999999801
0.9999999999999931
1.0000000000000095
1.0000000000000302
1.0000000000000553
1.0000000000000846
1.0000000000001168
1.0000000000001510
1.0000000000001865
1.0000000000002236
1.0000000000002627
1.0000000000003046
1.0000000000003484
1.0000000000003937
1.0000000000004412
1.0000000000004918
1.0000000000005465
1.0000000000006044
1.0000000000006646
1.0000000000007256
1.0000000000007874
1.0000000000008482
1.0000000000009082
1.0000000000009663
1.0000000000010216
1.0000000000010740
1.0000000000011235
1.0000000000011708
1.0000000000012175
1.0000000000012641
1.0000000000013107
1.0000000000013569
1.0000000000014029
1.0000000000014493
1.0000000000014961
1.0000000000015423
1.0000000000015867
1.0000000000016285
1.0000000000016667
1.0000000000017004
1.0000000000017295
1.0000000000017526
1.0000000000017677
1.0000000000017735
1.0000000000017677
1.0000000000017504
