1.0060515801474392
1.0059754261372411
1.0058850951994907
1.0057807973974495
1.0056627753477385
1.0055313037043432
1.0053866885731759
1.0052292668579577
1.0050594055382789
1.0048775008808106
1.0046839775847451
1.0044792878626638
1.0042639104581539
1.0040383496016141
1.0038031339058218
1.0035588152029695
1.0033059673250135
1.0030451848293196
1.0027770816717363
1.0025022898293761
1.0022214578755400
1.0019352495093650
1.0016443420429400
1.0013494248487873
1.0010511977707621
1.0007503695015800
1.0004476559303432
1.0001437784635809
0.9998394623234694
0.9995354348270453
0.9992324236503575
0.9989311550816398
0.9986323522677102
0.9983367334579075
0.9980450102499921
0.9977578858425199
0.9974760532982788
0.9972001938234424
0.9969309750671447
0.9966690494462115
0.9964150524997993
0.9961696012786891
0.9959332927739635
0.9957067023897493
0.9954903824646530
0.9952848608464286
0.9950906395243090
0.9949081933233241
0.9947379686647678
0.9945803823968177
0.9944358206991246
0.9943046380649825
0.9941871563644589
0.9940836639916334
0.9939944150988221
0.9939196289203923
0.9938594891884800
0.9938141436426208
0.9937837036349918
0.9937682438326253
0.9937678020176365
0.9937823789861533
0.9938119385463090
0.9938564076152994
0.9939156764151714
0.9939895987666556
0.9940779924800249
0.9941806398416219
0.9942972881943793
0.9944276506103382
0.9945714066528543
0.9947282032259067
0.9948976555076389
0.9950793479649965
0.9952728354460922
0.9954776443466932
0.9956932738470246
0.9959191972148936
0.9961548631709737
0.9963996973119361
0.9966531035870023
0.9969144658233728
0.9971831492959181
0.9974585023364463
0.9977398579778206
0.9980265356281804
0.9983178427705155
0.9986130766828517
0.9989115261743483
0.9992124733326426
0.9995151952778579
0.9998189659187513
1.0001230577065805
1.0004267433823635
1.0007292977133280
1.0010299992144576
1.0013281318511875
1.0016229867194280
1.0019138636992408
1.0022000730786482
1.0024809371441969
1.0027557917350618
1.0030239877576277
1.0032848926576450
1.0035378918472098
1.0037823900839740
1.0040178128001513
1.0042436073790271
1.0044592443768403
1.0046642186880392
1.0048580506520715
1.0050402870999815
1.0052105023392484
1.0053682990754100
1.0055133092691522
1.0056451949276619
1.0057636488291535
1.0058683951795944
1.0059591902007674
1.0060358226489021
1.0060981142632199
1.0061459201438252
1.0061791290584712
1.0061976636778300
1.0062014807389728
1.0061905711368653
1.0061649599437683
1.0061247063565186
1.0060699035717526
1.0060006785892286
1.0059171919434746
1.0058196373640991
1.0057082413651794
1.0055832627642420
1.0054449921314368
1.0052937511696221
1.0051298920261560
1.0049537965373241
1.0047658754064182
1.0045665673166109
1.0043563379798799
1.0041356791233667
1.0039051074146723
1.0036651633277329
1.0034164099510487
1.0031594317401800
1.0028948332165724
1.0026232376149153
1.0023452854813910
1.0020616332253232
1.0017729516268905
1.0014799243037231
1.0011832461393630
1.0008836216767216
1.0005817634798280
1.0002783904673045
0.9999742262211696
0.9996699972747114
0.9993664313833065
0.9990642557822103
0.9987641954354584
0.9984669712801421
0.9981732984704359
0.9978838846258409
0.9975994280882017
0.9973206161921203
0.9970481235534513
0.9967826103806045
0.9965247208133965
0.9962750812942093
0.9960342989761962
0.9958029601732457
0.9955816288563603
0.9953708452010342
0.9951711241901275
0.9949829542766110
0.9948067961104329
0.9946430813335886
0.9944922114473103
0.9943545567550905
0.9942304553850394
0.9941202123948411
0.9940240989623227
0.9939423516643814
0.9938751718467258
0.9938227250865961
0.9937851407503165
0.9937625116472076
0.9937548937810602
0.9937623062000381
0.9937847309455304
0.9938221131001342
0.9938743609345950
0.9939413461531962
0.9940229042367427
0.9941188348819493
0.9942289025357079
0.9943528370223982
0.9944903342620832
0.9946410570771439
0.9948046360846112
0.9949806706711950
0.9951687300477533
0.9953683543797055
0.9955790559896808
0.9958003206284987
0.9960316088103941
0.9962723572082500
0.9965219801044595
0.9967798708929329
0.9970454036276620
0.9973179346131897
0.9975968040322731
0.9978813376059984
0.9981708482816016
0.9984646379432430
0.9987619991410093
0.9990622168334612
0.9993645701391006
0.9996683340922013
0.9999727813985263
1.0002771841865628
1.0005808157500060
1.0008829522773435
1.0011828745645164
1.0014798697067773
1.0017732327659929
1.0020622684097997
1.0023462925191602
1.0026246337610230
1.0028966351229540
1.0031616554067528
1.0034190706782293
1.0036682756704722
1.0039086851380956
1.0041397351601036
1.0043608843891612
1.0045716152452118
1.0047714350515171
1.0049598771113477
1.0051365017236749
1.0053008971363546
1.0054526804354202
1.0055914983692229
1.0057170281062751
1.0058289779257714
1.0059270878398687
1.0060111301469103
1.0060809099148880
1.0061362653945243
1.0061770683614675
1.0062032243871748
1.0062146730381532
1.0062113880033126
1.0061933771492888
1.0061606825036604
1.0061133801660809
1.0060515801474392
1.0059754261372411
1.0058850951994907
1.0057807973974495
