1.0010823129017115
1.0010686381897362
1.0010524161834331
1.0010336855234008
1.0010124908177285
1.0009888825374513
1.0009629168982204
1.0009346557284595
1.0009041663242919
1.0008715212915567
1.0008367983752720
1.0008000802769137
1.0007614544599299
1.0007210129439112
1.0006788520878873
1.0006350723632327
1.0005897781166979
1.0005430773240980
1.0004950813352151
1.0004459046105023
1.0003956644501830
1.0003444807163764
1.0002924755488847
1.0002397730752972
1.0001864991160871
1.0001327808853890
1.0000787466881547
1.0000245256143998
0.9999702472312657
0.9999160412736228
0.9998620373339553
0.9998083645522673
0.9997551513067504
0.9997025249059664
0.9996506112832809
0.9995995346942953
0.9995494174180146
0.9995003794624813
0.9994525382756002
0.9994060084618683
0.9993609015057091
0.9993173255020985
0.9992753848951555
0.9992351802253545
0.9991968078859877
0.9991603598894944
0.9991259236442465
0.9990935817423573
0.9990634117590481
0.9990354860640883
0.9990098716457875
0.9989866299479898
0.9989658167204895
0.9989474818832500
0.9989316694047758
0.9989184171949557
0.9989077570126428
0.9988997143882232
0.9988943085613625
0.9988915524341004
0.9988914525394053
0.9988940090252780
0.9988992156544449
0.9989070598196346
0.9989175225744064
0.9989305786794466
0.9989461966642168
0.9989643389037866
0.9989849617106616
0.9990080154413640
0.9990334446174902
0.9990611880609354
0.9990911790429362
0.9991233454465518
0.9991576099421607
0.9991938901755325
0.9992320989679885
0.9992721445281416
0.9993139306746812
0.9993573570696347
0.9994023194615229
0.9994487099377898
0.9994964171858732
0.9995453267622698
0.9995953213689170
0.9996462811362095
0.9996980839119450
0.9997506055554886
0.9998037202364308
0.9998573007370117
0.9999112187575683
0.9999653452242668
1.0000195505983758
1.0000737051863271
1.0001276794498315
1.0001813443152976
1.0002345714818273
1.0002872337270459
1.0003392052100559
1.0003903617707961
1.0004405812251067
1.0004897436548132
1.0005377316921504
1.0005844307978757
1.0006297295324287
1.0006735198195109
1.0007156972014872
1.0007561610860265
1.0007948149834189
1.0008315667340368
1.0008663287254247
1.0008990180985298
1.0009295569426122
1.0009578724783965
1.0009838972290610
1.0010075691786797
1.0010288319177738
1.0010476347756430
1.0010639329391868
1.0010776875579559
1.0010888658352004
1.0010974411047171
1.0011033928933246
1.0011067069688322
1.0011073753733932
1.0011053964421754
1.0011007748073033
1.0010935213870660
1.0010836533604133
1.0010711941267967
1.0010561732514403
1.0010386263961637
1.0010185952359081
1.0009961273611492
1.0009712761664111
1.0009441007251256
1.0009146656511141
1.0008830409469958
1.0008493018398612
1.0008135286045721
1.0007758063750829
1.0007362249442031
1.0006948785522507
1.0006518656650676
1.0006072887418975
1.0005612539936541
1.0005138711321226
1.0004652531106664
1.0004155158570263
1.0003647779988349
1.0003131605824676
1.0002607867858830
1.0002077816261175
1.0001542716621121
1.0001003846935719
1.0000462494565590
0.9999919953165377
0.9999377519595990
0.9998836490825956
0.9998298160829295
0.9997763817487324
0.9997234739501847
0.9996712193327207
0.9996197430128594
0.9995691682774065
0.9995196162867590
0.9994712057830426
0.9994240528037983
0.9993782704019286
0.9993339683725968
0.9992912529877604
0.9992502267390002
0.9992109880892869
0.9991736312343148
0.9991382458740029
0.9991049169947402
0.9990737246629283
0.9990447438303482
0.9990180441518415
0.9989936898157759
0.9989717393877319
0.9989522456678057
0.9989352555619010
0.9989208099673353
0.9989089436730585
0.9988996852747430
0.9988930571049618
0.9988890751786385
0.9988877491539065
0.9988890823084829
0.9988930715316139
0.9988997073316171
0.9989089738589984
0.9989208489450820
0.9989353041560592
0.9989523048623105
0.9989718103228233
0.9989937737844907
0.9990181425960279
0.9990448583362183
0.9990738569561581
0.9991050689351304
0.9991384194497123
0.9991738285556838
0.9992112113822677
0.9992504783382085
0.9992915353291689
0.9993342839858899
0.9993786219025353
0.9994244428846221
0.9994716372059165
0.9995200918736453
0.9995696909013652
0.9996203155888048
0.9996718448079909
0.9997241552949502
0.9997771219462653
0.9998306181197635
0.9998845159385952
0.9999386865979678
0.9999930006737888
1.0000473284324753
1.0001015401411801
1.0001555063776950
1.0002090983392937
1.0002621881497746
1.0003146491639847
1.0003663562690990
1.0004171861819553
1.0004670177417492
1.0005157321974056
1.0005632134889590
1.0006093485222987
1.0006540274366427
1.0006971438641328
1.0007385951809495
1.0007782827493865
1.0008161121503298
1.0008519934056159
1.0008858411897741
1.0009175750306731
1.0009471194986235
1.0009744043835185
1.0009993648596154
1.0010219416375905
1.0010420811035363
1.0010597354445909
1.0010748627609221
1.0010874271638197
1.0010973988596834
1.0011047542197185
1.0011094758351895
1.0011115525581114
1.0011109795272841
1.0011077581796175
1.0011018962467244
1.0010934077367826
1.0010823129017115
1.0010686381897362
1.0010524161834331
1.0010336855234008
