1.0000010681841263
1.0000010551776766
1.0000010396862107
1.0000010217472932
1.0000010014043161
1.0000009787063946
1.0000009537082502
1.0000009264700800
1.0000008970574106
1.0000008655409431
1.0000008319963829
1.0000007965042579
1.0000007591497282
1.0000007200223797
1.0000006792160119
1.0000006368284124
1.0000005929611231
1.0000005477191987
1.0000005012109545
1.0000004535477063
1.0000004048435032
1.0000003552148573
1.0000003047804655
1.0000002536609249
1.0000002019784451
1.0000001498565549
1.0000000974198089
1.0000000447934874
0.9999999921032973
0.9999999394750735
0.9999998870344770
0.9999998349066940
0.9999997832161374
0.9999997320861482
0.9999996816387038
0.9999996319941244
0.9999995832707869
0.9999995355848403
0.9999994890499304
0.9999994437769250
0.9999993998736525
0.9999993574446425
0.9999993165908778
0.9999992774095513
0.9999992399938354
0.9999992044326594
0.9999991708104969
0.9999991392071654
0.9999991096976354
0.9999990823518498
0.9999990572345566
0.9999990344051560
0.9999990139175583
0.9999989958200554
0.9999989801552066
0.9999989669597383
0.9999989562644555
0.9999989480941675
0.9999989424676317
0.9999989393975054
0.9999989388903184
0.9999989409464577
0.9999989455601666
0.9999989527195602
0.9999989624066521
0.9999989745973992
0.9999989892617582
0.9999990063637610
0.9999990258616002
0.9999990477077285
0.9999990718489750
0.9999990982266703
0.9999991267767884
0.9999991574300995
0.9999991901123370
0.9999992247443754
0.9999992612424214
0.9999992995182130
0.9999993394792315
0.9999993810289242
0.9999994240669342
0.9999994684893434
0.9999995141889179
0.9999995610553670
0.9999996089756072
0.9999996578340333
0.9999997075127958
0.9999997578920824
0.9999998088504067
0.9999998602648977
0.9999999120115959
0.9999999639657479
1.0000000160021059
1.0000000679952270
1.0000001198197757
1.0000001713508213
1.0000002224641398
1.0000002730365105
1.0000003229460115
1.0000003720723110
1.0000004202969572
1.0000004675036613
1.0000005135785761
1.0000005584105667
1.0000006018914795
1.0000006439164009
1.0000006843839071
1.0000007231963088
1.0000007602598833
1.0000007954851009
1.0000008287868389
1.0000008600845851
1.0000008893026298
1.0000009163702497
1.0000009412218778
1.0000009637972582
1.0000009840415931
1.0000010019056715
1.0000010173459901
1.0000010303248565
1.0000010408104789
1.0000010487770439
1.0000010542047784
1.0000010570799971
1.0000010573951348
1.0000010551487664
1.0000010503456078
1.0000010429965085
1.0000010331184253
1.0000010207343826
1.0000010058734170
1.0000009885705061
1.0000009688664877
1.0000009468079636
1.0000009224471855
1.0000008958419306
1.0000008670553640
1.0000008361558892
1.0000008032169865
1.0000007683170344
1.0000007315391244
1.0000006929708614
1.0000006527041549
1.0000006108349995
1.0000005674632459
1.0000005226923629
1.0000004766291883
1.0000004293836746
1.0000003810686251
1.0000003317994259
1.0000002816937696
1.0000002308713734
1.0000001794536955
1.0000001275636423
1.0000000753252756
1.0000000228635153
0.9999999703038410
0.9999999177719925
0.9999998653936687
0.9999998132942278
0.9999997615983879
0.9999997104299277
0.9999996599113894
0.9999996101637868
0.9999995613063172
0.9999995134560746
0.9999994667277712
0.9999994212334617
0.9999993770822739
0.9999993343801489
0.9999992932295885
0.9999992537294097
0.9999992159745077
0.9999991800556288
0.9999991460591529
0.9999991140668874
0.9999990841558720
0.9999990563981926
0.9999990308608087
0.9999990076053940
0.9999989866881887
0.9999989681598633
0.9999989520653987
0.9999989384439767
0.9999989273288865
0.9999989187474445
0.9999989127209292
0.9999989092645293
0.9999989083873068
0.9999989100921756
0.9999989143758945
0.9999989212290724
0.9999989306361922
0.9999989425756455
0.9999989570197865
0.9999989739349957
0.9999989932817596
0.9999990150147652
0.9999990390830068
0.9999990654299088
0.9999990939934600
0.9999991247063597
0.9999991574961802
0.9999991922855379
0.9999992289922808
0.9999992675296805
0.9999993078066391
0.9999993497279075
0.9999993931943130
0.9999994381029941
0.9999994843476465
0.9999995318187757
0.9999995804039573
0.9999996299881092
0.9999996804537636
0.9999997316813471
0.9999997835494663
0.9999998359351971
0.9999998887143791
0.9999999417619101
0.9999999949520459
1.0000000481586993
1.0000001012557391
1.0000001541172945
1.0000002066180538
1.0000002586335626
1.0000003100405215
1.0000003607170806
1.0000004105431290
1.0000004594005820
1.0000005071736624
1.0000005537491774
1.0000005990167879
1.0000006428692714
1.0000006852027785
1.0000007259170800
1.0000007649158051
1.0000008021066729
1.0000008374017111
1.0000008707174677
1.0000009019752081
1.0000009311011027
1.0000009580264029
1.0000009826876053
1.0000010050266039
1.0000010249908280
1.0000010425333663
1.0000010576130780
1.0000010701946926
1.0000010802488941
1.0000010877523897
1.0000010926879652
1.0000010950445259
1.0000010948171212
1.0000010920069569
1.0000010866213904
1.0000010786739149
1.0000010681841263
1.0000010551776766
1.0000010396862107
1.0000010217472932
