1.0000000000476017
1.0000000000475242
1.0000000000473648
1.0000000000471245
1.0000000000468039
1.0000000000464047
1.0000000000459286
1.0000000000453770
1.0000000000447531
1.0000000000440579
1.0000000000432918
1.0000000000424571
1.0000000000415550
1.0000000000405875
1.0000000000395570
1.0000000000384670
1.0000000000373210
1.0000000000361235
1.0000000000348790
1.0000000000335914
1.0000000000322651
1.0000000000309028
1.0000000000295073
1.0000000000280820
1.0000000000266305
1.0000000000251572
1.0000000000236655
1.0000000000221585
1.0000000000206388
1.0000000000191109
1.0000000000175784
1.0000000000160452
1.0000000000145151
1.0000000000129916
1.0000000000114782
1.0000000000099787
1.0000000000084956
1.0000000000070326
1.0000000000055924
1.0000000000041775
1.0000000000027891
1.0000000000014297
1.0000000000001021
0.9999999999988087
0.9999999999975523
0.9999999999963356
0.9999999999951618
0.9999999999940332
0.9999999999929536
0.9999999999919259
0.9999999999909527
0.9999999999900365
0.9999999999891801
0.9999999999883843
0.9999999999876502
0.9999999999869781
0.9999999999863681
0.9999999999858217
0.9999999999853396
0.9999999999849222
0.9999999999845705
0.9999999999842849
0.9999999999840652
0.9999999999839111
0.9999999999838226
0.9999999999837985
0.9999999999838378
0.9999999999839390
0.9999999999841002
0.9999999999843198
0.9999999999845959
0.9999999999849272
0.9999999999853123
0.9999999999857490
0.9999999999862353
0.9999999999867689
0.9999999999873480
0.9999999999879705
0.9999999999886342
0.9999999999893365
0.9999999999900751
0.9999999999908474
0.9999999999916522
0.9999999999924868
0.9999999999933481
0.9999999999942328
0.9999999999951369
0.9999999999960559
0.9999999999969871
0.9999999999979274
0.9999999999988739
0.9999999999998244
1.0000000000007760
1.0000000000017271
1.0000000000026747
1.0000000000036164
1.0000000000045492
1.0000000000054696
1.0000000000063733
1.0000000000072580
1.0000000000081211
1.0000000000089602
1.0000000000097728
1.0000000000105562
1.0000000000113065
1.0000000000120211
1.0000000000126978
1.0000000000133347
1.0000000000139300
1.0000000000144835
1.0000000000149929
1.0000000000154561
1.0000000000158700
1.0000000000162335
1.0000000000165454
1.0000000000168030
1.0000000000170042
1.0000000000171476
1.0000000000172335
1.0000000000172631
1.0000000000172353
1.0000000000171512
1.0000000000170104
1.0000000000168128
1.0000000000165585
1.0000000000162474
1.0000000000158802
1.0000000000154563
1.0000000000149756
1.0000000000144385
1.0000000000138463
1.0000000000131997
1.0000000000124996
1.0000000000117470
1.0000000000109448
1.0000000000100941
1.0000000000091973
1.0000000000082558
1.0000000000072709
1.0000000000062443
1.0000000000051787
1.0000000000040761
1.0000000000029372
1.0000000000017653
1.0000000000005629
0.9999999999993328
0.9999999999980779
0.9999999999968016
0.9999999999955079
0.9999999999942011
0.9999999999928835
0.9999999999915579
0.9999999999902270
0.9999999999888933
0.9999999999875600
0.9999999999862305
0.9999999999849082
0.9999999999835972
0.9999999999823010
0.9999999999810223
0.9999999999797645
0.9999999999785312
0.9999999999773256
0.9999999999761505
0.9999999999750080
0.9999999999739000
0.9999999999728295
0.9999999999717999
0.9999999999708137
0.9999999999698749
0.9999999999689865
0.9999999999681485
0.9999999999673616
0.9999999999666275
0.9999999999659488
0.9999999999653286
0.9999999999647685
0.9999999999642697
0.9999999999638330
0.9999999999634616
0.9999999999631577
0.9999999999629234
0.9999999999627608
0.9999999999626710
0.9999999999626557
0.9999999999627157
0.9999999999628512
0.9999999999630598
0.9999999999633412
0.9999999999636948
0.9999999999641188
0.9999999999646122
0.9999999999651751
0.9999999999658080
0.9999999999665101
0.9999999999672813
0.9999999999681217
0.9999999999690309
0.9999999999700081
0.9999999999710517
0.9999999999721609
0.9999999999733340
0.9999999999745679
0.9999999999758595
0.9999999999772075
0.9999999999786087
0.9999999999800597
0.9999999999815579
0.9999999999831005
0.9999999999846861
0.9999999999863114
0.9999999999879738
0.9999999999896705
0.9999999999913983
0.9999999999931547
0.9999999999949359
0.9999999999967384
0.9999999999985583
1.0000000000003917
1.0000000000022347
1.0000000000040832
1.0000000000059346
1.0000000000077849
1.0000000000096305
1.0000000000114690
1.0000000000132960
1.0000000000151075
1.0000000000168994
1.0000000000186675
1.0000000000204090
1.0000000000221212
1.0000000000238007
1.0000000000254443
1.0000000000270488
1.0000000000286111
1.0000000000301277
1.0000000000315954
1.0000000000330125
1.0000000000343767
1.0000000000356857
1.0000000000369369
1.0000000000381279
1.0000000000392579
1.0000000000403244
1.0000000000413254
1.0000000000422591
1.0000000000431239
1.0000000000439182
1.0000000000446396
1.0000000000452871
1.0000000000458589
1.0000000000463516
1.0000000000467639
1.0000000000470948
1.0000000000473439
1.0000000000475116
1.0000000000475975
1.0000000000476017
1.0000000000475242
1.0000000000473648
1.0000000000471245
