1.0000027985093904
1.0000027640416609
1.0000027230388080
1.0000026755998741
1.0000026218392408
1.0000025618863584
1.0000024958854328
1.0000024239950827
1.0000023463879590
1.0000022632503311
1.0000021747816401
1.0000020811940251
1.0000019827118130
1.0000018795709824
1.0000017720186001
1.0000016603122297
1.0000015447193145
1.0000014255165386
1.0000013029891663
1.0000011774303601
1.0000010491404794
1.0000009184263623
1.0000007856005921
1.0000006509807489
1.0000005148886519
1.0000003776495885
1.0000002395915368
1.0000001010443840
0.9999999623391373
0.9999998238071324
0.9999996857792404
0.9999995485850787
0.9999994125522232
0.9999992780054247
0.9999991452658327
0.9999990146502284
0.9999988864702676
0.9999987610317361
0.9999986386338194
0.9999985195683867
0.9999984041192944
0.9999982925617097
0.9999981851614520
0.9999980821743575
0.9999979838456680
0.9999978904094461
0.9999978020880155
0.9999977190914300
0.9999976416169725
0.9999975698486845
0.9999975039569259
0.9999974440979701
0.9999973904136295
0.9999973430309179
0.9999973020617475
0.9999972676026614
0.9999972397346044
0.9999972185227310
0.9999972040162500
0.9999971962483082
0.9999971952359120
0.9999972009798864
0.9999972134648758
0.9999972326593808
0.9999972585158351
0.9999972909707195
0.9999973299447141
0.9999973753428901
0.9999974270549361
0.9999974849554237
0.9999975489041097
0.9999976187462716
0.9999976943130788
0.9999977754219982
0.9999978618772288
0.9999979534701728
0.9999980499799348
0.9999981511738514
0.9999982568080488
0.9999983666280269
0.9999984803692695
0.9999985977578771
0.9999987185112219
0.9999988423386248
0.9999989689420526
0.9999990980168320
0.9999992292523787
0.9999993623329411
0.9999994969383550
0.9999996327448109
0.9999997694256294
0.9999999066520443
1.0000000440939880
1.0000001814208841
1.0000003183024362
1.0000004544094196
1.0000005894144688
1.0000007229928620
1.0000008548232981
1.0000009845886664
1.0000011119768066
1.0000012366812536
1.0000013584019734
1.0000014768460814
1.0000015917285434
1.0000017027728572
1.0000018097117156
1.0000019122876465
1.0000020102536276
1.0000021033736808
1.0000021914234352
1.0000022741906647
1.0000023514757965
1.0000024230923907
1.0000024888675845
1.0000025486425086
1.0000026022726667
1.0000026496282830
1.0000026905946120
1.0000027250722150
1.0000027529771971
1.0000027742414095
1.0000027888126131
1.0000027966546043
1.0000027977473012
1.0000027920867933
1.0000027796853519
1.0000027605714024
1.0000027347894549
1.0000027023999996
1.0000026634793633
1.0000026181195285
1.0000025664279120
1.0000025085271100
1.0000024445546059
1.0000023746624407
1.0000022990168518
1.0000022177978745
1.0000021311989136
1.0000020394262796
1.0000019426986999
1.0000018412467930
1.0000017353125181
1.0000016251485966
1.0000015110179099
1.0000013931928717
1.0000012719547755
1.0000011475931221
1.0000010204049299
1.0000008906940223
1.0000007587703033
1.0000006249490159
1.0000004895499914
1.0000003528968826
1.0000002153163898
1.0000000771374806
0.9999999386906024
0.9999998003068929
0.9999996623173887
0.9999995250522351
0.9999993888398947
0.9999992540063635
0.9999991208743902
0.9999989897627071
0.9999988609852651
0.9999987348504830
0.9999986116605110
0.9999984917105077
0.9999983752879348
0.9999982626718693
0.9999981541323344
0.9999980499296546
0.9999979503138332
0.9999978555239522
0.9999977657876017
0.9999976813203360
0.9999976023251563
0.9999975289920264
0.9999974614974163
0.9999974000038802
0.9999973446596669
0.9999972955983670
0.9999972529385904
0.9999972167836833
0.9999971872214796
0.9999971643240891
0.9999971481477247
0.9999971387325673
0.9999971361026699
0.9999971402658977
0.9999971512139092
0.9999971689221756
0.9999971933500372
0.9999972244407996
0.9999972621218698
0.9999973063049281
0.9999973568861382
0.9999974137463942
0.9999974767516013
0.9999975457529988
0.9999976205875142
0.9999977010781512
0.9999977870344128
0.9999978782527538
0.9999979745170680
0.9999980755992030
0.9999981812595050
0.9999982912473899
0.9999984053019411
0.9999985231525303
0.9999986445194659
0.9999987691146589
0.9999988966423109
0.9999990267996196
0.9999991592775008
0.9999992937613276
0.9999994299316805
0.9999995674651092
0.9999997060349043
0.9999998453118775
0.9999999849651492
1.0000001246629366
1.0000002640733463
1.0000004028651657
1.0000005407086534
1.0000006772763257
1.0000008122437392
1.0000009452902654
1.0000010760998543
1.0000012043617903
1.0000013297714314
1.0000014520309399
1.0000015708499903
1.0000016859464642
1.0000017970471202
1.0000019038882486
1.0000020062162986
1.0000021037884852
1.0000021963733676
1.0000022837514031
1.0000023657154697
1.0000024420713598
1.0000025126382435
1.0000025772491004
1.0000026357511156
1.0000026880060460
1.0000027338905502
1.0000027732964800
1.0000028061311412
1.0000028323175116
1.0000028517944266
1.0000028645167220
1.0000028704553421
1.0000028695974095
1.0000028619462538
1.0000028475214020
1.0000028263585328
1.0000027985093904
1.0000027640416609
1.0000027230388080
1.0000026755998741
