1.0018391439781391
1.0018159112211591
1.0017883523508846
1.0017565327641951
1.0017205279623100
1.0016804233763528
1.0016363141698514
1.0015883050185859
1.0015365098682363
1.0014810516703396
1.0014220620971064
1.0013596812356962
1.0012940572625995
1.0012253460988143
1.0011537110465545
1.0010793224082666
1.0010023570887798
1.0009229981814505
1.0008414345392060
1.0007578603314251
1.0006724745876392
1.0005854807290728
1.0004970860890676
1.0004075014234748
1.0003169404121268
1.0002256191525276
1.0001337556469343
1.0000415692840119
0.9999492803162807
0.9998571093345844
0.9997652767408212
0.9996740022201979
0.9995835042142832
0.9994939993961259
0.9994057021487218
0.9993188240481147
0.9992335733524019
0.9991501544979180
0.9990687676038589
0.9989896079865925
0.9989128656848891
0.9988387249972804
0.9987673640327329
0.9986989542757972
0.9986336601673577
0.9985716387020744
0.9985130390435754
0.9984580021584043
0.9984066604697004
0.9983591375315215
0.9983155477246820
0.9982759959749166
0.9982405774941250
0.9982093775453971
0.9981824712324490
0.9981599233140445
0.9981417880438962
0.9981281090364896
0.9981189191591935
0.9981142404509480
0.9981140840677554
0.9981184502551176
0.9981273283475008
0.9981406967948248
0.9981585232159068
0.9981807644787165
0.9982073668072138
0.9982382659144932
0.9982733871618560
0.9983126457433903
0.9983559468955525
0.9984031861311874
0.9984542494973514
0.9985090138562495
0.9985673471885260
0.9986291089181053
0.9986941502577095
0.9987623145741459
0.9988334377723879
0.9989073486974467
0.9989838695529782
0.9990628163355352
0.9991439992833390
0.9992272233384134
0.9993122886208937
0.9993989909143008
0.9994871221605531
0.9995764709634659
0.9996668230994791
0.9997579620343414
0.9998496694444748
0.9999417257417370
1.0000339106003000
1.0001260034843775
1.0002177841755227
1.0003090332982394
1.0003995328426625
1.0004890666830717
1.0005774210910323
1.0006643852419643
1.0007497517139778
1.0008333169778323
1.0009148818769018
1.0009942520960706
1.0010712386184979
1.0011456581692419
1.0012173336447627
1.0012860945273550
1.0013517772836076
1.0014142257460281
1.0014732914770026
1.0015288341143183
1.0015807216975035
1.0016288309743016
1.0016730476866225
1.0017132668353748
1.0017493929236245
1.0017813401775739
1.0018090327448996
1.0018324048700424
1.0018514010460824
1.0018659761428919
1.0018760955113009
1.0018817350630618
1.0018828813264480
1.0018795314773743
1.0018716933459748
1.0018593853986264
1.0018426366954549
1.0018214868234050
1.0017959858050163
1.0017661939830931
1.0017321818814982
1.0016940300423631
1.0016518288400471
1.0016056782722271
1.0015556877285554
1.0015019757373644
1.0014446696909471
1.0013839055499907
1.0013198275277828
1.0012525877548608
1.0011823459248175
1.0011092689220216
1.0010335304320492
1.0009553105356768
1.0008747952873094
1.0007921762787773
1.0007076501894530
1.0006214183236948
1.0005336861366434
1.0004446627494439
1.0003545604549871
1.0002635942152962
1.0001719811517178
1.0000799400290912
0.9999876907351012
0.9998954537560333
0.9998034496501731
0.9997118985200990
0.9996210194851364
0.9995310301552464
0.9994421461076257
0.9993545803672972
0.9992685428929747
0.9991842400694759
0.9991018742079461
0.9990216430551536
0.9989437393130950
0.9988683501701302
0.9987956568448482
0.9987258341438349
0.9986590500344873
0.9985954652339857
0.9985352328154955
0.9984784978326329
0.9984253969631862
0.9983760581730373
0.9983306004011697
0.9982891332666105
0.9982517567980899
0.9982185611871437
0.9981896265653242
0.9981650228061205
0.9981448093521273
0.9981290350679304
0.9981177381191049
0.9981109458776624
0.9981086748541995
0.9981109306569348
0.9981177079777451
0.9981289906052420
0.9981447514648495
0.9981649526857759
0.9981895456946953
0.9982184713358853
0.9982516600174894
0.9982890318835138
0.9983304970110849
0.9983759556324381
0.9984252983810328
0.9984784065611362
0.9985351524401479
0.9985953995628821
0.9986590030869723
0.9987258101385027
0.9987956601869252
0.9988683854382751
0.9989438112456512
0.9990217565358916
0.9991020342513305
0.9991844518054991
0.9992688115515935
0.9993549112625147
0.9994425446212580
0.9995315017204154
0.9996215695695345
0.9997125326090656
0.9998041732296233
0.9998962722952862
0.9999886096696484
1.0000809647433515
1.0001731169618160
1.0002648463519144
1.0003559340463284
1.0004461628043506
1.0005353175279112
1.0006231857716252
1.0007095582456800
1.0007942293104126
1.0008769974614424
1.0009576658042674
1.0010360425172498
1.0011119413019633
1.0011851818198985
1.0012555901145659
1.0013229990180708
1.0013872485412754
1.0014481862467060
1.0015056676033987
1.0015595563229314
1.0016097246759235
1.0016560537883341
1.0016984339169310
1.0017367647033613
1.0017709554062830
1.0018009251110851
1.0018266029167540
1.0018479280995052
1.0018648502528384
1.0018773294037331
1.0018853361047444
1.0018888515018076
1.0018878673776217
1.0018823861705128
1.0018724209687475
1.0018579954802991
1.0018391439781391
1.0018159112211591
1.0017883523508846
1.0017565327641951
