1.0000000000063411
1.0000000000063660
1.0000000000063820
1.0000000000063887
1.0000000000063853
1.0000000000063733
1.0000000000063525
1.0000000000063227
1.0000000000062843
1.0000000000062372
1.0000000000061824
1.0000000000061204
1.0000000000060520
1.0000000000059781
1.0000000000058988
1.0000000000058138
1.0000000000057228
1.0000000000056262
1.0000000000055242
1.0000000000054174
1.0000000000053049
1.0000000000051876
1.0000000000050662
1.0000000000049409
1.0000000000048108
1.0000000000046754
1.0000000000045350
1.0000000000043914
1.0000000000042455
1.0000000000040985
1.0000000000039517
1.0000000000038063
1.0000000000036624
1.0000000000035207
1.0000000000033813
1.0000000000032434
1.0000000000031064
1.0000000000029710
1.0000000000028373
1.0000000000027041
1.0000000000025724
1.0000000000024423
1.0000000000023139
1.0000000000021878
1.0000000000020643
1.0000000000019447
1.0000000000018299
1.0000000000017202
1.0000000000016154
1.0000000000015159
1.0000000000014224
1.0000000000013343
1.0000000000012506
1.0000000000011713
1.0000000000010956
1.0000000000010234
1.0000000000009543
1.0000000000008891
1.0000000000008282
1.0000000000007720
1.0000000000007205
1.0000000000006741
1.0000000000006328
1.0000000000005964
1.0000000000005653
1.0000000000005387
1.0000000000005160
1.0000000000004974
1.0000000000004821
1.0000000000004701
1.0000000000004614
1.0000000000004550
1.0000000000004510
1.0000000000004499
1.0000000000004514
1.0000000000004554
1.0000000000004610
1.0000000000004681
1.0000000000004761
1.0000000000004838
1.0000000000004916
1.0000000000004987
1.0000000000005067
1.0000000000005163
1.0000000000005282
1.0000000000005429
1.0000000000005602
1.0000000000005798
1.0000000000006006
1.0000000000006213
1.0000000000006415
1.0000000000006604
1.0000000000006772
1.0000000000006923
1.0000000000007057
1.0000000000007170
1.0000000000007272
1.0000000000007370
1.0000000000007463
1.0000000000007550
1.0000000000007621
1.0000000000007669
1.0000000000007698
1.0000000000007712
1.0000000000007716
1.0000000000007716
1.0000000000007707
1.0000000000007687
1.0000000000007656
1.0000000000007621
1.0000000000007587
1.0000000000007556
1.0000000000007523
1.0000000000007481
1.0000000000007421
1.0000000000007325
1.0000000000007194
1.0000000000007030
1.0000000000006841
1.0000000000006635
1.0000000000006402
1.0000000000006155
1.0000000000005893
1.0000000000005620
1.0000000000005331
1.0000000000005040
1.0000000000004758
1.0000000000004492
1.0000000000004230
1.0000000000003963
1.0000000000003688
1.0000000000003391
1.0000000000003062
1.0000000000002705
1.0000000000002331
1.0000000000001952
1.0000000000001574
1.0000000000001197
1.0000000000000813
1.0000000000000424
1.0000000000000027
0.9999999999999618
0.9999999999999200
0.9999999999998787
0.9999999999998375
0.9999999999997963
0.9999999999997550
0.9999999999997139
0.9999999999996739
0.9999999999996351
0.9999999999995964
0.9999999999995576
0.9999999999995185
0.9999999999994799
0.9999999999994424
0.9999999999994061
0.9999999999993707
0.9999999999993352
0.9999999999992981
0.9999999999992590
0.9999999999992175
0.9999999999991729
0.9999999999991249
0.9999999999990746
0.9999999999990229
0.9999999999989695
0.9999999999989152
0.9999999999988607
0.9999999999988067
0.9999999999987544
0.9999999999987029
0.9999999999986532
0.9999999999986050
0.9999999999985592
0.9999999999985155
0.9999999999984746
0.9999999999984361
0.9999999999983999
0.9999999999983664
0.9999999999983353
0.9999999999983072
0.9999999999982823
0.9999999999982606
0.9999999999982415
0.9999999999982240
0.9999999999982079
0.9999999999981941
0.9999999999981835
0.9999999999981771
0.9999999999981753
0.9999999999981775
0.9999999999981829
0.9999999999981909
0.9999999999982015
0.9999999999982162
0.9999999999982357
0.9999999999982612
0.9999999999982934
0.9999999999983320
0.9999999999983773
0.9999999999984280
0.9999999999984835
0.9999999999985436
0.9999999999986086
0.9999999999986781
0.9999999999987522
0.9999999999988324
0.9999999999989183
0.9999999999990109
0.9999999999991108
0.9999999999992186
0.9999999999993340
0.9999999999994564
0.9999999999995856
0.9999999999997210
0.9999999999998622
1.0000000000000091
1.0000000000001612
1.0000000000003182
1.0000000000004798
1.0000000000006461
1.0000000000008169
1.0000000000009923
1.0000000000011715
1.0000000000013527
1.0000000000015348
1.0000000000017184
1.0000000000019045
1.0000000000020934
1.0000000000022846
1.0000000000024767
1.0000000000026692
1.0000000000028617
1.0000000000030542
1.0000000000032470
1.0000000000034388
1.0000000000036291
1.0000000000038172
1.0000000000040030
1.0000000000041878
1.0000000000043707
1.0000000000045512
1.0000000000047291
1.0000000000049027
1.0000000000050702
1.0000000000052309
1.0000000000053832
1.0000000000055258
1.0000000000056573
1.0000000000057774
1.0000000000058857
1.0000000000059828
1.0000000000060689
1.0000000000061442
1.0000000000062086
1.0000000000062623
1.0000000000063065
1.0000000000063411
1.0000000000063660
1.0000000000063820
1.0000000000063887
