1.0000315761119076
1.0000311805431692
1.0000307108194924
1.0000301680689128
1.0000295535937780
1.0000288688676333
1.0000281155316972
1.0000272953909375
1.0000264104097569
1.0000254627072984
1.0000244545523802
1.0000233883580725
1.0000222666759278
1.0000210921898851
1.0000198677098542
1.0000185961649997
1.0000172805967404
1.0000159241514806
1.0000145300730903
1.0000131016951526
1.0000116424329979
1.0000101557755390
1.0000086452769352
1.0000071145480975
1.0000055672480568
1.0000040070752194
1.0000024377585266
1.0000008630485433
0.9999992867084936
0.9999977125052668
0.9999961442004139
0.9999945855411545
0.9999930402514207
0.9999915120229558
0.9999900045064916
0.9999885213030192
0.9999870659551831
0.9999856419388125
0.9999842526546139
0.9999829014200409
0.9999815914613639
0.9999803259059580
0.9999791077748271
0.9999779399753836
0.9999768252944979
0.9999757663918367
0.9999747657935074
0.9999738258860181
0.9999729489105739
0.9999721369577207
0.9999713919623493
0.9999707156990713
0.9999701097779797
0.9999695756408008
0.9999691145574502
0.9999687276229987
0.9999684157550590
0.9999681796915955
0.9999680199891636
0.9999679370215827
0.9999679309790475
0.9999680018676773
0.9999681495095056
0.9999683735429110
0.9999686734234881
0.9999690484253552
0.9999694976428961
0.9999700199929299
0.9999706142173078
0.9999712788859279
0.9999720124001621
0.9999728129966859
0.9999736787517016
0.9999746075855427
0.9999755972676565
0.9999766454219425
0.9999777495324409
0.9999789069493554
0.9999801148953968
0.9999813704724295
0.9999826706684085
0.9999840123645900
0.9999853923429955
0.9999868072941108
0.9999882538248063
0.9999897284664576
0.9999912276832436
0.9999927478806063
0.9999942854138529
0.9999958365968735
0.9999973977109606
0.9999989650137056
1.0000005347479519
1.0000021031507822
1.0000036664625198
1.0000052209357226
1.0000067628441467
1.0000082884916581
1.0000097942210748
1.0000112764229128
1.0000127315440164
1.0000141560960580
1.0000155466638827
1.0000168999136723
1.0000182126009207
1.0000194815781918
1.0000207038026465
1.0000218763433204
1.0000229963881320
1.0000240612506088
1.0000250683763117
1.0000260153489433
1.0000268998961266
1.0000277198948377
1.0000284733764844
1.0000291585316159
1.0000297737142514
1.0000303174458154
1.0000307884186774
1.0000311854992794
1.0000315077308470
1.0000317543356831
1.0000319247170286
1.0000320184604921
1.0000320353350434
1.0000319752935720
1.0000318384730016
1.0000316251939687
1.0000313359600594
1.0000309714566091
1.0000305325490693
1.0000300202809447
1.0000294358713033
1.0000287807118664
1.0000280563636870
1.0000272645534225
1.0000264071692144
1.0000254862561797
1.0000245040115261
1.0000234627793034
1.0000223650448077
1.0000212134286430
1.0000200106804635
1.0000187596724055
1.0000174633922259
1.0000161249361634
1.0000147475015422
1.0000133343791324
1.0000118889452869
1.0000104146538742
1.0000089150280247
1.0000073936517095
1.0000058541611776
1.0000043002362662
1.0000027355916041
1.0000011639677335
0.9999995891221686
0.9999980148204132
0.9999964448269610
0.9999948828962932
0.9999933327639037
0.9999917981373692
0.9999902826874838
0.9999887900394812
0.9999873237643675
0.9999858873703815
0.9999844842946038
0.9999831178947360
0.9999817914410711
0.9999805081086723
0.9999792709697783
0.9999780829864539
0.9999769470035046
0.9999758657416707
0.9999748417911167
0.9999738776052350
0.9999729754947754
0.9999721376223148
0.9999713659970830
0.9999706624701525
0.9999700287300085
0.9999694662985052
0.9999689765272226
0.9999685605942300
0.9999682195012649
0.9999679540713297
0.9999677649467217
0.9999676525874903
0.9999676172703346
0.9999676590879345
0.9999677779487253
0.9999679735771095
0.9999682455141123
0.9999685931184742
0.9999690155681793
0.9999695118624168
0.9999700808239680
0.9999707211020172
0.9999714311753762
0.9999722093561187
0.9999730537936098
0.9999739624789272
0.9999749332496592
0.9999759637950708
0.9999770516616229
0.9999781942588338
0.9999793888654711
0.9999806326360514
0.9999819226076375
0.9999832557069188
0.9999846287575531
0.9999860384877552
0.9999874815381165
0.9999889544696277
0.9999904537718959
0.9999919758715319
0.9999935171406881
0.9999950739057260
0.9999966424559910
0.9999982190526768
0.9999997999377566
1.0000013813429611
1.0000029594987785
1.0000045306434582
1.0000060910319968
1.0000076369450841
1.0000091646979858
1.0000106706493452
1.0000121512098796
1.0000136028509525
1.0000150221129991
1.0000164056137875
1.0000177500564960
1.0000190522375851
1.0000203090544473
1.0000215175128153
1.0000226747339114
1.0000237779613195
1.0000248245675638
1.0000258120603831
1.0000267380886794
1.0000276004481297
1.0000283970864485
1.0000291261082850
1.0000297857797462
1.0000303745325334
1.0000308909676840
1.0000313338589102
1.0000317021555214
1.0000319949849312
1.0000322116547367
1.0000323516543690
1.0000324146563075
1.0000324005168579
1.0000323092764911
1.0000321411597444
1.0000318965746799
1.0000315761119076
1.0000311805431692
1.0000307108194924
1.0000301680689128
