1.0000000000010132
1.0000000000010134
1.0000000000010061
1.0000000000009917
1.0000000000009710
1.0000000000009461
1.0000000000009182
1.0000000000008868
1.0000000000008531
1.0000000000008173
1.0000000000007805
1.0000000000007425
1.0000000000007028
1.0000000000006615
1.0000000000006195
1.0000000000005769
1.0000000000005353
1.0000000000004940
1.0000000000004527
1.0000000000004123
1.0000000000003730
1.0000000000003337
1.0000000000002944
1.0000000000002565
1.0000000000002207
1.0000000000001872
1.0000000000001568
1.0000000000001297
1.0000000000001055
1.0000000000000830
1.0000000000000628
1.0000000000000435
1.0000000000000244
1.0000000000000060
0.9999999999999890
0.9999999999999745
0.9999999999999624
0.9999999999999523
0.9999999999999434
0.9999999999999364
0.9999999999999325
0.9999999999999328
0.9999999999999369
0.9999999999999426
0.9999999999999482
0.9999999999999534
0.9999999999999575
0.9999999999999613
0.9999999999999666
0.9999999999999737
0.9999999999999835
0.9999999999999960
1.0000000000000113
1.0000000000000298
1.0000000000000506
1.0000000000000733
1.0000000000000973
1.0000000000001221
1.0000000000001465
1.0000000000001692
1.0000000000001896
1.0000000000002076
1.0000000000002234
1.0000000000002367
1.0000000000002478
1.0000000000002567
1.0000000000002640
1.0000000000002705
1.0000000000002764
1.0000000000002816
1.0000000000002860
1.0000000000002895
1.0000000000002931
1.0000000000002969
1.0000000000003018
1.0000000000003080
1.0000000000003151
1.0000000000003235
1.0000000000003326
1.0000000000003417
1.0000000000003493
1.0000000000003553
1.0000000000003597
1.0000000000003619
1.0000000000003622
1.0000000000003599
1.0000000000003544
1.0000000000003457
1.0000000000003328
1.0000000000003162
1.0000000000002973
1.0000000000002767
1.0000000000002565
1.0000000000002374
1.0000000000002185
1.0000000000001992
1.0000000000001783
1.0000000000001565
1.0000000000001348
1.0000000000001130
1.0000000000000910
1.0000000000000695
1.0000000000000497
1.0000000000000320
1.0000000000000155
0.9999999999999999
0.9999999999999838
0.9999999999999658
0.9999999999999456
0.9999999999999242
0.9999999999999014
0.9999999999998770
0.9999999999998517
0.9999999999998259
0.9999999999998009
0.9999999999997762
0.9999999999997511
0.9999999999997253
0.9999999999996998
0.9999999999996749
0.9999999999996517
0.9999999999996310
0.9999999999996131
0.9999999999995981
0.9999999999995862
0.9999999999995772
0.9999999999995703
0.9999999999995648
0.9999999999995597
0.9999999999995554
0.9999999999995525
0.9999999999995515
0.9999999999995524
0.9999999999995562
0.9999999999995640
0.9999999999995756
0.9999999999995893
0.9999999999996045
0.9999999999996211
0.9999999999996390
0.9999999999996572
0.9999999999996754
0.9999999999996931
0.9999999999997109
0.9999999999997293
0.9999999999997481
0.9999999999997669
0.9999999999997854
0.9999999999998042
0.9999999999998220
0.9999999999998384
0.9999999999998530
0.9999999999998667
0.9999999999998794
0.9999999999998911
0.9999999999999019
0.9999999999999122
0.9999999999999235
0.9999999999999369
0.9999999999999516
0.9999999999999666
0.9999999999999822
0.9999999999999982
1.0000000000000155
1.0000000000000342
1.0000000000000535
1.0000000000000728
1.0000000000000926
1.0000000000001124
1.0000000000001306
1.0000000000001463
1.0000000000001592
1.0000000000001694
1.0000000000001774
1.0000000000001832
1.0000000000001872
1.0000000000001903
1.0000000000001930
1.0000000000001956
1.0000000000001974
1.0000000000001978
1.0000000000001963
1.0000000000001930
1.0000000000001867
1.0000000000001783
1.0000000000001683
1.0000000000001574
1.0000000000001457
1.0000000000001337
1.0000000000001219
1.0000000000001110
1.0000000000001010
1.0000000000000921
1.0000000000000844
1.0000000000000773
1.0000000000000695
1.0000000000000604
1.0000000000000500
1.0000000000000382
1.0000000000000258
1.0000000000000124
0.9999999999999972
0.9999999999999812
0.9999999999999651
0.9999999999999492
0.9999999999999337
0.9999999999999195
0.9999999999999066
0.9999999999998943
0.9999999999998832
0.9999999999998735
0.9999999999998648
0.9999999999998573
0.9999999999998515
0.9999999999998466
0.9999999999998439
0.9999999999998448
0.9999999999998496
0.9999999999998581
0.9999999999998697
0.9999999999998835
0.9999999999998992
0.9999999999999171
0.9999999999999374
0.9999999999999593
0.9999999999999830
1.0000000000000078
1.0000000000000324
1.0000000000000564
1.0000000000000808
1.0000000000001070
1.0000000000001357
1.0000000000001670
1.0000000000002007
1.0000000000002358
1.0000000000002713
1.0000000000003064
1.0000000000003413
1.0000000000003766
1.0000000000004132
1.0000000000004512
1.0000000000004907
1.0000000000005305
1.0000000000005704
1.0000000000006106
1.0000000000006515
1.0000000000006928
1.0000000000007341
1.0000000000007749
1.0000000000008145
1.0000000000008520
1.0000000000008873
1.0000000000009195
1.0000000000009481
1.0000000000009726
1.0000000000009923
1.0000000000010063
1.0000000000010132
1.0000000000010134
1.0000000000010061
1.0000000000009917
