1.0000000163921268
1.0000000162160203
1.0000000160032623
1.0000000157543918
1.0000000154700321
1.0000000151508912
1.0000000147977572
1.0000000144114984
1.0000000139930600
1.0000000135434637
1.0000000130638056
1.0000000125552526
1.0000000120190373
1.0000000114564576
1.0000000108688736
1.0000000102577027
1.0000000096244182
1.0000000089705443
1.0000000082976532
1.0000000076073619
1.0000000069013280
1.0000000061812446
1.0000000054488367
1.0000000047058564
1.0000000039540797
1.0000000031953016
1.0000000024313329
1.0000000016639958
1.0000000008951204
1.0000000001265386
0.9999999993600782
0.9999999985975624
0.9999999978408035
0.9999999970915980
0.9999999963517240
0.9999999956229343
0.9999999949069545
0.9999999942054766
0.9999999935201573
0.9999999928526145
0.9999999922044215
0.9999999915771046
0.9999999909721412
0.9999999903909519
0.9999999898348984
0.9999999893052812
0.9999999888033360
0.9999999883302311
0.9999999878870657
0.9999999874748662
0.9999999870945832
0.9999999867470892
0.9999999864331778
0.9999999861535610
0.9999999859088677
0.9999999856996421
0.9999999855263437
0.9999999853893428
0.9999999852889226
0.9999999852252789
0.9999999851985186
0.9999999852086592
0.9999999852556283
0.9999999853392660
0.9999999854593237
0.9999999856154635
0.9999999858072602
0.9999999860342037
0.9999999862956996
0.9999999865910696
0.9999999869195549
0.9999999872803157
0.9999999876724349
0.9999999880949201
0.9999999885467052
0.9999999890266530
0.9999999895335586
0.9999999900661550
0.9999999906231112
0.9999999912030368
0.9999999918044862
0.9999999924259625
0.9999999930659211
0.9999999937227738
0.9999999943948916
0.9999999950806074
0.9999999957782210
0.9999999964860043
0.9999999972022070
0.9999999979250580
0.9999999986527701
0.9999999993835438
1.0000000001155722
1.0000000008470458
1.0000000015761568
1.0000000023011029
1.0000000030200917
1.0000000037313468
1.0000000044331101
1.0000000051236466
1.0000000058012486
1.0000000064642394
1.0000000071109767
1.0000000077398574
1.0000000083493215
1.0000000089378571
1.0000000095040027
1.0000000100463504
1.0000000105635505
1.0000000110543148
1.0000000115174197
1.0000000119517078
1.0000000123560913
1.0000000127295545
1.0000000130711550
1.0000000133800260
1.0000000136553815
1.0000000138965164
1.0000000141028098
1.0000000142737255
1.0000000144088113
1.0000000145077028
1.0000000145701236
1.0000000145958854
1.0000000145848886
1.0000000145371215
1.0000000144526611
1.0000000143316738
1.0000000141744141
1.0000000139812248
1.0000000137525364
1.0000000134888649
1.0000000131908116
1.0000000128590598
1.0000000124943746
1.0000000120976009
1.0000000116696628
1.0000000112115601
1.0000000107243667
1.0000000102092275
1.0000000096673554
1.0000000091000281
1.0000000085085861
1.0000000078944287
1.0000000072590101
1.0000000066038381
1.0000000059304692
1.0000000052405043
1.0000000045355868
1.0000000038173975
1.0000000030876490
1.0000000023480817
1.0000000016004613
1.0000000008465746
1.0000000000882241
0.9999999993272244
0.9999999985653988
0.9999999978045744
0.9999999970465785
0.9999999962932324
0.9999999955463466
0.9999999948077184
0.9999999940791268
0.9999999933623283
0.9999999926590527
0.9999999919709976
0.9999999912998254
0.9999999906471609
0.9999999900145847
0.9999999894036318
0.9999999888157867
0.9999999882524808
0.9999999877150885
0.9999999872049239
0.9999999867232360
0.9999999862712061
0.9999999858499471
0.9999999854604981
0.9999999851038247
0.9999999847808159
0.9999999844922809
0.9999999842389472
0.9999999840214588
0.9999999838403755
0.9999999836961712
0.9999999835892321
0.9999999835198571
0.9999999834882553
0.9999999834945474
0.9999999835387651
0.9999999836208491
0.9999999837406514
0.9999999838979342
0.9999999840923716
0.9999999843235483
0.9999999845909635
0.9999999848940305
0.9999999852320784
0.9999999856043527
0.9999999860100171
0.9999999864481562
0.9999999869177782
0.9999999874178154
0.9999999879471276
0.9999999885045060
0.9999999890886755
0.9999999896982973
0.9999999903319718
0.9999999909882411
0.9999999916655943
0.9999999923624709
0.9999999930772646
0.9999999938083269
0.9999999945539710
0.9999999953124746
0.9999999960820845
0.9999999968610206
0.9999999976474812
0.9999999984396464
0.9999999992356825
1.0000000000337466
1.0000000008319905
1.0000000016285651
1.0000000024216260
1.0000000032093364
1.0000000039898722
1.0000000047614261
1.0000000055222114
1.0000000062704659
1.0000000070044595
1.0000000077224946
1.0000000084229119
1.0000000091040935
1.0000000097644675
1.0000000104025111
1.0000000110167537
1.0000000116057797
1.0000000121682329
1.0000000127028199
1.0000000132083140
1.0000000136835576
1.0000000141274652
1.0000000145390242
1.0000000149172992
1.0000000152614346
1.0000000155706550
1.0000000158442681
1.0000000160816656
1.0000000162823233
1.0000000164458043
1.0000000165717589
1.0000000166599268
1.0000000167101373
1.0000000167223093
1.0000000166964520
1.0000000166326630
1.0000000165311294
1.0000000163921268
1.0000000162160203
1.0000000160032623
1.0000000157543918
