1.0000035306637076
1.0000034870797212
1.0000034352446687
1.0000033752836610
1.0000033073411816
1.0000032315807410
1.0000031481844851
1.0000030573527594
1.0000029593036310
1.0000028542723634
1.0000027425108555
1.0000026242870372
1.0000024998842296
1.0000023696004674
1.0000022337477854
1.0000020926514741
1.0000019466493026
1.0000017960907088
1.0000016413359654
1.0000014827553161
1.0000013207280916
1.0000011556418031
1.0000009878912168
1.0000008178774082
1.0000006460068049
1.0000004726902152
1.0000002983418455
1.0000001233783100
0.9999999482176355
0.9999997732782622
0.9999995989780428
0.9999994257332446
0.9999992539575541
0.9999990840610891
0.9999989164494179
0.9999987515225904
0.9999985896741829
0.9999984312903573
0.9999982767489377
0.9999981264185075
0.9999979806575289
0.9999978398134880
0.9999977042220639
0.9999975742063283
0.9999974500759728
0.9999973321265671
0.9999972206388560
0.9999971158780888
0.9999970180933856
0.9999969275171403
0.9999968443644657
0.9999967688326824
0.9999967011008482
0.9999966413293311
0.9999965896594254
0.9999965462130151
0.9999965110922837
0.9999964843794715
0.9999964661366805
0.9999964564057254
0.9999964552080370
0.9999964625446101
0.9999964783960015
0.9999965027223787
0.9999965354636162
0.9999965765394406
0.9999966258496242
0.9999966832742260
0.9999967486738784
0.9999968218901227
0.9999969027457886
0.9999969910454186
0.9999970865757374
0.9999971891061629
0.9999972983893584
0.9999974141618262
0.9999975361445366
0.9999976640435968
0.9999977975509552
0.9999979363451400
0.9999980800920288
0.9999982284456502
0.9999983810490110
0.9999985375349504
0.9999986975270191
0.9999988606403809
0.9999990264827329
0.9999991946552460
0.9999993647535191
0.9999995363685477
0.9999997090877027
0.9999998824957190
1.0000000561756888
1.0000002297100601
1.0000004026816376
1.0000005746745779
1.0000007452753892
1.0000009140739179
1.0000010806643316
1.0000012446460895
1.0000014056249014
1.0000015632136707
1.0000017170334252
1.0000018667142203
1.0000020118960264
1.0000021522295908
1.0000022873772740
1.0000024170138571
1.0000025408273201
1.0000026585195909
1.0000027698072567
1.0000028744222433
1.0000029721124581
1.0000030626423921
1.0000031457936855
1.0000032213656513
1.0000032891757573
1.0000033490600606
1.0000034008736025
1.0000034444907553
1.0000034798055231
1.0000035067317967
1.0000035252035604
1.0000035351750496
1.0000035366208606
1.0000035295360163
1.0000035139359758
1.0000034898565986
1.0000034573540619
1.0000034165047256
1.0000033674049507
1.0000033101708694
1.0000032449381080
1.0000031718614639
1.0000030911145372
1.0000030028893145
1.0000029073957124
1.0000028048610741
1.0000026955296286
1.0000025796619072
1.0000024575341209
1.0000023294375013
1.0000021956776040
1.0000020565735774
1.0000019124574020
1.0000017636730982
1.0000016105759029
1.0000014535314199
1.0000012929147459
1.0000011291095754
1.0000009625072837
1.0000007935059922
1.0000006225096150
1.0000004499268942
1.0000002761704228
1.0000001016556586
0.9999999267999296
0.9999997520214380
0.9999995777382618
0.9999994043673540
0.9999992323235438
0.9999990620185473
0.9999988938599822
0.9999987282503927
0.9999985655862872
0.9999984062571897
0.9999982506447079
0.9999980991216216
0.9999979520509911
0.9999978097852881
0.9999976726655523
0.9999975410205761
0.9999974151661185
0.9999972954041484
0.9999971820221228
0.9999970752922994
0.9999969754710847
0.9999968827984211
0.9999967974972110
0.9999967197727838
0.9999966498124048
0.9999965877848265
0.9999965338398847
0.9999964881081385
0.9999964507005559
0.9999964217082495
0.9999964012022565
0.9999963892333692
0.9999963858320108
0.9999963910081618
0.9999964047513353
0.9999964270306013
0.9999964577946593
0.9999964969719614
0.9999965444708806
0.9999966001799308
0.9999966639680291
0.9999967356848080
0.9999968151609741
0.9999969022087121
0.9999969966221318
0.9999970981777589
0.9999972066350700
0.9999973217370643
0.9999974432108785
0.9999975707684363
0.9999977041071357
0.9999978429105714
0.9999979868492886
0.9999981355815691
0.9999982887542476
0.9999984460035527
0.9999986069559783
0.9999987712291734
0.9999989384328548
0.9999991081697382
0.9999992800364873
0.9999994536246758
0.9999996285217629
0.9999998043120786
0.9999999805778136
1.0000001569000174
1.0000003328595997
1.0000005080383298
1.0000006820198362
1.0000008543905985
1.0000010247409363
1.0000011926659857
1.0000013577666655
1.0000015196506316
1.0000016779332099
1.0000018322383157
1.0000019821993520
1.0000021274600841
1.0000022676754909
1.0000024025125893
1.0000025316512262
1.0000026547848464
1.0000027716212201
1.0000028818831399
1.0000029853090839
1.0000030816538386
1.0000031706890831
1.0000032522039364
1.0000033260054579
1.0000033919191107
1.0000034497891752
1.0000034994791185
1.0000035408719221
1.0000035738703594
1.0000035983972273
1.0000036143955304
1.0000036218286159
1.0000036206802598
1.0000036109547046
1.0000035926766488
1.0000035658911883
1.0000035306637076
1.0000034870797212
1.0000034352446687
1.0000033752836610
