1.0574738366804062
1.0567927527289884
1.0559841774465060
1.0550495680077450
1.0539906153879128
1.0528092443150823
1.0515076131642893
1.0500881137727363
1.0485533711528738
1.0469062430774201
1.0451498195076465
1.0432874218334605
1.0413226018910400
1.0392591407209730
1.0371010470270998
1.0348525552935182
1.0325181235145868
1.0301024304902311
1.0276103726365020
1.0250470602591955
1.0224178132364625
1.0197281560548115
1.0169838121417700
1.0141906974378461
1.0113549131503494
1.0084827376322398
1.0055806173305097
1.0026551567508168
0.9997131073882233
0.9967613555780868
0.9938069092264785
0.9908568833860253
0.9879184846508852
0.9849989943537171
0.9821057505580097
0.9792461288510105
0.9764275219557341
0.9736573181950305
0.9709428788564025
0.9682915145230143
0.9657104604539298
0.9632068511148689
0.9607876939793492
0.9584598427386640
0.9562299700774138
0.9541045401887793
0.9520897812200446
0.9501916578535200
0.9484158442405878
0.9467676975166198
0.9452522321315783
0.9438740952348371
0.9426375433528305
0.9415464205942948
0.9406041386099900
0.9398136585217601
0.9391774750197490
0.9386976028066334
0.9383755655441841
0.9382123874307235
0.9382085875085929
0.9383641767691815
0.9386786580900444
0.9391510290048721
0.9397797872732822
0.9405629391843390
0.9414980104960567
0.9425820598835888
0.9438116947419217
0.9451830891651914
0.9466920039046268
0.9483338080908821
0.9501035024943293
0.9519957440888103
0.9540048716803256
0.9561249323620419
0.9583497085605602
0.9606727454453178
0.9630873784828891
0.9655867609304254
0.9681638910770345
0.9708116390581426
0.9735227730853332
0.9762899849523657
0.9791059146966807
0.9819631743142755
0.9848543704441041
0.9877721259557861
0.9907091003912123
0.9936580092263780
0.9966116419343509
0.9995628788435644
1.0025047067975665
1.0054302336329282
1.0083327015012147
1.0112054990688042
1.0140421726349156
1.0168364362135849
1.0195821806295686
1.0222734816813370
1.0249046074265744
1.0274700246469743
1.0299644045497536
1.0323826277632686
1.0347197886835000
1.0369711992270658
1.0391323920449047
1.0411991232489164
1.0431673747017023
1.0450333559172127
1.0467935056175821
1.0484444929888006
1.0499832186751494
1.0514068155495695
1.0527126492943255
1.0538983188235487
1.0549616565764590
1.0559007287073172
1.0567138351954395
1.0573995098959441
1.0579565205492598
1.0583838687648526
1.0586807899920818
1.0588467534885919
1.0588814622941713
1.0587848532155775
1.0585570968253888
1.0581985974755364
1.0577099933237488
1.0570921563687328
1.0563461924874620
1.0554734414655127
1.0544754770088753
1.0533541067231664
1.0521113720435973
1.0507495480964471
1.0492711434701378
1.0476788998713213
1.0459757916386516
1.0441650250841428
1.0422500376292276
1.0402344966998380
1.0381222983420335
1.0359175655169595
1.0336246460312211
1.0312481100561781
1.0287927471872111
1.0262635629917440
1.0236657749927980
1.0210048080331309
1.0182862889636801
1.0155160405991233
1.0127000748830230
1.0098445852052587
1.0069559378154214
1.0040406622776108
1.0011054409147406
0.9981570971941264
0.9952025830108748
0.9922489648315266
0.9893034086675832
0.9863731638570294
0.9834655456418134
0.9805879165404542
0.9777476665275294
0.9749521920457038
0.9722088738911018
0.9695250540290973
0.9669080114148402
0.9643649369108040
0.9619029074121291
0.9595288593091789
0.9572495614352364
0.9550715876651967
0.9530012893480888
0.9510447677717995
0.9492078468720607
0.9474960464091023
0.9459145558439634
0.9444682091518875
0.9431614608121294
0.9419983632116246
0.9409825456940758
0.9401171954760300
0.9394050406374154
0.9388483353759248
0.9384488476927819
0.9382078496521634
0.9381261103283273
0.9382038915238454
0.9384409463099059
0.9388365204061150
0.9393893563833047
0.9400977006392973
0.9409593130651068
0.9419714792883411
0.9431310253522798
0.9444343346637450
0.9458773670209317
0.9474556795141780
0.9491644490784378
0.9509984964661188
0.9529523114029487
0.9550200786875369
0.9571957049971103
0.9594728461672344
0.9618449347218396
0.9643052074411471
0.9668467327687105
0.9694624378742998
0.9721451352062740
0.9748875483850223
0.9776823373075333
0.9805221223518059
0.9833995075883090
0.9863071029236853
0.9892375451191590
0.9921835176424094
0.9951377693268459
0.9980931318261657
1.0010425358646904
1.0039790262952317
1.0068957759861157
1.0097860985675249
1.0126434600745171
1.0154614895300584
1.0182339885161744
1.0209549397850313
1.0236185149644419
1.0262190814140877
1.0287512082897290
1.0312096718729451
1.0335894602236064
1.0358857772113954
1.0380940459813592
1.0402099119067765
1.0422292450806165
1.0441481423946000
1.0459629292524328
1.0476701609612054
1.0492666238422488
1.0507493361000051
1.0521155484846731
1.0533627447816021
1.0544886421576012
1.0554911913915850
1.0563685770142326
1.0571192173786368
1.0577417646812801
1.0582351049500620
1.0585983580135419
1.0588308774630419
1.0589322506167642
1.0589022984926282
1.0587410757940914
1.0584488709108046
1.0580262059335379
1.0574738366804062
1.0567927527289884
1.0559841774465060
1.0550495680077450
