1.0000000017562498
1.0000000017407360
1.0000000017215114
1.0000000016986295
1.0000000016721498
1.0000000016421411
1.0000000016086803
1.0000000015718531
1.0000000015317525
1.0000000014884791
1.0000000014421404
1.0000000013928512
1.0000000013407329
1.0000000012859114
1.0000000012285206
1.0000000011687005
1.0000000011065966
1.0000000010423600
1.0000000009761456
1.0000000009081123
1.0000000008384242
1.0000000007672487
1.0000000006947563
1.0000000006211209
1.0000000005465182
1.0000000004711251
1.0000000003951213
1.0000000003186871
1.0000000002420042
1.0000000001652534
1.0000000000886164
1.0000000000122748
0.9999999999364089
0.9999999998611977
0.9999999997868196
0.9999999997134489
0.9999999996412574
0.9999999995704141
0.9999999995010843
0.9999999994334303
0.9999999993676093
0.9999999993037746
0.9999999992420743
0.9999999991826495
0.9999999991256353
0.9999999990711621
0.9999999990193545
0.9999999989703303
0.9999999989241991
0.9999999988810658
0.9999999988410275
0.9999999988041730
0.9999999987705831
0.9999999987403307
0.9999999987134800
0.9999999986900869
0.9999999986701993
0.9999999986538555
0.9999999986410846
0.9999999986319076
0.9999999986263360
0.9999999986243732
0.9999999986260143
0.9999999986312447
0.9999999986400412
0.9999999986523709
0.9999999986681944
0.9999999986874638
0.9999999987101224
0.9999999987361048
0.9999999987653375
0.9999999987977392
0.9999999988332201
0.9999999988716849
0.9999999989130303
0.9999999989571452
0.9999999990039118
0.9999999990532062
0.9999999991048979
0.9999999991588504
0.9999999992149214
0.9999999992729637
0.9999999993328265
0.9999999993943545
0.9999999994573879
0.9999999995217630
0.9999999995873144
0.9999999996538737
0.9999999997212696
0.9999999997893287
0.9999999998578754
0.9999999999267329
0.9999999999957246
1.0000000000646729
1.0000000001334004
1.0000000002017291
1.0000000002694831
1.0000000003364888
1.0000000004025738
1.0000000004675689
1.0000000005313088
1.0000000005936296
1.0000000006543697
1.0000000007133709
1.0000000007704806
1.0000000008255518
1.0000000008784429
1.0000000009290160
1.0000000009771379
1.0000000010226826
1.0000000010655301
1.0000000011055665
1.0000000011426868
1.0000000011767931
1.0000000012077943
1.0000000012356058
1.0000000012601522
1.0000000012813657
1.0000000012991861
1.0000000013135606
1.0000000013244454
1.0000000013318051
1.0000000013356125
1.0000000013358499
1.0000000013325081
1.0000000013255890
1.0000000013151020
1.0000000013010650
1.0000000012835042
1.0000000012624559
1.0000000012379644
1.0000000012100820
1.0000000011788694
1.0000000011443948
1.0000000011067345
1.0000000010659733
1.0000000010222045
1.0000000009755294
1.0000000009260555
1.0000000008738958
1.0000000008191712
1.0000000007620093
1.0000000007025425
1.0000000006409087
1.0000000005772514
1.0000000005117196
1.0000000004444667
1.0000000003756520
1.0000000003054397
1.0000000002339979
1.0000000001614979
1.0000000000881135
1.0000000000140203
0.9999999999393960
0.9999999998644186
0.9999999997892679
0.9999999997141243
0.9999999996391691
0.9999999995645822
0.9999999994905430
0.9999999994172302
0.9999999993448201
0.9999999992734887
0.9999999992034101
0.9999999991347547
0.9999999990676889
0.9999999990023771
0.9999999989389804
0.9999999988776562
0.9999999988185571
0.9999999987618297
0.9999999987076141
0.9999999986560449
0.9999999986072520
0.9999999985613582
0.9999999985184798
0.9999999984787257
0.9999999984421983
0.9999999984089916
0.9999999983791924
0.9999999983528800
0.9999999983301253
0.9999999983109900
0.9999999982955279
0.9999999982837843
0.9999999982757953
0.9999999982715889
0.9999999982711838
0.9999999982745902
0.9999999982818100
0.9999999982928366
0.9999999983076546
0.9999999983262390
0.9999999983485559
0.9999999983745618
0.9999999984042048
0.9999999984374257
0.9999999984741569
0.9999999985143229
0.9999999985578401
0.9999999986046154
0.9999999986545478
0.9999999987075288
0.9999999987634433
0.9999999988221697
0.9999999988835796
0.9999999989475391
0.9999999990139062
0.9999999990825345
0.9999999991532715
0.9999999992259607
0.9999999993004409
0.9999999993765468
0.9999999994541082
0.9999999995329519
0.9999999996129014
0.9999999996937771
0.9999999997753980
0.9999999998575815
0.9999999999401433
1.0000000000228990
1.0000000001056644
1.0000000001882547
1.0000000002704843
1.0000000003521692
1.0000000004331264
1.0000000005131751
1.0000000005921359
1.0000000006698320
1.0000000007460899
1.0000000008207401
1.0000000008936158
1.0000000009645544
1.0000000010333967
1.0000000010999883
1.0000000011641819
1.0000000012258343
1.0000000012848091
1.0000000013409778
1.0000000013942170
1.0000000014444095
1.0000000014914456
1.0000000015352226
1.0000000015756452
1.0000000016126265
1.0000000016460884
1.0000000016759603
1.0000000017021804
1.0000000017246957
1.0000000017434625
1.0000000017584456
1.0000000017696182
1.0000000017769630
1.0000000017804709
1.0000000017801411
1.0000000017759820
1.0000000017680100
1.0000000017562498
1.0000000017407360
1.0000000017215114
1.0000000016986295
