1.0347446110866709
1.0343216512486642
1.0338197195813239
1.0332398317694498
1.0325831640939522
1.0318510523413318
1.0310449905374550
1.0301666294960956
1.0292177751716987
1.0282003868048726
1.0271165748481974
1.0259685986591338
1.0247588639460656
1.0234899199528855
1.0221644563669936
1.0207852999351794
1.0193554107715923
1.0178778783419007
1.0163559171078056
1.0147928618163229
1.0131921624187108
1.0115573786045984
1.0098921739377955
1.0082003095814369
1.0064856376015658
1.0047520938399834
1.0030036903492296
1.0012445073848817
0.9994786849529921
0.9977104139134360
0.9959439266431999
0.9941834872671846
0.9924333814679407
0.9906979058898515
0.9889813571576256
0.9872880205334993
0.9856221582422600
0.9839879974980286
0.9823897182716200
0.9808314408421841
0.9793172131816444
0.9778509982251125
0.9764366610849062
0.9750779562699410
0.9737785149759958
0.9725418325156527
0.9713712559594139
0.9702699720615917
0.9692409955459474
0.9682871578266571
0.9674110962399749
0.9666152438608754
0.9659018199769829
0.9652728212892059
0.9647300139047149
0.9642749261832334
0.9639088424921073
0.9636327979193248
0.9634475739866670
0.9633536953975591
0.9633514278460583
0.9634407769049075
0.9636214880017789
0.9638930474839066
0.9642546847623751
0.9647053755185343
0.9652438459464636
0.9658685779972730
0.9665778155833915
0.9673695716939600
0.9682416363661269
0.9691915854515117
0.9702167901123839
0.9713144269782862
0.9724814888909064
0.9737147961629820
0.9750110082758979
0.9763666359403883
0.9777780534453242
0.9792415112209141
0.9807531485447002
0.9823090063214300
0.9839050398711330
0.9855371316634568
0.9872011039404527
0.9888927311744173
0.9906077523120672
0.9923418827611232
0.9940908260802691
0.9958502853383301
0.9976159741133460
0.9993836271069261
1.0011490103538307
1.0029079310110727
1.0046562467149416
1.0063898744982118
1.0081047992633541
1.0097970818108335
1.0114628664245513
1.0130983880191264
1.0146999788560647
1.0162640748378897
1.0177872213910626
1.0192660789499826
1.0206974280555317
1.0220781740825733
1.0234053516114998
1.0246761284593950
1.0258878093866364
1.0270378394948367
1.0281238073319221
1.0291434477198882
1.0300946443203782
1.0309754319527018
1.0317839986782800
1.0325186876647687
1.0331779988422958
1.0337605903633513
1.0342652798769076
1.0346910456263376
1.0350370273796385
1.0353025271993594
1.0354870100585130
1.0355901043075739
1.0356116019965049
1.0355514590545460
1.0354097953292980
1.0351868944854290
1.0348832037621081
1.0344993335870729
1.0340360570440290
1.0334943091888904
1.0328751862092129
1.0321799444200017
1.0314099990879741
1.0305669230752690
1.0296524452925473
1.0286684489504461
1.0276169695974149
1.0265001929311002
1.0253204523696611
1.0240802263687176
1.0227821354690367
1.0214289390596005
1.0200235318403610
1.0185689399688089
1.0170683168744477
1.0155249387254282
1.0139421995319489
1.0123236058716070
1.0106727712226706
1.0089934098923095
1.0072893305281123
1.0055644292028307
1.0038226820641538
1.0020681375435014
1.0003049081203139
0.9985371616411055
0.9967691121956606
0.9950050105561568
0.9932491341887028
0.9915057768507528
0.9897792377920970
0.9880738105815724
0.9863937715862781
0.9847433681348614
0.9831268064013005
0.9815482390505134
0.9800117526919810
0.9785213551923176
0.9770809629023031
0.9756943878581839
0.9743653250210177
0.9730973396213469
0.9718938546795053
0.9707581387742604
0.9696932941342500
0.9687022451276469
0.9677877272257071
0.9669522765151822
0.9661982198330593
0.9655276655946418
0.9649424953826429
0.9644443563607213
0.9640346545697897
0.9637145491595031
0.9634849476006722
0.9633465019170233
0.9632996059668274
0.9633443937965683
0.9634807390801440
0.9637082556482061
0.9640262991032797
0.9644339695074221
0.9649301151204850
0.9655133371586824
0.9661819955352619
0.9669342155377277
0.9677678953893849
0.9686807146370263
0.9696701433014692
0.9707334517233752
0.9718677210334192
0.9730698541734025
0.9743365873933550
0.9756645021489917
0.9770500373240523
0.9784895017030489
0.9799790866216479
0.9815148787243140
0.9830928727618362
0.9847089843648577
0.9863590627334899
0.9880389031873729
0.9897442595251124
0.9914708561467799
0.9932143998980077
0.9949705915991141
0.9967351372275631
0.9985037587268434
1.0002722044194867
1.0020362590064187
1.0037917531390583
1.0055345725545728
1.0072606667684110
1.0089660573216366
1.0106468455837179
1.0122992201142273
1.0139194635893922
1.0155039593016375
1.0170491972421414
1.0185517797780272
1.0200084269371317
1.0214159813143462
1.0227714126143408
1.0240718218460481
1.0253144451846503
1.0264966575169712
1.0276159756861623
1.0286700614513853
1.0296567241778658
1.0305739232722204
1.0314197703773937
1.0321925313408389
1.0328906279688039
1.0335126395787271
1.0340573043608141
1.0345235205588856
1.0349103474795371
1.0352170063375785
1.0354428809445952
1.0355875182463343
1.0356506287134433
1.0356320865889022
1.0355319299942933
1.0353503608958410
1.0350877449299372
1.0347446110866709
1.0343216512486642
1.0338197195813239
1.0332398317694498
