1.0000000001720970
1.0000000001712355
1.0000000001700575
1.0000000001685669
1.0000000001667693
1.0000000001646701
1.0000000001622751
1.0000000001595901
1.0000000001566212
1.0000000001533753
1.0000000001498606
1.0000000001460858
1.0000000001420608
1.0000000001377964
1.0000000001333045
1.0000000001285965
1.0000000001236833
1.0000000001185769
1.0000000001132909
1.0000000001078397
1.0000000001022382
1.0000000000964993
1.0000000000906353
1.0000000000846605
1.0000000000785885
1.0000000000724345
1.0000000000662130
1.0000000000599394
1.0000000000536287
1.0000000000472964
1.0000000000409570
1.0000000000346250
1.0000000000283142
1.0000000000220404
1.0000000000158169
1.0000000000096578
1.0000000000035760
0.9999999999975848
0.9999999999916970
0.9999999999859277
0.9999999999802903
0.9999999999747966
0.9999999999694599
0.9999999999642921
0.9999999999593052
0.9999999999545094
0.9999999999499142
0.9999999999455276
0.9999999999413576
0.9999999999374142
0.9999999999337048
0.9999999999302378
0.9999999999270194
0.9999999999240554
0.9999999999213524
0.9999999999189154
0.9999999999167484
0.9999999999148546
0.9999999999132371
0.9999999999118979
0.9999999999108389
0.9999999999100615
0.9999999999095659
0.9999999999093517
0.9999999999094177
0.9999999999097603
0.9999999999103761
0.9999999999112610
0.9999999999124096
0.9999999999138163
0.9999999999154762
0.9999999999173830
0.9999999999195297
0.9999999999219096
0.9999999999245149
0.9999999999273388
0.9999999999303728
0.9999999999336073
0.9999999999370320
0.9999999999406355
0.9999999999444061
0.9999999999483322
0.9999999999524009
0.9999999999565996
0.9999999999609152
0.9999999999653341
0.9999999999698436
0.9999999999744317
0.9999999999790857
0.9999999999837933
0.9999999999885412
0.9999999999933165
0.9999999999981048
1.0000000000028921
1.0000000000076650
1.0000000000124096
1.0000000000171119
1.0000000000217586
1.0000000000263365
1.0000000000308338
1.0000000000352383
1.0000000000395368
1.0000000000437173
1.0000000000477667
1.0000000000516729
1.0000000000554248
1.0000000000590112
1.0000000000624225
1.0000000000656479
1.0000000000686788
1.0000000000715068
1.0000000000741236
1.0000000000765206
1.0000000000786897
1.0000000000806251
1.0000000000823202
1.0000000000837694
1.0000000000849685
1.0000000000859142
1.0000000000866029
1.0000000000870315
1.0000000000871974
1.0000000000870968
1.0000000000867284
1.0000000000860914
1.0000000000851859
1.0000000000840115
1.0000000000825695
1.0000000000808618
1.0000000000788922
1.0000000000766651
1.0000000000741860
1.0000000000714602
1.0000000000684939
1.0000000000652927
1.0000000000618625
1.0000000000582112
1.0000000000543459
1.0000000000502745
1.0000000000460068
1.0000000000415530
1.0000000000369240
1.0000000000321307
1.0000000000271849
1.0000000000220974
1.0000000000168801
1.0000000000115443
1.0000000000061022
1.0000000000005662
0.9999999999949487
0.9999999999892610
0.9999999999835161
0.9999999999777273
0.9999999999719094
0.9999999999660754
0.9999999999602388
0.9999999999544132
0.9999999999486139
0.9999999999428548
0.9999999999371504
0.9999999999315149
0.9999999999259618
0.9999999999205039
0.9999999999151542
0.9999999999099257
0.9999999999048317
0.9999999998998860
0.9999999998951025
0.9999999998904955
0.9999999998860777
0.9999999998818603
0.9999999998778533
0.9999999998740680
0.9999999998705142
0.9999999998672009
0.9999999998641360
0.9999999998613278
0.9999999998587846
0.9999999998565159
0.9999999998545285
0.9999999998528288
0.9999999998514231
0.9999999998503155
0.9999999998495112
0.9999999998490136
0.9999999998488253
0.9999999998489487
0.9999999998493853
0.9999999998501364
0.9999999998512028
0.9999999998525837
0.9999999998542787
0.9999999998562863
0.9999999998586034
0.9999999998612263
0.9999999998641497
0.9999999998673679
0.9999999998708751
0.9999999998746655
0.9999999998787330
0.9999999998830690
0.9999999998876663
0.9999999998925161
0.9999999998976089
0.9999999999029350
0.9999999999084839
0.9999999999142452
0.9999999999202078
0.9999999999263602
0.9999999999326911
0.9999999999391862
0.9999999999458314
0.9999999999526118
0.9999999999595134
0.9999999999665218
0.9999999999736232
0.9999999999808029
0.9999999999880465
0.9999999999953393
1.0000000000026665
1.0000000000100133
1.0000000000173634
1.0000000000247005
1.0000000000320093
1.0000000000392746
1.0000000000464802
1.0000000000536109
1.0000000000606524
1.0000000000675908
1.0000000000744118
1.0000000000811011
1.0000000000876470
1.0000000000940357
1.0000000001002531
1.0000000001062870
1.0000000001121245
1.0000000001177551
1.0000000001231673
1.0000000001283489
1.0000000001332892
1.0000000001379770
1.0000000001424008
1.0000000001465499
1.0000000001504161
1.0000000001539928
1.0000000001572742
1.0000000001602545
1.0000000001629288
1.0000000001652933
1.0000000001673433
1.0000000001690736
1.0000000001704812
1.0000000001715643
1.0000000001723217
1.0000000001727529
1.0000000001728580
1.0000000001726388
1.0000000001720970
1.0000000001712355
1.0000000001700575
1.0000000001685669
