1.0000029165366962
1.0000028806003705
1.0000028378523633
1.0000027883959173
1.0000027323502654
1.0000026698503472
1.0000026010464840
1.0000025261040177
1.0000024452029175
1.0000023585373465
1.0000022663152008
1.0000021687576084
1.0000020660984039
1.0000019585835671
1.0000018464706346
1.0000017300280843
1.0000016095346922
1.0000014852788681
1.0000013575579654
1.0000012266775686
1.0000010929507641
1.0000009566973906
1.0000008182432754
1.0000006779194537
1.0000005360613788
1.0000003930081209
1.0000002491015569
1.0000001046855520
0.9999999601051373
0.9999998157056849
0.9999996718320838
0.9999995288279150
0.9999993870346311
0.9999992467907416
0.9999991084309996
0.9999989722856065
0.9999988386794202
0.9999987079311801
0.9999985803527467
0.9999984562483537
0.9999983359138831
0.9999982196361550
0.9999981076922462
0.9999980003488280
0.9999978978615303
0.9999978004743282
0.9999977084189614
0.9999976219143782
0.9999975411662156
0.9999974663663075
0.9999973976922250
0.9999973353068560
0.9999972793580153
0.9999972299780927
0.9999971872837369
0.9999971513755755
0.9999971223379777
0.9999971002388509
0.9999970851294829
0.9999970770444176
0.9999970760013748
0.9999970820012080
0.9999970950279032
0.9999971150486188
0.9999971420137637
0.9999971758571193
0.9999972164959967
0.9999972638314359
0.9999973177484439
0.9999973781162699
0.9999974447887179
0.9999975176044997
0.9999975963876219
0.9999976809478071
0.9999977710809512
0.9999978665696105
0.9999979671835226
0.9999980726801579
0.9999981828053011
0.9999982972936601
0.9999984158695022
0.9999985382473132
0.9999986641324821
0.9999987932220046
0.9999989252052108
0.9999990597645094
0.9999991965761488
0.9999993353109892
0.9999994756352911
0.9999996172115149
0.9999997596991290
0.9999999027554263
1.0000000460363463
1.0000001891972954
1.0000003318939736
1.0000004737831985
1.0000006145237268
1.0000007537770701
1.0000008912083065
1.0000010264868793
1.0000011592873912
1.0000012892903840
1.0000014161831032
1.0000015396602466
1.0000016594246939
1.0000017751882195
1.0000018866721823
1.0000019936081932
1.0000020957387568
1.0000021928178882
1.0000022846117014
1.0000023708989718
1.0000024514716639
1.0000025261354308
1.0000025947100792
1.0000026570300007
1.0000027129445694
1.0000027623185026
1.0000028050321854
1.0000028409819588
1.0000028700803665
1.0000028922563653
1.0000029074554948
1.0000029156400105
1.0000029167889732
1.0000029108983013
1.0000028979807791
1.0000028780660295
1.0000028512004435
1.0000028174470705
1.0000027768854671
1.0000027296115086
1.0000026757371594
1.0000026153902060
1.0000025487139519
1.0000024758668749
1.0000023970222509
1.0000023123677402
1.0000022221049387
1.0000021264488961
1.0000020256276030
1.0000019198814452
1.0000018094626304
1.0000016946345864
1.0000015756713299
1.0000014528568144
1.0000013264842500
1.0000011968554021
1.0000010642798725
1.0000009290743577
1.0000007915618929
1.0000006520710785
1.0000005109352950
1.0000003684919061
1.0000002250814539
1.0000000810468443
0.9999999367325260
0.9999997924836693
0.9999996486453383
0.9999995055616667
0.9999993635750359
0.9999992230252566
0.9999990842487559
0.9999989475777730
0.9999988133395639
0.9999986818556180
0.9999985534408902
0.9999984284030485
0.9999983070417379
0.9999981896478615
0.9999980765028869
0.9999979678781719
0.9999978640343146
0.9999977652205291
0.9999976716740525
0.9999975836195778
0.9999975012687138
0.9999974248194796
0.9999973544558290
0.9999972903472106
0.9999972326481618
0.9999971814979380
0.9999971370201800
0.9999970993226178
0.9999970684968128
0.9999970446179375
0.9999970277445933
0.9999970179186702
0.9999970151652458
0.9999970194925254
0.9999970308918216
0.9999970493375738
0.9999970747874078
0.9999971071822357
0.9999971464463949
0.9999971924878309
0.9999972451983146
0.9999973044537008
0.9999973701142242
0.9999974420248311
0.9999975200155486
0.9999976039018895
0.9999976934852935
0.9999977885536021
0.9999978888815627
0.9999979942313661
0.9999981043532131
0.9999982189859110
0.9999983378574946
0.9999984606858792
0.9999985871795305
0.9999987170381625
0.9999988499534541
0.9999989856097830
0.9999991236849790
0.9999992638510936
0.9999994057751833
0.9999995491201036
0.9999996935453124
0.9999998387076847
0.9999999842623308
1.0000001298634200
1.0000002751650054
1.0000004198218504
1.0000005634902511
1.0000007058288578
1.0000008464994889
1.0000009851679386
1.0000011215047737
1.0000012551861219
1.0000013858944437
1.0000015133192897
1.0000016371580425
1.0000017571166377
1.0000018729102673
1.0000019842640575
1.0000020909137248
1.0000021926062073
1.0000022891002680
1.0000023801670708
1.0000024655907254
1.0000025451688037
1.0000026187128213
1.0000026860486868
1.0000027470171184
1.0000028014740248
1.0000028492908477
1.0000028903548657
1.0000029245694642
1.0000029518543641
1.0000029721458139
1.0000029853967423
1.0000029915768689
1.0000029906727776
1.0000029826879455
1.0000029676427331
1.0000029455743362
1.0000029165366962
1.0000028806003705
1.0000028378523633
1.0000027883959173
