1.0003960852103482
1.0003910854938698
1.0003851534384196
1.0003783032277733
1.0003705512356034
1.0003619159866082
1.0003524181125287
1.0003420803031597
1.0003309272524674
1.0003189855999377
1.0003062838672927
1.0002928523907233
1.0002787232487940
1.0002639301861911
1.0002485085334873
1.0002324951231167
1.0002159282017524
1.0001988473392951
1.0001812933346839
1.0001633081187504
1.0001449346543470
1.0001262168339815
1.0001071993752044
1.0000879277139885
1.0000684478963593
1.0000488064685329
1.0000290503658171
1.0000092268005452
0.9999893831493040
0.9999695668397319
0.9999498252371491
0.9999302055312965
0.9999107546234505
0.9998915190141874
0.9998725446920655
0.9998538770234978
0.9998355606440703
0.9998176393515761
0.9998001560010208
0.9997831524018526
0.9997666692176683
0.9997507458686377
0.9997354204368816
0.9997207295750332
0.9997067084182077
0.9996933904995970
0.9996808076698883
0.9996689900207067
0.9996579658122734
0.9996477614054510
0.9996384011983445
0.9996299075676143
0.9996223008146401
0.9996155991166763
0.9996098184831120
0.9996049727169471
0.9996010733815769
0.9995981297729658
0.9995961488972848
0.9995951354540592
0.9995950918248753
0.9995960180676694
0.9995979119166182
0.9996007687876212
0.9996045817893716
0.9996093417399863
0.9996150371891483
0.9996216544457170
0.9996291776107264
0.9996375886156985
0.9996468672661744
0.9996569912903576
0.9996679363927485
0.9996796763126403
0.9996921828873291
0.9997054261198874
0.9997193742513303
0.9997339938370056
0.9997492498270117
0.9997651056504526
0.9997815233033227
0.9997984634398074
0.9998158854667781
0.9998337476412480
0.9998520071705566
0.9998706203150388
0.9998895424929277
0.9999087283872393
0.9999281320543812
0.9999477070342235
0.9999674064613625
0.9999871831773152
1.0000069898433714
1.0000267790538362
1.0000465034493879
1.0000661158302826
1.0000855692691366
1.0001048172230118
1.0001238136445441
1.0001425130918493
1.0001608708369416
1.0001788429724108
1.0001963865161070
1.0002134595135836
1.0002300211380577
1.0002460317876531
1.0002614531796932
1.0002762484418279
1.0002903821997773
1.0003038206614849
1.0003165316974880
1.0003284849173140
1.0003396517417245
1.0003500054706402
1.0003595213465852
1.0003681766135062
1.0003759505708285
1.0003828246226214
1.0003887823217605
1.0003938094089875
1.0003978938467670
1.0004010258478742
1.0004031978986363
1.0004044047767828
1.0004046435638569
1.0004039136521612
1.0004022167462214
1.0003995568587665
1.0003959403012330
1.0003913756688159
1.0003858738200990
1.0003794478513131
1.0003721130652818
1.0003638869351299
1.0003547890628326
1.0003448411327076
1.0003340668599525
1.0003224919343503
1.0003101439592745
1.0002970523861374
1.0002832484444273
1.0002687650675037
1.0002536368143231
1.0002378997872783
1.0002215915463404
1.0002047510197081
1.0001874184111710
1.0001696351044083
1.0001514435644443
1.0001328872364943
1.0001140104424395
1.0000948582751739
1.0000754764910724
1.0000559114008392
1.0000362097589897
1.0000164186522331
0.9999965853870154
0.9999767573764954
0.9999569820272234
0.9999373066257932
0.9999177782257347
0.9998984435349200
0.9998793488037564
0.9998605397144282
0.9998420612714631
0.9998239576938798
0.9998062723091783
0.9997890474494322
0.9997723243497307
0.9997561430492184
0.9997405422949756
0.9997255594489647
0.9997112303982807
0.9996975894689141
0.9996846693432420
0.9996725009814461
0.9996611135470527
0.9996505343367754
0.9996407887148309
0.9996319000518892
0.9996238896688110
0.9996167767853079
0.9996105784736494
0.9996053096175365
0.9996009828762370
0.9995976086540749
0.9995951950753464
0.9995937479647273
0.9995932708332159
0.9995937648696499
0.9995952289378129
0.9995976595791441
0.9996010510210428
0.9996053951907438
0.9996106817347334
0.9996168980436562
0.9996240292826531
0.9996320584270530
0.9996409663033321
0.9996507316352408
0.9996613310949841
0.9996727393593281
0.9996849291704972
0.9996978714017137
0.9997115351272166
0.9997258876965857
0.9997408948131959
0.9997565206166054
0.9997727277686784
0.9997894775432317
0.9998067299189857
0.9998244436755952
0.9998425764925281
0.9998610850505468
0.9998799251355522
0.9998990517445349
0.9999184191933791
0.9999379812262600
0.9999576911263693
0.9999775018277024
0.9999973660276384
1.0000172363000472
1.0000370652086472
1.0000568054203418
1.0000764098182706
1.0000958316142992
1.0001150244606805
1.0001339425606266
1.0001525407775238
1.0001707747425361
1.0001886009603376
1.0002059769127285
1.0002228611598842
1.0002392134390055
1.0002549947601345
1.0002701674989105
1.0002846954860498
1.0002985440933363
1.0003116803159249
1.0003240728507654
1.0003356921709614
1.0003465105958915
1.0003565023569296
1.0003656436586110
1.0003739127351012
1.0003812899018372
1.0003877576022202
1.0003933004492531
1.0003979052620209
1.0004015610969392
1.0004042592736910
1.0004059933957916
1.0004067593657349
1.0004065553946899
1.0004053820067198
1.0004032420375153
1.0004001406276462
1.0003960852103482
1.0003910854938698
1.0003851534384196
1.0003783032277733
