1.0000070199587938
1.0000069327986654
1.0000068292014725
1.0000067094167753
1.0000065737327446
1.0000064224754714
1.0000062560081888
1.0000060747304025
1.0000058790769346
1.0000056695168849
1.0000054465525052
1.0000052107179997
1.0000049625782477
1.0000047027274526
1.0000044317877204
1.0000041504075750
1.0000038592604059
1.0000035590428569
1.0000032504731606
1.0000029342894230
1.0000026112478586
1.0000022821209820
1.0000019476957607
1.0000016087717334
1.0000012661591011
1.0000009206767899
1.0000005731504944
1.0000002244107031
0.9999998752907117
0.9999995266246321
0.9999991792454002
0.9999988339827837
0.9999984916613995
0.9999981530987431
0.9999978191032344
0.9999974904722853
0.9999971679903958
0.9999968524272788
0.9999965445360208
0.9999962450512818
0.9999959546875404
0.9999956741373851
0.9999954040698615
0.9999951451288721
0.9999948979316404
0.9999946630672345
0.9999944410951603
0.9999942325440248
0.9999940379102743
0.9999938576570095
0.9999936922128779
0.9999935419710503
0.9999934072882840
0.9999932884840707
0.9999931858398735
0.9999930995984564
0.9999930299633059
0.9999929770981441
0.9999929411265406
0.9999929221316185
0.9999929201558568
0.9999929352009913
0.9999929672280108
0.9999930161572543
0.9999930818686018
0.9999931642017638
0.9999932629566661
0.9999933778939307
0.9999935087354486
0.9999936551650499
0.9999938168292597
0.9999939933381443
0.9999941842662461
0.9999943891536031
0.9999946075068509
0.9999948388004046
0.9999950824777173
0.9999953379526103
0.9999956046106802
0.9999958818107678
0.9999961688864928
0.9999964651478505
0.9999967698828626
0.9999970823592830
0.9999974018263490
0.9999977275165780
0.9999980586476060
0.9999983944240589
0.9999987340394574
0.9999990766781457
0.9999994215172440
0.9999997677286177
1.0000001144808586
1.0000004609412756
1.0000008062778869
1.0000011496614112
1.0000014902672538
1.0000018272774800
1.0000021598827715
1.0000024872843611
1.0000028086959467
1.0000031233455708
1.0000034304774703
1.0000037293538828
1.0000040192568140
1.0000042994897544
1.0000045693793476
1.0000048282770000
1.0000050755604357
1.0000053106351849
1.0000055329360078
1.0000057419282475
1.0000059371091079
1.0000061180088573
1.0000062841919548
1.0000064352580911
1.0000065708431489
1.0000066906200744
1.0000067942996620
1.0000068816312460
1.0000069524033002
1.0000070064439477
1.0000070436213711
1.0000070638441307
1.0000070670613841
1.0000070532630110
1.0000070224796347
1.0000069747825526
1.0000069102835676
1.0000068291347206
1.0000067315279304
1.0000066176945355
1.0000064879047430
1.0000063424669814
1.0000061817271670
1.0000060060678777
1.0000058159074390
1.0000056116989247
1.0000053939290747
1.0000051631171338
1.0000049198136127
1.0000046645989709
1.0000043980822295
1.0000041208995174
1.0000038337125503
1.0000035372070495
1.0000032320911045
1.0000029190934812
1.0000025989618795
1.0000022724611455
1.0000019403714451
1.0000016034863985
1.0000012626111838
1.0000009185606129
1.0000005721571836
1.0000002242291126
0.9999998756083547
0.9999995271286166
0.9999991796233632
0.9999988339238232
0.9999984908570028
0.9999981512437083
0.9999978158965857
0.9999974856181760
0.9999971611989960
0.9999968434156462
0.9999965330289551
0.9999962307821608
0.9999959373991344
0.9999956535826479
0.9999953800126907
0.9999951173448458
0.9999948662087195
0.9999946272064364
0.9999944009112001
0.9999941878659201
0.9999939885819131
0.9999938035376800
0.9999936331777592
0.9999934779116648
0.9999933381129049
0.9999932141180863
0.9999931062261106
0.9999930146974563
0.9999929397535566
0.9999928815762672
0.9999928403074296
0.9999928160485306
0.9999928088604568
0.9999928187633484
0.9999928457365502
0.9999928897186572
0.9999929506076601
0.9999930282611890
0.9999931224968509
0.9999932330926643
0.9999933597875869
0.9999935022821380
0.9999936602391130
0.9999938332843862
0.9999940210078051
0.9999942229641670
0.9999944386742811
0.9999946676261123
0.9999949092760037
0.9999951630499738
0.9999954283450881
0.9999957045308951
0.9999959909509336
0.9999962869242998
0.9999965917472722
0.9999969046949905
0.9999972250231873
0.9999975519699660
0.9999978847576181
0.9999982225944812
0.9999985646768285
0.9999989101907865
0.9999992583142803
0.9999996082189959
0.9999999590723571
1.0000003100395136
1.0000006602853371
1.0000010089764140
1.0000013552830340
1.0000016983811728
1.0000020374544563
1.0000023716961115
1.0000027003108931
1.0000030225169811
1.0000033375478479
1.0000036446540876
1.0000039431052066
1.0000042321913669
1.0000045112250824
1.0000047795428573
1.0000050365067699
1.0000052815059961
1.0000055139582689
1.0000057333112655
1.0000059390439271
1.0000061306677013
1.0000063077277086
1.0000064698038289
1.0000066165117010
1.0000067475036412
1.0000068624694713
1.0000069611372602
1.0000070432739709
1.0000071086860169
1.0000071572197224
1.0000071887616873
1.0000072032390570
1.0000072006196943
1.0000071809122546
1.0000071441661655
1.0000070904715068
1.0000070199587938
1.0000069327986654
1.0000068292014725
1.0000067094167753
