1.0000061689498576
1.0000060924318086
1.0000060014740795
1.0000058962958567
1.0000057771502420
1.0000056443236491
1.0000054981351165
1.0000053389355441
1.0000051671068535
1.0000049830610740
1.0000047872393580
1.0000045801109265
1.0000043621719452
1.0000041339443402
1.0000038959745474
1.0000036488322082
1.0000033931088059
1.0000031294162526
1.0000028583854248
1.0000025806646562
1.0000022969181868
1.0000020078245748
1.0000017140750748
1.0000014163719868
1.0000011154269752
1.0000008119593695
1.0000005066944451
1.0000002003616875
0.9999998936930518
0.9999995874212105
0.9999992822778035
0.9999989789916890
0.9999986782872023
0.9999983808824235
0.9999980874874622
0.9999977988027610
0.9999975155174204
0.9999972383075536
0.9999969678346696
0.9999967047440940
0.9999964496634252
0.9999962032010352
0.9999959659446167
0.9999957384597803
0.9999955212887021
0.9999953149488283
0.9999951199316403
0.9999949367014791
0.9999947656944373
0.9999946073173170
0.9999944619466585
0.9999943299278438
0.9999942115742697
0.9999941071665996
0.9999940169520949
0.9999939411440251
0.9999938799211595
0.9999938334273427
0.9999938017711488
0.9999937850256261
0.9999937832281236
0.9999937963802042
0.9999938244476406
0.9999938673604993
0.9999939250133094
0.9999939972653169
0.9999940839408220
0.9999941848296019
0.9999942996874155
0.9999944282365885
0.9999945701666796
0.9999947251352244
0.9999948927685548
0.9999950726626960
0.9999952643843334
0.9999954674718483
0.9999956814364267
0.9999959057632313
0.9999961399126303
0.9999963833214908
0.9999966354045279
0.9999968955557047
0.9999971631496837
0.9999974375433234
0.9999977180772177
0.9999980040772737
0.9999982948563265
0.9999985897157840
0.9999988879472982
0.9999991888344609
0.9999994916545188
0.9999997956801047
1.0000001001809746
1.0000004044257587
1.0000007076837085
1.0000010092264475
1.0000013083297137
1.0000016042750941
1.0000018963517443
1.0000021838580881
1.0000024661034976
1.0000027424099447
1.0000030121136254
1.0000032745665473
1.0000035291380793
1.0000037752164643
1.0000040122102818
1.0000042395498634
1.0000044566886552
1.0000046631045276
1.0000048583010244
1.0000050418085522
1.0000052131855028
1.0000053720193109
1.0000055179274434
1.0000056505583141
1.0000057695921267
1.0000058747416396
1.0000059657528546
1.0000060424056263
1.0000061045141890
1.0000061519276020
1.0000061845301123
1.0000062022414336
1.0000062050169376
1.0000061928477628
1.0000061657608363
1.0000061238188116
1.0000060671199205
1.0000059957977401
1.0000059100208742
1.0000058099925522
1.0000056959501431
1.0000055681645896
1.0000054269397607
1.0000052726117270
1.0000051055479571
1.0000049261464417
1.0000047348347429
1.0000045320689734
1.0000043183327070
1.0000040941358235
1.0000038600132910
1.0000036165238853
1.0000033642488564
1.0000031037905404
1.0000028357709196
1.0000025608301355
1.0000022796249597
1.0000019928272239
1.0000017011222155
1.0000014052070376
1.0000011057889440
1.0000008035836483
1.0000004993136136
1.0000001937063259
0.9999998874925559
0.9999995814046104
0.9999992761745820
0.9999989725325990
0.9999986712050786
0.9999983729129915
0.9999980783701388
0.9999977882814433
0.9999975033412644
0.9999972242317380
0.9999969516211464
0.9999966861623186
0.9999964284910687
0.9999961792246777
0.9999959389604141
0.9999957082741060
0.9999954877187632
0.9999952778232550
0.9999950790910452
0.9999948919989876
0.9999947169961858
0.9999945545029167
0.9999944049096255
0.9999942685759915
0.9999941458300656
0.9999940369674860
0.9999939422507704
0.9999938619086862
0.9999937961357016
0.9999937450915192
0.9999937089006942
0.9999936876523329
0.9999936813998808
0.9999936901609918
0.9999937139174854
0.9999937526153884
0.9999938061650624
0.9999938744414143
0.9999939572841947
0.9999940544983780
0.9999941658546283
0.9999942910898463
0.9999944299077963
0.9999945819798124
0.9999947469455820
0.9999949244140053
0.9999951139641282
0.9999953151461481
0.9999955274824858
0.9999957504689254
0.9999959835758171
0.9999962262493418
0.9999964779128339
0.9999967379681560
0.9999970057971289
0.9999972807630045
0.9999975622119881
0.9999978494747975
0.9999981418682620
0.9999984386969546
0.9999987392548515
0.9999990428270160
0.9999993486913067
0.9999996561201027
0.9999999643820411
1.0000002727437614
1.0000005804716552
1.0000008868336190
1.0000011911008020
1.0000014925493470
1.0000017904621197
1.0000020841304200
1.0000023728556735
1.0000026559510995
1.0000029327433491
1.0000032025741139
1.0000034648016978
1.0000037188025481
1.0000039639727452
1.0000041997294418
1.0000044255122560
1.0000046407846075
1.0000048450349992
1.0000050377782392
1.0000052185565973
1.0000053869408974
1.0000055425315422
1.0000056849594670
1.0000058138870174
1.0000059290087557
1.0000060300521898
1.0000061167784227
1.0000061889827234
1.0000062464950141
1.0000062891802761
1.0000063169388682
1.0000063297067650
1.0000063274557061
1.0000063101932635
1.0000062779628234
1.0000062308434825
1.0000061689498576
1.0000060924318086
1.0000060014740795
1.0000058962958567
