1.0000526250662414
1.0000519643836725
1.0000511800258511
1.0000502738748556
1.0000492481035104
1.0000481051701933
1.0000468478129600
1.0000454790430009
1.0000440021374470
1.0000424206315379
1.0000407383101750
1.0000389591988808
1.0000370875541784
1.0000351278534245
1.0000330847841101
1.0000309632326614
1.0000287682727651
1.0000265051532471
1.0000241792855304
1.0000217962307048
1.0000193616862376
1.0000168814723600
1.0000143615181600
1.0000118078474132
1.0000092265641882
1.0000066238382601
1.0000040058903634
1.0000013789773259
0.9999987493771125
0.9999961233738225
0.9999935072426674
0.9999909072349731
0.9999883295632347
0.9999857803862672
0.9999832657944793
0.9999807917953184
0.9999783642989052
0.9999759891039038
0.9999736718836598
0.9999714181726342
0.9999692333531713
0.9999671226426299
0.9999650910809067
0.9999631435183858
0.9999612846043400
0.9999595187758153
0.9999578502470231
0.9999562829992620
0.9999548207713986
0.9999534670509252
0.9999522250656223
0.9999510977758413
0.9999500878674273
0.9999491977452996
0.9999484295277028
0.9999477850411463
0.9999472658160389
0.9999468730830322
0.9999466077700842
0.9999464705002424
0.9999464615901618
0.9999465810493530
0.9999468285801674
0.9999472035785171
0.9999477051353268
0.9999483320387161
0.9999490827769072
0.9999499555418491
0.9999509482335537
0.9999520584651282
0.9999532835684923
0.9999546206007702
0.9999560663513390
0.9999576173495196
0.9999592698728876
0.9999610199561888
0.9999628634008341
0.9999647957849515
0.9999668124739718
0.9999689086317241
0.9999710792320116
0.9999733190706400
0.9999756227778773
0.9999779848313043
0.9999803995690298
0.9999828612032414
0.9999853638340522
0.9999879014636203
0.9999904680104984
0.9999930573241833
0.9999956631998295
0.9999982793930945
1.0000008996350751
1.0000035176473019
1.0000061271567557
1.0000087219108722
1.0000112956924943
1.0000138423347398
1.0000163557357502
1.0000188298732808
1.0000212588191018
1.0000236367531719
1.0000259579775541
1.0000282169300398
1.0000304081974465
1.0000325265285581
1.0000345668466775
1.0000365242617653
1.0000383940821276
1.0000401718256320
1.0000418532304205
1.0000434342650992
1.0000449111383762
1.0000462803081238
1.0000475384898440
1.0000486826645207
1.0000497100858394
1.0000506182867497
1.0000514050853659
1.0000520685901846
1.0000526072046052
1.0000530196307533
1.0000533048725848
1.0000534622382709
1.0000534913418548
1.0000533921041825
1.0000531647530948
1.0000528098228898
1.0000523281530527
1.0000517208862549
1.0000509894656315
1.0000501356313405
1.0000491614164113
1.0000480691418934
1.0000468614113185
1.0000455411044873
1.0000441113705951
1.0000425756207159
1.0000409375196573
1.0000392009772121
1.0000373701388217
1.0000354493756787
1.0000334432742872
1.0000313566255095
1.0000291944131248
1.0000269618019255
1.0000246641253805
1.0000223068728944
1.0000198956766924
1.0000174362983649
1.0000149346151017
1.0000123966056489
1.0000098283360248
1.0000072359450221
1.0000046256295354
1.0000020036297526
0.9999993762142381
0.9999967496649509
0.9999941302622283
0.9999915242697700
0.9999889379196625
0.9999863773974800
0.9999838488274924
0.9999813582580227
0.9999789116469814
0.9999765148476175
0.9999741735945198
0.9999718934899020
0.9999696799901999
0.9999675383930188
0.9999654738244604
0.9999634912268588
0.9999615953469543
0.9999597907245368
0.9999580816815796
0.9999564723118971
0.9999549664713467
0.9999535677686007
0.9999522795565055
0.9999511049240577
0.9999500466890054
0.9999491073911010
0.9999482892860208
0.9999475943399621
0.9999470242249325
0.9999465803147427
0.9999462636817120
0.9999460750940967
0.9999460150142440
0.9999460835974792
0.9999462806917282
0.9999466058378749
0.9999470582708513
0.9999476369214614
0.9999483404189314
0.9999491670941821
0.9999501149838161
0.9999511818348058
0.9999523651098765
0.9999536619935679
0.9999550693989648
0.9999565839750743
0.9999582021148332
0.9999599199637298
0.9999617334290180
0.9999636381894981
0.9999656297058447
0.9999677032314566
0.9999698538238015
0.9999720763562315
0.9999743655302353
0.9999767158880996
0.9999791218259553
0.9999815776071688
0.9999840773760521
0.9999866151718561
0.9999891849430155
0.9999917805616083
0.9999943958379984
0.9999970245356254
0.9999996603859047
1.0000022971032032
1.0000049283998580
1.0000075480011954
1.0000101496605203
1.0000127271740369
1.0000152743956670
1.0000177852517300
1.0000202537554481
1.0000226740212446
1.0000250402787978
1.0000273468868199
1.0000295883465262
1.0000317593147654
1.0000338546167764
1.0000358692585429
1.0000377984387163
1.0000396375600740
1.0000413822404939
1.0000430283234132
1.0000445718877500
1.0000460092572605
1.0000473370093106
1.0000485519830458
1.0000496512869295
1.0000506323056420
1.0000514927063198
1.0000522304441202
1.0000528437670975
1.0000533312203794
1.0000536916496354
1.0000539242038247
1.0000540283372243
1.0000540038107264
1.0000538506924033
1.0000535693573389
1.0000531604867273
1.0000526250662414
1.0000519643836725
1.0000511800258511
1.0000502738748556
