1.0000000000051026
1.0000000000051328
1.0000000000051543
1.0000000000051683
1.0000000000051761
1.0000000000051767
1.0000000000051703
1.0000000000051577
1.0000000000051386
1.0000000000051128
1.0000000000050808
1.0000000000050424
1.0000000000049976
1.0000000000049456
1.0000000000048865
1.0000000000048195
1.0000000000047449
1.0000000000046632
1.0000000000045746
1.0000000000044800
1.0000000000043798
1.0000000000042755
1.0000000000041667
1.0000000000040534
1.0000000000039360
1.0000000000038132
1.0000000000036857
1.0000000000035554
1.0000000000034237
1.0000000000032905
1.0000000000031561
1.0000000000030216
1.0000000000028875
1.0000000000027545
1.0000000000026239
1.0000000000024956
1.0000000000023705
1.0000000000022493
1.0000000000021316
1.0000000000020175
1.0000000000019074
1.0000000000018014
1.0000000000017006
1.0000000000016052
1.0000000000015146
1.0000000000014291
1.0000000000013487
1.0000000000012732
1.0000000000012015
1.0000000000011342
1.0000000000010703
1.0000000000010099
1.0000000000009528
1.0000000000009002
1.0000000000008522
1.0000000000008094
1.0000000000007714
1.0000000000007390
1.0000000000007114
1.0000000000006886
1.0000000000006695
1.0000000000006533
1.0000000000006386
1.0000000000006246
1.0000000000006106
1.0000000000005975
1.0000000000005873
1.0000000000005795
1.0000000000005735
1.0000000000005682
1.0000000000005640
1.0000000000005607
1.0000000000005591
1.0000000000005602
1.0000000000005651
1.0000000000005729
1.0000000000005820
1.0000000000005935
1.0000000000006071
1.0000000000006226
1.0000000000006384
1.0000000000006533
1.0000000000006664
1.0000000000006770
1.0000000000006861
1.0000000000006939
1.0000000000007006
1.0000000000007059
1.0000000000007101
1.0000000000007134
1.0000000000007163
1.0000000000007192
1.0000000000007223
1.0000000000007256
1.0000000000007294
1.0000000000007327
1.0000000000007343
1.0000000000007336
1.0000000000007305
1.0000000000007256
1.0000000000007199
1.0000000000007123
1.0000000000007023
1.0000000000006906
1.0000000000006777
1.0000000000006646
1.0000000000006515
1.0000000000006390
1.0000000000006273
1.0000000000006173
1.0000000000006082
1.0000000000005995
1.0000000000005909
1.0000000000005809
1.0000000000005693
1.0000000000005564
1.0000000000005425
1.0000000000005271
1.0000000000005096
1.0000000000004907
1.0000000000004703
1.0000000000004492
1.0000000000004297
1.0000000000004123
1.0000000000003966
1.0000000000003821
1.0000000000003673
1.0000000000003522
1.0000000000003366
1.0000000000003215
1.0000000000003075
1.0000000000002940
1.0000000000002800
1.0000000000002651
1.0000000000002487
1.0000000000002305
1.0000000000002098
1.0000000000001870
1.0000000000001621
1.0000000000001354
1.0000000000001075
1.0000000000000784
1.0000000000000493
1.0000000000000222
0.9999999999999979
0.9999999999999764
0.9999999999999564
0.9999999999999385
0.9999999999999233
0.9999999999999107
0.9999999999999014
0.9999999999998942
0.9999999999998874
0.9999999999998811
0.9999999999998755
0.9999999999998708
0.9999999999998658
0.9999999999998601
0.9999999999998535
0.9999999999998452
0.9999999999998360
0.9999999999998266
0.9999999999998161
0.9999999999998032
0.9999999999997874
0.9999999999997696
0.9999999999997506
0.9999999999997311
0.9999999999997113
0.9999999999996924
0.9999999999996743
0.9999999999996569
0.9999999999996406
0.9999999999996250
0.9999999999996084
0.9999999999995903
0.9999999999995693
0.9999999999995451
0.9999999999995178
0.9999999999994877
0.9999999999994550
0.9999999999994202
0.9999999999993842
0.9999999999993469
0.9999999999993091
0.9999999999992726
0.9999999999992381
0.9999999999992067
0.9999999999991803
0.9999999999991589
0.9999999999991414
0.9999999999991274
0.9999999999991172
0.9999999999991119
0.9999999999991119
0.9999999999991183
0.9999999999991301
0.9999999999991473
0.9999999999991698
0.9999999999991972
0.9999999999992301
0.9999999999992681
0.9999999999993121
0.9999999999993608
0.9999999999994138
0.9999999999994706
0.9999999999995308
0.9999999999995952
0.9999999999996645
0.9999999999997382
0.9999999999998158
0.9999999999998980
0.9999999999999847
1.0000000000000748
1.0000000000001681
1.0000000000002636
1.0000000000003610
1.0000000000004619
1.0000000000005669
1.0000000000006766
1.0000000000007905
1.0000000000009077
1.0000000000010285
1.0000000000011531
1.0000000000012803
1.0000000000014100
1.0000000000015428
1.0000000000016791
1.0000000000018185
1.0000000000019607
1.0000000000021048
1.0000000000022506
1.0000000000023987
1.0000000000025484
1.0000000000026985
1.0000000000028486
1.0000000000029980
1.0000000000031459
1.0000000000032916
1.0000000000034350
1.0000000000035758
1.0000000000037137
1.0000000000038480
1.0000000000039768
1.0000000000040994
1.0000000000042166
1.0000000000043285
1.0000000000044349
1.0000000000045344
1.0000000000046263
1.0000000000047102
1.0000000000047855
1.0000000000048526
1.0000000000049127
1.0000000000049680
1.0000000000050189
1.0000000000050644
1.0000000000051026
1.0000000000051328
1.0000000000051543
1.0000000000051683
