1.0000000000154816
1.0000000000155311
1.0000000000155636
1.0000000000155778
1.0000000000155729
1.0000000000155480
1.0000000000155043
1.0000000000154419
1.0000000000153608
1.0000000000152613
1.0000000000151448
1.0000000000150113
1.0000000000148606
1.0000000000146907
1.0000000000145013
1.0000000000142926
1.0000000000140663
1.0000000000138241
1.0000000000135656
1.0000000000132916
1.0000000000130036
1.0000000000127010
1.0000000000123836
1.0000000000120526
1.0000000000117100
1.0000000000113565
1.0000000000109928
1.0000000000106191
1.0000000000102358
1.0000000000098432
1.0000000000094404
1.0000000000090274
1.0000000000086060
1.0000000000081775
1.0000000000077425
1.0000000000073022
1.0000000000068583
1.0000000000064122
1.0000000000059652
1.0000000000055187
1.0000000000050735
1.0000000000046310
1.0000000000041915
1.0000000000037568
1.0000000000033284
1.0000000000029083
1.0000000000024969
1.0000000000020943
1.0000000000017017
1.0000000000013189
1.0000000000009479
1.0000000000005904
1.0000000000002476
0.9999999999999203
0.9999999999996092
0.9999999999993137
0.9999999999990341
0.9999999999987713
0.9999999999985263
0.9999999999982996
0.9999999999980914
0.9999999999979017
0.9999999999977303
0.9999999999975782
0.9999999999974466
0.9999999999973351
0.9999999999972433
0.9999999999971714
0.9999999999971199
0.9999999999970891
0.9999999999970780
0.9999999999970873
0.9999999999971168
0.9999999999971655
0.9999999999972329
0.9999999999973174
0.9999999999974175
0.9999999999975334
0.9999999999976645
0.9999999999978104
0.9999999999979694
0.9999999999981404
0.9999999999983228
0.9999999999985155
0.9999999999987182
0.9999999999989294
0.9999999999991480
0.9999999999993729
0.9999999999996027
0.9999999999998364
1.0000000000000737
1.0000000000003142
1.0000000000005567
1.0000000000008002
1.0000000000010443
1.0000000000012883
1.0000000000015317
1.0000000000017735
1.0000000000020124
1.0000000000022473
1.0000000000024771
1.0000000000026998
1.0000000000029137
1.0000000000031184
1.0000000000033125
1.0000000000034959
1.0000000000036680
1.0000000000038292
1.0000000000039793
1.0000000000041196
1.0000000000042486
1.0000000000043652
1.0000000000044675
1.0000000000045552
1.0000000000046281
1.0000000000046856
1.0000000000047289
1.0000000000047571
1.0000000000047691
1.0000000000047646
1.0000000000047435
1.0000000000047067
1.0000000000046543
1.0000000000045852
1.0000000000044980
1.0000000000043918
1.0000000000042666
1.0000000000041238
1.0000000000039639
1.0000000000037872
1.0000000000035940
1.0000000000033846
1.0000000000031599
1.0000000000029197
1.0000000000026645
1.0000000000023945
1.0000000000021088
1.0000000000018092
1.0000000000014970
1.0000000000011731
1.0000000000008382
1.0000000000004925
1.0000000000001370
0.9999999999997733
0.9999999999994020
0.9999999999990251
0.9999999999986435
0.9999999999982579
0.9999999999978686
0.9999999999974761
0.9999999999970803
0.9999999999966822
0.9999999999962833
0.9999999999958848
0.9999999999954872
0.9999999999950917
0.9999999999946992
0.9999999999943108
0.9999999999939275
0.9999999999935509
0.9999999999931835
0.9999999999928273
0.9999999999924840
0.9999999999921544
0.9999999999918385
0.9999999999915367
0.9999999999912481
0.9999999999909733
0.9999999999907124
0.9999999999904645
0.9999999999902299
0.9999999999900084
0.9999999999898010
0.9999999999896091
0.9999999999894336
0.9999999999892762
0.9999999999891380
0.9999999999890200
0.9999999999889224
0.9999999999888464
0.9999999999887929
0.9999999999887624
0.9999999999887549
0.9999999999887698
0.9999999999888074
0.9999999999888686
0.9999999999889538
0.9999999999890633
0.9999999999891965
0.9999999999893535
0.9999999999895335
0.9999999999897362
0.9999999999899605
0.9999999999902055
0.9999999999904720
0.9999999999907607
0.9999999999910711
0.9999999999914024
0.9999999999917537
0.9999999999921249
0.9999999999925160
0.9999999999929268
0.9999999999933565
0.9999999999938046
0.9999999999942699
0.9999999999947511
0.9999999999952478
0.9999999999957592
0.9999999999962828
0.9999999999968160
0.9999999999973569
0.9999999999979042
0.9999999999984571
0.9999999999990146
0.9999999999995753
1.0000000000001392
1.0000000000007052
1.0000000000012721
1.0000000000018383
1.0000000000024010
1.0000000000029594
1.0000000000035130
1.0000000000040599
1.0000000000045990
1.0000000000051297
1.0000000000056508
1.0000000000061615
1.0000000000066609
1.0000000000071494
1.0000000000076268
1.0000000000080931
1.0000000000085478
1.0000000000089915
1.0000000000094238
1.0000000000098443
1.0000000000102534
1.0000000000106510
1.0000000000110374
1.0000000000114115
1.0000000000117719
1.0000000000121168
1.0000000000124454
1.0000000000127571
1.0000000000130527
1.0000000000133318
1.0000000000135947
1.0000000000138414
1.0000000000140723
1.0000000000142875
1.0000000000144869
1.0000000000146712
1.0000000000148392
1.0000000000149898
1.0000000000151223
1.0000000000152369
1.0000000000153346
1.0000000000154161
1.0000000000154816
1.0000000000155311
1.0000000000155636
1.0000000000155778
