1.0000000142000300
1.0000000140487175
1.0000000138657321
1.0000000136515381
1.0000000134066747
1.0000000131317519
1.0000000128274520
1.0000000124945252
1.0000000121337891
1.0000000117461261
1.0000000113324805
1.0000000108938587
1.0000000104313242
1.0000000099459974
1.0000000094390500
1.0000000089117065
1.0000000083652383
1.0000000078009625
1.0000000072202373
1.0000000066244576
1.0000000060150549
1.0000000053934905
1.0000000047612527
1.0000000041198545
1.0000000034708285
1.0000000028157254
1.0000000021561095
1.0000000014935544
1.0000000008296388
1.0000000001659433
0.9999999995040461
0.9999999988455192
0.9999999981919263
0.9999999975448191
0.9999999969057316
0.9999999962761786
0.9999999956576497
0.9999999950516073
0.9999999944594828
0.9999999938826731
0.9999999933225380
0.9999999927803951
0.9999999922575173
0.9999999917551311
0.9999999912744117
0.9999999908164824
0.9999999903824106
0.9999999899732052
0.9999999895898156
0.9999999892331284
0.9999999889039660
0.9999999886030835
0.9999999883311673
0.9999999880888335
0.9999999878766258
0.9999999876950129
0.9999999875443907
0.9999999874250795
0.9999999873373249
0.9999999872812961
0.9999999872570878
0.9999999872647160
0.9999999873041207
0.9999999873751644
0.9999999874776321
0.9999999876112332
0.9999999877756005
0.9999999879702949
0.9999999881948025
0.9999999884485375
0.9999999887308461
0.9999999890410044
0.9999999893782224
0.9999999897416446
0.9999999901303519
0.9999999905433635
0.9999999909796411
0.9999999914380903
0.9999999919175618
0.9999999924168562
0.9999999929347270
0.9999999934698824
0.9999999940209904
0.9999999945866804
0.9999999951655462
0.9999999957561504
0.9999999963570277
0.9999999969666870
0.9999999975836161
0.9999999982062859
0.9999999988331536
0.9999999994626667
1.0000000000932669
1.0000000007233931
1.0000000013514858
1.0000000019759892
1.0000000025953570
1.0000000032080556
1.0000000038125667
1.0000000044073933
1.0000000049910616
1.0000000055621239
1.0000000061191645
1.0000000066608019
1.0000000071856923
1.0000000076925331
1.0000000081800631
1.0000000086470673
1.0000000090923800
1.0000000095148887
1.0000000099135364
1.0000000102873241
1.0000000106353122
1.0000000109566236
1.0000000112504466
1.0000000115160355
1.0000000117527128
1.0000000119598711
1.0000000121369728
1.0000000122835540
1.0000000123992248
1.0000000124836717
1.0000000125366557
1.0000000125580146
1.0000000125476625
1.0000000125055915
1.0000000124318680
1.0000000123266357
1.0000000121901129
1.0000000120225958
1.0000000118244547
1.0000000115961358
1.0000000113381591
1.0000000110511165
1.0000000107356697
1.0000000103925502
1.0000000100225563
1.0000000096265516
1.0000000092054631
1.0000000087602787
1.0000000082920453
1.0000000078018660
1.0000000072908990
1.0000000067603532
1.0000000062114851
1.0000000056455967
1.0000000050640314
1.0000000044681727
1.0000000038594383
1.0000000032392775
1.0000000026091691
1.0000000019706170
1.0000000013251478
1.0000000006743046
1.0000000000196445
0.9999999993627359
0.9999999987051534
0.9999999980484732
0.9999999973942711
0.9999999967441200
0.9999999960995821
0.9999999954622079
0.9999999948335320
0.9999999942150702
0.9999999936083158
0.9999999930147339
0.9999999924357610
0.9999999918728000
0.9999999913272153
0.9999999908003313
0.9999999902934293
0.9999999898077436
0.9999999893444583
0.9999999889047061
0.9999999884895655
0.9999999881000573
0.9999999877371430
0.9999999874017208
0.9999999870946236
0.9999999868166181
0.9999999865684011
0.9999999863505995
0.9999999861637683
0.9999999860083899
0.9999999858848734
0.9999999857935525
0.9999999857346853
0.9999999857084522
0.9999999857149577
0.9999999857542281
0.9999999858262121
0.9999999859307803
0.9999999860677257
0.9999999862367667
0.9999999864375453
0.9999999866696276
0.9999999869325069
0.9999999872256036
0.9999999875482647
0.9999999878997682
0.9999999882793218
0.9999999886860670
0.9999999891190824
0.9999999895773837
0.9999999900599273
0.9999999905656120
0.9999999910932804
0.9999999916417244
0.9999999922096851
0.9999999927958564
0.9999999933988896
0.9999999940173963
0.9999999946499522
0.9999999952950998
0.9999999959513509
0.9999999966171910
0.9999999972910827
0.9999999979714681
0.9999999986567739
0.9999999993454149
1.0000000000357980
1.0000000007263274
1.0000000014154078
1.0000000021014470
1.0000000027828577
1.0000000034580636
1.0000000041255033
1.0000000047836344
1.0000000054309368
1.0000000060659153
1.0000000066871046
1.0000000072930708
1.0000000078824163
1.0000000084537837
1.0000000090058565
1.0000000095373640
1.0000000100470838
1.0000000105338460
1.0000000109965361
1.0000000114340948
1.0000000118455226
1.0000000122298804
1.0000000125862947
1.0000000129139561
1.0000000132121238
1.0000000134801272
1.0000000137173670
1.0000000139233172
1.0000000140975263
1.0000000142396166
1.0000000143492871
1.0000000144263121
1.0000000144705432
1.0000000144819094
1.0000000144604189
1.0000000144061560
1.0000000143192807
1.0000000142000300
1.0000000140487175
1.0000000138657321
1.0000000136515381
