1.0123551178046790
1.0122007270540694
1.0120175807656109
1.0118060922277237
1.0115667390687106
1.0113000623702915
1.0110066656583887
1.0106872137711649
1.0103424316043872
1.0099731027342556
1.0095800679179303
1.0091642234721170
1.0087265195301940
1.0082679581785525
1.0077895914729924
1.0072925193362403
1.0067778873378983
1.0062468843584034
1.0057007401388782
1.0051407227190743
1.0045681357659739
1.0039843157959851
1.0033906292940749
1.0027884697336178
1.0021792545011845
1.0015644217309765
1.0009454270540921
1.0003237402683260
0.9997008419347159
0.9990782199075797
0.9984573658053117
0.9978397714297440
0.9972269251423994
0.9966203082064826
0.9960213911039543
0.9954316298375115
0.9948524622277666
0.9942853042163223
0.9937315461858423
0.9931925493085617
0.9926696419349668
0.9921641160346301
0.9916772237013649
0.9912101737349872
0.9907641283120220
0.9903401997576881
0.9899394474313865
0.9895628747377634
0.9892114262751714
0.9888859851330133
0.9885873703490653
0.9883163345373730
0.9880735616967676
0.9878596652093983
0.9876751860379750
0.9875205911296381
0.9873962720335261
0.9873025437382253
0.9872396437343298
0.9872077313063556
0.9872068870572370
0.9872371126675663
0.9872983308906805
0.9873903857836200
0.9875130431729017
0.9876659913529852
0.9878488420142542
0.9880611313963177
0.9883023216614344
0.9885718024819220
0.9888688928345157
0.9891928429937950
0.9895428367160195
0.9899179936039990
0.9903173716429867
0.9907399698970131
0.9911847313545958
0.9916505459123428
0.9921362534846445
0.9926406472273960
0.9931624768635220
0.9937004520979769
0.9942532461098821
0.9948194991095027
0.9953978219478965
0.9959867997672399
0.9965849956800871
0.9971909544661017
0.9978032062751511
0.9984202703260400
0.9990406585905768
0.9996628794531272
1.0002854413362849
1.0009068562837902
1.0015256434923483
1.0021403327845197
1.0027494680153877
1.0033516104062328
1.0039453417989790
1.0045292678256936
1.0051020209879185
1.0056622636411119
1.0062086908799599
1.0067400333207532
1.0072550597774692
1.0077525798286016
1.0082314462721562
1.0086905574665992
1.0091288595558594
1.0095453485767936
1.0099390724477875
1.0103091328374247
1.0106546869123583
1.0109749489637196
1.0112691919115624
1.0115367486869775
1.0117770134916440
1.0119894429346608
1.0121735570465993
1.0123289401707587
1.0124552417316466
1.0125521768807495
1.0126195270196530
1.0126571402005822
1.0126649314044205
1.0126428826962557
1.0125910432584777
1.0125095293014361
1.0123985238516346
1.0122582764174293
1.0120891025321659
1.0118913831747021
1.0116655640672283
1.0114121548503345
1.0111317281352672
1.0108249184333689
1.0104924209627342
1.0101349903321821
1.0097534391027274
1.0093486362268507
1.0089215053659757
1.0084730230867389
1.0080042169367949
1.0075161634011156
1.0070099857399684
1.0064868517100152
1.0059479711702597
1.0053945935748809
1.0048280053553380
1.0042495271944951
1.0036605111959034
1.0030623379518071
1.0024564135138729
1.0018441662711068
1.0012270437399138
1.0006065092717384
0.9999840386842594
0.9993611168226080
0.9987392340576334
0.9981198827287521
0.9975045535394603
0.9968947319140978
0.9962918943249720
0.9956975045994410
0.9951130102170168
0.9945398386069968
0.9939793934575398
0.9934330510474682
0.9929021566123930
0.9923880207570421
0.9918919159258726
0.9914150729442138
0.9909586776422692
0.9905238675743278
0.9901117288454759
0.9897232930579785
0.9893595343892830
0.9890213668133249
0.9887096414764260
0.9884251442386541
0.9881685933909700
0.9879406375578899
0.9877418537947280
0.9875727458877229
0.9874337428645489
0.9873251977218485
0.9872473863754857
0.9872005068382680
0.9871846786288629
0.9871999424146024
0.9872462598898045
0.9873235138901715
0.9874315087427362
0.9875699708497589
0.9877385495039158
0.9879368179310727
0.9881642745559391
0.9884203444849229
0.9887043811995755
0.9890156684531564
0.9893534223620269
0.9897167936828373
0.9901048702657976
0.9905166796737166
0.9909511919559683
0.9914073225660917
0.9918839354113649
0.9923798460224011
0.9928938248306137
0.9934246005412506
0.9939708635896515
0.9945312696684038
0.9951044433131437
0.9956889815349186
0.9962834574872255
0.9968864241561149
0.9974964180620746
0.9981119629627624
0.9987315735460790
0.9993537591034916
0.9999770271740057
1.0005998871496644
1.0012208538339629
1.0018384509450955
1.0024512145564741
1.0030576964674971
1.0036564674980608
1.0042461207008477
1.0048252744859212
1.0053925756526745
1.0059467023246478
1.0064863667832025
1.0070103181964787
1.0075173452404864
1.0080062786095680
1.0084759934138439
1.0089254114615871
1.0093535034248031
1.0097592908865554
1.0101418482688509
1.0105003046401220
1.0108338454015524
1.0111417138516687
1.0114232126287745
1.0116777050309353
1.0119046162133223
1.0121034342628168
1.0122737111498379
1.0124150635574074
1.0125271735874979
1.0126097893447343
1.0126627253975142
1.0126858631166182
1.0126791508913666
1.0126426042233634
1.0125763056978467
1.0124804048326397
1.0123551178046790
1.0122007270540694
1.0120175807656109
1.0118060922277237
