1.0000000144178576
1.0000000142640970
1.0000000140781660
1.0000000138605369
1.0000000136117571
1.0000000133324460
1.0000000130232958
1.0000000126850690
1.0000000123185961
1.0000000119247743
1.0000000115045633
1.0000000110589851
1.0000000105891207
1.0000000100961093
1.0000000095811437
1.0000000090454684
1.0000000084903753
1.0000000079172016
1.0000000073273265
1.0000000067221673
1.0000000061031749
1.0000000054718321
1.0000000048296496
1.0000000041781638
1.0000000035189329
1.0000000028535332
1.0000000021835540
1.0000000015105943
1.0000000008362588
1.0000000001621536
0.9999999994898824
0.9999999988210432
0.9999999981572244
0.9999999975000000
0.9999999968509294
0.9999999962115497
0.9999999955833738
0.9999999949678862
0.9999999943665393
0.9999999937807514
0.9999999932119024
0.9999999926613299
0.9999999921303289
0.9999999916201450
0.9999999911319722
0.9999999906669513
0.9999999902261655
0.9999999898106395
0.9999999894213382
0.9999999890591613
0.9999999887249427
0.9999999884194485
0.9999999881433751
0.9999999878973480
0.9999999876819193
0.9999999874975661
0.9999999873446918
0.9999999872236229
0.9999999871346091
0.9999999870778210
0.9999999870533532
0.9999999870612221
0.9999999871013653
0.9999999871736422
0.9999999872778353
0.9999999874136503
0.9999999875807155
0.9999999877785847
0.9999999880067364
0.9999999882645769
0.9999999885514418
0.9999999888665952
0.9999999892092335
0.9999999895784871
0.9999999899734225
0.9999999903930445
0.9999999908362985
0.9999999913020725
0.9999999917891998
0.9999999922964633
0.9999999928225974
0.9999999933662903
0.9999999939261885
0.9999999945008989
0.9999999950889928
0.9999999956890109
0.9999999962994645
0.9999999969188386
0.9999999975455974
0.9999999981781881
0.9999999988150446
0.9999999994545899
1.0000000000952409
1.0000000007354115
1.0000000013735162
1.0000000020079749
1.0000000026372182
1.0000000032596885
1.0000000038738455
1.0000000044781674
1.0000000050711566
1.0000000056513421
1.0000000062172845
1.0000000067675798
1.0000000073008619
1.0000000078158049
1.0000000083111267
1.0000000087855951
1.0000000092380268
1.0000000096672919
1.0000000100723174
1.0000000104520888
1.0000000108056519
1.0000000111321177
1.0000000114306618
1.0000000117005268
1.0000000119410253
1.0000000121515398
1.0000000123315251
1.0000000124805108
1.0000000125981001
1.0000000126839723
1.0000000127378843
1.0000000127596711
1.0000000127492452
1.0000000127065989
1.0000000126318007
1.0000000125249970
1.0000000123864110
1.0000000122163437
1.0000000120151715
1.0000000117833470
1.0000000115213965
1.0000000112299212
1.0000000109095946
1.0000000105611588
1.0000000101854245
1.0000000097832691
1.0000000093556345
1.0000000089035250
1.0000000084280041
1.0000000079301925
1.0000000074112647
1.0000000068724482
1.0000000063150198
1.0000000057403025
1.0000000051496611
1.0000000045444994
1.0000000039262558
1.0000000032964020
1.0000000026564386
1.0000000020078921
1.0000000013523109
1.0000000006912628
1.0000000000263309
0.9999999993591082
0.9999999986911936
0.9999999980241888
0.9999999973596947
0.9999999966993079
0.9999999960446162
0.9999999953971949
0.9999999947586042
0.9999999941303841
0.9999999935140514
0.9999999929110959
0.9999999923229754
0.9999999917511136
0.9999999911968975
0.9999999906616722
0.9999999901467397
0.9999999896533541
0.9999999891827190
0.9999999887359852
0.9999999883142477
0.9999999879185434
0.9999999875498466
0.9999999872090686
0.9999999868970548
0.9999999866145832
0.9999999863623629
0.9999999861410325
0.9999999859511585
0.9999999857932325
0.9999999856676689
0.9999999855748065
0.9999999855149067
0.9999999854881525
0.9999999854946492
0.9999999855344238
0.9999999856074238
0.9999999857135190
0.9999999858525005
0.9999999860240804
0.9999999862278943
0.9999999864635012
0.9999999867303849
0.9999999870279561
0.9999999873555523
0.9999999877124396
0.9999999880978134
0.9999999885108024
0.9999999889504700
0.9999999894158177
0.9999999899057862
0.9999999904192568
0.9999999909550539
0.9999999915119490
0.9999999920886637
0.9999999926838722
0.9999999932962057
0.9999999939242552
0.9999999945665744
0.9999999952216816
0.9999999958880659
0.9999999965641886
0.9999999972484883
0.9999999979393840
0.9999999986352797
0.9999999993345667
1.0000000000356273
1.0000000007368399
1.0000000014365817
1.0000000021332331
1.0000000028251825
1.0000000035108301
1.0000000041885906
1.0000000048568967
1.0000000055142046
1.0000000061589971
1.0000000067897861
1.0000000074051161
1.0000000080035676
1.0000000085837615
1.0000000091443608
1.0000000096840749
1.0000000102016631
1.0000000106959368
1.0000000111657619
1.0000000116100629
1.0000000120278261
1.0000000124180994
1.0000000127799951
1.0000000131126914
1.0000000134154368
1.0000000136875502
1.0000000139284229
1.0000000141375198
1.0000000143143817
1.0000000144586247
1.0000000145699428
1.0000000146481065
1.0000000146929642
1.0000000147044426
1.0000000146825472
1.0000000146273627
1.0000000145390522
1.0000000144178576
1.0000000142640970
1.0000000140781660
1.0000000138605369
