1.0000000005506973
1.0000000005466834
1.0000000005415697
1.0000000005353711
1.0000000005281060
1.0000000005197949
1.0000000005104595
1.0000000005001242
1.0000000004888152
1.0000000004765606
1.0000000004633902
1.0000000004493372
1.0000000004344376
1.0000000004187279
1.0000000004022473
1.0000000003850356
1.0000000003671341
1.0000000003485849
1.0000000003294327
1.0000000003097227
1.0000000002895026
1.0000000002688207
1.0000000002477263
1.0000000002262694
1.0000000002045020
1.0000000001824758
1.0000000001602449
1.0000000001378613
1.0000000001153770
1.0000000000928446
1.0000000000703171
1.0000000000478475
1.0000000000254878
1.0000000000032898
0.9999999999813048
0.9999999999595846
0.9999999999381798
0.9999999999171402
0.9999999998965143
0.9999999998763500
0.9999999998566935
0.9999999998375898
0.9999999998190816
0.9999999998012116
0.9999999997840202
0.9999999997675463
0.9999999997518271
0.9999999997368969
0.9999999997227867
0.9999999997095264
0.9999999996971449
0.9999999996856689
0.9999999996751244
0.9999999996655338
0.9999999996569163
0.9999999996492895
0.9999999996426679
0.9999999996370638
0.9999999996324866
0.9999999996289439
0.9999999996264403
0.9999999996249770
0.9999999996245531
0.9999999996251651
0.9999999996268069
0.9999999996294704
0.9999999996331456
0.9999999996378183
0.9999999996434715
0.9999999996500860
0.9999999996576404
0.9999999996661116
0.9999999996754746
0.9999999996857014
0.9999999996967629
0.9999999997086276
0.9999999997212620
0.9999999997346304
0.9999999997486955
0.9999999997634189
0.9999999997787611
0.9999999997946810
0.9999999998111350
0.9999999998280792
0.9999999998454673
0.9999999998632509
0.9999999998813823
0.9999999998998127
0.9999999999184936
0.9999999999373748
0.9999999999564050
0.9999999999755321
0.9999999999947053
1.0000000000138736
1.0000000000329849
1.0000000000519882
1.0000000000708329
1.0000000000894691
1.0000000001078475
1.0000000001259188
1.0000000001436349
1.0000000001609479
1.0000000001778113
1.0000000001941789
1.0000000002100062
1.0000000002252503
1.0000000002398692
1.0000000002538241
1.0000000002670759
1.0000000002795886
1.0000000002913270
1.0000000003022580
1.0000000003123499
1.0000000003215750
1.0000000003299085
1.0000000003373268
1.0000000003438083
1.0000000003493335
1.0000000003538845
1.0000000003574459
1.0000000003600040
1.0000000003615479
1.0000000003620697
1.0000000003615654
1.0000000003600324
1.0000000003574723
1.0000000003538871
1.0000000003492839
1.0000000003436709
1.0000000003370582
1.0000000003294587
1.0000000003208871
1.0000000003113612
1.0000000003009011
1.0000000002895295
1.0000000002772720
1.0000000002641558
1.0000000002502101
1.0000000002354668
1.0000000002199596
1.0000000002037253
1.0000000001868017
1.0000000001692284
1.0000000001510463
1.0000000001322962
1.0000000001130211
1.0000000000932658
1.0000000000730764
1.0000000000525013
1.0000000000315885
1.0000000000103861
0.9999999999889450
0.9999999999673165
0.9999999999455518
0.9999999999237038
0.9999999999018259
0.9999999998799719
0.9999999998581944
0.9999999998365465
0.9999999998150804
0.9999999997938483
0.9999999997729015
0.9999999997522905
0.9999999997320662
0.9999999997122789
0.9999999996929790
0.9999999996742162
0.9999999996560377
0.9999999996384892
0.9999999996216140
0.9999999996054543
0.9999999995900510
0.9999999995754426
0.9999999995616662
0.9999999995487580
0.9999999995367522
0.9999999995256799
0.9999999995155707
0.9999999995064512
0.9999999994983465
0.9999999994912803
0.9999999994852740
0.9999999994803451
0.9999999994765093
0.9999999994737784
0.9999999994721632
0.9999999994716723
0.9999999994723099
0.9999999994740781
0.9999999994769767
0.9999999994810034
0.9999999994861516
0.9999999994924131
0.9999999994997785
0.9999999995082344
0.9999999995177653
0.9999999995283533
0.9999999995399791
0.9999999995526193
0.9999999995662482
0.9999999995808381
0.9999999995963593
0.9999999996127804
0.9999999996300679
0.9999999996481865
0.9999999996670983
0.9999999996867633
0.9999999997071405
0.9999999997281867
0.9999999997498558
0.9999999997720991
0.9999999997948680
0.9999999998181131
0.9999999998417834
0.9999999998658279
0.9999999998901928
0.9999999999148264
0.9999999999396757
0.9999999999646861
0.9999999999898024
1.0000000000149694
1.0000000000401330
1.0000000000652389
1.0000000000902336
1.0000000001150626
1.0000000001396714
1.0000000001640059
1.0000000001880134
1.0000000002116418
1.0000000002348408
1.0000000002575606
1.0000000002797520
1.0000000003013667
1.0000000003223588
1.0000000003426832
1.0000000003622962
1.0000000003811558
1.0000000003992227
1.0000000004164578
1.0000000004328249
1.0000000004482887
1.0000000004628173
1.0000000004763796
1.0000000004889469
1.0000000005004930
1.0000000005109952
1.0000000005204339
1.0000000005287923
1.0000000005360554
1.0000000005422092
1.0000000005472414
1.0000000005511429
1.0000000005539085
1.0000000005555352
1.0000000005560237
1.0000000005553766
1.0000000005535985
1.0000000005506973
1.0000000005466834
1.0000000005415697
1.0000000005353711
