1.0001771239278867
1.0001748917522628
1.0001722428153688
1.0001691834613584
1.0001657210139876
1.0001618637591561
1.0001576209251530
1.0001530026606580
1.0001480200105461
1.0001426848895572
1.0001370100538884
1.0001310090707811
1.0001246962861692
1.0001180867904667
1.0001111963825793
1.0001040415322182
1.0000966393406159
1.0000890074997246
1.0000811642500045
1.0000731283368935
1.0000649189660709
1.0000565557576120
1.0000480586991494
1.0000394480981483
1.0000307445334109
1.0000219688059249
1.0000131418891762
1.0000042848790391
0.9999954189433661
0.9999865652714001
0.9999777450231248
0.9999689792786778
0.9999602889879473
0.9999516949204708
0.9999432176157589
0.9999348773341624
0.9999266940083963
0.9999186871958431
0.9999108760317480
0.9999032791834155
0.9998959148055235
0.9998888004966576
0.9998819532571680
0.9998753894484582
0.9998691247537975
0.9998631741407543
0.9998575518253410
0.9998522712379544
0.9998473449911982
0.9998427848496584
0.9998386017017146
0.9998348055334449
0.9998314054046973
0.9998284094273763
0.9998258247460059
0.9998236575206080
0.9998219129119420
0.9998205950691409
0.9998197071197759
0.9998192511623694
0.9998192282613768
0.9998196384446500
0.9998204807033838
0.9998217529945537
0.9998234522458310
0.9998255743629711
0.9998281142396491
0.9998310657697248
0.9998344218619067
0.9998381744567751
0.9998423145461267
0.9998468321945921
0.9998517165634779
0.9998569559367716
0.9998625377492477
0.9998684486166060
0.9998746743675684
0.9998812000778621
0.9998880101060010
0.9998950881307828
0.9999024171904097
0.9999099797231366
0.9999177576093533
0.9999257322149941
0.9999338844361745
0.9999421947449458
0.9999506432360564
0.9999592096746098
0.9999678735445037
0.9999766140975351
0.9999854104030538
0.9999942413980385
1.0000030859374840
1.0000119228449784
1.0000207309633449
1.0000294892052262
1.0000381766034983
1.0000467723613837
1.0000552559021518
1.0000636069182864
1.0000718054200013
1.0000798317829871
1.0000876667952820
1.0000952917031480
1.0001026882558468
1.0001098387492089
1.0001167260678909
1.0001233337262261
1.0001296459075610
1.0001356475019976
1.0001413241424417
1.0001466622388782
1.0001516490107838
1.0001562725176159
1.0001605216872875
1.0001643863425735
1.0001678572253825
1.0001709260188318
1.0001735853670823
1.0001758288928801
1.0001776512127660
1.0001790479499160
1.0001800157445826
1.0001805522621128
1.0001806561985238
1.0001803272836243
1.0001795662816702
1.0001783749895572
1.0001767562325512
1.0001747138575725
1.0001722527240422
1.0001693786923151
1.0001660986097292
1.0001624202943029
1.0001583525161151
1.0001539049764185
1.0001490882845301
1.0001439139325543
1.0001383942680007
1.0001325424643588
1.0001263724897012
1.0001198990733875
1.0001131376709502
1.0001061044272428
1.0000988161379387
1.0000912902094723
1.0000835446175163
1.0000755978640949
1.0000674689334348
1.0000591772466569
1.0000507426154202
1.0000421851946220
1.0000335254342745
1.0000247840306660
1.0000159818769239
1.0000071400130999
0.9999982795758967
0.9999894217481538
0.9999805877082109
0.9999717985792784
0.9999630753789268
0.9999544389688217
0.9999459100048215
0.9999375088875586
0.9999292557136248
0.9999211702274728
0.9999132717741538
0.9999055792530042
0.9998981110723910
0.9998908851056248
0.9998839186481495
0.9998772283761068
0.9998708303063809
0.9998647397582167
0.9998589713165024
0.9998535387968089
0.9998484552122660
0.9998437327423603
0.9998393827037290
0.9998354155230179
0.9998318407118687
0.9998286668440977
0.9998259015351250
0.9998235514236985
0.9998216221559589
0.9998201183718839
0.9998190436941456
0.9998184007194065
0.9998181910120755
0.9998184151005396
0.9998190724758803
0.9998201615930786
0.9998216798747052
0.9998236237170849
0.9998259884989256
0.9998287685923832
0.9998319573765416
0.9998355472532722
0.9998395296654389
0.9998438951173977
0.9998486331977502
0.9998537326042857
0.9998591811710587
0.9998649658975326
0.9998710729797220
0.9998774878432575
0.9998841951782901
0.9998911789761576
0.9998984225677189
0.9999059086632635
0.9999136193939047
0.9999215363543532
0.9999296406469650
0.9999379129269674
0.9999463334487447
0.9999548821130778
0.9999635385152194
0.9999722819936937
0.9999810916797053
0.9999899465470322
0.9999988254622888
1.0000077072354354
1.0000165706704156
1.0000253946158000
1.0000341580153131
1.0000428399581265
1.0000514197287920
1.0000598768567039
1.0000681911649683
1.0000763428185624
1.0000843123716696
1.0000920808140772
1.0000996296165279
1.0001069407749190
1.0001139968532426
1.0001207810251618
1.0001272771141265
1.0001334696319388
1.0001393438156678
1.0001448856628330
1.0001500819647720
1.0001549203381093
1.0001593892542582
1.0001634780668798
1.0001671770372373
1.0001704773573887
1.0001733711711576
1.0001758515928356
1.0001779127235735
1.0001795496654180
1.0001807585329663
1.0001815364626063
1.0001818816193246
1.0001817932010653
1.0001812714406269
1.0001803176050956
1.0001789339928127
1.0001771239278867
1.0001748917522628
1.0001722428153688
1.0001691834613584
