1.0763455699961577
1.0754610094107622
1.0744105331621894
1.0731958514127435
1.0718189518755663
1.0702821011939589
1.0685878464499736
1.0667390167770627
1.0647387250478153
1.0625903696038306
1.0602976359905532
1.0578644986554211
1.0552952225629539
1.0525943646754161
1.0497667752424460
1.0468175988375694
1.0437522750738175
1.0405765389248014
1.0372964205715867
1.0339182446896338
1.0304486290840096
1.0268944825751032
1.0232630020313367
1.0195616684399891
1.0157982419023621
1.0119807554353619
1.0081175074583157
1.0042170528417211
1.0002881923939022
0.9963399606624871
0.9923816119305164
0.9884226042921365
0.9844725817005276
0.9805413538912612
0.9766388740979317
0.9727752144939434
0.9689605393149032
0.9652050756403563
0.9615190818416178
0.9579128137341684
0.9543964885083290
0.9509802465503874
0.9476741113075853
0.9444879473937682
0.9414314171772510
0.9385139361376610
0.9357446273230526
0.9331322752812431
0.9306852798787624
0.9284116104556518
0.9263187607932039
0.9244137053932147
0.9227028575802229
0.9211920299414248
0.9198863976116596
0.9187904648925179
0.9179080356650451
0.9172421880148672
0.9167952534374649
0.9165688009307308
0.9165636262132477
0.9167797462316000
0.9172163990404421
0.9178720490571800
0.9187443976111618
0.9198303986275582
0.9211262792107382
0.9226275648229235
0.9243291086929177
0.9262251250381480
0.9283092256421456
0.9305744592994916
0.9330133536214144
0.9356179586874509
0.9383798920313329
0.9412903844617581
0.9443403262398242
0.9475203131634591
0.9508206921437796
0.9542316058975864
0.9577430364227325
0.9613448469675961
0.9650268222510664
0.9687787067342646
0.9725902407886864
0.9764511946468043
0.9803514000597504
0.9842807796221127
0.9882293737557458
0.9921873653726898
0.9961451022617290
1.0000931172638778
1.0040221463192509
1.0079231444815908
1.0117873000073891
1.0156060466343650
1.0193710741693109
1.0230743375083051
1.0267080642133239
1.0302647607686108
1.0337372176381148
1.0371185132420977
1.0404020169668660
1.0435813913167655
1.0466505933121892
1.0496038752316308
1.0524357847898524
1.0551411648381734
1.0577151526668069
1.0601531789831646
1.0624509666341653
1.0646045291348829
1.0666101690603766
1.0684644763523008
1.0701643265868819
1.0717068792461211
1.0730895760295776
1.0743101392398706
1.0753665702710344
1.0762571482250960
1.0769804286786864
1.0775352426181126
1.0779206955581195
1.0781361668564917
1.0781813092336905
1.0780560485038593
1.0777605835207174
1.0772953863390990
1.0766612025901239
1.0758590520652060
1.0748902295012766
1.0737563055566874
1.0724591279642586
1.0710008228447987
1.0693837961611397
1.0676107352892690
1.0656846106794839
1.0636086775766229
1.0613864777643123
1.0590218412938266
1.0565188881535441
1.0538820298301088
1.0511159707072977
1.0482257092432059
1.0452165388607744
1.0420940484808845
1.0388641226212785
1.0355329409785177
1.0321069774040850
1.0285929981797022
1.0249980594910548
1.0213295039935171
1.0175949563583140
1.0138023176830078
1.0099597586464466
1.0060757112855927
1.0021588592701887
0.9982181265512942
0.9942626642616080
0.9903018357494880
0.9863451996349657
0.9824024907851666
0.9784835991186323
0.9745985461633891
0.9707574593124255
0.9669705437427143
0.9632480519901100
0.9596002512024018
0.9560373881263732
0.9525696519217016
0.9492071349345186
0.9459597916059417
0.9428373957351469
0.9398494963617404
0.9370053725772874
0.9343139876196667
0.9317839426452066
0.9294234306109200
0.9272401907311957
0.9252414639986499
0.9234339502761533
0.9218237674751871
0.9204164133336676
0.9192167302935020
0.9182288739540665
0.9174562855424997
0.9169016687955693
0.9165669715917178
0.9164533726068655
0.9165612731952421
0.9168902946187271
0.9174392806670021
0.9182063056284844
0.9191886874907652
0.9203830061713805
0.9217851265072315
0.9233902256657467
0.9251928245844401
0.9271868229991120
0.9293655375853306
0.9317217427134376
0.9342477133041516
0.9369352692695309
0.9397758210319270
0.9427604156306361
0.9458797829510884
0.9491243816432963
0.9524844443335216
0.9559500217742982
0.9595110256217253
0.9631572695740209
0.9668785086505218
0.9706644764346167
0.9745049201466462
0.9783896334528704
0.9823084869536713
0.9862514563278290
0.9902086481397636
0.9941703233429299
0.9981269185351301
1.0020690650404305
1.0059876059077895
1.0098736109287114
1.0137183897853976
1.0175135034473457
1.0212507739383949
1.0249222925981587
1.0285204269618982
1.0320378263814869
1.0354674265074060
1.0388024527479998
1.0420364228176897
1.0451631484806938
1.0481767365912258
1.0510715895252631
1.0538424050929367
1.0564841760145134
1.0589921890368645
1.0613620237613623
1.0635895512483435
1.0656709324576705
1.0676026165795414
1.0693813393045826
1.0710041210773691
1.0724682653729101
1.0737713570312719
1.0749112606814055
1.0758861192813636
1.0766943527984330
1.0773346570492375
1.0778060027165901
1.0781076345567200
1.0782390708075118
1.0782001028054715
1.0779907948163137
1.0776114840812780
1.0770627810785194
1.0763455699961577
1.0754610094107622
1.0744105331621894
1.0731958514127435
