1.0023259807481983
1.0022966069545556
1.0022617642050053
1.0022215349847190
1.0021760145276477
1.0021253105985266
1.0020695432460029
1.0020088445273720
1.0019433582054718
1.0018732394183414
1.0017986543223092
1.0017197797092319
1.0016368025986642
1.0015499198057940
1.0014593374860323
1.0013652706572091
1.0012679427003728
1.0011675848402453
1.0010644356064369
1.0009587402765781
1.0008507503025730
1.0007407227212231
1.0006289195505194
1.0005156071729420
1.0004010557071468
1.0002855383694631
1.0001693308266544
1.0000527105414314
0.9999359561122392
0.9998193466088644
0.9997031609054353
0.9995876770124020
0.9994731714091072
0.9993599183785694
0.9992481893461074
0.9991382522234377
0.9990303707598802
0.9989248039023050
0.9988218051654367
0.9987216220141256
0.9986244952591736
0.9985306584682804
0.9984403373936444
0.9983537494177253
0.9982711030186336
0.9981925972565674
0.9981184212826772
0.9980487538716720
0.9979837629794405
0.9979236053268874
0.9978684260111246
0.9978183581450841
0.9977735225265486
0.9977340273375113
0.9976999678747036
0.9976714263120456
0.9976484714956764
0.9976311587721440
0.9976195298502313
0.9976136126968105
0.9976134214670213
0.9976189564689637
0.9976302041630100
0.9976471371957366
0.9976697144683794
0.9976978812396200
0.9977315692624139
0.9977706969544731
0.9978151696019286
0.9978648795955992
0.9979197066992086
0.9979795183488012
0.9980441699825273
0.9981135053998825
0.9981873571494070
0.9982655469437846
0.9983478861012046
0.9984341760117867
0.9985242086278032
0.9986177669763773
0.9987146256932861
0.9988145515764461
0.9989173041576216
0.9990226362908470
0.9991302947560297
0.9992400208761739
0.9993515511466292
0.9994646178747651
0.9995789498284473
0.9996942728916863
0.9998103107258246
0.9999267854346269
1.0000434182316458
1.0001599301082413
1.0002760425006452
1.0003914779544794
1.0005059607851494
1.0006192177325766
1.0007309786087351
1.0008409769365145
1.0009489505784441
1.0010546423538556
1.0011578006431090
1.0012581799775355
1.0013555416137960
1.0014496540914086
1.0015402937722375
1.0016272453607800
1.0017103024041538
1.0017892677707236
1.0018639541063659
1.0019341842674245
1.0019997917294601
1.0020606209709617
1.0021165278312349
1.0021673798417392
1.0022130565302159
1.0022534496969917
1.0022884636629099
1.0023180154883955
1.0023420351632231
1.0023604657666139
1.0023732635973488
1.0023803982736412
1.0023818528025741
1.0023776236189661
1.0023677205935904
1.0023521670107325
1.0023309995151288
1.0023042680283909
1.0022720356350732
1.0022343784386143
1.0021913853874300
1.0021431580714983
1.0020898104898384
1.0020314687893455
1.0019682709754980
1.0019003665955182
1.0018279163946151
1.0017510919460091
1.0016700752554859
1.0015850583412882
1.0014962427902088
1.0014038392908038
1.0013080671447008
1.0012091537570282
1.0011073341070422
1.0010028502000878
1.0008959505020676
1.0007868893576501
1.0006759263934939
1.0005633259077982
1.0004493562475512
1.0003342891748694
1.0002183992238678
1.0001019630495387
0.9999852587701402
0.9998685653046296
0.9997521617066998
0.9996363264970050
0.9995213369951725
0.9994074686532186
0.9992949943919893
0.9991841839422656
0.9990753031921634
0.9989686135424650
0.9988643712715054
0.9987628269112262
0.9986642246359978
0.9985688016657919
0.9984767876852464
0.9983884042801542
0.9983038643928569
0.9982233717979875
0.9981471205999620
0.9980752947535706
0.9980080676089641
0.9979456014822662
0.9978880472529928
0.9978355439893708
0.9977882186025930
0.9977461855309657
0.9977095464548255
0.9976783900430144
0.9976527917316251
0.9976328135356329
0.9976185038939449
0.9976098975483015
0.9976070154563699
0.9976098647392725
0.9976184386637048
0.9976327166586861
0.9976526643668969
0.9976782337304627
0.9977093631109382
0.9977459774431552
0.9977879884225028
0.9978352947251139
0.9978877822603447
0.9979453244548347
0.9980077825673664
0.9980750060336432
0.9981468328400357
0.9982230899252688
0.9983035936089467
0.9983881500457453
0.9984765557040403
0.9985685978676758
0.9986640551595303
0.9987626980854762
0.9988642895972962
0.9989685856730668
0.9990753359134916
0.9991842841526317
0.9992951690814571
0.9994077248826208
0.9995216818748428
0.9996367671652797
0.9997527053082391
0.9998692189686154
0.9999860295884064
1.0001028580546876
1.0002194253674250
1.0003354533055326
1.0004506650895857
1.0005647860396332
1.0006775442265703
1.0007886711155691
1.0008979022000934
1.0010049776250516
1.0011096427976944
1.0012116489848888
1.0013107538954511
1.0014067222462615
1.0014993263109326
1.0015883464498505
1.0016735716204541
1.0017547998666734
1.0018318387864977
1.0019045059767029
1.0019726294538085
1.0020360480504040
1.0020946117860363
1.0021481822119018
1.0021966327286520
1.0022398488766722
1.0022777285982585
1.0023101824711642
1.0023371339130593
1.0023585193564999
1.0023742883940643
1.0023844038933705
1.0023888420817475
1.0023875926004024
1.0023806585279704
1.0023680563734052
1.0023498160382274
1.0023259807481983
1.0022966069545556
1.0022617642050053
1.0022215349847190
