1.0011030719494840
1.0010891349080233
1.0010726017472136
1.0010535118446295
1.0010319106592216
1.0010078496248156
1.0009813860295782
1.0009525828817041
1.0009215087616290
1.0008882376610906
1.0008528488093942
1.0008154264872662
1.0007760598287152
1.0007348426113376
1.0006918730355365
1.0006472534931559
1.0006010903260401
1.0005534935750744
1.0005045767202709
1.0004544564124889
1.0004032521974087
1.0003510862323852
1.0002980829968371
1.0002443689968394
1.0001900724646049
1.0001353230535550
1.0000802515296949
1.0000249894600142
0.9999696688986504
0.9999144220715636
0.9998593810604658
0.9998046774867643
0.9997504421962737
0.9996968049454631
0.9996438940899879
0.9995918362762726
0.9995407561368941
0.9994907759905082
0.9994420155470621
0.9993945916190196
0.9993486178393076
0.9993042043866975
0.9992614577192980
0.9992204803168260
0.9991813704323108
0.9991442218538495
0.9991091236770225
0.9990761600885389
0.9990454101616709
0.9990169476639869
0.9989908408778843
0.9989671524343762
0.9989459391605614
0.9989272519411716
0.9989111355945487
0.9988976287633702
0.9988867638204088
0.9988785667895724
0.9988730572824249
0.9988702484503511
0.9988701469524934
0.9988727529395409
0.9988780600534127
0.9988860554428400
0.9988967197948023
0.9989100273817390
0.9989259461244121
0.9989444376702588
0.9989654574870277
0.9989889549714595
0.9990148735727327
0.9990431509303520
0.9990737190261259
0.9991065043498394
0.9991414280782072
0.9991784062666343
0.9992173500533061
0.9992581658750807
0.9993007556946366
0.9993450172383044
0.9993908442439711
0.9994381267184403
0.9994867512035988
0.9995366010507213
0.9995875567022341
0.9996394959802283
0.9996922943810160
0.9997458253749978
0.9997999607111030
0.9998545707250631
0.9999095246507586
0.9999646909338851
1.0000199375471788
1.0000751323064425
1.0001301431866159
1.0001848386371281
1.0002390878957901
1.0002927613004742
1.0003457305978516
1.0003978692484612
1.0004490527273919
1.0004991588198822
1.0005480679111469
1.0005956632697668
1.0006418313239815
1.0006864619302593
1.0007294486335212
1.0007706889184371
1.0008100844512176
1.0008475413113571
1.0008829702128070
1.0009162867140802
1.0009474114168202
1.0009762701523912
1.0010027941560691
1.0010269202284521
1.0010485908837348
1.0010677544845146
1.0010843653628343
1.0010983839271943
1.0011097767553008
1.0011185166723462
1.0011245828146502
1.0011279606785244
1.0011286421542474
1.0011266255450839
1.0011219155713000
1.0011145233591692
1.0011044664149951
1.0010917685842009
1.0010764599955804
1.0010585769908322
1.0010381620395283
1.0010152636397041
1.0009899362042900
1.0009622399336324
1.0009322406743837
1.0009000097650744
1.0008656238687079
1.0008291647927479
1.0007907192968992
1.0007503788891121
1.0007082396102587
1.0006644018079758
1.0006189699001673
1.0005720521287131
1.0005237603039350
1.0004742095404007
1.0004235179846699
1.0003718065356038
1.0003191985578797
1.0002658195893754
1.0002117970430973
1.0001572599043453
1.0001023384238259
1.0000471638074278
0.9999918679033960
0.9999365828876386
0.9998814409479171
0.9998265739676726
0.9997721132102437
0.9997181890042384
0.9996649304308179
0.9996124650136521
0.9995609184122989
0.9995104141197632
0.9994610731649717
0.9994130138208988
0.9993663513190654
0.9993211975711207
0.9992776608981971
0.9992358457687209
0.9991958525453296
0.9991577772415375
0.9991217112887635
0.9990877413143069
0.9990559489308424
0.9990264105379612
0.9989991971362719
0.9989743741545348
0.9989520012902693
0.9989321323642493
0.9989148151892548
0.9989000914534257
0.9988879966185132
0.9988785598332964
0.9988718038623808
0.9988677450305711
0.9988663931829563
0.9988677516608188
0.9988718172934204
0.9988785804056945
0.9988880248418166
0.9989001280045999
0.9989148609106087
0.9989321882608496
0.9989520685268550
0.9989744540519396
0.9989992911673626
0.9990265203231019
0.9990560762328967
0.9990878880331918
0.9991218794555708
0.9991579690122369
0.9991960701940671
0.9992360916807352
0.9992779375623678
0.9993215075721715
0.9993666973294397
0.9994133985923279
0.9994614995197634
0.9995108849418276
0.9995614366379372
0.9996130336221286
0.9996655524347444
0.9997188674397931
0.9997728511272507
0.9998273744195676
0.9998823069816229
0.9999375175333753
0.9999928741644556
1.0000482446499361
1.0001034967665192
1.0001584986083876
1.0002131189019621
1.0002672273188233
1.0003206947860512
1.0003733937932553
1.0004251986955741
1.0004759860119370
1.0005256347178981
1.0005740265323571
1.0006210461975087
1.0006665817513842
1.0007105247923496
1.0007527707349650
1.0007932190566240
1.0008317735344099
1.0008683424716402
1.0009028389135894
1.0009351808519018
1.0009652914172438
1.0009930990597631
1.0010185377169576
1.0010415469685792
1.0010620721782273
1.0010800646213258
1.0010954815991995
1.0011082865389971
1.0011184490792473
1.0011259451408552
1.0011307569833860
1.0011328732465121
1.0011322889765342
1.0011290056379176
1.0011230311098214
1.0011143796676234
1.0011030719494840
1.0010891349080233
1.0010726017472136
1.0010535118446295
