1.0000003400139517
1.0000003359527037
1.0000003311054166
1.0000003254839198
1.0000003191018829
1.0000003119747836
1.0000003041198704
1.0000002955561207
1.0000002863041955
1.0000002763863900
1.0000002658265799
1.0000002546501638
1.0000002428840047
1.0000002305563629
1.0000002176968292
1.0000002043362541
1.0000001905066747
1.0000001762412369
1.0000001615741185
1.0000001465404449
1.0000001311762050
1.0000001155181673
1.0000000996037901
1.0000000834711311
1.0000000671587592
1.0000000507056626
1.0000000341511543
1.0000000175347772
1.0000000008962093
0.9999999842751708
0.9999999677113279
0.9999999512441995
0.9999999349130603
0.9999999187568483
0.9999999028140705
0.9999998871227123
0.9999998717201475
0.9999998566430489
0.9999998419273011
0.9999998276079136
0.9999998137189370
0.9999998002933819
0.9999997873631390
0.9999997749589051
0.9999997631101097
0.9999997518448441
0.9999997411897951
0.9999997311701790
0.9999997218096839
0.9999997131304132
0.9999997051528327
0.9999996978957204
0.9999996913761209
0.9999996856093074
0.9999996806087456
0.9999996763860600
0.9999996729510069
0.9999996703114526
0.9999996684733541
0.9999996674407445
0.9999996672157231
0.9999996677984505
0.9999996691871488
0.9999996713781061
0.9999996743656860
0.9999996781423431
0.9999996826986394
0.9999996880232663
0.9999996941030724
0.9999997009230959
0.9999997084666004
0.9999997167151145
0.9999997256484768
0.9999997352448844
0.9999997454809447
0.9999997563317325
0.9999997677708498
0.9999997797704882
0.9999997923014962
0.9999998053334487
0.9999998188347217
0.9999998327725660
0.9999998471131858
0.9999998618218220
0.9999998768628338
0.9999998921997844
0.9999999077955302
0.9999999236123081
0.9999999396118255
0.9999999557553525
0.9999999720038145
0.9999999883178867
1.0000000046580897
1.0000000209848825
1.0000000372587570
1.0000000534403328
1.0000000694904538
1.0000000853702797
1.0000001010413797
1.0000001164658239
1.0000001316062745
1.0000001464260779
1.0000001608893490
1.0000001749610579
1.0000001886071161
1.0000002017944594
1.0000002144911238
1.0000002266663235
1.0000002382905235
1.0000002493355111
1.0000002597744637
1.0000002695820138
1.0000002787343081
1.0000002872090668
1.0000002949856364
1.0000003020450390
1.0000003083700191
1.0000003139450828
1.0000003187565374
1.0000003227925240
1.0000003260430457
1.0000003284999899
1.0000003301571494
1.0000003310102390
1.0000003310569037
1.0000003302967257
1.0000003287312242
1.0000003263638535
1.0000003231999943
1.0000003192469415
1.0000003145138858
1.0000003090118916
1.0000003027538731
1.0000002957545602
1.0000002880304664
1.0000002795998486
1.0000002704826638
1.0000002607005205
1.0000002502766270
1.0000002392357366
1.0000002276040894
1.0000002154093484
1.0000002026805339
1.0000001894479549
1.0000001757431360
1.0000001615987437
1.0000001470485056
1.0000001321271312
1.0000001168702282
1.0000001013142179
1.0000000854962503
1.0000000694541120
1.0000000532261377
1.0000000368511186
1.0000000203682091
1.0000000038168320
0.9999999872365867
0.9999999706671535
0.9999999541481986
0.9999999377192791
0.9999999214197480
0.9999999052886605
0.9999998893646799
0.9999998736859865
0.9999998582901862
0.9999998432142214
0.9999998284942816
0.9999998141657160
0.9999998002629479
0.9999997868193934
0.9999997738673817
0.9999997614380783
0.9999997495614109
0.9999997382659971
0.9999997275790747
0.9999997175264380
0.9999997081323748
0.9999996994196090
0.9999996914092442
0.9999996841207153
0.9999996775717417
0.9999996717782843
0.9999996667545060
0.9999996625127391
0.9999996590634558
0.9999996564152431
0.9999996545747810
0.9999996535468264
0.9999996533342024
0.9999996539377914
0.9999996553565312
0.9999996575874177
0.9999996606255135
0.9999996644639588
0.9999996690939865
0.9999996745049426
0.9999996806843121
0.9999996876177498
0.9999996952891135
0.9999997036805023
0.9999997127722993
0.9999997225432179
0.9999997329703518
0.9999997440292304
0.9999997556938776
0.9999997679368742
0.9999997807294219
0.9999997940414120
0.9999998078414958
0.9999998220971604
0.9999998367748065
0.9999998518398271
0.9999998672566900
0.9999998829890253
0.9999998989997103
0.9999999152509561
0.9999999317044014
0.9999999483211995
0.9999999650621143
0.9999999818876120
0.9999999987579571
1.0000000156333055
1.0000000324738001
1.0000000492396663
1.0000000658913049
1.0000000823893880
1.0000000986949531
1.0000001147694950
1.0000001305750572
1.0000001460743233
1.0000001612307059
1.0000001760084340
1.0000001903726370
1.0000002042894276
1.0000002177259839
1.0000002306506268
1.0000002430328963
1.0000002548436231
1.0000002660549985
1.0000002766406395
1.0000002865756550
1.0000002958367025
1.0000003044020429
1.0000003122515941
1.0000003193669778
1.0000003257315624
1.0000003313305046
1.0000003361507832
1.0000003401812310
1.0000003434125599
1.0000003458373847
1.0000003474502384
1.0000003482475863
1.0000003482278355
1.0000003473913355
1.0000003457403799
1.0000003432791997
1.0000003400139517
1.0000003359527037
1.0000003311054166
1.0000003254839198
