1.0000000084255842
1.0000000083387912
1.0000000082334017
1.0000000081096856
1.0000000079679567
1.0000000078085702
1.0000000076319229
1.0000000074384523
1.0000000072286352
1.0000000070029862
1.0000000067620560
1.0000000065064327
1.0000000062367389
1.0000000059536294
1.0000000056577902
1.0000000053499369
1.0000000050308131
1.0000000047011881
1.0000000043618555
1.0000000040136308
1.0000000036573493
1.0000000032938663
1.0000000029240539
1.0000000025487976
1.0000000021689956
1.0000000017855550
1.0000000013993902
1.0000000010114223
1.0000000006225751
1.0000000002337726
0.9999999998459397
0.9999999994599964
0.9999999990768582
0.9999999986974328
0.9999999983226184
0.9999999979533013
0.9999999975903527
0.9999999972346286
0.9999999968869668
0.9999999965481859
0.9999999962190824
0.9999999959004292
0.9999999955929720
0.9999999952974298
0.9999999950144915
0.9999999947448162
0.9999999944890295
0.9999999942477232
0.9999999940214537
0.9999999938107409
0.9999999936160674
0.9999999934378765
0.9999999932765701
0.9999999931325095
0.9999999930060137
0.9999999928973597
0.9999999928067804
0.9999999927344656
0.9999999926805602
0.9999999926451657
0.9999999926283367
0.9999999926300854
0.9999999926503778
0.9999999926891356
0.9999999927462352
0.9999999928215095
0.9999999929147472
0.9999999930256933
0.9999999931540497
0.9999999932994756
0.9999999934615899
0.9999999936399724
0.9999999938341628
0.9999999940436629
0.9999999942679350
0.9999999945064063
0.9999999947584710
0.9999999950234918
0.9999999953007995
0.9999999955896935
0.9999999958894455
0.9999999961993008
0.9999999965184809
0.9999999968461850
0.9999999971815922
0.9999999975238628
0.9999999978721421
0.9999999982255604
0.9999999985832351
0.9999999989442736
0.9999999993077744
0.9999999996728307
1.0000000000385325
1.0000000004039693
1.0000000007682310
1.0000000011304091
1.0000000014896016
1.0000000018449111
1.0000000021954518
1.0000000025403490
1.0000000028787421
1.0000000032097862
1.0000000035326544
1.0000000038465395
1.0000000041506558
1.0000000044442423
1.0000000047265636
1.0000000049969104
1.0000000052546034
1.0000000054989933
1.0000000057294633
1.0000000059454299
1.0000000061463452
1.0000000063316969
1.0000000065010113
1.0000000066538539
1.0000000067898307
1.0000000069085881
1.0000000070098136
1.0000000070932382
1.0000000071586344
1.0000000072058197
1.0000000072346544
1.0000000072450459
1.0000000072369446
1.0000000072103463
1.0000000071652915
1.0000000071018647
1.0000000070201953
1.0000000069204578
1.0000000068028707
1.0000000066676944
1.0000000065152339
1.0000000063458367
1.0000000061598908
1.0000000059578242
1.0000000057401051
1.0000000055072404
1.0000000052597748
1.0000000049982869
1.0000000047233897
1.0000000044357296
1.0000000041359844
1.0000000038248626
1.0000000035030996
1.0000000031714575
1.0000000028307212
1.0000000024816984
1.0000000021252187
1.0000000017621293
1.0000000013932957
1.0000000010195982
1.0000000006419305
1.0000000002611944
0.9999999998783003
0.9999999994941645
0.9999999991097074
0.9999999987258515
0.9999999983435213
0.9999999979636374
0.9999999975871161
0.9999999972148654
0.9999999968477832
0.9999999964867560
0.9999999961326561
0.9999999957863405
0.9999999954486488
0.9999999951204013
0.9999999948023971
0.9999999944954109
0.9999999942001913
0.9999999939174598
0.9999999936479081
0.9999999933921979
0.9999999931509587
0.9999999929247876
0.9999999927142458
0.9999999925198586
0.9999999923421129
0.9999999921814559
0.9999999920382940
0.9999999919129930
0.9999999918058765
0.9999999917172254
0.9999999916472777
0.9999999915962278
0.9999999915642251
0.9999999915513756
0.9999999915577378
0.9999999915833242
0.9999999916281034
0.9999999916919983
0.9999999917748872
0.9999999918766040
0.9999999919969377
0.9999999921356315
0.9999999922923866
0.9999999924668613
0.9999999926586726
0.9999999928673958
0.9999999930925657
0.9999999933336776
0.9999999935901897
0.9999999938615244
0.9999999941470692
0.9999999944461768
0.9999999947581674
0.9999999950823312
0.9999999954179304
0.9999999957641994
0.9999999961203472
0.9999999964855592
0.9999999968590000
0.9999999972398146
0.9999999976271307
0.9999999980200607
0.9999999984177029
0.9999999988191444
0.9999999992234631
0.9999999996297310
1.0000000000370139
1.0000000004443765
1.0000000008508820
1.0000000012555952
1.0000000016575850
1.0000000020559272
1.0000000024497064
1.0000000028380174
1.0000000032199687
1.0000000035946837
1.0000000039613024
1.0000000043189834
1.0000000046669082
1.0000000050042799
1.0000000053303266
1.0000000056443030
1.0000000059454930
1.0000000062332093
1.0000000065067964
1.0000000067656325
1.0000000070091313
1.0000000072367421
1.0000000074479527
1.0000000076422888
1.0000000078193170
1.0000000079786437
1.0000000081199170
1.0000000082428284
1.0000000083471132
1.0000000084325491
1.0000000084989569
1.0000000085462042
1.0000000085742038
1.0000000085829126
1.0000000085723337
1.0000000085425160
1.0000000084935534
1.0000000084255842
1.0000000083387912
1.0000000082334017
1.0000000081096856
