1.1548596694615725
1.1532347431406542
1.1513027160805376
1.1490654546631376
1.1465251421771960
1.1436842869723689
1.1405457318013004
1.1371126643706655
1.1333886291231128
1.1293775402723254
1.1250836961128621
1.1205117946249266
1.1156669503915082
1.1105547128412099
1.1051810858242956
1.0995525485217326
1.0936760776769019
1.0875591711268640
1.0812098725941024
1.0746367976800593
1.0678491609779699
1.0608568041939093
1.0536702251309318
1.0463006073510752
1.0387598502830793
1.0310605994893138
1.0232162767429427
1.0152411094952307
1.0071501592327448
0.9989593481347926
0.9906854833429626
0.9823462780476114
0.9739603684817726
0.9655473257930778
0.9571276616416881
0.9487228262507912
0.9403551975210847
0.9320480597183824
0.9238255701622029
0.9157127122926282
0.9077352334841007
0.8999195660206296
0.8922927297604699
0.8848822152131517
0.8777158460402682
0.8708216203841060
0.8642275309315075
0.8579613642353311
0.8520504805360621
0.8465215761359560
0.8414004312516089
0.8367116471710868
0.8324783774213206
0.8287220584543338
0.8254621460256952
0.8227158639033849
0.8204979717533274
0.8188205589541866
0.8176928706714917
0.8171211717656475
0.8171086530418071
0.8176553830201967
0.8187583068850796
0.8204112926486917
0.8226052229424018
0.8253281293204369
0.8285653646219966
0.8322998078581439
0.8365120953199077
0.8411808711666431
0.8462830506458856
0.8517940892914787
0.8576882519013125
0.8639388757532536
0.8705186233159274
0.8773997205884138
0.8845541781033198
0.8919539925032548
0.8995713274140045
0.9073786730622718
0.9153489847056778
0.9234558004510020
0.9316733394341147
0.9399765816280082
0.9483413307440357
0.9567442618083871
0.9651629550443505
0.9735759176844275
0.9819625952874135
0.9903033740554136
0.9985795755442405
1.0067734450459200
1.0148681348007487
1.0228476830737154
1.0306969900100433
1.0384017910699253
1.0459486287351736
1.0533248230816188
1.0605184417212858
1.0675182695378060
1.0743137785670136
1.0808950983118424
1.0872529867259177
1.0933788020530260
1.0992644756692314
1.1049024860401289
1.1102858338768993
1.1154080185508308
1.1202630158061859
1.1248452567951759
1.1291496084458916
1.1331713551638281
1.1369061818597894
1.1403501582910858
1.1434997246987522
1.1463516787207626
1.1489031635596250
1.1511516573821734
1.1530949639296235
1.1547312043168649
1.1560588100014666
1.1570765169047925
1.1577833606699235
1.1581786730436681
1.1582620793727312
1.1580334972070818
1.1574931360066150
1.1566414979503414
1.1554793798504601
1.1540078761767942
1.1522283832000766
1.1501426042654794
1.1477525562104940
1.1450605769437256
1.1420693342033272
1.1387818355155326
1.1352014393750078
1.1313318676693789
1.1271772193701939
1.1227419855115770
1.1180310654757448
1.1130497846011955
1.1078039131244608
1.1022996864595884
1.0965438268106427
1.0905435661011147
1.0843066701898112
1.0778414643250533
1.0711568597673600
1.0642623814846279
1.0571681967925379
1.0498851447758695
1.0424247662828867
1.0347993342342878
1.0270218839297383
1.0191062429680948
1.0110670603216179
1.0029198340194345
0.9946809368012369
0.9863676389989832
0.9779981277930908
0.9695915218717406
0.9611678803997649
0.9527482050804691
0.9443544339741529
0.9360094256268942
0.9277369319697192
0.9195615583805602
0.9115087092699182
0.9036045175679088
0.8958757565683980
0.8883497327387909
0.8810541583449613
0.8740170030814722
0.8672663243463771
0.8608300763615421
0.8547358990111006
0.8490108880414893
0.8436813491157513
0.8387725391108179
0.8343083989467429
0.8303112830890395
0.8268016916098104
0.8237980112676181
0.8213162724095701
0.8193699285599919
0.8179696653013757
0.8171232444589424
0.8168353886789513
0.8171077102784433
0.8179386868014592
0.8193236841260729
0.8212550263239226
0.8237221098803843
0.8267115584355256
0.8302074129860838
0.8341913515587093
0.8386429317608982
0.8435398493480250
0.8488582059971983
0.8545727798148881
0.8606572926738350
0.8670846692153559
0.8738272832031557
0.8808571878144129
0.8881463273506855
0.8956667287022376
0.9033906716727471
0.9112908379460267
0.9193404390412016
0.9275133240550720
0.9357840683339996
0.9441280444612336
0.9525214771007620
0.9609414833187236
0.9693661000217000
0.9777743001209341
0.9861459989646565
0.9944620524878425
1.0027042484189039
1.0108552917633964
1.0188987856617344
1.0268192085956933
1.0346018888004307
1.0422329766272793
1.0496994154991044
1.0569889120054923
1.0640899055997239
1.0709915382834221
1.0776836245976136
1.0841566221802397
1.0904016030992609
1.0964102261268029
1.1021747100825559
1.1076878083432120
1.1129427845884270
1.1179333898320121
1.1226538407692255
1.1270987994566153
1.1312633543293986
1.1351430025524121
1.1387336336938854
1.1420315147063314
1.1450332761954358
1.1477358999557179
1.1501367077506961
1.1522333513151699
1.1540238035578605
1.1555063509438748
1.1566795870381938
1.1575424071935341
1.1580940043683763
1.1583338660636660
1.1582617723695852
1.1578777951168098
1.1571822981297772
1.1561759385826225
1.1548596694615725
1.1532347431406542
1.1513027160805376
1.1490654546631376
