1.0000003672763320
1.0000003628827221
1.0000003576396248
1.0000003515598292
1.0000003446581136
1.0000003369512096
1.0000003284577632
1.0000003191982889
1.0000003091951206
1.0000002984723577
1.0000002870558085
1.0000002749729284
1.0000002622527540
1.0000002489258328
1.0000002350241510
1.0000002205810561
1.0000002056311783
1.0000001902103468
1.0000001743555054
1.0000001581046221
1.0000001414965993
1.0000001245711807
1.0000001073688565
1.0000000899307662
1.0000000722986007
1.0000000545145005
1.0000000366209585
1.0000000186607159
1.0000000006766605
0.9999999827117253
0.9999999648087867
0.9999999470105592
0.9999999293594958
0.9999999118976848
0.9999998946667490
0.9999998777077476
0.9999998610610789
0.9999998447663814
0.9999998288624408
0.9999998133870964
0.9999997983771512
0.9999997838682855
0.9999997698949696
0.9999997564903831
0.9999997436863350
0.9999997315131879
0.9999997199997855
0.9999997091733823
0.9999996990595792
0.9999996896822622
0.9999996810635472
0.9999996732237281
0.9999996661812269
0.9999996599525510
0.9999996545522534
0.9999996499928980
0.9999996462850287
0.9999996434371445
0.9999996414556809
0.9999996403449936
0.9999996401073483
0.9999996407429163
0.9999996422497738
0.9999996446239064
0.9999996478592196
0.9999996519475531
0.9999996568787015
0.9999996626404377
0.9999996692185421
0.9999996765968376
0.9999996847572289
0.9999996936797464
0.9999997033425939
0.9999997137222008
0.9999997247932794
0.9999997365288827
0.9999997489004718
0.9999997618779830
0.9999997754299017
0.9999997895233360
0.9999998041240977
0.9999998191967840
0.9999998347048614
0.9999998506107550
0.9999998668759361
0.9999998834610168
0.9999999003258419
0.9999999174295875
0.9999999347308586
0.9999999521877867
0.9999999697581317
0.9999999873993823
1.0000000050688604
1.0000000227238210
1.0000000403215552
1.0000000578194905
1.0000000751752980
1.0000000923469903
1.0000001092930240
1.0000001259723974
1.0000001423447502
1.0000001583704581
1.0000001740107283
1.0000001892276940
1.0000002039845044
1.0000002182454151
1.0000002319758698
1.0000002451425869
1.0000002577136373
1.0000002696585224
1.0000002809482469
1.0000002915553878
1.0000003014541596
1.0000003106204769
1.0000003190320117
1.0000003266682465
1.0000003335105252
1.0000003395420969
1.0000003447481578
1.0000003491158853
1.0000003526344707
1.0000003552951431
1.0000003570911908
1.0000003580179797
1.0000003580729611
1.0000003572556813
1.0000003555677803
1.0000003530129900
1.0000003495971237
1.0000003453280637
1.0000003402157409
1.0000003342721127
1.0000003275111358
1.0000003199487306
1.0000003116027441
1.0000003024929074
1.0000002926407892
1.0000002820697442
1.0000002708048565
1.0000002588728820
1.0000002463021811
1.0000002331226536
1.0000002193656683
1.0000002050639862
1.0000001902516824
1.0000001749640659
1.0000001592375938
1.0000001431097834
1.0000001266191227
1.0000001098049798
1.0000000927075088
1.0000000753675535
1.0000000578265493
1.0000000401264255
1.0000000223095047
1.0000000044184012
0.9999999864959188
0.9999999685849482
0.9999999507283657
0.9999999329689293
0.9999999153491765
0.9999998979113235
0.9999998806971636
0.9999998637479683
0.9999998471043884
0.9999998308063552
0.9999998148929872
0.9999997994024943
0.9999997843720869
0.9999997698378886
0.9999997558348486
0.9999997423966551
0.9999997295556592
0.9999997173427950
0.9999997057875070
0.9999996949176766
0.9999996847595586
0.9999996753377173
0.9999996666749679
0.9999996587923196
0.9999996517089277
0.9999996454420473
0.9999996400069915
0.9999996354170936
0.9999996316836757
0.9999996288160231
0.9999996268213595
0.9999996257048298
0.9999996254694882
0.9999996261162896
0.9999996276440886
0.9999996300496419
0.9999996333276153
0.9999996374705965
0.9999996424691122
0.9999996483116504
0.9999996549846880
0.9999996624727228
0.9999996707583101
0.9999996798221046
0.9999996896429055
0.9999997001977085
0.9999997114617590
0.9999997234086125
0.9999997360101952
0.9999997492368744
0.9999997630575247
0.9999997774396051
0.9999997923492354
0.9999998077512769
0.9999998236094149
0.9999998398862463
0.9999998565433686
0.9999998735414725
0.9999998908404351
0.9999999083994153
0.9999999261769511
0.9999999441310582
0.9999999622193300
0.9999999803990380
0.9999999986272357
1.0000000168608598
1.0000000350568325
1.0000000531721647
1.0000000711640566
1.0000000889900020
1.0000001066078879
1.0000001239760978
1.0000001410536077
1.0000001578000854
1.0000001741759890
1.0000001901426570
1.0000002056624024
1.0000002206986018
1.0000002352157824
1.0000002491797086
1.0000002625574596
1.0000002753175095
1.0000002874298046
1.0000002988658327
1.0000003095986905
1.0000003196031491
1.0000003288557140
1.0000003373346804
1.0000003450201855
1.0000003518942568
1.0000003579408538
1.0000003631459036
1.0000003674973379
1.0000003709851195
1.0000003736012675
1.0000003753398765
1.0000003761971294
1.0000003761713063
1.0000003752627877
1.0000003734740557
1.0000003708096845
1.0000003672763320
1.0000003628827221
1.0000003576396248
1.0000003515598292
