1.0714874576274305
1.0706543459119182
1.0696650488442188
1.0685212206006898
1.0672247830461001
1.0657779267130743
1.0641831118565543
1.0624430695587201
1.0605608028562790
1.0585395878583290
1.0563829748191238
1.0540947891260009
1.0516791321584769
1.0491403819700946
1.0464831937400150
1.0437124999365992
1.0408335101303856
1.0378517103889173
1.0347728621809347
1.0316030007125134
1.0283484326129202
1.0250157328833480
1.0216117410173962
1.0181435561982981
1.0146185314746139
1.0110442668135562
1.0074286009294859
1.0037796017845806
1.0001055556594698
0.9964149546939487
0.9927164828019546
0.9890189998710538
0.9853315241649651
0.9816632128583245
0.9780233406462060
0.9744212763869703
0.9708664577559494
0.9673683639093498
0.9639364861825153
0.9605802968742814
0.9573092161993322
0.9541325775229672
0.9510595910270373
0.9480993059915120
0.9452605719125001
0.9425519987137956
0.9399819163442644
0.9375583340866701
0.9352888999337905
0.9331808604138792
0.9312410212685834
0.9294757094013664
0.9278907365223777
0.9264913649158024
0.9252822757474504
0.9242675403133603
0.9234505946044012
0.9228342175274984
0.9224205130816684
0.9222108967373173
0.9222060862113342
0.9224060967696689
0.9228102411248617
0.9234171339300051
0.9242247008046107
0.9252301917635052
0.9264301988588663
0.9278206777893190
0.9293969731799858
0.9311538471946075
0.9330855111061009
0.9351856594257537
0.9374475061738673
0.9398638228660009
0.9424269777887019
0.9451289761461594
0.9479615006738609
0.9509159523361369
0.9539834907504730
0.9571550740115612
0.9604214976212337
0.9637734322655963
0.9672014602169073
0.9706961101741204
0.9742478903917476
0.9778473199811406
0.9814849583008681
0.9851514323831594
0.9888374623710889
0.9925338849660815
0.9962316749073071
0.9999219645236122
1.0035960614148129
1.0072454643326048
1.0108618773421383
1.0144372223537010
1.0179636501200868
1.0214335497993983
1.0248395571854314
1.0281745617086242
1.0314317123100909
1.0346044222896613
1.0376863732263510
1.0406715180664141
1.0435540834703030
1.0463285715055677
1.0489897607681444
1.0515327070096612
1.0539527433434805
1.0562454800972338
1.0584068043746726
1.0604328793847941
1.0623201435914653
1.0640653097321588
1.0656653637499840
1.0671175636789381
1.0684194385182220
1.0695687871275836
1.0705636771719258
1.0714024441398955
1.0720836904577744
1.0726062847167708
1.0729693610287037
1.0731723185220758
1.0732148209876440
1.0730967966797578
1.0728184382769601
1.0723802030025951
1.0717828129034264
1.0710272552815030
1.0701147832717191
1.0690469165546426
1.0678254421912603
1.0664524155632333
1.0649301613991033
1.0632612748635832
1.0614486226836155
1.0594953442812614
1.0574048528796813
1.0551808365444968
1.0528272591186474
1.0503483610045212
1.0477486597426102
1.0450329503312681
1.0422063052273407
1.0392740739625275
1.0362418823053787
1.0331156308938669
1.0299014932585890
1.0266059131519270
1.0232356010940100
1.0197975300422268
1.0162989300874290
1.0127472820770282
1.0091503100630697
1.0055159724722535
1.0018524518949872
0.9981681433920643
0.9944716412207563
0.9907717238871460
0.9870773374386868
0.9833975769204449
0.9797416659304887
0.9761189342245736
0.9725387933377995
0.9690107102113587
0.9655441788358636
0.9621486899489921
0.9588336988541519
0.9556085914583218
0.9524826486607596
0.9494650092594485
0.9465646315783254
0.9437902540548132
0.9411503550630959
0.9386531122830055
0.9363063619563389
0.9341175584008016
0.9320937341755501
0.9302414613104184
0.9285668140224080
0.9270753333470606
0.9257719941082396
0.9246611746371657
0.9237466296300527
0.9230314665034726
0.9225181255679673
0.9222083642940967
0.9221032458919913
0.9222031323667889
0.9225076821494687
0.9230158523371589
0.9237259055106702
0.9246354210315244
0.9257413106577899
0.9270398382592060
0.9285266433587925
0.9301967681816059
0.9320446878524721
0.9340643433540660
0.9362491768349718
0.9385921688444298
0.9410858770661523
0.9437224761274168
0.9464937980709348
0.9493913730949505
0.9524064701906417
0.9555301373341760
0.9587532409226227
0.9620665041773131
0.9654605442741215
0.9689259079966099
0.9724531057441849
0.9760326437626102
0.9796550544978296
0.9833109250055473
0.9869909233780731
0.9906858231762504
0.9943865258777421
0.9980840813734674
1.0017697065615954
1.0054348021032629
1.0090709674162617
1.0126700139924729
1.0162239771320563
1.0197251261924916
1.0231659734538057
1.0265392817028871
1.0298380706399217
1.0330556222089100
1.0361854849521399
1.0392214774855539
1.0421576911883756
1.0449884921962633
1.0477085227827956
1.0503127022093619
1.0527962271186573
1.0551545715420128
1.0573834865858418
1.0594789998575649
1.0614374146865695
1.0632553091910808
1.0649295352372983
1.0664572173327966
1.0678357514920231
1.0690628041077399
1.0701363108584605
1.0710544756782980
1.0718157698121997
1.0724189309762215
1.0728629626393482
1.0731471334403100
1.0732709767499116
1.0732342903865235
1.0730371364895956
1.0726798415532881
1.0721629966195756
1.0714874576274305
1.0706543459119182
1.0696650488442188
1.0685212206006898
