1.0000000000031810
1.0000000000032041
1.0000000000032179
1.0000000000032225
1.0000000000032199
1.0000000000032105
1.0000000000031946
1.0000000000031732
1.0000000000031477
1.0000000000031186
1.0000000000030864
1.0000000000030516
1.0000000000030140
1.0000000000029741
1.0000000000029314
1.0000000000028855
1.0000000000028348
1.0000000000027798
1.0000000000027200
1.0000000000026568
1.0000000000025893
1.0000000000025184
1.0000000000024458
1.0000000000023728
1.0000000000022995
1.0000000000022260
1.0000000000021523
1.0000000000020788
1.0000000000020048
1.0000000000019311
1.0000000000018578
1.0000000000017859
1.0000000000017146
1.0000000000016445
1.0000000000015747
1.0000000000015059
1.0000000000014386
1.0000000000013733
1.0000000000013114
1.0000000000012532
1.0000000000011995
1.0000000000011509
1.0000000000011071
1.0000000000010680
1.0000000000010332
1.0000000000010016
1.0000000000009732
1.0000000000009477
1.0000000000009250
1.0000000000009051
1.0000000000008864
1.0000000000008689
1.0000000000008520
1.0000000000008358
1.0000000000008200
1.0000000000008054
1.0000000000007911
1.0000000000007780
1.0000000000007663
1.0000000000007556
1.0000000000007476
1.0000000000007425
1.0000000000007403
1.0000000000007414
1.0000000000007456
1.0000000000007527
1.0000000000007625
1.0000000000007740
1.0000000000007871
1.0000000000008007
1.0000000000008131
1.0000000000008238
1.0000000000008331
1.0000000000008409
1.0000000000008460
1.0000000000008491
1.0000000000008507
1.0000000000008522
1.0000000000008540
1.0000000000008560
1.0000000000008584
1.0000000000008604
1.0000000000008622
1.0000000000008646
1.0000000000008673
1.0000000000008700
1.0000000000008733
1.0000000000008766
1.0000000000008780
1.0000000000008762
1.0000000000008711
1.0000000000008615
1.0000000000008478
1.0000000000008298
1.0000000000008080
1.0000000000007832
1.0000000000007563
1.0000000000007285
1.0000000000006997
1.0000000000006704
1.0000000000006408
1.0000000000006104
1.0000000000005780
1.0000000000005436
1.0000000000005071
1.0000000000004694
1.0000000000004314
1.0000000000003948
1.0000000000003602
1.0000000000003286
1.0000000000003006
1.0000000000002758
1.0000000000002529
1.0000000000002323
1.0000000000002145
1.0000000000001985
1.0000000000001836
1.0000000000001681
1.0000000000001508
1.0000000000001319
1.0000000000001126
1.0000000000000935
1.0000000000000753
1.0000000000000588
1.0000000000000442
1.0000000000000318
1.0000000000000213
1.0000000000000133
1.0000000000000078
1.0000000000000040
1.0000000000000018
1.0000000000000016
1.0000000000000038
1.0000000000000080
1.0000000000000122
1.0000000000000164
1.0000000000000200
1.0000000000000229
1.0000000000000251
1.0000000000000275
1.0000000000000298
1.0000000000000322
1.0000000000000342
1.0000000000000357
1.0000000000000362
1.0000000000000351
1.0000000000000329
1.0000000000000309
1.0000000000000298
1.0000000000000284
1.0000000000000275
1.0000000000000266
1.0000000000000255
1.0000000000000251
1.0000000000000264
1.0000000000000298
1.0000000000000338
1.0000000000000380
1.0000000000000415
1.0000000000000437
1.0000000000000449
1.0000000000000440
1.0000000000000417
1.0000000000000386
1.0000000000000351
1.0000000000000309
1.0000000000000264
1.0000000000000222
1.0000000000000184
1.0000000000000147
1.0000000000000113
1.0000000000000073
1.0000000000000024
0.9999999999999974
0.9999999999999927
0.9999999999999875
0.9999999999999817
0.9999999999999760
0.9999999999999692
0.9999999999999603
0.9999999999999487
0.9999999999999354
0.9999999999999210
0.9999999999999051
0.9999999999998883
0.9999999999998707
0.9999999999998516
0.9999999999998301
0.9999999999998068
0.9999999999997816
0.9999999999997550
0.9999999999997276
0.9999999999997010
0.9999999999996761
0.9999999999996537
0.9999999999996344
0.9999999999996196
0.9999999999996099
0.9999999999996051
0.9999999999996055
0.9999999999996122
0.9999999999996246
0.9999999999996413
0.9999999999996606
0.9999999999996825
0.9999999999997061
0.9999999999997323
0.9999999999997610
0.9999999999997929
0.9999999999998287
0.9999999999998692
0.9999999999999148
0.9999999999999649
1.0000000000000189
1.0000000000000773
1.0000000000001381
1.0000000000002001
1.0000000000002629
1.0000000000003262
1.0000000000003901
1.0000000000004543
1.0000000000005189
1.0000000000005844
1.0000000000006519
1.0000000000007228
1.0000000000007965
1.0000000000008722
1.0000000000009484
1.0000000000010252
1.0000000000011040
1.0000000000011864
1.0000000000012714
1.0000000000013589
1.0000000000014480
1.0000000000015372
1.0000000000016258
1.0000000000017133
1.0000000000017994
1.0000000000018836
1.0000000000019658
1.0000000000020470
1.0000000000021276
1.0000000000022071
1.0000000000022853
1.0000000000023630
1.0000000000024409
1.0000000000025193
1.0000000000025970
1.0000000000026732
1.0000000000027471
1.0000000000028177
1.0000000000028846
1.0000000000029485
1.0000000000030083
1.0000000000030624
1.0000000000031093
1.0000000000031488
1.0000000000031810
1.0000000000032041
1.0000000000032179
1.0000000000032225
