1.0000000000222176
1.0000000000222429
1.0000000000222284
1.0000000000221747
1.0000000000220817
1.0000000000219496
1.0000000000217799
1.0000000000215727
1.0000000000213305
1.0000000000210540
1.0000000000207447
1.0000000000204041
1.0000000000200346
1.0000000000196387
1.0000000000192191
1.0000000000187774
1.0000000000183142
1.0000000000178308
1.0000000000173279
1.0000000000168068
1.0000000000162685
1.0000000000157148
1.0000000000151452
1.0000000000145617
1.0000000000139664
1.0000000000133620
1.0000000000127502
1.0000000000121330
1.0000000000115121
1.0000000000108877
1.0000000000102607
1.0000000000096316
1.0000000000090008
1.0000000000083693
1.0000000000077387
1.0000000000071112
1.0000000000064886
1.0000000000058724
1.0000000000052636
1.0000000000046625
1.0000000000040699
1.0000000000034870
1.0000000000029154
1.0000000000023563
1.0000000000018112
1.0000000000012830
1.0000000000007740
1.0000000000002864
0.9999999999998211
0.9999999999993792
0.9999999999989609
0.9999999999985671
0.9999999999981981
0.9999999999978539
0.9999999999975346
0.9999999999972413
0.9999999999969752
0.9999999999967359
0.9999999999965227
0.9999999999963354
0.9999999999961746
0.9999999999960402
0.9999999999959317
0.9999999999958491
0.9999999999957920
0.9999999999957594
0.9999999999957505
0.9999999999957656
0.9999999999958052
0.9999999999958687
0.9999999999959542
0.9999999999960599
0.9999999999961856
0.9999999999963299
0.9999999999964924
0.9999999999966721
0.9999999999968694
0.9999999999970839
0.9999999999973157
0.9999999999975643
0.9999999999978282
0.9999999999981063
0.9999999999983973
0.9999999999986992
0.9999999999990096
0.9999999999993259
0.9999999999996466
0.9999999999999692
1.0000000000002927
1.0000000000006157
1.0000000000009381
1.0000000000012579
1.0000000000015750
1.0000000000018883
1.0000000000021974
1.0000000000025011
1.0000000000027993
1.0000000000030913
1.0000000000033760
1.0000000000036515
1.0000000000039160
1.0000000000041682
1.0000000000044080
1.0000000000046350
1.0000000000048486
1.0000000000050480
1.0000000000052327
1.0000000000054032
1.0000000000055584
1.0000000000056986
1.0000000000058245
1.0000000000059361
1.0000000000060332
1.0000000000061151
1.0000000000061815
1.0000000000062312
1.0000000000062637
1.0000000000062774
1.0000000000062728
1.0000000000062499
1.0000000000062073
1.0000000000061446
1.0000000000060614
1.0000000000059583
1.0000000000058349
1.0000000000056912
1.0000000000055265
1.0000000000053408
1.0000000000051348
1.0000000000049087
1.0000000000046632
1.0000000000043980
1.0000000000041123
1.0000000000038054
1.0000000000034783
1.0000000000031324
1.0000000000027693
1.0000000000023908
1.0000000000019980
1.0000000000015918
1.0000000000011724
1.0000000000007396
1.0000000000002942
0.9999999999998374
0.9999999999993698
0.9999999999988920
0.9999999999984057
0.9999999999979119
0.9999999999974111
0.9999999999969038
0.9999999999963909
0.9999999999958737
0.9999999999953544
0.9999999999948344
0.9999999999943159
0.9999999999938004
0.9999999999932893
0.9999999999927827
0.9999999999922816
0.9999999999917862
0.9999999999912971
0.9999999999908150
0.9999999999903417
0.9999999999898791
0.9999999999894280
0.9999999999889897
0.9999999999885654
0.9999999999881573
0.9999999999877671
0.9999999999873954
0.9999999999870443
0.9999999999867150
0.9999999999864095
0.9999999999861279
0.9999999999858706
0.9999999999856373
0.9999999999854287
0.9999999999852460
0.9999999999850904
0.9999999999849619
0.9999999999848607
0.9999999999847884
0.9999999999847460
0.9999999999847330
0.9999999999847484
0.9999999999847919
0.9999999999848632
0.9999999999849623
0.9999999999850900
0.9999999999852481
0.9999999999854371
0.9999999999856565
0.9999999999859067
0.9999999999861880
0.9999999999865006
0.9999999999868437
0.9999999999872162
0.9999999999876167
0.9999999999880439
0.9999999999884965
0.9999999999889737
0.9999999999894740
0.9999999999899958
0.9999999999905380
0.9999999999911002
0.9999999999916814
0.9999999999922803
0.9999999999928969
0.9999999999935313
0.9999999999941833
0.9999999999948515
0.9999999999955352
0.9999999999962335
0.9999999999969454
0.9999999999976690
0.9999999999984022
0.9999999999991431
0.9999999999998902
1.0000000000006424
1.0000000000013989
1.0000000000021589
1.0000000000029228
1.0000000000036897
1.0000000000044595
1.0000000000052307
1.0000000000060025
1.0000000000067730
1.0000000000075402
1.0000000000083018
1.0000000000090561
1.0000000000098028
1.0000000000105405
1.0000000000112672
1.0000000000119820
1.0000000000126839
1.0000000000133717
1.0000000000140441
1.0000000000146980
1.0000000000153313
1.0000000000159430
1.0000000000165319
1.0000000000170977
1.0000000000176397
1.0000000000181568
1.0000000000186484
1.0000000000191129
1.0000000000195495
1.0000000000199574
1.0000000000203357
1.0000000000206830
1.0000000000209981
1.0000000000212799
1.0000000000215270
1.0000000000217384
1.0000000000219134
1.0000000000220519
1.0000000000221534
1.0000000000222176
1.0000000000222429
1.0000000000222284
1.0000000000221747
