1.0161366581402265
1.0159358896200237
1.0156977132455827
1.0154226568285847
1.0151113305720185
1.0147644260355331
1.0143827149548041
1.0139670479139014
1.0135183528696015
1.0130376335265885
1.0125259675624998
1.0119845047018383
1.0114144646378709
1.0108171348017629
1.0101938679783791
1.0095460797684019
1.0088752458966928
1.0081828993671285
1.0074706274645249
1.0067400686046615
1.0059929090338999
1.0052308793803890
1.0044557510594427
1.0036693325362651
1.0028734654498768
1.0020700206027993
1.0012608938218039
1.0004480016958162
0.9996332771978904
0.9988186651990274
0.9980061178824609
0.9971975900679438
0.9963950344564576
0.9956003968066586
0.9948156110552709
0.9940425943945126
0.9932832423204704
0.9925394236671615
0.9918129756417694
0.9911056988772541
0.9904193525191566
0.9897556493639813
0.9891162510669975
0.9885027634376695
0.9879167318411858
0.9873596367246926
0.9868328892868530
0.9863378273092375
0.9858757111678218
0.9854477200424563
0.9850549483416616
0.9846984023594414
0.9843789971799851
0.9840975538452054
0.9838547967989826
0.9836513516207918
0.9834877430600850
0.9833643933813878
0.9832816210285625
0.9832396396151076
0.9832385572457156
0.9832783761726089
0.9833589927884433
0.9834801979558180
0.9836416776716783
0.9838430140631637
0.9840836867097591
0.9843630742849464
0.9846804565089630
0.9850350164027865
0.9854258428320267
0.9858519333280976
0.9863121971728570
0.9868054587318050
0.9873304610200094
0.9878858694840982
0.9884702759829951
0.9890822029495401
0.9897201077147499
0.9903823869762074
0.9910673813919666
0.9917733802813583
0.9924986264142216
0.9932413208703377
0.9939996279512034
0.9947716801267402
0.9955555830000866
0.9963494202742506
0.9971512587050976
0.9979591530259053
0.9987711508295245
0.9995852973950272
1.0003996404465936
1.0012122348332775
1.0020211471191924
1.0028244600745486
1.0036202770588667
1.0044067262885630
1.0051819649819551
1.0059441833755556
1.0066916086063131
1.0074225084552129
1.0081351949483564
1.0088280278122994
1.0094994177810543
1.0101478297527269
1.0107717857942777
1.0113698679933649
1.0119407211566487
1.0124830553542981
1.0129956483107661
1.0134773476421701
1.0139270729408325
1.0143438177077269
1.0147266511337003
1.0150747197304484
1.0153872488122795
1.0156635438297248
1.0159029915560454
1.0161050611276514
1.0162693049393892
1.0163953593955579
1.0164829455174200
1.0165318694078429
1.0165420225735708
1.0165133821054841
1.0164460107170399
1.0163400566409440
1.0161957533839265
1.0160134193393535
1.0157934572572389
1.0155363535710971
1.0152426775809262
1.0149130804915134
1.0145482943051445
1.0141491305677335
1.0137164789673303
1.0132513057839438
1.0127546521896276
1.0122276323978123
1.0116714316609441
1.0110873041156130
1.0104765704745022
1.0098406155646960
1.0091808857121252
1.0084988859722308
1.0077961772072539
1.0070743730109679
1.0063351364820960
1.0055801768481589
1.0048112459420397
1.0040301345341385
1.0032386685236352
1.0024387049930650
1.0016321281311373
1.0008208450295002
1.0000067813599600
0.9991918769394994
0.9983780811913011
0.9975673485108695
0.9967616335472246
0.9959628864100610
0.9951730478146402
0.9943940441770783
0.9936277826735479
0.9928761462777373
0.9921409887917032
0.9914241298859772
0.9907273501654575
0.9900523862782169
0.9894009260848574
0.9887746039064667
0.9881749958695415
0.9876036153664397
0.9870619086500012
0.9865512505809337
0.9860729405463710
0.9856281985677022
0.9852181616153137
0.9848438801472776
0.9845063148882935
0.9842063338643162
0.9839447097072880
0.9837221172432685
0.9835391313759975
0.9833962252765610
0.9832937688883743
0.9832320277551465
0.9832111621778721
0.9832312267052098
0.9832921699599027
0.9833938348021355
0.9835359588289835
0.9837181752073539
0.9839400138361001
0.9842009028313148
0.9845001703271837
0.9848370465832306
0.9852106663873228
0.9856200717424363
0.9860642148239328
0.9865419611929479
0.9870520932504955
0.9875933139160008
0.9881642505132469
0.9887634588461105
0.9893894274460029
0.9900405819726105
0.9907152897493485
0.9914118644148826
0.9921285706721539
0.9928636291165394
0.9936152211250822
0.9943814937891460
0.9951605648733491
0.9959505277842317
0.9967494565327705
0.9975554106755888
0.9983664402204957
0.9991805904828091
0.9999959068797845
1.0008104396513444
1.0016222484962041
1.0024294071133850
1.0032300076400031
1.0040221649771042
1.0048040209961679
1.0055737486197622
1.0063295557706173
1.0070696891841693
1.0077924380803505
1.0084961376910939
1.0091791726406560
1.0098399801764582
1.0104770532486940
1.0110889434374384
1.0116742637264438
1.0122316911231919
1.0127599691251292
1.0132579100322867
1.0137243971067529
1.0141583865796548
1.0145589095064718
1.0149250734716158
1.0152560641432937
1.0155511466797102
1.0158096669876735
1.0160310528346435
1.0162148148152197
1.0163605471729853
1.0164679284785239
1.0165367221643200
1.0165667769171152
1.0165580269281527
1.0165104920015922
1.0164242775212220
1.0162995742754273
1.0161366581402265
1.0159358896200237
1.0156977132455827
1.0154226568285847
