1.0000000001656317
1.0000000001648086
1.0000000001636773
1.0000000001622424
1.0000000001605098
1.0000000001584848
1.0000000001561742
1.0000000001535854
1.0000000001507259
1.0000000001476033
1.0000000001442260
1.0000000001406033
1.0000000001367446
1.0000000001326592
1.0000000001283573
1.0000000001238507
1.0000000001191496
1.0000000001142657
1.0000000001092113
1.0000000001039995
1.0000000000986422
1.0000000000931528
1.0000000000875438
1.0000000000818281
1.0000000000760190
1.0000000000701292
1.0000000000641722
1.0000000000581626
1.0000000000521139
1.0000000000460401
1.0000000000399556
1.0000000000338749
1.0000000000278138
1.0000000000217864
1.0000000000158078
1.0000000000098914
1.0000000000040508
0.9999999999982998
0.9999999999926511
0.9999999999871156
0.9999999999817041
0.9999999999764284
0.9999999999713000
0.9999999999663312
0.9999999999615335
0.9999999999569176
0.9999999999524923
0.9999999999482680
0.9999999999442541
0.9999999999404594
0.9999999999368921
0.9999999999335608
0.9999999999304718
0.9999999999276304
0.9999999999250412
0.9999999999227100
0.9999999999206415
0.9999999999188380
0.9999999999172998
0.9999999999160278
0.9999999999150240
0.9999999999142888
0.9999999999138217
0.9999999999136213
0.9999999999136863
0.9999999999140136
0.9999999999145994
0.9999999999154389
0.9999999999165281
0.9999999999178628
0.9999999999194374
0.9999999999212471
0.9999999999232868
0.9999999999255492
0.9999999999280275
0.9999999999307128
0.9999999999335980
0.9999999999366741
0.9999999999399312
0.9999999999433584
0.9999999999469446
0.9999999999506778
0.9999999999545466
0.9999999999585405
0.9999999999626488
0.9999999999668600
0.9999999999711627
0.9999999999755439
0.9999999999799909
0.9999999999844903
0.9999999999890283
0.9999999999935926
0.9999999999981707
1.0000000000027500
1.0000000000073173
1.0000000000118572
1.0000000000163562
1.0000000000208014
1.0000000000251801
1.0000000000294802
1.0000000000336891
1.0000000000377940
1.0000000000417839
1.0000000000456486
1.0000000000493781
1.0000000000529619
1.0000000000563896
1.0000000000596512
1.0000000000627369
1.0000000000656384
1.0000000000683462
1.0000000000708524
1.0000000000731497
1.0000000000752303
1.0000000000770872
1.0000000000787141
1.0000000000801061
1.0000000000812583
1.0000000000821665
1.0000000000828264
1.0000000000832334
1.0000000000833851
1.0000000000832792
1.0000000000829139
1.0000000000822895
1.0000000000814071
1.0000000000802680
1.0000000000788734
1.0000000000772242
1.0000000000753244
1.0000000000731784
1.0000000000707914
1.0000000000681690
1.0000000000653175
1.0000000000622433
1.0000000000589531
1.0000000000554534
1.0000000000517502
1.0000000000478499
1.0000000000437612
1.0000000000394937
1.0000000000350573
1.0000000000304623
1.0000000000257181
1.0000000000208353
1.0000000000158251
1.0000000000106981
1.0000000000054656
1.0000000000001401
0.9999999999947344
0.9999999999892619
0.9999999999837360
0.9999999999781695
0.9999999999725766
0.9999999999669712
0.9999999999613676
0.9999999999557784
0.9999999999502169
0.9999999999446963
0.9999999999392291
0.9999999999338266
0.9999999999285011
0.9999999999232655
0.9999999999181329
0.9999999999131163
0.9999999999082291
0.9999999999034855
0.9999999998988989
0.9999999998944810
0.9999999998902444
0.9999999998862019
0.9999999998823655
0.9999999998787450
0.9999999998753493
0.9999999998721868
0.9999999998692654
0.9999999998665924
0.9999999998641755
0.9999999998620216
0.9999999998601381
0.9999999998585316
0.9999999998572072
0.9999999998561695
0.9999999998554219
0.9999999998549675
0.9999999998548093
0.9999999998549498
0.9999999998553901
0.9999999998561304
0.9999999998571708
0.9999999998585111
0.9999999998601509
0.9999999998620894
0.9999999998643234
0.9999999998668494
0.9999999998696627
0.9999999998727601
0.9999999998761367
0.9999999998797858
0.9999999998837003
0.9999999998878728
0.9999999998922947
0.9999999998969571
0.9999999999018515
0.9999999999069689
0.9999999999122995
0.9999999999178335
0.9999999999235598
0.9999999999294673
0.9999999999355442
0.9999999999417776
0.9999999999481545
0.9999999999546620
0.9999999999612861
0.9999999999680128
0.9999999999748279
0.9999999999817187
0.9999999999886721
0.9999999999956742
1.0000000000027105
1.0000000000097669
1.0000000000168283
1.0000000000238791
1.0000000000309048
1.0000000000378910
1.0000000000448219
1.0000000000516833
1.0000000000584608
1.0000000000651399
1.0000000000717066
1.0000000000781470
1.0000000000844476
1.0000000000905942
1.0000000000965747
1.0000000001023770
1.0000000001079892
1.0000000001133997
1.0000000001185974
1.0000000001235712
1.0000000001283118
1.0000000001328091
1.0000000001370539
1.0000000001410376
1.0000000001447524
1.0000000001481903
1.0000000001513454
1.0000000001542113
1.0000000001567826
1.0000000001590543
1.0000000001610232
1.0000000001626861
1.0000000001640406
1.0000000001650842
1.0000000001658162
1.0000000001662366
1.0000000001663458
1.0000000001661442
1.0000000001656317
1.0000000001648086
1.0000000001636773
1.0000000001622424
