1.0000231071291086
1.0000228180926169
1.0000224748173905
1.0000220781282516
1.0000216289775050
1.0000211284426608
1.0000205777238576
1.0000199781409922
1.0000193311305638
1.0000186382422389
1.0000179011351469
1.0000171215739140
1.0000163014244463
1.0000154426494694
1.0000145473038344
1.0000136175296075
1.0000126555509499
1.0000116636688010
1.0000106442553773
1.0000095997485059
1.0000085326457961
1.0000074454986692
1.0000063409062607
1.0000052215092081
1.0000040899833385
1.0000029490332722
1.0000018013859602
1.0000006497841660
0.9999994969799114
0.9999983457278976
0.9999971987789202
0.9999960588732948
0.9999949287343064
0.9999938110617008
0.9999927085252309
0.9999916237582751
0.9999905593515441
0.9999895178468885
0.9999885017312226
0.9999875134305833
0.9999865553043299
0.9999856296395023
0.9999847386453572
0.9999838844480866
0.9999830690857372
0.9999822945033393
0.9999815625482591
0.9999808749657849
0.9999802333949536
0.9999796393646354
0.9999790942898804
0.9999785994685381
0.9999781560781573
0.9999777651731734
0.9999774276823902
0.9999771444067631
0.9999769160174866
0.9999767430543907
0.9999766259246532
0.9999765649018318
0.9999765601252135
0.9999766115994861
0.9999767191947295
0.9999768826467319
0.9999771015576246
0.9999773753968391
0.9999777035023786
0.9999780850824068
0.9999785192171472
0.9999790048610854
0.9999795408454735
0.9999801258811297
0.9999807585615262
0.9999814373661569
0.9999821606641787
0.9999829267183173
0.9999837336890260
0.9999845796388875
0.9999854625372524
0.9999863802650986
0.9999873306201041
0.9999883113219191
0.9999893200176215
0.9999903542873479
0.9999914116500859
0.9999924895696083
0.9999935854605448
0.9999946966945662
0.9999958206066732
0.9999969545015740
0.9999980956601309
0.9999992413458666
1.0000003888115108
1.0000015353055722
1.0000026780789231
1.0000038143913730
1.0000049415182246
1.0000060567567912
1.0000071574328628
1.0000082409071012
1.0000093045813558
1.0000103459048750
1.0000113623804092
1.0000123515701829
1.0000133111017264
1.0000142386735504
1.0000151320606496
1.0000159891198273
1.0000168077948186
1.0000175861212131
1.0000183222311505
1.0000190143577892
1.0000196608395309
1.0000202601239989
1.0000208107717496
1.0000213114597161
1.0000217609843751
1.0000221582646247
1.0000225023443736
1.0000227923948282
1.0000230277164761
1.0000232077407620
1.0000233320314516
1.0000234002856747
1.0000234123346523
1.0000233681441042
1.0000232678143355
1.0000231115799980
1.0000228998095337
1.0000226330042974
1.0000223117973610
1.0000219369520065
1.0000215093599023
1.0000210300389760
1.0000205001309830
1.0000199208987826
1.0000192937233225
1.0000186201003411
1.0000179016367932
1.0000171400470139
1.0000163371486235
1.0000154948581872
1.0000146151866365
1.0000137002344636
1.0000127521867048
1.0000117733077194
1.0000107659357782
1.0000097324774775
1.0000086754019886
1.0000075972351556
1.0000065005534613
1.0000053879778676
1.0000042621675544
1.0000031258135633
1.0000019816323646
1.0000008323593645
0.9999996807423674
0.9999985295350061
0.9999973814901603
0.9999962393533736
0.9999951058562914
0.9999939837101298
0.9999928755991941
0.9999917841744593
0.9999907120472306
0.9999896617828994
0.9999886358948086
0.9999876368382417
0.9999866670045522
0.9999857287154427
0.9999848242174133
0.9999839556763876
0.9999831251725316
0.9999823346952754
0.9999815861385573
0.9999808812962908
0.9999802218580731
0.9999796094051411
0.9999790454065892
0.9999785312158521
0.9999780680674633
0.9999776570741025
0.9999772992239309
0.9999769953782246
0.9999767462693114
0.9999765524988159
0.9999764145362170
0.9999763327177225
0.9999763072454588
0.9999763381869849
0.9999764254751270
0.9999765689081355
0.9999767681501635
0.9999770227320670
0.9999773320525204
0.9999776953794498
0.9999781118517804
0.9999785804814909
0.9999791001559706
0.9999796696406771
0.9999802875820841
0.9999809525109117
0.9999816628456368
0.9999824168962699
0.9999832128683906
0.9999840488674328
0.9999849229032096
0.9999858328946700
0.9999867766748675
0.9999877519961375
0.9999887565354674
0.9999897879000432
0.9999908436329684
0.9999919212191306
0.9999930180912088
0.9999941316358092
0.9999952591997063
0.9999963980961802
0.9999975456114347
0.9999986990110803
0.9999998555466640
1.0000010124622358
1.0000021670009311
1.0000033164115549
1.0000044579551526
1.0000055889115531
1.0000067065858653
1.0000078083149149
1.0000088914736018
1.0000099534811724
1.0000109918073814
1.0000120039785323
1.0000129875833867
1.0000139402789201
1.0000148597959182
1.0000157439443949
1.0000165906188192
1.0000173978031441
1.0000181635756198
1.0000188861133803
1.0000195636967950
1.0000201947135721
1.0000207776626084
1.0000213111575724
1.0000217939302107
1.0000222248333761
1.0000226028437653
1.0000229270643581
1.0000231967265583
1.0000234111920243
1.0000235699541931
1.0000236726394851
1.0000237190081935
1.0000237089550543
1.0000236425094933
1.0000235198355538
1.0000233412315016
1.0000231071291086
1.0000228180926169
1.0000224748173905
1.0000220781282516
