1.0000000000053835
1.0000000000054212
1.0000000000054496
1.0000000000054696
1.0000000000054821
1.0000000000054869
1.0000000000054847
1.0000000000054747
1.0000000000054574
1.0000000000054330
1.0000000000054019
1.0000000000053646
1.0000000000053211
1.0000000000052713
1.0000000000052163
1.0000000000051561
1.0000000000050895
1.0000000000050167
1.0000000000049385
1.0000000000048548
1.0000000000047662
1.0000000000046729
1.0000000000045746
1.0000000000044720
1.0000000000043652
1.0000000000042544
1.0000000000041402
1.0000000000040232
1.0000000000039033
1.0000000000037805
1.0000000000036546
1.0000000000035263
1.0000000000033953
1.0000000000032618
1.0000000000031255
1.0000000000029876
1.0000000000028499
1.0000000000027143
1.0000000000025806
1.0000000000024498
1.0000000000023219
1.0000000000021980
1.0000000000020786
1.0000000000019640
1.0000000000018536
1.0000000000017466
1.0000000000016429
1.0000000000015428
1.0000000000014460
1.0000000000013534
1.0000000000012657
1.0000000000011828
1.0000000000011044
1.0000000000010305
1.0000000000009621
1.0000000000009004
1.0000000000008444
1.0000000000007954
1.0000000000007523
1.0000000000007148
1.0000000000006826
1.0000000000006561
1.0000000000006353
1.0000000000006191
1.0000000000006068
1.0000000000005982
1.0000000000005926
1.0000000000005900
1.0000000000005898
1.0000000000005909
1.0000000000005935
1.0000000000005966
1.0000000000005995
1.0000000000006015
1.0000000000006037
1.0000000000006057
1.0000000000006088
1.0000000000006144
1.0000000000006235
1.0000000000006364
1.0000000000006526
1.0000000000006712
1.0000000000006910
1.0000000000007105
1.0000000000007281
1.0000000000007436
1.0000000000007572
1.0000000000007681
1.0000000000007758
1.0000000000007812
1.0000000000007845
1.0000000000007869
1.0000000000007891
1.0000000000007918
1.0000000000007954
1.0000000000007985
1.0000000000008007
1.0000000000008016
1.0000000000008018
1.0000000000008014
1.0000000000008000
1.0000000000007978
1.0000000000007943
1.0000000000007883
1.0000000000007789
1.0000000000007669
1.0000000000007525
1.0000000000007359
1.0000000000007174
1.0000000000006972
1.0000000000006759
1.0000000000006544
1.0000000000006328
1.0000000000006115
1.0000000000005906
1.0000000000005691
1.0000000000005462
1.0000000000005216
1.0000000000004956
1.0000000000004683
1.0000000000004401
1.0000000000004117
1.0000000000003837
1.0000000000003582
1.0000000000003353
1.0000000000003157
1.0000000000002993
1.0000000000002851
1.0000000000002729
1.0000000000002622
1.0000000000002536
1.0000000000002460
1.0000000000002391
1.0000000000002329
1.0000000000002274
1.0000000000002220
1.0000000000002156
1.0000000000002092
1.0000000000002029
1.0000000000001967
1.0000000000001898
1.0000000000001821
1.0000000000001739
1.0000000000001650
1.0000000000001550
1.0000000000001428
1.0000000000001281
1.0000000000001106
1.0000000000000910
1.0000000000000706
1.0000000000000502
1.0000000000000300
1.0000000000000084
0.9999999999999848
0.9999999999999580
0.9999999999999272
0.9999999999998921
0.9999999999998536
0.9999999999998109
0.9999999999997656
0.9999999999997188
0.9999999999996708
0.9999999999996216
0.9999999999995711
0.9999999999995189
0.9999999999994661
0.9999999999994131
0.9999999999993605
0.9999999999993082
0.9999999999992570
0.9999999999992075
0.9999999999991589
0.9999999999991119
0.9999999999990666
0.9999999999990226
0.9999999999989804
0.9999999999989392
0.9999999999988990
0.9999999999988599
0.9999999999988208
0.9999999999987818
0.9999999999987423
0.9999999999987029
0.9999999999986652
0.9999999999986302
0.9999999999985987
0.9999999999985713
0.9999999999985475
0.9999999999985282
0.9999999999985144
0.9999999999985079
0.9999999999985090
0.9999999999985180
0.9999999999985336
0.9999999999985558
0.9999999999985849
0.9999999999986201
0.9999999999986597
0.9999999999987046
0.9999999999987544
0.9999999999988096
0.9999999999988709
0.9999999999989377
0.9999999999990099
0.9999999999990872
0.9999999999991693
0.9999999999992567
0.9999999999993487
0.9999999999994459
0.9999999999995481
0.9999999999996553
0.9999999999997671
0.9999999999998834
1.0000000000000033
1.0000000000001261
1.0000000000002516
1.0000000000003797
1.0000000000005103
1.0000000000006424
1.0000000000007752
1.0000000000009084
1.0000000000010418
1.0000000000011762
1.0000000000013114
1.0000000000014473
1.0000000000015834
1.0000000000017202
1.0000000000018576
1.0000000000019962
1.0000000000021374
1.0000000000022813
1.0000000000024265
1.0000000000025735
1.0000000000027214
1.0000000000028699
1.0000000000030178
1.0000000000031644
1.0000000000033085
1.0000000000034512
1.0000000000035927
1.0000000000037319
1.0000000000038682
1.0000000000040012
1.0000000000041314
1.0000000000042579
1.0000000000043809
1.0000000000045000
1.0000000000046136
1.0000000000047204
1.0000000000048206
1.0000000000049143
1.0000000000050011
1.0000000000050810
1.0000000000051543
1.0000000000052209
1.0000000000052818
1.0000000000053366
1.0000000000053835
1.0000000000054212
1.0000000000054496
1.0000000000054696
