1.0000517246049103
1.0000510752706762
1.0000503043800517
1.0000494137828495
1.0000484056146470
1.0000472822916804
1.0000460465050718
1.0000447012143974
1.0000432496406166
1.0000416952583755
1.0000400417877049
1.0000382931851319
1.0000364536342270
1.0000345275356082
1.0000325194964268
1.0000304343193611
1.0000282769911395
1.0000260526706257
1.0000237666764937
1.0000214244745185
1.0000190316645148
1.0000165939669570
1.0000141172093095
1.0000116073121001
1.0000090702747728
1.0000065121613488
1.0000039390859368
1.0000013571981179
0.9999987726682488
0.9999961916727123
0.9999936203791555
0.9999910649317476
0.9999885314364920
0.9999860259466307
0.9999835544481736
0.9999811228455869
0.9999787369476790
0.9999764024537118
0.9999741249397762
0.9999719098454579
0.9999697624608340
0.9999676879138230
0.9999656911579240
0.9999637769603720
0.9999619498907401
0.9999602143100126
0.9999585743601571
0.9999570339542220
0.9999555967669793
0.9999542662261390
0.9999530455041515
0.9999519375106262
0.9999509448853720
0.9999500699920901
0.9999493149127232
0.9999486814424794
0.9999481710855449
0.9999477850514895
0.9999475242523782
0.9999473893005951
0.9999473805073860
0.9999474978821193
0.9999477411322724
0.9999481096641381
0.9999486025842516
0.9999492187015352
0.9999499565301568
0.9999508142930925
0.9999517899263851
0.9999528810840913
0.9999540851439050
0.9999553992134359
0.9999568201371385
0.9999583445038699
0.9999599686550593
0.9999616886934676
0.9999635004925216
0.9999653997061926
0.9999673817793998
0.9999694419589165
0.9999715753047455
0.9999737767019437
0.9999760408728671
0.9999783623898011
0.9999807356879501
0.9999831550787527
0.9999856147634940
0.9999881088471823
0.9999906313526501
0.9999931762348585
0.9999957373953554
0.9999983086968662
1.0000008839779757
1.0000034570678649
1.0000060218010702
1.0000085720322307
1.0000111016507831
1.0000136045955754
1.0000160748693634
1.0000185065531508
1.0000208938203412
1.0000232309506714
1.0000255123438875
1.0000277325331357
1.0000298861980319
1.0000319681773826
1.0000339734815200
1.0000358973042340
1.0000377350342597
1.0000394822663037
1.0000411348115708
1.0000426887077791
1.0000441402286318
1.0000454858927239
1.0000467224718659
1.0000478469987986
1.0000488567742893
1.0000497493735856
1.0000505226522114
1.0000511747510963
1.0000517041010206
1.0000521094263708
1.0000523897481912
1.0000525443865274
1.0000525729620553
1.0000524753969944
1.0000522519152983
1.0000519030421253
1.0000514296025897
1.0000508327197977
1.0000501138121700
1.0000492745900587
1.0000483170516674
1.0000472434782837
1.0000460564288363
1.0000447587337880
1.0000433534883797
1.0000418440452408
1.0000402340063859
1.0000385272146151
1.0000367277443374
1.0000348398918415
1.0000328681650381
1.0000308172726928
1.0000286921131789
1.0000264977627775
1.0000242394635537
1.0000219226108333
1.0000195527403157
1.0000171355148448
1.0000146767108806
1.0000121822046972
1.0000096579583408
1.0000071100053836
1.0000045444365020
1.0000019673849201
0.9999993850117510
0.9999968034912691
0.9999942289961515
0.9999916676827197
0.9999891256762227
0.9999866090561924
0.9999841238419072
0.9999816759779959
0.9999792713202236
0.9999769156214865
0.9999746145180513
0.9999723735160750
0.9999701979784360
0.9999680931119046
0.9999660639546867
0.9999641153643679
0.9999622520062922
0.9999604783423987
0.9999587986205429
0.9999572168643331
0.9999557368634975
0.9999543621648159
0.9999530960636300
0.9999519415959537
0.9999509015312034
0.9999499783655678
0.9999491743160290
0.9999484913150524
0.9999479310059557
0.9999474947389726
0.9999471835680149
0.9999469982481450
0.9999469392337617
0.9999470066775075
0.9999472004298956
0.9999475200396600
0.9999479647548296
0.9999485335245180
0.9999492250014307
0.9999500375450839
0.9999509692257220
0.9999520178289256
0.9999531808609016
0.9999544555544435
0.9999558388755415
0.9999573275306347
0.9999589179744832
0.9999606064186402
0.9999623888405051
0.9999642609929409
0.9999662184144245
0.9999682564397097
0.9999703702109790
0.9999725546894517
0.9999748046674294
0.9999771147807416
0.9999794795215661
0.9999818932515914
0.9999843502154905
0.9999868445546750
0.9999893703212955
0.9999919214924520
0.9999944919845867
0.9999970756680212
0.9999996663815999
1.0000022579474099
1.0000048441855405
1.0000074189288457
1.0000099760376777
1.0000125094145498
1.0000150130187018
1.0000174808805289
1.0000199071158384
1.0000222859399019
1.0000246116812694
1.0000268787953117
1.0000290818774604
1.0000312156761124
1.0000332751051682
1.0000352552561742
1.0000371514100403
1.0000389590483045
1.0000406738639187
1.0000422917715270
1.0000438089172188
1.0000452216877269
1.0000465267190493
1.0000477209044747
1.0000488014019953
1.0000497656410878
1.0000506113288443
1.0000513364554420
1.0000519392989351
1.0000524184293609
1.0000527727121480
1.0000530013108204
1.0000531036889897
1.0000530796116287
1.0000529291456266
1.0000526526596245
1.0000522508231300
1.0000517246049103
1.0000510752706762
1.0000503043800517
1.0000494137828495
