1.0000000371541571
1.0000000367387016
1.0000000362391379
1.0000000356567134
1.0000000349928695
1.0000000342492426
1.0000000334276555
1.0000000325301164
1.0000000315588122
1.0000000305161056
1.0000000294045255
1.0000000282267636
1.0000000269856679
1.0000000256842345
1.0000000243256002
1.0000000229130364
1.0000000214499412
1.0000000199398313
1.0000000183863331
1.0000000167931742
1.0000000151641744
1.0000000135032361
1.0000000118143366
1.0000000101015170
1.0000000083688727
1.0000000066205443
1.0000000048607069
1.0000000030935619
1.0000000013233241
0.9999999995542135
0.9999999977904452
0.9999999960362190
0.9999999942957085
0.9999999925730527
0.9999999908723454
0.9999999891976242
0.9999999875528631
0.9999999859419616
0.9999999843687352
0.9999999828369074
0.9999999813500998
0.9999999799118252
0.9999999785254796
0.9999999771943318
0.9999999759215157
0.9999999747100238
0.9999999735627000
0.9999999724822319
0.9999999714711449
0.9999999705317966
0.9999999696663688
0.9999999688768649
0.9999999681651066
0.9999999675327271
0.9999999669811689
0.9999999665116791
0.9999999661253072
0.9999999658229011
0.9999999656051073
0.9999999654723678
0.9999999654249203
0.9999999654627960
0.9999999655858205
0.9999999657936137
0.9999999660855916
0.9999999664609667
0.9999999669187516
0.9999999674577615
0.9999999680766156
0.9999999687737415
0.9999999695473779
0.9999999703955804
0.9999999713162245
0.9999999723070121
0.9999999733654763
0.9999999744889878
0.9999999756747607
0.9999999769198585
0.9999999782212028
0.9999999795755801
0.9999999809796489
0.9999999824299501
0.9999999839229144
0.9999999854548687
0.9999999870220458
0.9999999886205949
0.9999999902465909
0.9999999918960418
0.9999999935649002
0.9999999952490701
0.9999999969444187
0.9999999986467875
1.0000000003520015
1.0000000020558788
1.0000000037542436
1.0000000054429317
1.0000000071178032
1.0000000087747511
1.0000000104097115
1.0000000120186741
1.0000000135976914
1.0000000151428874
1.0000000166504692
1.0000000181167341
1.0000000195380785
1.0000000209110071
1.0000000222321417
1.0000000234982291
1.0000000247061491
1.0000000258529218
1.0000000269357150
1.0000000279518504
1.0000000288988102
1.0000000297742440
1.0000000305759729
1.0000000313019950
1.0000000319504918
1.0000000325198308
1.0000000330085721
1.0000000334154699
1.0000000337394757
1.0000000339797390
1.0000000341356126
1.0000000342066537
1.0000000341926234
1.0000000340934885
1.0000000339094215
1.0000000336408008
1.0000000332882077
1.0000000328524257
1.0000000323344402
1.0000000317354352
1.0000000310567894
1.0000000303000751
1.0000000294670528
1.0000000285596689
1.0000000275800496
1.0000000265304969
1.0000000254134833
1.0000000242316456
1.0000000229877763
1.0000000216848193
1.0000000203258601
1.0000000189141207
1.0000000174529513
1.0000000159458231
1.0000000143963206
1.0000000128081326
1.0000000111850438
1.0000000095309245
1.0000000078497207
1.0000000061454444
1.0000000044221655
1.0000000026840030
1.0000000009351144
0.9999999991796862
0.9999999974219222
0.9999999956660348
0.9999999939162342
0.9999999921767189
0.9999999904516652
0.9999999887452190
0.9999999870614830
0.9999999854045067
0.9999999837782786
0.9999999821867166
0.9999999806336586
0.9999999791228530
0.9999999776579488
0.9999999762424875
0.9999999748798951
0.9999999735734735
0.9999999723263920
0.9999999711416815
0.9999999700222258
0.9999999689707546
0.9999999679898368
0.9999999670818752
0.9999999662491004
0.9999999654935646
0.9999999648171385
0.9999999642215045
0.9999999637081546
0.9999999632783868
0.9999999629333014
0.9999999626737982
0.9999999625005749
0.9999999624141245
0.9999999624147334
0.9999999625024812
0.9999999626772408
0.9999999629386790
0.9999999632862562
0.9999999637192286
0.9999999642366505
0.9999999648373764
0.9999999655200628
0.9999999662831707
0.9999999671249714
0.9999999680435466
0.9999999690367954
0.9999999701024397
0.9999999712380295
0.9999999724409497
0.9999999737084260
0.9999999750375302
0.9999999764251882
0.9999999778681858
0.9999999793631758
0.9999999809066872
0.9999999824951339
0.9999999841248242
0.9999999857919680
0.9999999874926853
0.9999999892230157
0.9999999909789289
0.9999999927563330
0.9999999945510831
0.9999999963589941
0.9999999981758492
0.9999999999974114
1.0000000018194315
1.0000000036376593
1.0000000054478526
1.0000000072457880
1.0000000090272718
1.0000000107881486
1.0000000125243125
1.0000000142317143
1.0000000159063744
1.0000000175443906
1.0000000191419474
1.0000000206953257
1.0000000222009107
1.0000000236552002
1.0000000250548127
1.0000000263964977
1.0000000276771408
1.0000000288937725
1.0000000300435750
1.0000000311238890
1.0000000321322200
1.0000000330662446
1.0000000339238151
1.0000000347029654
1.0000000354019161
1.0000000360190773
1.0000000365530528
1.0000000370026436
1.0000000373668503
1.0000000376448768
1.0000000378361302
1.0000000379402225
1.0000000379569727
1.0000000378864056
1.0000000377287539
1.0000000374844566
1.0000000371541571
1.0000000367387016
1.0000000362391379
1.0000000356567134
