1.0000000000356191
1.0000000000355656
1.0000000000354485
1.0000000000352696
1.0000000000350298
1.0000000000347316
1.0000000000343765
1.0000000000339671
1.0000000000335048
1.0000000000329905
1.0000000000324258
1.0000000000318117
1.0000000000311504
1.0000000000304443
1.0000000000296962
1.0000000000289087
1.0000000000280838
1.0000000000272233
1.0000000000263296
1.0000000000254055
1.0000000000244529
1.0000000000234741
1.0000000000224727
1.0000000000214513
1.0000000000204126
1.0000000000193583
1.0000000000182900
1.0000000000172100
1.0000000000161220
1.0000000000150286
1.0000000000139322
1.0000000000128351
1.0000000000117406
1.0000000000106513
1.0000000000095690
1.0000000000084968
1.0000000000074378
1.0000000000063949
1.0000000000053721
1.0000000000043716
1.0000000000033940
1.0000000000024407
1.0000000000015135
1.0000000000006142
0.9999999999997452
0.9999999999989081
0.9999999999981039
0.9999999999973331
0.9999999999965979
0.9999999999958992
0.9999999999952375
0.9999999999946140
0.9999999999940299
0.9999999999934871
0.9999999999929868
0.9999999999925294
0.9999999999921132
0.9999999999917386
0.9999999999914051
0.9999999999911123
0.9999999999908610
0.9999999999906514
0.9999999999904842
0.9999999999903605
0.9999999999902797
0.9999999999902404
0.9999999999902418
0.9999999999902844
0.9999999999903667
0.9999999999904874
0.9999999999906459
0.9999999999908418
0.9999999999910739
0.9999999999913413
0.9999999999916425
0.9999999999919775
0.9999999999923451
0.9999999999927441
0.9999999999931742
0.9999999999936344
0.9999999999941224
0.9999999999946346
0.9999999999951683
0.9999999999957203
0.9999999999962883
0.9999999999968692
0.9999999999974610
0.9999999999980610
0.9999999999986664
0.9999999999992762
0.9999999999998885
1.0000000000005016
1.0000000000011147
1.0000000000017255
1.0000000000023319
1.0000000000029317
1.0000000000035232
1.0000000000041043
1.0000000000046732
1.0000000000052265
1.0000000000057618
1.0000000000062781
1.0000000000067737
1.0000000000072482
1.0000000000077014
1.0000000000081319
1.0000000000085381
1.0000000000089182
1.0000000000092706
1.0000000000095939
1.0000000000098874
1.0000000000101508
1.0000000000103832
1.0000000000105842
1.0000000000107523
1.0000000000108860
1.0000000000109845
1.0000000000110474
1.0000000000110736
1.0000000000110636
1.0000000000110176
1.0000000000109361
1.0000000000108185
1.0000000000106635
1.0000000000104710
1.0000000000102409
1.0000000000099742
1.0000000000096718
1.0000000000093343
1.0000000000089624
1.0000000000085565
1.0000000000081162
1.0000000000076412
1.0000000000071323
1.0000000000065894
1.0000000000060132
1.0000000000054048
1.0000000000047653
1.0000000000040963
1.0000000000033993
1.0000000000026763
1.0000000000019293
1.0000000000011611
1.0000000000003730
0.9999999999995676
0.9999999999987460
0.9999999999979098
0.9999999999970604
0.9999999999961986
0.9999999999953256
0.9999999999944437
0.9999999999935547
0.9999999999926615
0.9999999999917674
0.9999999999908751
0.9999999999899878
0.9999999999891070
0.9999999999882345
0.9999999999873727
0.9999999999865226
0.9999999999856858
0.9999999999848636
0.9999999999840569
0.9999999999832683
0.9999999999825012
0.9999999999817577
0.9999999999810402
0.9999999999803492
0.9999999999796866
0.9999999999790543
0.9999999999784543
0.9999999999778887
0.9999999999773582
0.9999999999768633
0.9999999999764053
0.9999999999759858
0.9999999999756072
0.9999999999752710
0.9999999999749785
0.9999999999747309
0.9999999999745296
0.9999999999743754
0.9999999999742685
0.9999999999742091
0.9999999999741982
0.9999999999742366
0.9999999999743250
0.9999999999744634
0.9999999999746513
0.9999999999748885
0.9999999999751755
0.9999999999755117
0.9999999999758968
0.9999999999763315
0.9999999999768145
0.9999999999773452
0.9999999999779239
0.9999999999785509
0.9999999999792267
0.9999999999799504
0.9999999999807211
0.9999999999815374
0.9999999999823983
0.9999999999833019
0.9999999999842462
0.9999999999852289
0.9999999999862482
0.9999999999873018
0.9999999999883878
0.9999999999895055
0.9999999999906534
0.9999999999918304
0.9999999999930348
0.9999999999942644
0.9999999999955166
0.9999999999967893
0.9999999999980798
0.9999999999993845
1.0000000000007008
1.0000000000020266
1.0000000000033593
1.0000000000046962
1.0000000000060338
1.0000000000073703
1.0000000000087035
1.0000000000100304
1.0000000000113485
1.0000000000126565
1.0000000000139520
1.0000000000152325
1.0000000000164952
1.0000000000177378
1.0000000000189577
1.0000000000201528
1.0000000000213203
1.0000000000224576
1.0000000000235616
1.0000000000246294
1.0000000000256584
1.0000000000266458
1.0000000000275902
1.0000000000284897
1.0000000000293423
1.0000000000301461
1.0000000000308997
1.0000000000316021
1.0000000000322518
1.0000000000328475
1.0000000000333880
1.0000000000338722
1.0000000000342988
1.0000000000346667
1.0000000000349756
1.0000000000352243
1.0000000000354126
1.0000000000355413
1.0000000000356106
1.0000000000356191
1.0000000000355656
1.0000000000354485
1.0000000000352696
