1.0000000015009283
1.0000000014879491
1.0000000014718198
1.0000000014525825
1.0000000014302872
1.0000000014049917
1.0000000013767598
1.0000000013456636
1.0000000013117802
1.0000000012751953
1.0000000012359997
1.0000000011942909
1.0000000011501720
1.0000000011037526
1.0000000010551477
1.0000000010044769
1.0000000009518626
1.0000000008974312
1.0000000008413137
1.0000000007836465
1.0000000007245695
1.0000000006642245
1.0000000006027561
1.0000000005403118
1.0000000004770406
1.0000000004130936
1.0000000003486238
1.0000000002837859
1.0000000002187344
1.0000000001536242
1.0000000000886089
1.0000000000238416
0.9999999999594759
0.9999999998956643
0.9999999998325565
0.9999999997703000
0.9999999997090400
0.9999999996489192
0.9999999995900773
0.9999999995326513
0.9999999994767751
0.9999999994225767
0.9999999993701804
0.9999999993197062
0.9999999992712695
0.9999999992249797
0.9999999991809417
0.9999999991392545
0.9999999991000118
0.9999999990633003
0.9999999990292014
0.9999999989977914
0.9999999989691387
0.9999999989433050
0.9999999989203451
0.9999999989003066
0.9999999988832290
0.9999999988691455
0.9999999988580811
0.9999999988500536
0.9999999988450746
0.9999999988431476
0.9999999988442679
0.9999999988484232
0.9999999988555948
0.9999999988657574
0.9999999988788780
0.9999999988949163
0.9999999989138235
0.9999999989355431
0.9999999989600122
0.9999999989871614
0.9999999990169144
0.9999999990491890
0.9999999990838985
0.9999999991209493
0.9999999991602434
0.9999999992016767
0.9999999992451394
0.9999999992905160
0.9999999993376867
0.9999999993865266
0.9999999994369078
0.9999999994886997
0.9999999995417681
0.9999999995959755
0.9999999996511810
0.9999999997072416
0.9999999997640137
0.9999999998213495
0.9999999998790999
0.9999999999371141
0.9999999999952424
1.0000000000533344
1.0000000001112397
1.0000000001688090
1.0000000002258949
1.0000000002823513
1.0000000003380318
1.0000000003927922
1.0000000004464902
1.0000000004989869
1.0000000005501459
1.0000000005998342
1.0000000006479217
1.0000000006942826
1.0000000007387957
1.0000000007813461
1.0000000008218233
1.0000000008601218
1.0000000008961407
1.0000000009297858
1.0000000009609677
1.0000000009896026
1.0000000010156120
1.0000000010389229
1.0000000010594705
1.0000000010771970
1.0000000010920533
1.0000000011039962
1.0000000011129890
1.0000000011190020
1.0000000011220129
1.0000000011220078
1.0000000011189796
1.0000000011129284
1.0000000011038619
1.0000000010917949
1.0000000010767494
1.0000000010587562
1.0000000010378525
1.0000000010140824
1.0000000009874983
1.0000000009581596
1.0000000009261307
1.0000000008914827
1.0000000008542931
1.0000000008146466
1.0000000007726346
1.0000000007283545
1.0000000006819099
1.0000000006334093
1.0000000005829648
1.0000000005306942
1.0000000004767200
1.0000000004211680
1.0000000003641680
1.0000000003058553
1.0000000002463678
1.0000000001858469
1.0000000001244376
1.0000000000622864
0.9999999999995419
0.9999999999363540
0.9999999998728740
0.9999999998092539
0.9999999997456466
0.9999999996822042
0.9999999996190794
0.9999999995564240
0.9999999994943901
0.9999999994331269
0.9999999993727835
0.9999999993135074
0.9999999992554441
0.9999999991987364
0.9999999991435234
0.9999999990899405
0.9999999990381195
0.9999999989881886
0.9999999989402711
0.9999999988944859
0.9999999988509465
0.9999999988097634
0.9999999987710413
0.9999999987348794
0.9999999987013697
0.9999999986705985
0.9999999986426461
0.9999999986175867
0.9999999985954865
0.9999999985764044
0.9999999985603923
0.9999999985474943
0.9999999985377500
0.9999999985311909
0.9999999985278416
0.9999999985277184
0.9999999985308291
0.9999999985371760
0.9999999985467534
0.9999999985595485
0.9999999985755393
0.9999999985946969
0.9999999986169850
0.9999999986423593
0.9999999986707689
0.9999999987021547
0.9999999987364517
0.9999999987735881
0.9999999988134854
0.9999999988560582
0.9999999989012145
0.9999999989488573
0.9999999989988840
0.9999999990511863
0.9999999991056512
0.9999999991621586
0.9999999992205846
0.9999999992807996
0.9999999993426708
0.9999999994060628
0.9999999994708360
0.9999999995368474
0.9999999996039505
0.9999999996719950
0.9999999997408293
0.9999999998102996
0.9999999998802516
0.9999999999505288
1.0000000000209741
1.0000000000914302
1.0000000001617406
1.0000000002317493
1.0000000003012994
1.0000000003702358
1.0000000004384046
1.0000000005056533
1.0000000005718317
1.0000000006367924
1.0000000007003906
1.0000000007624854
1.0000000008229382
1.0000000008816139
1.0000000009383820
1.0000000009931160
1.0000000010456949
1.0000000010960033
1.0000000011439314
1.0000000011893748
1.0000000012322343
1.0000000012724157
1.0000000013098302
1.0000000013443961
1.0000000013760393
1.0000000014046933
1.0000000014302983
1.0000000014528028
1.0000000014721611
1.0000000014883359
1.0000000015012962
1.0000000015110175
1.0000000015174828
1.0000000015206827
1.0000000015206159
1.0000000015172894
1.0000000015107189
1.0000000015009283
1.0000000014879491
1.0000000014718198
1.0000000014525825
