1.0000257155393479
1.0000253937031420
1.0000250114948157
1.0000245698325625
1.0000240697764802
1.0000235125260353
1.0000228994171965
1.0000222319192369
1.0000215116312223
1.0000207402781900
1.0000199197070223
1.0000190518820340
1.0000181388802760
1.0000171828865687
1.0000161861882813
1.0000151511698658
1.0000140803071571
1.0000129761614547
1.0000118413734014
1.0000106786566709
1.0000094907914818
1.0000082806179542
1.0000070510293195
1.0000058049650087
1.0000045454036237
1.0000032753558183
1.0000019978571024
1.0000007159605877
0.9999994327296915
0.9999981512308126
0.9999968745260033
0.9999956056656486
0.9999943476811770
0.9999931035778132
0.9999918763273944
0.9999906688612686
0.9999894840632874
0.9999883247629126
0.9999871937284528
0.9999860936604488
0.9999850271852160
0.9999839968485690
0.9999830051097343
0.9999820543354747
0.9999811467944302
0.9999802846516970
0.9999794699636536
0.9999787046730442
0.9999779906043388
0.9999773294593710
0.9999767228132722
0.9999761721107083
0.9999756786624276
0.9999752436421290
0.9999748680836605
0.9999745528785500
0.9999742987738754
0.9999741063704830
0.9999739761215547
0.9999739083315263
0.9999739031553676
0.9999739605982126
0.9999740805153526
0.9999742626125867
0.9999745064469282
0.9999748114276713
0.9999751768178077
0.9999756017357938
0.9999760851576626
0.9999766259194789
0.9999772227201266
0.9999778741244263
0.9999785785665721
0.9999793343538809
0.9999801396708456
0.9999809925834817
0.9999818910439575
0.9999828328954955
0.9999838158775359
0.9999848376311470
0.9999858957046710
0.9999869875595938
0.9999881105766170
0.9999892620619275
0.9999904392536443
0.9999916393284269
0.9999928594082312
0.9999940965671944
0.9999953478386354
0.9999966102221558
0.9999978806908150
0.9999991561983744
1.0000004336865838
1.0000017100924976
1.0000029823558028
1.0000042474261377
1.0000055022703913
1.0000067438799574
1.0000079692779298
1.0000091755262235
1.0000103597326016
1.0000115190575944
1.0000126507212910
1.0000137520099874
1.0000148202826784
1.0000158529773737
1.0000168476172246
1.0000178018164474
1.0000187132860296
1.0000195798392075
1.0000203993966923
1.0000211699916457
1.0000218897743851
1.0000225570168060
1.0000231701165172
1.0000237276006729
1.0000242281294984
1.0000246704994933
1.0000250536463124
1.0000253766473137
1.0000256387237649
1.0000258392427097
1.0000259777184830
1.0000260538138761
1.0000260673409462
1.0000260182614671
1.0000259066870247
1.0000257328787554
1.0000254972467251
1.0000252003489525
1.0000248428900775
1.0000244257196818
1.0000239498302610
1.0000234163548585
1.0000228265643567
1.0000221818644470
1.0000214837922718
1.0000207340127540
1.0000199343146217
1.0000190866061354
1.0000181929105314
1.0000172553611881
1.0000162761965281
1.0000152577546748
1.0000142024678640
1.0000131128566339
1.0000119915238030
1.0000108411482502
1.0000096644785135
1.0000084643262210
1.0000072435593745
1.0000060050954931
1.0000047518946418
1.0000034869523569
1.0000022132924864
1.0000009339599643
0.9999996520135289
0.9999983705184133
0.9999970925390158
0.9999958211315743
0.9999945593368603
0.9999933101729095
0.9999920766278052
0.9999908616525335
0.9999896681539271
0.9999884989877139
0.9999873569516896
0.9999862447790250
0.9999851651317306
0.9999841205942887
0.9999831136674712
0.9999821467623589
0.9999812221945747
0.9999803421787429
0.9999795088231902
0.9999787241249036
0.9999779899647513
0.9999773081029801
0.9999766801750063
0.9999761076874993
0.9999755920147753
0.9999751343955079
0.9999747359297615
0.9999743975763580
0.9999741201505806
0.9999739043222186
0.9999737506139618
0.9999736594001465
0.9999736309058576
0.9999736652063834
0.9999737622270334
0.9999739217433111
0.9999741433814499
0.9999744266192991
0.9999747707875690
0.9999751750714265
0.9999756385124401
0.9999761600108645
0.9999767383282682
0.9999773720904902
0.9999780597909208
0.9999787997940989
0.9999795903396189
0.9999804295463359
0.9999813154168578
0.9999822458423161
0.9999832186074027
0.9999842313956624
0.9999852817950270
0.9999863673035764
0.9999874853355185
0.9999886332273639
0.9999898082442901
0.9999910075866736
0.9999922283967787
0.9999934677655827
0.9999947227397261
0.9999959903285680
0.9999972675113298
0.9999985512443103
0.9999998384681581
1.0000011261151773
1.0000024111166566
1.0000036904101994
1.0000049609470396
1.0000062196993191
1.0000074636673206
1.0000086898866338
1.0000098954352339
1.0000110774404600
1.0000122330858741
1.0000133596179888
1.0000144543528429
1.0000155146824099
1.0000165380808250
1.0000175221104159
1.0000184644275230
1.0000193627880942
1.0000202150530433
1.0000210191933556
1.0000217732949326
1.0000224755631588
1.0000231243271864
1.0000237180439226
1.0000242553017129
1.0000247348237086
1.0000251554709134
1.0000255162449017
1.0000258162901972
1.0000260548963174
1.0000262314994628
1.0000263456838629
1.0000263971827634
1.0000263858790592
1.0000263118055737
1.0000261751449757
1.0000259762293395
1.0000257155393479
1.0000253937031420
1.0000250114948157
1.0000245698325625
