1.0000946407220710
1.0000934501120249
1.0000920369374415
1.0000904045862247
1.0000885569695077
1.0000864985123148
1.0000842341429959
1.0000817692814605
1.0000791098262365
1.0000762621403869
1.0000732330363187
1.0000700297595169
1.0000666599712469
1.0000631317302622
1.0000594534735614
1.0000556339962410
1.0000516824304921
1.0000476082237946
1.0000434211163554
1.0000391311178438
1.0000347484834835
1.0000302836895565
1.0000257474083778
1.0000211504827989
1.0000165039003017
1.0000118187667464
1.0000071062798337
1.0000023777023475
0.9999976443352353
0.9999929174905987
0.9999882084646544
0.9999835285107310
0.9999788888123675
0.9999743004565760
0.9999697744073316
0.9999653214793560
0.9999609523122543
0.9999566773450710
0.9999525067913235
0.9999484506145740
0.9999445185045924
0.9999407198541793
0.9999370637366981
0.9999335588843637
0.9999302136673541
0.9999270360737831
0.9999240336905849
0.9999212136853630
0.9999185827892385
0.9999161472807443
0.9999139129707996
0.9999118851888058
0.9999100687698949
0.9999084680433626
0.9999070868223088
0.9999059283945152
0.9999049955145825
0.9999042903973432
0.9999038147125683
0.9999035695809778
0.9999035555715663
0.9999037727002505
0.9999042204298436
0.9999048976713498
0.9999058027865844
0.9999069335921074
0.9999082873644629
0.9999098608467145
0.9999116502562544
0.9999136512938736
0.9999158591540672
0.9999182685365526
0.9999208736589712
0.9999236682707467
0.9999266456680617
0.9999297987099173
0.9999331198352408
0.9999366010809972
0.9999402341012621
0.9999440101872094
0.9999479202879663
0.9999519550322845
0.9999561047509778
0.9999603595000734
0.9999647090846114
0.9999691430830515
0.9999736508722129
0.9999782216526990
0.9999828444747404
0.9999875082643928
0.9999922018500312
0.9999969139890755
1.0000016333948845
1.0000063487637498
1.0000110488019318
1.0000157222526658
1.0000203579230789
1.0000249447109515
1.0000294716312603
1.0000339278424393
1.0000383026722932
1.0000425856435049
1.0000467664986783
1.0000508352248505
1.0000547820774184
1.0000585976034235
1.0000622726641364
1.0000657984568919
1.0000691665361174
1.0000723688335098
1.0000753976773074
1.0000782458106152
1.0000809064087399
1.0000833730954886
1.0000856399584002
1.0000877015628677
1.0000895529651173
1.0000911897240172
1.0000926079116879
1.0000938041228846
1.0000947754831300
1.0000955196555859
1.0000960348466388
1.0000963198101869
1.0000963738506232
1.0000961968245043
1.0000957891408990
1.0000951517604244
1.0000942861929600
1.0000931944940536
1.0000918792600240
1.0000903436217736
1.0000885912373236
1.0000866262830916
1.0000844534439335
1.0000820779019692
1.0000795053242220
1.0000767418490983
1.0000737940717417
1.0000706690282974
1.0000673741791235
1.0000639173909858
1.0000603069182812
1.0000565513833359
1.0000526597558224
1.0000486413313465
1.0000445057092533
1.0000402627697054
1.0000359226500888
1.0000314957208016
1.0000269925604857
1.0000224239307542
1.0000178007504854
1.0000131340697334
1.0000084350433271
1.0000037149042120
0.9999989849366030
0.9999942564490146
0.9999895407472271
0.9999848491072620
0.9999801927484194
0.9999755828064530
0.9999710303069391
0.9999665461389067
0.9999621410287932
0.9999578255147842
0.9999536099216031
0.9999495043358073
0.9999455185816534
0.9999416621975873
0.9999379444134158
0.9999343741282134
0.9999309598890223
0.9999277098703888
0.9999246318547936
0.9999217332140156
0.9999190208914790
0.9999165013856250
0.9999141807343473
0.9999120645005288
0.9999101577587134
0.9999084650829492
0.9999069905358273
0.9999057376587446
0.9999047094634148
0.9999039084246478
0.9999033364744145
0.9999029949972081
0.9999028848267189
0.9999030062438292
0.9999033589759297
0.9999039421975618
0.9999047545323850
0.9999057940564602
0.9999070583028440
0.9999085442674881
0.9999102484164197
0.9999121666941939
0.9999142945335919
0.9999166268665449
0.9999191581362564
0.9999218823104951
0.9999247928960249
0.9999278829541366
0.9999311451172441
0.9999345716065079
0.9999381542504433
0.9999418845044652
0.9999457534713235
0.9999497519223818
0.9999538703196892
0.9999580988387883
0.9999624273922083
0.9999668456535840
0.9999713430823463
0.9999759089489211
0.9999805323603795
0.9999852022864747
0.9999899075860059
0.9999946370334476
0.9999993793457718
1.0000041232094092
1.0000088573072845
1.0000135703458515
1.0000182510820737
1.0000228883502804
1.0000274710888333
1.0000319883665481
1.0000364294087951
1.0000407836232297
1.0000450406250803
1.0000491902619419
1.0000532226380123
1.0000571281377115
1.0000608974486318
1.0000645215837614
1.0000679919029303
1.0000713001334294
1.0000744383897457
1.0000773991923761
1.0000801754856694
1.0000827606546556
1.0000851485408231
1.0000873334568046
1.0000893101999415
1.0000910740646898
1.0000926208538365
1.0000939468885066
1.0000950490169283
1.0000959246219450
1.0000965716272503
1.0000969885023345
1.0000971742661260
1.0000971284893239
1.0000968512954134
1.0000963433603614
1.0000956059109960
1.0000946407220710
1.0000934501120249
1.0000920369374415
1.0000904045862247
