1.0000519034552964
1.0000512518670828
1.0000504783016333
1.0000495846151689
1.0000485729506630
1.0000474457327218
1.0000462056617889
1.0000448557076926
1.0000433991025481
1.0000418393330357
1.0000401801320715
1.0000384254698880
1.0000365795445458
1.0000346467719052
1.0000326317750747
1.0000305393733657
1.0000283745707776
1.0000261425440427
1.0000238486302568
1.0000214983141269
1.0000190972148637
1.0000166510727542
1.0000141657354467
1.0000116471439764
1.0000091013185677
1.0000065343442475
1.0000039523563016
1.0000013615256125
0.9999987680439099
0.9999961781089720
0.9999935979098111
0.9999910336118788
0.9999884913423290
0.9999859771753721
0.9999834971177536
0.9999810570943926
0.9999786629342201
0.9999763203562403
0.9999740349558603
0.9999718121915102
0.9999696573715926
0.9999675756417911
0.9999655719727657
0.9999636511482669
0.9999618177536984
0.9999600761651520
0.9999584305389451
0.9999568848016814
0.9999554426408630
0.9999541074960734
0.9999528825507539
0.9999517707245916
0.9999507746665411
0.9999498967484896
0.9999491390595903
0.9999485034012674
0.9999479912829145
0.9999476039182884
0.9999473422226106
0.9999472068103834
0.9999471979939267
0.9999473157826375
0.9999475598829747
0.9999479296991688
0.9999484243346544
0.9999490425942221
0.9999497829868870
0.9999506437294623
0.9999516227508363
0.9999527176969334
0.9999539259363552
0.9999552445666845
0.9999566704214362
0.9999582000776420
0.9999598298640496
0.9999615558699116
0.9999633739543509
0.9999652797562736
0.9999672687048101
0.9999693360302573
0.9999714767754952
0.9999736858078551
0.9999759578314030
0.9999782873996153
0.9999806689284102
0.9999830967095136
0.9999855649241164
0.9999880676567996
0.9999905989096861
0.9999931526167896
0.9999957226585264
0.9999983028763575
1.0000008870875172
1.0000034690998048
1.0000060427263926
1.0000086018006269
1.0000111401907730
1.0000136518146774
1.0000161306543167
1.0000185707701876
1.0000209663155086
1.0000233115501995
1.0000256008546056
1.0000278287429345
1.0000299898763712
1.0000320790758417
1.0000340913343946
1.0000360218291688
1.0000378659329243
1.0000396192251042
1.0000412775024015
1.0000428367888075
1.0000442933451144
1.0000456436778549
1.0000468845476556
1.0000480129769778
1.0000490262572372
1.0000499219552805
1.0000506979192025
1.0000513522834920
1.0000518834734911
1.0000522902091651
1.0000525715081627
1.0000527266881716
1.0000527553685499
1.0000526574712436
1.0000524332209784
1.0000520831447277
1.0000516080704613
1.0000510091251729
1.0000502877321933
1.0000494456077953
1.0000484847570994
1.0000474074692898
1.0000462163121537
1.0000449141259533
1.0000435040166462
1.0000419893484704
1.0000403737359118
1.0000386610350751
1.0000368553344769
1.0000349609452839
1.0000329823910159
1.0000309243967431
1.0000287918778026
1.0000265899280578
1.0000243238077289
1.0000219989308279
1.0000196208522254
1.0000171952543790
1.0000147279337559
1.0000122247869845
1.0000096917967620
1.0000071350175586
1.0000045605611469
1.0000019745819961
0.9999993832625608
0.9999967927985047
0.9999942093838875
0.9999916391963581
0.9999890883823854
0.9999865630425627
0.9999840692170199
0.9999816128709816
0.9999791998805003
0.9999768360184040
0.9999745269404895
0.9999722781719930
0.9999700950943754
0.9999679829324494
0.9999659467418774
0.9999639913970778
0.9999621215795609
0.9999603417667283
0.9999586562211580
0.9999570689804023
0.9999555838473255
0.9999542043810012
0.9999529338881927
0.9999517754154368
0.9999507317417489
0.9999498053719699
0.9999489985307669
0.9999483131573049
0.9999477509006006
0.9999473131155709
0.9999470008597839
0.9999468148909213
0.9999467556649605
0.9999468233350763
0.9999470177512678
0.9999473384607090
0.9999477847088273
0.9999483554411002
0.9999490493055697
0.9999498646560724
0.9999507995561699
0.9999518517837740
0.9999530188364542
0.9999542979374199
0.9999556860421532
0.9999571798456862
0.9999587757904996
0.9999604700750252
0.9999622586627313
0.9999641372917709
0.9999661014851686
0.9999681465615211
0.9999702676461864
0.9999724596829332
0.9999747174460267
0.9999770355527173
0.9999794084761044
0.9999818305583466
0.9999842960241817
0.9999867989947289
0.9999893335015374
0.9999918935008487
0.9999944728880374
0.9999970655121968
0.9999996651908348
1.0000022657246439
1.0000048609123118
1.0000074445653349
1.0000100105228016
1.0000125526661097
1.0000150649335815
1.0000175413349408
1.0000199759656188
1.0000223630208560
1.0000246968095647
1.0000269717679169
1.0000291824726317
1.0000313236539231
1.0000333902080809
1.0000353772096571
1.0000372799232220
1.0000390938146706
1.0000408145620441
1.0000424380658448
1.0000439604588216
1.0000453781151990
1.0000466876593281
1.0000478859737434
1.0000489702066002
1.0000499377784784
1.0000507863885342
1.0000515140199888
1.0000521189449376
1.0000525997284706
1.0000529552320925
1.0000531846164344
1.0000532873432526
1.0000532631767090
1.0000531121839280
1.0000528347348305
1.0000524315012445
1.0000519034552964
1.0000512518670828
1.0000504783016333
1.0000495846151689
