1.0000023969494802
1.0000023674750100
1.0000023324061291
1.0000022918275935
1.0000022458372892
1.0000021945459983
1.0000021380771336
1.0000020765664437
1.0000020101616871
1.0000019390222781
1.0000018633189063
1.0000017832331292
1.0000016989569365
1.0000016106922920
1.0000015186506495
1.0000014230524485
1.0000013241265873
1.0000012221098733
1.0000011172464580
1.0000010097872523
1.0000008999893277
1.0000007881153017
1.0000006744327088
1.0000005592133616
1.0000004427327009
1.0000003252691390
1.0000002071033927
1.0000000885178113
0.9999999697957035
0.9999998512206594
0.9999997330758720
0.9999996156434638
0.9999994992038098
0.9999993840348684
0.9999992704115154
0.9999991586048894
0.9999990488817424
0.9999989415038020
0.9999988367271480
0.9999987348015988
0.9999986359701172
0.9999985404682270
0.9999984485234524
0.9999983603547749
0.9999982761721075
0.9999981961757962
0.9999981205561412
0.9999980494929426
0.9999979831550695
0.9999979217000580
0.9999978652737356
0.9999978140098724
0.9999977680298626
0.9999977274424338
0.9999976923433898
0.9999976628153808
0.9999976389277075
0.9999976207361573
0.9999976082828710
0.9999976015962418
0.9999976006908478
0.9999976055674182
0.9999976162128322
0.9999976326001535
0.9999976546886939
0.9999976824241124
0.9999977157385460
0.9999977545507722
0.9999977987664023
0.9999978482781114
0.9999979029658929
0.9999979626973482
0.9999980273280054
0.9999980967016632
0.9999981706507662
0.9999982489968067
0.9999983315507511
0.9999984181134941
0.9999985084763346
0.9999986024214783
0.9999986997225573
0.9999988001451713
0.9999989034474508
0.9999990093806366
0.9999991176896740
0.9999992281138260
0.9999993403872961
0.9999994542398642
0.9999995693975341
0.9999996855831903
0.9999998025172615
0.9999999199183909
1.0000000375041069
1.0000001549915005
1.0000002720979024
1.0000003885415609
1.0000005040423166
1.0000006183222714
1.0000007311064572
1.0000008421234903
1.0000009511062229
1.0000010577923832
1.0000011619252029
1.0000012632540320
1.0000013615349386
1.0000014565312936
1.0000015480143378
1.0000016357637287
1.0000017195680682
1.0000017992254093
1.0000018745437400
1.0000019453414433
1.0000020114477328
1.0000020727030605
1.0000021289594996
1.0000021800810968
1.0000022259442021
1.0000022664377655
1.0000023014635999
1.0000023309366193
1.0000023547850396
1.0000023729505527
1.0000023853884665
1.0000023920678143
1.0000023929714266
1.0000023880959767
1.0000023774519866
1.0000023610638018
1.0000023389695354
1.0000023112209770
1.0000022778834703
1.0000022390357566
1.0000021947697881
1.0000021451905077
1.0000020904155988
1.0000020305752064
1.0000019658116244
1.0000018962789554
1.0000018221427445
1.0000017435795840
1.0000016607766915
1.0000015739314603
1.0000014832509903
1.0000013889515917
1.0000012912582688
1.0000011904041832
1.0000010866300975
1.0000009801837977
1.0000008713195019
1.0000007602972540
1.0000006473823018
1.0000005328444623
1.0000004169574770
1.0000002999983573
1.0000001822467217
1.0000000639841287
0.9999999454934031
0.9999998270579600
0.9999997089611281
0.9999995914854709
0.9999994749121125
0.9999993595200632
0.9999992455855551
0.9999991333813800
0.9999990231762386
0.9999989152340952
0.9999988098135481
0.9999987071672114
0.9999986075411101
0.9999985111740928
0.9999984182972578
0.9999983291334011
0.9999982438964835
0.9999981627911204
0.9999980860120913
0.9999980137438718
0.9999979461601930
0.9999978834236264
0.9999978256851939
0.9999977730840074
0.9999977257469344
0.9999976837882940
0.9999976473095831
0.9999976163992325
0.9999975911323964
0.9999975715707717
0.9999975577624480
0.9999975497417943
0.9999975475293751
0.9999975511318999
0.9999975605422060
0.9999975757392751
0.9999975966882834
0.9999976233406821
0.9999976556343142
0.9999976934935610
0.9999977368295230
0.9999977855402314
0.9999978395108912
0.9999978986141538
0.9999979627104203
0.9999980316481751
0.9999981052643460
0.9999981833846935
0.9999982658242265
0.9999983523876421
0.9999984428697927
0.9999985370561760
0.9999986347234462
0.9999987356399468
0.9999988395662628
0.9999989462557916
0.9999990554553317
0.9999991669056877
0.9999992803422889
0.9999993954958195
0.9999995120928613
0.9999996298565469
0.9999997485072190
0.9999998677630990
0.9999999873409600
1.0000001069568027
1.0000002263265322
1.0000003451666362
1.0000004631948622
1.0000005801308902
1.0000006956969998
1.0000008096187376
1.0000009216255701
1.0000010314515277
1.0000011388358416
1.0000012435235655
1.0000013452661831
1.0000014438222027
1.0000015389577313
1.0000016304470349
1.0000017180730760
1.0000018016280314
1.0000018809137867
1.0000019557424111
1.0000020259366058
1.0000020913301257
1.0000021517681765
1.0000022071077821
1.0000022572181273
1.0000023019808688
1.0000023412904164
1.0000023750541853
1.0000024031928159
1.0000024256403641
1.0000024423444580
1.0000024532664213
1.0000024583813651
1.0000024576782478
1.0000024511598999
1.0000024388430178
1.0000024207581211
1.0000023969494802
1.0000023674750100
1.0000023324061291
1.0000022918275935
