1.0000000001549993
1.0000000001542637
1.0000000001532448
1.0000000001519453
1.0000000001503688
1.0000000001485188
1.0000000001463998
1.0000000001440170
1.0000000001413765
1.0000000001384852
1.0000000001353513
1.0000000001319826
1.0000000001283889
1.0000000001245801
1.0000000001205669
1.0000000001163603
1.0000000001119715
1.0000000001074125
1.0000000001026950
1.0000000000978297
1.0000000000928286
1.0000000000877034
1.0000000000824665
1.0000000000771310
1.0000000000717100
1.0000000000662159
1.0000000000606621
1.0000000000550615
1.0000000000494282
1.0000000000437743
1.0000000000381133
1.0000000000324587
1.0000000000268234
1.0000000000212197
1.0000000000156601
1.0000000000101577
1.0000000000047251
0.9999999999993748
0.9999999999941193
0.9999999999889699
0.9999999999839377
0.9999999999790339
0.9999999999742694
0.9999999999696541
0.9999999999651977
0.9999999999609096
0.9999999999567993
0.9999999999528759
0.9999999999491467
0.9999999999456196
0.9999999999423018
0.9999999999391994
0.9999999999363182
0.9999999999336651
0.9999999999312452
0.9999999999290621
0.9999999999271183
0.9999999999254173
0.9999999999239626
0.9999999999227556
0.9999999999217969
0.9999999999210873
0.9999999999206264
0.9999999999204128
0.9999999999204463
0.9999999999207262
0.9999999999212504
0.9999999999220155
0.9999999999230172
0.9999999999242493
0.9999999999257060
0.9999999999273810
0.9999999999292680
0.9999999999313609
0.9999999999336522
0.9999999999361339
0.9999999999387974
0.9999999999416350
0.9999999999446388
0.9999999999477996
0.9999999999511081
0.9999999999545538
0.9999999999581263
0.9999999999618149
0.9999999999656090
0.9999999999694974
0.9999999999734701
0.9999999999775161
0.9999999999816241
0.9999999999857818
0.9999999999899759
0.9999999999941936
0.9999999999984229
1.0000000000026517
1.0000000000068674
1.0000000000110587
1.0000000000152147
1.0000000000193228
1.0000000000233715
1.0000000000273490
1.0000000000312430
1.0000000000350422
1.0000000000387346
1.0000000000423095
1.0000000000457561
1.0000000000490641
1.0000000000522238
1.0000000000552260
1.0000000000580622
1.0000000000607250
1.0000000000632068
1.0000000000655003
1.0000000000675995
1.0000000000694977
1.0000000000711891
1.0000000000726676
1.0000000000739282
1.0000000000749660
1.0000000000757772
1.0000000000763591
1.0000000000767095
1.0000000000768265
1.0000000000767091
1.0000000000763565
1.0000000000757674
1.0000000000749418
1.0000000000738800
1.0000000000725833
1.0000000000710534
1.0000000000692937
1.0000000000673075
1.0000000000650981
1.0000000000626694
1.0000000000600258
1.0000000000571723
1.0000000000541143
1.0000000000508582
1.0000000000474107
1.0000000000437801
1.0000000000399747
1.0000000000360030
1.0000000000318743
1.0000000000275979
1.0000000000231841
1.0000000000186424
1.0000000000139835
1.0000000000092188
1.0000000000043603
0.9999999999994187
0.9999999999944049
0.9999999999893304
0.9999999999842075
0.9999999999790492
0.9999999999738687
0.9999999999686784
0.9999999999634899
0.9999999999583137
0.9999999999531608
0.9999999999480440
0.9999999999429765
0.9999999999379712
0.9999999999330409
0.9999999999281975
0.9999999999234542
0.9999999999188236
0.9999999999143185
0.9999999999099505
0.9999999999057306
0.9999999999016689
0.9999999998977748
0.9999999998940574
0.9999999998905265
0.9999999998871925
0.9999999998840633
0.9999999998811473
0.9999999998784516
0.9999999998759836
0.9999999998737503
0.9999999998717588
0.9999999998700162
0.9999999998685291
0.9999999998673031
0.9999999998663428
0.9999999998656519
0.9999999998652337
0.9999999998650910
0.9999999998652260
0.9999999998656406
0.9999999998663354
0.9999999998673109
0.9999999998685659
0.9999999998700982
0.9999999998719058
0.9999999998739856
0.9999999998763341
0.9999999998789474
0.9999999998818214
0.9999999998849519
0.9999999998883341
0.9999999998919625
0.9999999998958313
0.9999999998999343
0.9999999999042648
0.9999999999088153
0.9999999999135760
0.9999999999185363
0.9999999999236859
0.9999999999290149
0.9999999999345132
0.9999999999401703
0.9999999999459738
0.9999999999519108
0.9999999999579692
0.9999999999641354
0.9999999999703965
0.9999999999767398
0.9999999999831544
0.9999999999896271
0.9999999999961450
1.0000000000026958
1.0000000000092664
1.0000000000158422
1.0000000000224083
1.0000000000289502
1.0000000000354543
1.0000000000419058
1.0000000000482918
1.0000000000545994
1.0000000000608162
1.0000000000669289
1.0000000000729257
1.0000000000787943
1.0000000000845224
1.0000000000900973
1.0000000000955069
1.0000000001007405
1.0000000001057889
1.0000000001106415
1.0000000001152878
1.0000000001197182
1.0000000001239242
1.0000000001278977
1.0000000001316303
1.0000000001351153
1.0000000001383453
1.0000000001413141
1.0000000001440164
1.0000000001464453
1.0000000001485960
1.0000000001504634
1.0000000001520444
1.0000000001533373
1.0000000001543412
1.0000000001550549
1.0000000001554774
1.0000000001556082
1.0000000001554483
1.0000000001549993
1.0000000001542637
1.0000000001532448
1.0000000001519453
