1.0000070563425882
1.0000069687273148
1.0000068645895699
1.0000067441802136
1.0000066077889158
1.0000064557434658
1.0000062884089873
1.0000061061870658
1.0000059095147846
1.0000056988636816
1.0000054747386213
1.0000052376765873
1.0000049882453965
1.0000047270423431
1.0000044546927687
1.0000041718485688
1.0000038791866344
1.0000035774072329
1.0000032672323336
1.0000029494038820
1.0000026246820259
1.0000022938432980
1.0000019576787580
1.0000016169921049
1.0000012725977543
1.0000009253188911
1.0000005759855022
1.0000002254323934
0.9999998744971929
0.9999995240183497
0.9999991748331314
0.9999988277756203
0.9999984836747214
0.9999981433521816
0.9999978076206242
0.9999974772816083
0.9999971531237140
0.9999968359206550
0.9999965264294332
0.9999962253885284
0.9999959335161338
0.9999956515084403
0.9999953800379721
0.9999951197519810
0.9999948712708990
0.9999946351868566
0.9999944120622672
0.9999942024284866
0.9999940067845405
0.9999938255959359
0.9999936592935484
0.9999935082725944
0.9999933728916858
0.9999932534719758
0.9999931502963902
0.9999930636089543
0.9999929936142083
0.9999929404767248
0.9999929043207136
0.9999928852297290
0.9999928832464701
0.9999928983726801
0.9999929305691437
0.9999929797557836
0.9999930458118522
0.9999931285762230
0.9999932278477792
0.9999933433858970
0.9999934749110213
0.9999936221053358
0.9999937846135251
0.9999939620436251
0.9999941539679638
0.9999943599241854
0.9999945794163577
0.9999948119161601
0.9999950568641482
0.9999953136710950
0.9999955817193996
0.9999958603645663
0.9999961489367479
0.9999964467423497
0.9999967530656889
0.9999970671707080
0.9999973883027378
0.9999977156903026
0.9999980485469672
0.9999983860732187
0.9999987274583807
0.9999990718825529
0.9999994185185737
0.9999997665339991
1.0000001150930953
1.0000004633588373
1.0000008104949143
1.0000011556677315
1.0000014980484049
1.0000018368147432
1.0000021711532159
1.0000025002608997
1.0000028233474012
1.0000031396367470
1.0000034483692419
1.0000037488032851
1.0000040402171451
1.0000043219106891
1.0000045932070565
1.0000048534542805
1.0000051020268466
1.0000053383271921
1.0000055617871364
1.0000057718692383
1.0000059680680851
1.0000061499115021
1.0000063169616826
1.0000064688162358
1.0000066051091501
1.0000067255116694
1.0000068297330813
1.0000069175214137
1.0000069886640397
1.0000070429881862
1.0000070803613494
1.0000071006916140
1.0000071039278706
1.0000070900599427
1.0000070591186099
1.0000070111755381
1.0000069463431096
1.0000068647741569
1.0000067666615964
1.0000066522379683
1.0000065217748824
1.0000063755823714
1.0000062140081505
1.0000060374367870
1.0000058462887795
1.0000056410195586
1.0000054221183958
1.0000051901072369
1.0000049455394537
1.0000046889985235
1.0000044210966332
1.0000041424732191
1.0000038537934375
1.0000035557465765
1.0000032490444080
1.0000029344194878
1.0000026126234034
1.0000022844249778
1.0000019506084339
1.0000016119715187
1.0000012693235978
1.0000009234837191
1.0000005752786565
1.0000002255409339
0.9999998751068322
0.9999995248143940
0.9999991755014178
0.9999988280034544
0.9999984831518118
0.9999981417715669
0.9999978046795917
0.9999974726826015
0.9999971465752248
0.9999968271381031
0.9999965151360245
0.9999962113160943
0.9999959164059495
0.9999956311120161
0.9999953561178196
0.9999950920823524
0.9999948396384963
0.9999945993915084
0.9999943719175741
0.9999941577624276
0.9999939574400476
0.9999937714314244
0.9999936001834105
0.9999934441076509
0.9999933035795979
0.9999931789376111
0.9999930704821469
0.9999929784750411
0.9999929031388800
0.9999928446564661
0.9999928031703799
0.9999927787826360
0.9999927715544396
0.9999927815060378
0.9999928086166684
0.9999928528246088
0.9999929140273214
0.9999929920816976
0.9999930868043984
0.9999931979722892
0.9999933253229721
0.9999934685554105
0.9999936273306458
0.9999938012726081
0.9999939899690127
0.9999941929723434
0.9999944098009186
0.9999946399400430
0.9999948828432357
0.9999951379335337
0.9999954046048679
0.9999956822235109
0.9999959701295902
0.9999962676386625
0.9999965740433493
0.9999968886150234
0.9999972106055480
0.9999975392490640
0.9999978737638199
0.9999982133540380
0.9999985572118142
0.9999989045190463
0.9999992544493876
0.9999996061702193
0.9999999588446384
1.0000003116334564
1.0000006636972045
1.0000010141981366
1.0000013623022288
1.0000017071811711
1.0000020480143446
1.0000023839907828
1.0000027143111059
1.0000030381894294
1.0000033548552412
1.0000036635552405
1.0000039635551381
1.0000042541414060
1.0000045346229836
1.0000048043329270
1.0000050626300008
1.0000053089002070
1.0000055425582519
1.0000057630489430
1.0000059698485138
1.0000061624658743
1.0000063404437807
1.0000065033599288
1.0000066508279615
1.0000067824983883
1.0000068980594212
1.0000069972377157
1.0000070797990244
1.0000071455487547
1.0000071943324311
1.0000072260360655
1.0000072405864269
1.0000072379512133
1.0000072181391282
1.0000071811998561
1.0000071272239446
1.0000070563425882
1.0000069687273148
1.0000068645895699
1.0000067441802136
