1.0182987011273714
1.0180716039845314
1.0178021835389035
1.0174910306572018
1.0171388285818432
1.0167463518346487
1.0163144649640801
1.0158441211342548
1.0153363605538754
1.0147923087431323
1.0142131746366028
1.0136002485201701
1.0129548998000433
1.0122785746020528
1.0115727931995511
1.0108391472684606
1.0100792969682690
1.0092949678481042
1.0084879475774147
1.0076600825012347
1.0068132740205238
1.0059494747986779
1.0050706847959527
1.0041789471342544
1.0032763437955576
1.0023649911580401
1.0014470353749430
1.0005246476021272
0.9996000190813128
0.9986753560870473
0.9977528747465449
0.9968347957426743
0.9959233389115157
0.9950207177470698
0.9941291338268669
0.9932507711733711
0.9923877905671965
0.9915423238292489
0.9907164680899325
0.9899122800645378
0.9891317703548160
0.9883768977975425
0.9876495638815590
0.9869516072553463
0.9862847983476140
0.9856508341236750
0.9850513330004941
0.9844878299432634
0.9839617717661364
0.9834745126593502
0.9830273099643946
0.9826213202181100
0.9822575954856436
0.9819370800010737
0.9816606071331875
0.9814288966924388
0.9812425525934840
0.9811020608859148
0.9810077881639272
0.9809599803636599
0.9809587619548334
0.9810041355311796
0.9810959818019370
0.9812340599844573
0.9814180085957479
0.9816473466385625
0.9819214751754898
0.9822396792824046
0.9826011303706309
0.9830048888652717
0.9834499072253789
0.9839350332900224
0.9844590139328110
0.9850204990061232
0.9856180455551610
0.9862501222809770
0.9869151142308563
0.9876113276938346
0.9883369952787379
0.9890902811518940
0.9898692864116297
0.9906720545767692
0.9914965771666392
0.9923407993504995
0.9932026256448812
0.9940799256379994
0.9949705397212022
0.9958722848082877
0.9967829600245086
0.9977003523481048
0.9986222421882978
0.9995464088847957
1.0004706361150202
1.0013927171964070
1.0023104602723156
1.0032216933712159
1.0041242693299635
1.0050160705730622
1.0058950137408871
1.0067590541608469
1.0076061901564402
1.0084344671900689
1.0092419818363183
1.0100268855832080
1.0107873884596410
1.0115217624879365
1.0122283449609137
1.0129055415435355
1.0135518291995584
1.0141657589440469
1.0147459584229299
1.0152911343210465
1.0158000746003444
1.0162716505700427
1.0167048187906784
1.0170986228140064
1.0174521947607282
1.0177647567379915
1.0180356220985263
1.0182641965431742
1.0184499790684274
1.0185925627604238
1.0186916354366526
1.0187469801364100
1.0187584754608190
1.0187260957629842
1.0186499111886016
1.0185300875670940
1.0183668861530761
1.0181606632177156
1.0179118694892935
1.0176210494420446
1.0172888404321299
1.0169159716793885
1.0165032630933402
1.0160516239417448
1.0155620513599108
1.0150356286988325
1.0144735237101969
1.0138769865662736
1.0132473477127315
1.0125860155525037
1.0118944739589444
1.0111742796167038
1.0104270591889886
1.0096545063101647
1.0088583784030243
1.0080404933204581
1.0072027258117702
1.0063470038144213
1.0054753045726057
1.0045896505847645
1.0036921053828893
1.0027847691472864
1.0018697741613465
1.0009492801118223
1.0000254692410833
0.9991005413588729
0.9981767087221697
0.9972561907928700
0.9963412088841517
0.9954339807075282
0.9945367148337821
0.9936516050821076
0.9927808248529433
0.9919265214210771
0.9910908102066752
0.9902757690428907
0.9894834324596384
0.9887157860039707
0.9879747606182266
0.9872622270977645
0.9865799906505760
0.9859297855814487
0.9853132701235334
0.9847320214402268
0.9841875308201432
0.9836811990876452
0.9832143322509032
0.9827881374087889
0.9824037189370366
0.9820620749730673
0.9817640942176455
0.9815105530701527
0.9813021131126923
0.9811393189565607
0.9810225964627621
0.9809522513463087
0.9809284681719913
0.9809513097471722
0.9810207169149751
0.9811365087490137
0.9812983831485782
0.9815059178309750
0.9817585717155236
0.9820556866915903
0.9823964897609718
0.9827800955430046
0.9832055091289202
0.9836716292702763
0.9841772518847188
0.9847210738609524
0.9853016971435455
0.9859176330771724
0.9865673069890056
0.9872490629873103
0.9879611689537747
0.9887018217068189
0.9894691523129685
0.9902612315234325
0.9910760753132137
0.9919116505004425
0.9927658804241051
0.9936366506589821
0.9945218147473347
0.9954191999277274
0.9963266128423052
0.9972418452048490
0.9981626794129925
0.9990868940890884
1.0000122695353635
1.0009365930901459
1.0018576643731167
1.0027733004086958
1.0036813406178122
1.0045796516694312
1.0054661321842844
1.0063387172842975
1.0071953829822009
1.0080341504067427
1.0088530898598136
1.0096503247026065
1.0104240350686962
1.0111724614026134
1.0118939078231071
1.0125867453108504
1.0132494147208368
1.0138804296201371
1.0144783789520484
1.0150419295279638
1.0155698283485386
1.0160609047558964
1.0165140724187616
1.0169283311524733
1.0173027685758651
1.0176365616069827
1.0179289777995530
1.0181793765220262
1.0183872099808846
1.0185520240897663
1.0186734591857476
1.0187512505939527
1.0187852290414168
1.0187753209209021
1.0187215484051211
1.0186240294115598
1.0184829774178499
1.0182987011273714
1.0180716039845314
1.0178021835389035
1.0174910306572018
