1.0000000012812122
1.0000000012703882
1.0000000012568853
1.0000000012407415
1.0000000012220009
1.0000000012007129
1.0000000011769323
1.0000000011507206
1.0000000011221455
1.0000000010912791
1.0000000010581991
1.0000000010229864
1.0000000009857275
1.0000000009465144
1.0000000009054435
1.0000000008626151
1.0000000008181340
1.0000000007721088
1.0000000007246503
1.0000000006758738
1.0000000006258962
1.0000000005748384
1.0000000005228231
1.0000000004699749
1.0000000004164207
1.0000000003622875
1.0000000003077043
1.0000000002528002
1.0000000001977047
1.0000000001425478
1.0000000000874596
1.0000000000325719
0.9999999999780144
0.9999999999239157
0.9999999998704028
0.9999999998176007
0.9999999997656334
0.9999999997146224
0.9999999996646868
0.9999999996159421
0.9999999995684997
0.9999999995224691
0.9999999994779557
0.9999999994350607
0.9999999993938824
0.9999999993545153
0.9999999993170486
0.9999999992815676
0.9999999992481508
0.9999999992168729
0.9999999991878034
0.9999999991610058
0.9999999991365377
0.9999999991144507
0.9999999990947901
0.9999999990775964
0.9999999990629042
0.9999999990507411
0.9999999990411292
0.9999999990340850
0.9999999990296179
0.9999999990277324
0.9999999990284252
0.9999999990316865
0.9999999990375004
0.9999999990458437
0.9999999990566876
0.9999999990699979
0.9999999990857340
0.9999999991038494
0.9999999991242913
0.9999999991470006
0.9999999991719132
0.9999999991989601
0.9999999992280677
0.9999999992591565
0.9999999992921418
0.9999999993269355
0.9999999993634453
0.9999999994015737
0.9999999994412192
0.9999999994822784
0.9999999995246445
0.9999999995682062
0.9999999996128495
0.9999999996584571
0.9999999997049099
0.9999999997520869
0.9999999997998650
0.9999999998481205
0.9999999998967296
0.9999999999455668
0.9999999999945055
1.0000000000434190
1.0000000000921805
1.0000000001406626
1.0000000001887401
1.0000000002362890
1.0000000002831841
1.0000000003293028
1.0000000003745253
1.0000000004187342
1.0000000004618139
1.0000000005036525
1.0000000005441398
1.0000000005831693
1.0000000006206373
1.0000000006564462
1.0000000006905021
1.0000000007227154
1.0000000007529999
1.0000000007812742
1.0000000008074628
1.0000000008314947
1.0000000008533052
1.0000000008728351
1.0000000008900303
1.0000000009048415
1.0000000009172274
1.0000000009271515
1.0000000009345831
1.0000000009394967
1.0000000009418735
1.0000000009417016
1.0000000009389753
1.0000000009336953
1.0000000009258672
1.0000000009155037
1.0000000009026249
1.0000000008872560
1.0000000008694276
1.0000000008491774
1.0000000008265477
1.0000000008015886
1.0000000007743559
1.0000000007449112
1.0000000007133216
1.0000000006796577
1.0000000006439953
1.0000000006064165
1.0000000005670087
1.0000000005258629
1.0000000004830754
1.0000000004387453
1.0000000003929765
1.0000000003458760
1.0000000002975535
1.0000000002481242
1.0000000001977052
1.0000000001464164
1.0000000000943805
1.0000000000417217
0.9999999999885647
0.9999999999350370
0.9999999998812676
0.9999999998273865
0.9999999997735235
0.9999999997198071
0.9999999996663663
0.9999999996133297
0.9999999995608266
0.9999999995089851
0.9999999994579317
0.9999999994077912
0.9999999993586847
0.9999999993107319
0.9999999992640500
0.9999999992187538
0.9999999991749555
0.9999999991327646
0.9999999990922869
0.9999999990536240
0.9999999990168736
0.9999999989821282
0.9999999989494751
0.9999999989189972
0.9999999988907722
0.9999999988648727
0.9999999988413661
0.9999999988203148
0.9999999988017759
0.9999999987858004
0.9999999987724326
0.9999999987617110
0.9999999987536685
0.9999999987483312
0.9999999987457178
0.9999999987458418
0.9999999987487097
0.9999999987543224
0.9999999987626756
0.9999999987737581
0.9999999987875522
0.9999999988040338
0.9999999988231720
0.9999999988449294
0.9999999988692621
0.9999999988961199
0.9999999989254471
0.9999999989571818
0.9999999989912562
0.9999999990275986
0.9999999990661331
0.9999999991067772
0.9999999991494434
0.9999999991940400
0.9999999992404712
0.9999999992886357
0.9999999993384280
0.9999999993897385
0.9999999994424541
0.9999999994964579
0.9999999995516303
0.9999999996078491
0.9999999996649890
0.9999999997229221
0.9999999997815202
0.9999999998406542
0.9999999999001929
0.9999999999600037
1.0000000000199534
1.0000000000799083
1.0000000001397347
1.0000000001992979
1.0000000002584648
1.0000000003171043
1.0000000003750864
1.0000000004322829
1.0000000004885667
1.0000000005438134
1.0000000005979015
1.0000000006507115
1.0000000007021268
1.0000000007520335
1.0000000008003216
1.0000000008468846
1.0000000008916208
1.0000000009344312
1.0000000009752223
1.0000000010139065
1.0000000010504007
1.0000000010846262
1.0000000011165089
1.0000000011459791
1.0000000011729742
1.0000000011974373
1.0000000012193184
1.0000000012385730
1.0000000012551626
1.0000000012690551
1.0000000012802237
1.0000000012886481
1.0000000012943135
1.0000000012972128
1.0000000012973440
1.0000000012947117
1.0000000012893282
1.0000000012812122
1.0000000012703882
1.0000000012568853
1.0000000012407415
