1.0000028373106111
1.0000028023601317
1.0000027607836137
1.0000027126814810
1.0000026581697110
1.0000025973795572
1.0000025304572353
1.0000024575635735
1.0000023788736279
1.0000022945762628
1.0000022048737007
1.0000021099810359
1.0000020101257194
1.0000019055470177
1.0000017964954400
1.0000016832321372
1.0000015660282779
1.0000014451644004
1.0000013209297420
1.0000011936215494
1.0000010635443655
1.0000009310093019
1.0000007963332969
1.0000006598383546
1.0000005218507759
1.0000003827003794
1.0000002427197139
1.0000001022432619
0.9999999616066397
0.9999998211457972
0.9999996811962134
0.9999995420920967
0.9999994041655856
0.9999992677459528
0.9999991331588195
0.9999990007253792
0.9999988707616272
0.9999987435776082
0.9999986194766738
0.9999984987547571
0.9999983816996676
0.9999982685904036
0.9999981596964860
0.9999980552773120
0.9999979555815378
0.9999978608464839
0.9999977712975681
0.9999976871477679
0.9999976085971127
0.9999975358322055
0.9999974690257765
0.9999974083362733
0.9999973539074843
0.9999973058681911
0.9999972643318624
0.9999972293963851
0.9999972011438291
0.9999971796402526
0.9999971649355477
0.9999971570633202
0.9999971560408101
0.9999971618688523
0.9999971745318758
0.9999971939979398
0.9999972202188127
0.9999972531300870
0.9999972926513353
0.9999973386863032
0.9999973911231405
0.9999974498346706
0.9999975146786940
0.9999975854983303
0.9999976621223930
0.9999977443658029
0.9999978320300303
0.9999979249035700
0.9999980227624466
0.9999981253707531
0.9999982324812166
0.9999983438357896
0.9999984591662684
0.9999985781949355
0.9999987006352237
0.9999988261924021
0.9999989545642847
0.9999990854419513
0.9999992185104896
0.9999993534497466
0.9999994899350965
0.9999996276382151
0.9999997662278703
0.9999999053707135
1.0000000447320776
1.0000001839767778
1.0000003227699148
1.0000004607776747
1.0000005976681283
1.0000007331120271
1.0000008667835916
1.0000009983612925
1.0000011275286194
1.0000012539748364
1.0000013773957286
1.0000014974943274
1.0000016139816250
1.0000017265772652
1.0000018350102147
1.0000019390194119
1.0000020383543908
1.0000021327758837
1.0000022220563924
1.0000023059807335
1.0000023843465533
1.0000024569648138
1.0000025236602432
1.0000025842717573
1.0000026386528449
1.0000026866719187
1.0000027282126316
1.0000027631741564
1.0000027914714267
1.0000028130353420
1.0000028278129336
1.0000028357674913
1.0000028368786515
1.0000028311424496
1.0000028185713261
1.0000027991941005
1.0000027730559007
1.0000027402180571
1.0000027007579584
1.0000026547688659
1.0000026023596917
1.0000025436547380
1.0000024787934001
1.0000024079298371
1.0000023312325996
1.0000022488842293
1.0000021610808236
1.0000020680315673
1.0000019699582336
1.0000018670946520
1.0000017596861512
1.0000016479889717
1.0000015322696552
1.0000014128044075
1.0000012898784396
1.0000011637852855
1.0000010348261004
1.0000009033089401
1.0000007695480260
1.0000006338629914
1.0000004965781200
1.0000003580215699
1.0000002185245900
1.0000000784207301
0.9999999380450413
0.9999997977332744
0.9999996578210781
0.9999995186431965
0.9999993805326679
0.9999992438200294
0.9999991088325266
0.9999989758933308
0.9999988453207657
0.9999987174275473
0.9999985925200353
0.9999984708975009
0.9999983528514100
0.9999982386647267
0.9999981286112367
0.9999980229548917
0.9999979219491792
0.9999978258365148
0.9999977348476603
0.9999976492011750
0.9999975691028893
0.9999974947454144
0.9999974263076806
0.9999973639545088
0.9999973078362153
0.9999972580882520
0.9999972148308820
0.9999971781688919
0.9999971481913404
0.9999971249713441
0.9999971085659011
0.9999970990157543
0.9999970963452929
0.9999971005624936
0.9999971116589005
0.9999971296096443
0.9999971543735018
0.9999971858929941
0.9999972240945214
0.9999972688885359
0.9999973201697555
0.9999973778174158
0.9999974416955579
0.9999975116533516
0.9999975875254555
0.9999976691324121
0.9999977562810752
0.9999978487650690
0.9999979463652816
0.9999980488503862
0.9999981559773937
0.9999982674922316
0.9999983831303506
0.9999985026173562
0.9999986256696639
0.9999987519951750
0.9999988812939732
0.9999990132590404
0.9999991475769912
0.9999992839288195
0.9999994219906595
0.9999995614345596
0.9999997019292642
0.9999998431410047
0.9999999847342966
1.0000001263727403
1.0000002677198219
1.0000004084397187
1.0000005481980994
1.0000006866629221
1.0000008235052262
1.0000009583999185
1.0000010910265489
1.0000012210700755
1.0000013482216163
1.0000014721791874
1.0000015926484220
1.0000017093432736
1.0000018219866997
1.0000019303113217
1.0000020340600624
1.0000021329867603
1.0000022268567554
1.0000023154474493
1.0000023985488382
1.0000024759640127
1.0000025475096257
1.0000026130163313
1.0000026723291886
1.0000027253080301
1.0000027718277982
1.0000028117788411
1.0000028450671745
1.0000028716147069
1.0000028913594239
1.0000029042555347
1.0000029102735817
1.0000029094005098
1.0000029016396965
1.0000028870109423
1.0000028655504249
1.0000028373106111
1.0000028023601317
1.0000027607836137
1.0000027126814810
