1.0001369431691098
1.0001352185134900
1.0001331717030666
1.0001308076419917
1.0001281319917208
1.0001251511575069
1.0001218722731189
1.0001183031838221
1.0001144524276635
1.0001103292150999
1.0001059434070247
1.0001013054912411
1.0000964265574386
1.0000913182707323
1.0000859928438250
1.0000804630078621
1.0000747419820475
1.0000688434420901
1.0000627814875596
1.0000565706082256
1.0000502256494637
1.0000437617768057
1.0000371944397246
1.0000305393347366
1.0000238123679088
1.0000170296168602
1.0000102072923529
1.0000033616995538
0.9999965091990723
0.9999896661678583
0.9999828489600567
0.9999760738679112
0.9999693570828109
0.9999627146565768
0.9999561624630735
0.9999497161602443
0.9999433911526580
0.9999372025546557
0.9999311651541911
0.9999252933774478
0.9999196012543169
0.9999141023848193
0.9999088099065556
0.9999037364632584
0.9998988941745258
0.9998942946068078
0.9998899487457131
0.9998858669697057
0.9998820590252545
0.9998785340034932
0.9998753003184525
0.9998723656869107
0.9998697371099147
0.9998674208560155
0.9998654224462573
0.9998637466409572
0.9998623974283093
0.9998613780148385
0.9998606908177282
0.9998603374590401
0.9998603187618391
0.9998606347482344
0.9998612846393395
0.9998622668571534
0.9998635790283555
0.9998652179900082
0.9998671797971527
0.9998694597322771
0.9998720523166379
0.9998749513234018
0.9998781497925835
0.9998816400477403
0.9998854137143794
0.9998894617400392
0.9998937744159905
0.9998983414005101
0.9999031517436711
0.9999081939135840
0.9999134558240329
0.9999189248634353
0.9999245879250547
0.9999304314383998
0.9999364414017262
0.9999426034155710
0.9999489027172342
0.9999553242161257
0.9999618525298920
0.9999684720212367
0.9999751668353459
0.9999819209378299
0.9999887181530902
0.9999955422030175
1.0000023767459321
1.0000092054156691
1.0000160118607162
1.0000227797833148
1.0000294929784255
1.0000361353724667
1.0000426910617335
1.0000491443504085
1.0000554797880676
1.0000616822065964
1.0000677367564295
1.0000736289420222
1.0000793446564751
1.0000848702152236
1.0000901923887187
1.0000952984340163
1.0001001761252022
1.0001048137825823
1.0001092003005623
1.0001133251741579
1.0001171785240681
1.0001207511202554
1.0001240344039770
1.0001270205082078
1.0001297022764184
1.0001320732796530
1.0001341278318736
1.0001358610035291
1.0001372686333239
1.0001383473381513
1.0001390945211706
1.0001395083780107
1.0001395879010826
1.0001393328819956
1.0001387439120648
1.0001378223809105
1.0001365704731566
1.0001349911632322
1.0001330882082899
1.0001308661392552
1.0001283302500354
1.0001254865849056
1.0001223419241045
1.0001189037676748
1.0001151803175843
1.0001111804581726
1.0001069137349683
1.0001023903319286
1.0000976210471513
1.0000926172671216
1.0000873909395518
1.0000819545448785
1.0000763210664838
1.0000705039597166
1.0000645171197808
1.0000583748485683
1.0000520918205227
1.0000456830476026
1.0000391638434383
1.0000325497867608
1.0000258566841953
1.0000191005325052
1.0000122974803740
1.0000054637898210
0.9999986157973397
0.9999917698748546
0.9999849423905849
0.9999781496699134
0.9999714079563512
0.9999647333726938
0.9999581418824582
0.9999516492516992
0.9999452710112899
0.9999390224197615
0.9999329184267888
0.9999269736374090
0.9999212022770640
0.9999156181575430
0.9999102346439139
0.9999050646225180
0.9999001204701088
0.9998954140242075
0.9998909565547465
0.9998867587370696
0.9998828306263522
0.9998791816335052
0.9998758205026207
0.9998727552900114
0.9998699933448998
0.9998675412917961
0.9998654050146152
0.9998635896425653
0.9998620995378444
0.9998609382851738
0.9998601086831949
0.9998596127377490
0.9998594516570577
0.9998596258488109
0.9998601349191801
0.9998609776737483
0.9998621521203579
0.9998636554738703
0.9998654841628278
0.9998676338379988
0.9998700993827867
0.9998728749254767
0.9998759538532915
0.9998793288282199
0.9998829918045860
0.9998869340483083
0.9998911461578104
0.9998956180865274
0.9999003391669552
0.9999052981361880
0.9999104831628750
0.9999158818755367
0.9999214813921741
0.9999272683510937
0.9999332289428829
0.9999393489434484
0.9999456137480456
0.9999520084062151
0.9999585176575417
0.9999651259681515
0.9999718175678560
0.9999785764878603
0.9999853865989409
0.9999922316500016
0.9999990953069144
1.0000059611915562
1.0000128129209451
1.0000196341463818
1.0000264085925052
1.0000331200961696
1.0000397526450444
1.0000462904158520
1.0000527178121461
1.0000590195015484
1.0000651804523477
1.0000711859693725
1.0000770217290633
1.0000826738136506
1.0000881287443593
1.0000933735135629
1.0000983956158103
1.0001031830776517
1.0001077244861913
1.0001120090162994
1.0001160264564231
1.0001197672329265
1.0001232224329160
1.0001263838254821
1.0001292438813143
1.0001317957906415
1.0001340334794575
1.0001359516239900
1.0001375456633796
1.0001388118105425
1.0001397470611879
1.0001403492009662
1.0001406168107383
1.0001405492699449
1.0001401467580759
1.0001394102542325
1.0001383415347813
1.0001369431691098
1.0001352185134900
1.0001331717030666
1.0001308076419917
