1.0000010058367497
1.0000009935997414
1.0000009790234137
1.0000009621431221
1.0000009429997068
1.0000009216393948
1.0000008981136890
1.0000008724792482
1.0000008447977495
1.0000008151357389
1.0000007835644737
1.0000007501597505
1.0000007150017252
1.0000006781747219
1.0000006397670314
1.0000005998706980
1.0000005585813001
1.0000005159977219
1.0000004722219182
1.0000004273586689
1.0000003815153269
1.0000003348015636
1.0000002873291052
1.0000002392114671
1.0000001905636828
1.0000001415020279
1.0000000921437413
1.0000000426067461
0.9999999930093689
0.9999999434700556
0.9999998941070889
0.9999998450383051
0.9999997963808136
0.9999997482507140
0.9999997007628223
0.9999996540303950
0.9999996081648589
0.9999995632755446
0.9999995194694269
0.9999994768508658
0.9999994355213602
0.9999993955793048
0.9999993571197547
0.9999993202341982
0.9999992850103406
0.9999992515318927
0.9999992198783706
0.9999991901249075
0.9999991623420741
0.9999991365957098
0.9999991129467651
0.9999990914511562
0.9999990721596319
0.9999990551176531
0.9999990403652851
0.9999990279371014
0.9999990178621018
0.9999990101636425
0.9999990048593826
0.9999990019612413
0.9999990014753698
0.9999990034021382
0.9999990077361335
0.9999990144661728
0.9999990235753308
0.9999990350409803
0.9999990488348491
0.9999990649230890
0.9999990832663533
0.9999991038198931
0.9999991265336647
0.9999991513524487
0.9999991782159851
0.9999992070591158
0.9999992378119423
0.9999992703999927
0.9999993047443997
0.9999993407620904
0.9999993783659850
0.9999994174652060
0.9999994579652950
0.9999994997684412
0.9999995427737137
0.9999995868773052
0.9999996319727789
0.9999996779513257
0.9999997247020225
0.9999997721120994
0.9999998200672106
0.9999998684517063
0.9999999171489112
0.9999999660414044
1.0000000150112993
1.0000000639405258
1.0000001127111142
1.0000001612054787
1.0000002093066971
1.0000002568987914
1.0000003038670053
1.0000003500980801
1.0000003954805254
1.0000004399048863
1.0000004832640039
1.0000005254532764
1.0000005663709066
1.0000006059181472
1.0000006439995359
1.0000006805231250
1.0000007154007007
1.0000007485479969
1.0000007798848947
1.0000008093356161
1.0000008368289035
1.0000008622981931
1.0000008856817719
1.0000009069229263
1.0000009259700804
1.0000009427769196
1.0000009573025015
1.0000009695113516
1.0000009793735500
1.0000009868648048
1.0000009919665083
1.0000009946657833
1.0000009949555126
1.0000009928343581
1.0000009883067629
1.0000009813829440
1.0000009720788665
1.0000009604162068
1.0000009464222988
1.0000009301300687
1.0000009115779596
1.0000008908098370
1.0000008678748873
1.0000008428274980
1.0000008157271305
1.0000007866381768
1.0000007556298045
1.0000007227757923
1.0000006881543531
1.0000006518479503
1.0000006139430984
1.0000005745301572
1.0000005337031155
1.0000004915593663
1.0000004481994740
1.0000004037269341
1.0000003582479269
1.0000003118710634
1.0000002647071247
1.0000002168687987
1.0000001684704116
1.0000001196276536
1.0000000704573015
1.0000000210769395
0.9999999716046789
0.9999999221588742
0.9999998728578429
0.9999998238195812
0.9999997751614816
0.9999997270000530
0.9999996794506407
0.9999996326271522
0.9999995866417823
0.9999995416047471
0.9999994976240196
0.9999994548050719
0.9999994132506219
0.9999993730603882
0.9999993343308512
0.9999992971550223
0.9999992616222219
0.9999992278178643
0.9999991958232549
0.9999991657153939
0.9999991375667930
0.9999991114453015
0.9999990874139434
0.9999990655307669
0.9999990458487057
0.9999990284154507
0.9999990132733366
0.9999990004592398
0.9999989900044908
0.9999989819347974
0.9999989762701836
0.9999989730249413
0.9999989722075968
0.9999989738208886
0.9999989778617608
0.9999989843213691
0.9999989931851027
0.9999990044326170
0.9999990180378855
0.9999990339692560
0.9999990521895302
0.9999990726560496
0.9999990953207997
0.9999991201305217
0.9999991470268395
0.9999991759463986
0.9999992068210187
0.9999992395778542
0.9999992741395687
0.9999993104245184
0.9999993483469483
0.9999993878171942
0.9999994287418992
0.9999994710242353
0.9999995145641337
0.9999995592585244
0.9999996050015793
0.9999996516849676
0.9999996991981124
0.9999997474284553
0.9999997962617269
0.9999998455822169
0.9999998952730487
0.9999999452164597
0.9999999952940829
1.0000000453872282
1.0000000953771651
1.0000001451454075
1.0000001945739951
1.0000002435457758
1.0000002919446846
1.0000003396560206
1.0000003865667195
1.0000004325656242
1.0000004775437503
1.0000005213945449
1.0000005640141405
1.0000006053016040
1.0000006451591770
1.0000006834925095
1.0000007202108849
1.0000007552274357
1.0000007884593494
1.0000008198280663
1.0000008492594690
1.0000008766840573
1.0000009020371157
1.0000009252588657
1.0000009462946087
1.0000009650948547
1.0000009816154416
1.0000009958176397
1.0000010076682464
1.0000010171396625
1.0000010242099566
1.0000010288629202
1.0000010310881042
1.0000010308808447
1.0000010282422713
1.0000010231793077
1.0000010157046528
1.0000010058367497
1.0000009935997414
1.0000009790234137
1.0000009621431221
