1.0000000000038125
1.0000000000038296
1.0000000000038360
1.0000000000038325
1.0000000000038201
1.0000000000037990
1.0000000000037699
1.0000000000037332
1.0000000000036895
1.0000000000036386
1.0000000000035814
1.0000000000035194
1.0000000000034521
1.0000000000033802
1.0000000000033038
1.0000000000032232
1.0000000000031384
1.0000000000030498
1.0000000000029585
1.0000000000028653
1.0000000000027705
1.0000000000026743
1.0000000000025773
1.0000000000024798
1.0000000000023828
1.0000000000022871
1.0000000000021920
1.0000000000020972
1.0000000000020031
1.0000000000019102
1.0000000000018201
1.0000000000017324
1.0000000000016480
1.0000000000015667
1.0000000000014886
1.0000000000014126
1.0000000000013389
1.0000000000012679
1.0000000000012004
1.0000000000011386
1.0000000000010829
1.0000000000010321
1.0000000000009850
1.0000000000009419
1.0000000000009015
1.0000000000008644
1.0000000000008298
1.0000000000007976
1.0000000000007667
1.0000000000007381
1.0000000000007110
1.0000000000006857
1.0000000000006619
1.0000000000006397
1.0000000000006193
1.0000000000006009
1.0000000000005842
1.0000000000005693
1.0000000000005553
1.0000000000005422
1.0000000000005305
1.0000000000005207
1.0000000000005123
1.0000000000005063
1.0000000000005027
1.0000000000005009
1.0000000000005000
1.0000000000005003
1.0000000000005018
1.0000000000005036
1.0000000000005056
1.0000000000005071
1.0000000000005091
1.0000000000005127
1.0000000000005189
1.0000000000005271
1.0000000000005365
1.0000000000005465
1.0000000000005562
1.0000000000005649
1.0000000000005715
1.0000000000005747
1.0000000000005742
1.0000000000005718
1.0000000000005678
1.0000000000005631
1.0000000000005587
1.0000000000005542
1.0000000000005513
1.0000000000005504
1.0000000000005504
1.0000000000005491
1.0000000000005471
1.0000000000005440
1.0000000000005387
1.0000000000005305
1.0000000000005194
1.0000000000005076
1.0000000000004956
1.0000000000004827
1.0000000000004694
1.0000000000004563
1.0000000000004436
1.0000000000004305
1.0000000000004166
1.0000000000004008
1.0000000000003830
1.0000000000003635
1.0000000000003413
1.0000000000003177
1.0000000000002935
1.0000000000002689
1.0000000000002440
1.0000000000002194
1.0000000000001945
1.0000000000001688
1.0000000000001428
1.0000000000001164
1.0000000000000893
1.0000000000000631
1.0000000000000386
1.0000000000000169
0.9999999999999980
0.9999999999999823
0.9999999999999696
0.9999999999999603
0.9999999999999533
0.9999999999999480
0.9999999999999436
0.9999999999999400
0.9999999999999379
0.9999999999999372
0.9999999999999386
0.9999999999999417
0.9999999999999469
0.9999999999999538
0.9999999999999611
0.9999999999999682
0.9999999999999741
0.9999999999999787
0.9999999999999825
0.9999999999999866
0.9999999999999916
0.9999999999999971
1.0000000000000024
1.0000000000000067
1.0000000000000100
1.0000000000000135
1.0000000000000182
1.0000000000000246
1.0000000000000322
1.0000000000000402
1.0000000000000471
1.0000000000000528
1.0000000000000577
1.0000000000000622
1.0000000000000668
1.0000000000000717
1.0000000000000759
1.0000000000000786
1.0000000000000795
1.0000000000000784
1.0000000000000748
1.0000000000000691
1.0000000000000608
1.0000000000000508
1.0000000000000404
1.0000000000000302
1.0000000000000198
1.0000000000000084
0.9999999999999956
0.9999999999999825
0.9999999999999710
0.9999999999999619
0.9999999999999545
0.9999999999999476
0.9999999999999394
0.9999999999999296
0.9999999999999177
0.9999999999999035
0.9999999999998860
0.9999999999998656
0.9999999999998427
0.9999999999998179
0.9999999999997922
0.9999999999997656
0.9999999999997392
0.9999999999997133
0.9999999999996890
0.9999999999996668
0.9999999999996478
0.9999999999996317
0.9999999999996187
0.9999999999996080
0.9999999999995991
0.9999999999995915
0.9999999999995856
0.9999999999995801
0.9999999999995759
0.9999999999995737
0.9999999999995748
0.9999999999995791
0.9999999999995863
0.9999999999995974
0.9999999999996128
0.9999999999996316
0.9999999999996539
0.9999999999996796
0.9999999999997088
0.9999999999997419
0.9999999999997786
0.9999999999998183
0.9999999999998610
0.9999999999999072
0.9999999999999576
1.0000000000000118
1.0000000000000691
1.0000000000001297
1.0000000000001941
1.0000000000002620
1.0000000000003351
1.0000000000004121
1.0000000000004934
1.0000000000005798
1.0000000000006701
1.0000000000007643
1.0000000000008622
1.0000000000009643
1.0000000000010711
1.0000000000011826
1.0000000000012976
1.0000000000014146
1.0000000000015339
1.0000000000016540
1.0000000000017739
1.0000000000018923
1.0000000000020084
1.0000000000021216
1.0000000000022320
1.0000000000023408
1.0000000000024492
1.0000000000025568
1.0000000000026643
1.0000000000027716
1.0000000000028779
1.0000000000029818
1.0000000000030820
1.0000000000031775
1.0000000000032685
1.0000000000033542
1.0000000000034346
1.0000000000035096
1.0000000000035791
1.0000000000036429
1.0000000000036995
1.0000000000037472
1.0000000000037852
1.0000000000038125
1.0000000000038296
1.0000000000038360
1.0000000000038325
