1.0000000004853860
1.0000000004819765
1.0000000004776115
1.0000000004723031
1.0000000004660654
1.0000000004589140
1.0000000004508658
1.0000000004419407
1.0000000004321614
1.0000000004215519
1.0000000004101384
1.0000000003979495
1.0000000003850162
1.0000000003713703
1.0000000003570451
1.0000000003420759
1.0000000003264997
1.0000000003103549
1.0000000002936791
1.0000000002765124
1.0000000002588962
1.0000000002408733
1.0000000002224865
1.0000000002037790
1.0000000001847955
1.0000000001655820
1.0000000001461835
1.0000000001266460
1.0000000001070160
1.0000000000873397
1.0000000000676643
1.0000000000480367
1.0000000000285028
1.0000000000091085
0.9999999999898969
0.9999999999709124
0.9999999999521976
0.9999999999337963
0.9999999999157503
0.9999999998981008
0.9999999998808878
0.9999999998641496
0.9999999998479248
0.9999999998322513
0.9999999998171649
0.9999999998027005
0.9999999997888909
0.9999999997757660
0.9999999997633543
0.9999999997516832
0.9999999997407777
0.9999999997306612
0.9999999997213560
0.9999999997128811
0.9999999997052529
0.9999999996984869
0.9999999996925955
0.9999999996875890
0.9999999996834750
0.9999999996802592
0.9999999996779464
0.9999999996765391
0.9999999996760385
0.9999999996764420
0.9999999996777440
0.9999999996799378
0.9999999996830136
0.9999999996869587
0.9999999996917582
0.9999999996973957
0.9999999997038524
0.9999999997111086
0.9999999997191429
0.9999999997279317
0.9999999997374496
0.9999999997476696
0.9999999997585635
0.9999999997701011
0.9999999997822501
0.9999999997949764
0.9999999998082432
0.9999999998220118
0.9999999998362450
0.9999999998509029
0.9999999998659459
0.9999999998813335
0.9999999998970236
0.9999999999129736
0.9999999999291408
0.9999999999454821
0.9999999999619529
0.9999999999785080
0.9999999999951033
1.0000000000116933
1.0000000000282334
1.0000000000446796
1.0000000000609888
1.0000000000771165
1.0000000000930191
1.0000000001086533
1.0000000001239766
1.0000000001389489
1.0000000001535296
1.0000000001676792
1.0000000001813591
1.0000000001945322
1.0000000002071614
1.0000000002192138
1.0000000002306562
1.0000000002414580
1.0000000002515887
1.0000000002610192
1.0000000002697216
1.0000000002776701
1.0000000002848415
1.0000000002912151
1.0000000002967717
1.0000000003014948
1.0000000003053700
1.0000000003083844
1.0000000003105272
1.0000000003117908
1.0000000003121692
1.0000000003116583
1.0000000003102547
1.0000000003079588
1.0000000003047720
1.0000000003006995
1.0000000002957485
1.0000000002899287
1.0000000002832514
1.0000000002757301
1.0000000002673803
1.0000000002582203
1.0000000002482692
1.0000000002375482
1.0000000002260823
1.0000000002138967
1.0000000002010176
1.0000000001874729
1.0000000001732943
1.0000000001585150
1.0000000001431688
1.0000000001272911
1.0000000001109195
1.0000000000940932
1.0000000000768510
1.0000000000592335
1.0000000000412832
1.0000000000230427
1.0000000000045552
0.9999999999858645
0.9999999999670144
0.9999999999480499
0.9999999999290163
0.9999999999099590
0.9999999998909254
0.9999999998719609
0.9999999998531119
0.9999999998344256
0.9999999998159472
0.9999999997977227
0.9999999997797963
0.9999999997622108
0.9999999997450091
0.9999999997282351
0.9999999997119314
0.9999999996961397
0.9999999996808983
0.9999999996662446
0.9999999996522154
0.9999999996388474
0.9999999996261756
0.9999999996142322
0.9999999996030488
0.9999999995926552
0.9999999995830794
0.9999999995743477
0.9999999995664830
0.9999999995595057
0.9999999995534350
0.9999999995482883
0.9999999995440815
0.9999999995408281
0.9999999995385391
0.9999999995372248
0.9999999995368928
0.9999999995375477
0.9999999995391914
0.9999999995418242
0.9999999995454442
0.9999999995500459
0.9999999995556215
0.9999999995621618
0.9999999995696538
0.9999999995780835
0.9999999995874344
0.9999999995976881
0.9999999996088252
0.9999999996208242
0.9999999996336606
0.9999999996473089
0.9999999996617417
0.9999999996769298
0.9999999996928416
0.9999999997094436
0.9999999997267011
0.9999999997445769
0.9999999997630333
0.9999999997820320
0.9999999998015321
0.9999999998214907
0.9999999998418639
0.9999999998626081
0.9999999998836785
0.9999999999050293
0.9999999999266155
0.9999999999483903
0.9999999999703070
0.9999999999923194
1.0000000000143789
1.0000000000364375
1.0000000000584468
1.0000000000803579
1.0000000001021239
1.0000000001236977
1.0000000001450331
1.0000000001660831
1.0000000001868017
1.0000000002071441
1.0000000002270666
1.0000000002465270
1.0000000002654854
1.0000000002839016
1.0000000003017364
1.0000000003189509
1.0000000003355078
1.0000000003513727
1.0000000003665122
1.0000000003808935
1.0000000003944864
1.0000000004072622
1.0000000004191942
1.0000000004302574
1.0000000004404286
1.0000000004496876
1.0000000004580163
1.0000000004653991
1.0000000004718235
1.0000000004772784
1.0000000004817540
1.0000000004852432
1.0000000004877421
1.0000000004892489
1.0000000004897638
1.0000000004892884
1.0000000004878267
1.0000000004853860
1.0000000004819765
1.0000000004776115
1.0000000004723031
