1.0166161552328041
1.0164095358267482
1.0161644164521559
1.0158813390556014
1.0155609302102708
1.0152039000662318
1.0148110411522240
1.0143832270277906
1.0139214107845407
1.0134266233952873
1.0128999719098293
1.0123426374961937
1.0117558733262364
1.0111410023046310
1.0104994146404485
1.0098325652607572
1.0091419710659262
1.0084292080266541
1.0076959081231083
1.0069437561269783
1.0061744862277475
1.0053898785049966
1.0045917552491548
1.0037819771337491
1.0029624392428913
1.0021350669584805
1.0013018117123869
1.0004646466097045
0.9996255619300258
0.9987865605145888
0.9979496530480561
0.9971168532446391
0.9962901729492286
0.9954716171651337
0.9946631790209904
0.9938668346903309
0.9930845382781928
0.9923182166900359
0.9915697644990329
0.9908410388285611
0.9901338542674180
0.9894499778358752
0.9887911240211963
0.9881589499016556
0.9875550503783787
0.9869809535345020
0.9864381161411817
0.9859279193298778
0.9854516644501082
0.9850105691314616
0.9846057635681335
0.9842382870435515
0.9839090847118230
0.9836190046517597
0.9833687952081038
0.9831591026333419
0.9829904690421057
0.9828633306886772
0.9827780165765305
0.9827347474071670
0.9827336348737605
0.9827746813033342
0.9828577796493660
0.9829827138348499
0.9831491594440160
0.9833566847590623
0.9836047521364539
0.9838927197156118
0.9842198434511316
0.9845852794580828
0.9849880866584415
0.9854272297153434
0.9859015822405710
0.9864099302595725
0.9869509759173193
0.9875233414074678
0.9881255731065880
0.9887561458946876
0.9894134676428566
0.9900958838486056
0.9908016823993741
0.9915290984447026
0.9922763193577391
0.9930414897670312
0.9938227166399519
0.9946180743996152
0.9954256100577409
0.9962433483466031
0.9970692968339577
0.9979014510056513
0.9987377993014843
0.9995763280908005
1.0004150265752012
1.0012518916067328
1.0020849324108496
1.0029121752043966
1.0037316676998067
1.0045414834876230
1.0053397262903505
1.0061245340815175
1.0068940830646362
1.0076465915075596
1.0083803234284539
1.0090935921303072
1.0097847635815367
1.0104522596408376
1.0110945611249709
1.0117102107186438
1.0122978157260851
1.0128560506642827
1.0133836596981778
1.0138794589183744
1.0143423384621562
1.0147712644787674
1.0151652809400520
1.0155235112976342
1.0158451599878711
1.0161295137858164
1.0163759430094248
1.0165839025751586
1.0167529329061014
1.0168826606935535
1.0169727995129827
1.0170231502950504
1.0170336016522794
1.0170041300617640
1.0169347999041474
1.0168257633589155
1.0166772601558693
1.0164896171824682
1.0162632479465592
1.0159986518938497
1.0156964135793289
1.0153572016917103
1.0149817679298494
1.0145709457300036
1.0141256488427322
1.0136468697581946
1.0131356779786038
1.0125932181366135
1.0120207079584969
1.0114194360710693
1.0107907596514711
1.0101361019191113
1.0094569494693311
1.0087548494486294
1.0080314065716500
1.0072882799805181
1.0065271799475806
1.0057498644230987
1.0049581354300086
1.0041538353084820
1.0033388428136731
1.0025150690707696
1.0016844533922147
1.0008489589627791
1.0000105683990101
0.9991712791904600
0.9983330990310080
0.9974980410495220
0.9966681189500521
0.9958453420727018
0.9950317103872734
0.9942292094327245
0.9934398052163899
0.9926654390878137
0.9919080226028723
0.9911694323946620
0.9904515050683507
0.9897560321378295
0.9890847550225698
0.9884393601235365
0.9878214739973694
0.9872326586482701
0.9866744069571265
0.9861481382673922
0.9856551941470538
0.9851968343457069
0.9847742329652931
0.9843884748624332
0.9840405522995372
0.9837313618609480
0.9834617016493298
0.9832322687763246
0.9830436571601757
0.9828963556415913
0.9827907464275744
0.9827271038713200
0.9827055935945654
0.9827262719570037
0.9827890858755640
0.9828938729945109
0.9830403622054565
0.9832281745145511
0.9834568242522802
0.9837257206195374
0.9840341695619214
0.9843813759625731
0.9847664461423312
0.9851883906545337
0.9856461273604891
0.9861384847704371
0.9866642056337654
0.9872219507613339
0.9878103030619871
0.9884277717747185
0.9890727968774780
0.9897437536532958
0.9904389573942149
0.9911566682234939
0.9918950960166373
0.9926524054020416
0.9934267208223876
0.9942161316383625
0.9950186972568609
0.9958324522664421
0.9966554115635570
0.9974855754538332
0.9983209347135555
0.9991594755973575
0.9999991847790645
1.0008380542135653
1.0016740859085411
1.0025052965958290
1.0033297222931539
1.0041454227478861
1.0049504857553988
1.0057430313454745
1.0065212158310606
1.0072832357144799
1.0080273314469692
1.0087517910381318
1.0094549535125599
1.0101352122114913
1.0107910179379413
1.0114208819442481
1.0120233787614210
1.0125971488700978
1.0131409012132473
1.0136534155510655
1.0141335446587469
1.0145802163680260
1.0149924354535182
1.0153692853650196
1.0157099298069727
1.0160136141663512
1.0162796667902041
1.0165075001140689
1.0166966116423877
1.0168465847819810
1.0169570895295041
1.0170278830136958
1.0170588098930653
1.0170498026095052
1.0170008814981550
1.0169121547536459
1.0167838182526914
1.0166161552328041
1.0164095358267482
1.0161644164521559
1.0158813390556014
