1.0000000000088778
1.0000000000088991
1.0000000000089004
1.0000000000088831
1.0000000000088491
1.0000000000087992
1.0000000000087339
1.0000000000086546
1.0000000000085640
1.0000000000084628
1.0000000000083504
1.0000000000082279
1.0000000000080944
1.0000000000079516
1.0000000000078006
1.0000000000076417
1.0000000000074751
1.0000000000073022
1.0000000000071239
1.0000000000069413
1.0000000000067544
1.0000000000065630
1.0000000000063676
1.0000000000061686
1.0000000000059670
1.0000000000057638
1.0000000000055596
1.0000000000053537
1.0000000000051461
1.0000000000049387
1.0000000000047318
1.0000000000045253
1.0000000000043190
1.0000000000041127
1.0000000000039062
1.0000000000036984
1.0000000000034903
1.0000000000032814
1.0000000000030729
1.0000000000028670
1.0000000000026659
1.0000000000024714
1.0000000000022842
1.0000000000021045
1.0000000000019325
1.0000000000017681
1.0000000000016118
1.0000000000014637
1.0000000000013234
1.0000000000011902
1.0000000000010629
1.0000000000009410
1.0000000000008242
1.0000000000007132
1.0000000000006084
1.0000000000005091
1.0000000000004161
1.0000000000003308
1.0000000000002538
1.0000000000001845
1.0000000000001217
1.0000000000000657
1.0000000000000169
0.9999999999999749
0.9999999999999394
0.9999999999999089
0.9999999999998829
0.9999999999998613
0.9999999999998447
0.9999999999998342
0.9999999999998301
0.9999999999998319
0.9999999999998380
0.9999999999998475
0.9999999999998599
0.9999999999998743
0.9999999999998905
0.9999999999999094
0.9999999999999312
0.9999999999999569
0.9999999999999873
1.0000000000000224
1.0000000000000622
1.0000000000001055
1.0000000000001508
1.0000000000001967
1.0000000000002431
1.0000000000002904
1.0000000000003386
1.0000000000003875
1.0000000000004368
1.0000000000004865
1.0000000000005367
1.0000000000005873
1.0000000000006370
1.0000000000006846
1.0000000000007292
1.0000000000007705
1.0000000000008087
1.0000000000008433
1.0000000000008753
1.0000000000009051
1.0000000000009333
1.0000000000009599
1.0000000000009841
1.0000000000010056
1.0000000000010238
1.0000000000010387
1.0000000000010505
1.0000000000010598
1.0000000000010665
1.0000000000010703
1.0000000000010705
1.0000000000010671
1.0000000000010603
1.0000000000010485
1.0000000000010318
1.0000000000010105
1.0000000000009852
1.0000000000009555
1.0000000000009210
1.0000000000008833
1.0000000000008429
1.0000000000008009
1.0000000000007576
1.0000000000007145
1.0000000000006721
1.0000000000006299
1.0000000000005875
1.0000000000005445
1.0000000000004998
1.0000000000004534
1.0000000000004057
1.0000000000003575
1.0000000000003086
1.0000000000002593
1.0000000000002105
1.0000000000001621
1.0000000000001139
1.0000000000000662
1.0000000000000187
0.9999999999999719
0.9999999999999256
0.9999999999998785
0.9999999999998308
0.9999999999997824
0.9999999999997325
0.9999999999996805
0.9999999999996257
0.9999999999995682
0.9999999999995068
0.9999999999994414
0.9999999999993741
0.9999999999993051
0.9999999999992358
0.9999999999991672
0.9999999999991002
0.9999999999990349
0.9999999999989706
0.9999999999989065
0.9999999999988424
0.9999999999987774
0.9999999999987103
0.9999999999986402
0.9999999999985670
0.9999999999984914
0.9999999999984139
0.9999999999983348
0.9999999999982555
0.9999999999981768
0.9999999999980994
0.9999999999980241
0.9999999999979521
0.9999999999978830
0.9999999999978173
0.9999999999977540
0.9999999999976926
0.9999999999976332
0.9999999999975758
0.9999999999975211
0.9999999999974706
0.9999999999974239
0.9999999999973817
0.9999999999973446
0.9999999999973139
0.9999999999972897
0.9999999999972716
0.9999999999972603
0.9999999999972563
0.9999999999972603
0.9999999999972726
0.9999999999972929
0.9999999999973214
0.9999999999973572
0.9999999999974013
0.9999999999974541
0.9999999999975152
0.9999999999975839
0.9999999999976600
0.9999999999977431
0.9999999999978330
0.9999999999979300
0.9999999999980361
0.9999999999981514
0.9999999999982754
0.9999999999984086
0.9999999999985508
0.9999999999987015
0.9999999999988598
0.9999999999990244
0.9999999999991956
0.9999999999993734
0.9999999999995579
0.9999999999997495
0.9999999999999474
1.0000000000001512
1.0000000000003604
1.0000000000005747
1.0000000000007943
1.0000000000010196
1.0000000000012501
1.0000000000014853
1.0000000000017248
1.0000000000019682
1.0000000000022153
1.0000000000024658
1.0000000000027192
1.0000000000029763
1.0000000000032370
1.0000000000035012
1.0000000000037679
1.0000000000040354
1.0000000000043034
1.0000000000045717
1.0000000000048395
1.0000000000051050
1.0000000000053662
1.0000000000056213
1.0000000000058697
1.0000000000061104
1.0000000000063440
1.0000000000065699
1.0000000000067877
1.0000000000069975
1.0000000000072000
1.0000000000073945
1.0000000000075802
1.0000000000077567
1.0000000000079241
1.0000000000080829
1.0000000000082314
1.0000000000083693
1.0000000000084943
1.0000000000086051
1.0000000000086999
1.0000000000087776
1.0000000000088372
1.0000000000088778
1.0000000000088991
1.0000000000089004
1.0000000000088831
