1.0000000000578000
1.0000000000576625
1.0000000000574216
1.0000000000570781
1.0000000000566334
1.0000000000560885
1.0000000000554454
1.0000000000547067
1.0000000000538758
1.0000000000529552
1.0000000000519480
1.0000000000508575
1.0000000000496883
1.0000000000484435
1.0000000000471279
1.0000000000457459
1.0000000000443026
1.0000000000428024
1.0000000000412490
1.0000000000396450
1.0000000000379947
1.0000000000363030
1.0000000000345739
1.0000000000328115
1.0000000000310207
1.0000000000292046
1.0000000000273661
1.0000000000255092
1.0000000000236384
1.0000000000217570
1.0000000000198697
1.0000000000179812
1.0000000000160960
1.0000000000142184
1.0000000000123530
1.0000000000105045
1.0000000000086764
1.0000000000068743
1.0000000000051024
1.0000000000033660
1.0000000000016689
1.0000000000000144
0.9999999999984041
0.9999999999968402
0.9999999999953266
0.9999999999938658
0.9999999999924615
0.9999999999911166
0.9999999999898338
0.9999999999886152
0.9999999999874633
0.9999999999863793
0.9999999999853652
0.9999999999844221
0.9999999999835529
0.9999999999827590
0.9999999999820419
0.9999999999814029
0.9999999999808425
0.9999999999803597
0.9999999999799541
0.9999999999796264
0.9999999999793773
0.9999999999792072
0.9999999999791164
0.9999999999791040
0.9999999999791700
0.9999999999793141
0.9999999999795346
0.9999999999798289
0.9999999999801946
0.9999999999806294
0.9999999999811314
0.9999999999816974
0.9999999999823247
0.9999999999830090
0.9999999999837472
0.9999999999845373
0.9999999999853774
0.9999999999862653
0.9999999999871987
0.9999999999881739
0.9999999999891881
0.9999999999902388
0.9999999999913214
0.9999999999924319
0.9999999999935656
0.9999999999947186
0.9999999999958877
0.9999999999970700
0.9999999999982627
0.9999999999994629
1.0000000000006666
1.0000000000018687
1.0000000000030647
1.0000000000042502
1.0000000000054221
1.0000000000065778
1.0000000000077141
1.0000000000088269
1.0000000000099127
1.0000000000109674
1.0000000000119886
1.0000000000129738
1.0000000000139202
1.0000000000148246
1.0000000000156828
1.0000000000164910
1.0000000000172478
1.0000000000179508
1.0000000000185985
1.0000000000191887
1.0000000000197182
1.0000000000201854
1.0000000000205893
1.0000000000209288
1.0000000000212017
1.0000000000214062
1.0000000000215419
1.0000000000216076
1.0000000000216032
1.0000000000215292
1.0000000000213847
1.0000000000211684
1.0000000000208802
1.0000000000205200
1.0000000000200873
1.0000000000195826
1.0000000000190068
1.0000000000183609
1.0000000000176463
1.0000000000168643
1.0000000000160170
1.0000000000151050
1.0000000000141309
1.0000000000130966
1.0000000000120037
1.0000000000108549
1.0000000000096525
1.0000000000083988
1.0000000000070957
1.0000000000057458
1.0000000000043516
1.0000000000029166
1.0000000000014433
0.9999999999999355
0.9999999999983958
0.9999999999968273
0.9999999999952339
0.9999999999936199
0.9999999999919891
0.9999999999903452
0.9999999999886928
0.9999999999870356
0.9999999999853777
0.9999999999837230
0.9999999999820761
0.9999999999804425
0.9999999999788269
0.9999999999772330
0.9999999999756639
0.9999999999741231
0.9999999999726135
0.9999999999711389
0.9999999999697032
0.9999999999683092
0.9999999999669593
0.9999999999656571
0.9999999999644069
0.9999999999632118
0.9999999999620767
0.9999999999610043
0.9999999999599969
0.9999999999590575
0.9999999999581894
0.9999999999573955
0.9999999999566784
0.9999999999560416
0.9999999999554874
0.9999999999550174
0.9999999999546327
0.9999999999543343
0.9999999999541234
0.9999999999540001
0.9999999999539657
0.9999999999540216
0.9999999999541673
0.9999999999544029
0.9999999999547282
0.9999999999551422
0.9999999999556459
0.9999999999562391
0.9999999999569212
0.9999999999576918
0.9999999999585496
0.9999999999594938
0.9999999999605232
0.9999999999616366
0.9999999999628313
0.9999999999641053
0.9999999999654562
0.9999999999668834
0.9999999999683851
0.9999999999699591
0.9999999999716034
0.9999999999733141
0.9999999999750879
0.9999999999769209
0.9999999999788098
0.9999999999807518
0.9999999999827420
0.9999999999847763
0.9999999999868517
0.9999999999889648
0.9999999999911118
0.9999999999932886
0.9999999999954924
0.9999999999977185
0.9999999999999630
1.0000000000022218
1.0000000000044906
1.0000000000067648
1.0000000000090397
1.0000000000113112
1.0000000000135738
1.0000000000158220
1.0000000000180513
1.0000000000202578
1.0000000000224378
1.0000000000245874
1.0000000000267020
1.0000000000287770
1.0000000000308096
1.0000000000327962
1.0000000000347333
1.0000000000366163
1.0000000000384413
1.0000000000402036
1.0000000000419000
1.0000000000435265
1.0000000000450788
1.0000000000465528
1.0000000000479452
1.0000000000492539
1.0000000000504765
1.0000000000516118
1.0000000000526583
1.0000000000536142
1.0000000000544771
1.0000000000552447
1.0000000000559146
1.0000000000564855
1.0000000000569567
1.0000000000573279
1.0000000000575981
1.0000000000577669
1.0000000000578344
1.0000000000578000
1.0000000000576625
1.0000000000574216
1.0000000000570781
