1.2566596832725778
1.2543975623537198
1.2517041672006524
1.2485797983173450
1.2450248202025409
1.2410396695465333
1.2366248648464724
1.2317810175613901
1.2265088449483508
1.2208091847434126
1.2146830118757732
1.2081314574309232
1.2011558301092191
1.1937576404604777
1.1859386282134143
1.1777007930615335
1.1690464293149263
1.1599781648809475
1.1504990050964636
1.1406123820008540
1.1303222097127534
1.1196329466550576
1.1085496654622637
1.0970781315018221
1.0852248910464706
1.0729973702466196
1.0604039861689951
1.0474542712870736
1.0341590129258789
1.0205304092717549
1.0065822436471406
0.9923300788075047
0.9777914730235177
0.9629862196404431
0.9479366116239953
0.9326677322617957
0.9172077726326006
0.9015883756059785
0.8858450048986799
0.8700173359763191
0.8541496632168942
0.8382913145987968
0.8224970610905800
0.8068275027726476
0.7913494074383824
0.7761359700431972
0.7612669531268698
0.7468286597566529
0.7329136825719852
0.7196203666307434
0.7070519220257423
0.6953151272502617
0.6845185788883856
0.6747704699159969
0.6661759190222148
0.6588339258333662
0.6528340872309868
0.6482532696367241
0.6451524794291345
0.6435741957152781
0.6435404161464710
0.6450516133987071
0.6480867124735810
0.6526040912506055
0.6585434985415968
0.6658286951973642
0.6743705690704659
0.6840704594027173
0.6948234468945845
0.7065214121690999
0.7190557247471926
0.7323194851381213
0.7462092955849131
0.7606265757109463
0.7754784665946164
0.7906783818768587
0.8061462698749519
0.8218086491815924
0.8375984744810483
0.8534548814036149
0.8693228506652317
0.8851528234678177
0.9009002927125832
0.9165253882462659
0.9319924691645708
0.9472697320678787
0.9623288409728757
0.9771445821807312
0.9916945456400420
1.0059588330870173
1.0199197923811030
1.0335617768862382
1.0468709283997071
1.0598349819419939
1.0724430906458768
1.0846856689861479
1.0965542526466763
1.1080413734098533
1.1191404475609261
1.1298456764165039
1.1401519577058654
1.1500548066509990
1.1595502857036681
1.1686349420034001
1.1773057517182526
1.1855600705201199
1.1933955895282018
1.2008102961284122
1.2078024391432960
1.2143704978870296
1.2205131546938415
1.2262292705562974
1.2315178635528772
1.2363780897826784
1.2408092265594473
1.2448106576478677
1.2483818603526275
1.2515223942955840
1.2542318917387185
1.2565100493308987
1.2583566211749426
1.2597714131284912
1.2607542782679184
1.2613051134591933
1.2614238569935003
1.2611104872586758
1.2603650224303753
1.2591875211794845
1.2575780844048654
1.2555368580132245
1.2530640367809083
1.2501598693459637
1.2468246643930416
1.2430587981088819
1.2388627230024207
1.2342369782012450
1.2291822013554583
1.2236991423012817
1.2177886786602290
1.2114518335758100
1.2046897958187823
1.1975039425244349
1.1898958648616986
1.1818673969745050
1.1734206485813035
1.1645580416695442
1.1552823517788355
1.1455967544299483
1.1355048773274532
1.1250108590420336
1.1141194149648082
1.1028359114205106
1.0911664489290323
1.0791179557150341
1.0666982926818451
1.0539163711864721
1.0407822850737034
1.0273074585435147
1.0135048115292828
0.9993889443432151
0.9849763433837938
0.9702856096757445
0.9553377118960493
0.9401562652897391
0.9247678374440412
0.9092022812011096
0.8934930939623682
0.8776778011659552
0.8617983596769911
0.8459015740747016
0.8300395151970624
0.8142699256650305
0.7986565913421130
0.7832696507602172
0.7681858065791688
0.7534883945093994
0.7392672565400833
0.7256183579872664
0.7126430835984932
0.7004471491070507
0.6891390740454735
0.6788281821509181
0.6696221294375703
0.6616240072827997
0.6549291259865943
0.6496216466346788
0.6457712852380566
0.6434303500842689
0.6426313786381693
0.6433856063892803
0.6456824271819096
0.6494899028837600
0.6547562677321971
0.6614122704236043
0.6693741231315496
0.6785467915236751
0.6888273641912029
0.7001082761180658
0.7122802165929413
0.7252346143225115
0.7388656508522604
0.7530718010404726
0.7677569334714514
0.7828310245747550
0.7982105499158163
0.8138186174772989
0.8295849035931804
0.8454454449297766
0.8613423313374209
0.8772233357478666
0.8930415093028667
0.9087547629419548
0.9243254508775804
0.9397199667159020
0.9549083593308327
0.9698639728203887
0.9845631128140782
0.9989847399139435
1.0131101900134232
1.0269229205413635
1.0404082812370798
1.0535533078080364
1.0663465367015048
1.0787778391950711
1.0908382730477921
1.1025199500317806
1.1138159177667752
1.1247200543962430
1.1352269747646568
1.1453319468762699
1.1550308175323842
1.1643199461545211
1.1731961459037645
1.1816566313013288
1.1896989716419106
1.1973210495698816
1.2045210242591944
1.2112972987015407
1.2176484906643870
1.2235734069315654
1.2290710204847428
1.2341404503248454
1.2387809436689394
1.2429918602906365
1.2467726588012524
1.2501228846951322
1.2530421600061463
1.2555301744436727
1.2575866778957672
1.2592114742049489
1.2604044161383650
1.2611654014892713
1.2614943702610411
1.2613913028984409
1.2608562195439410
1.2598891803095242
1.2584902865670204
1.2566596832725778
1.2543975623537198
1.2517041672006524
1.2485797983173450
