1.0000000891226035
1.0000000880936204
1.0000000868608465
1.0000000854273270
1.0000000837965812
1.0000000819725963
1.0000000799598161
1.0000000777631328
1.0000000753878724
1.0000000728397851
1.0000000701250280
1.0000000672501528
1.0000000642220883
1.0000000610481252
1.0000000577358985
1.0000000542933698
1.0000000507288072
1.0000000470507655
1.0000000432680660
1.0000000393897763
1.0000000354251875
1.0000000313837925
1.0000000272752636
1.0000000231094288
1.0000000188962475
1.0000000146457895
1.0000000103682081
1.0000000060737164
1.0000000017725630
0.9999999974750085
0.9999999931913000
0.9999999889316475
0.9999999847061988
0.9999999805250154
0.9999999763980494
0.9999999723351172
0.9999999683458777
0.9999999644398090
0.9999999606261843
0.9999999569140522
0.9999999533122141
0.9999999498292043
0.9999999464732687
0.9999999432523455
0.9999999401740454
0.9999999372456350
0.9999999344740182
0.9999999318657207
0.9999999294268724
0.9999999271631941
0.9999999250799839
0.9999999231821048
0.9999999214739729
0.9999999199595475
0.9999999186423212
0.9999999175253118
0.9999999166110547
0.9999999159015980
0.9999999153984976
0.9999999151028128
0.9999999150151030
0.9999999151354277
0.9999999154633463
0.9999999159979184
0.9999999167377079
0.9999999176807854
0.9999999188247313
0.9999999201666452
0.9999999217031514
0.9999999234304070
0.9999999253441099
0.9999999274395114
0.9999999297114259
0.9999999321542434
0.9999999347619452
0.9999999375281159
0.9999999404459599
0.9999999435083167
0.9999999467076806
0.9999999500362160
0.9999999534857766
0.9999999570479260
0.9999999607139594
0.9999999644749217
0.9999999683216310
0.9999999722446994
0.9999999762345567
0.9999999802814731
0.9999999843755817
0.9999999885069032
0.9999999926653693
0.9999999968408475
1.0000000010231640
1.0000000052021292
1.0000000093675621
1.0000000135093143
1.0000000176172956
1.0000000216814984
1.0000000256920205
1.0000000296390881
1.0000000335130810
1.0000000373045546
1.0000000410042624
1.0000000446031785
1.0000000480925189
1.0000000514637641
1.0000000547086798
1.0000000578193355
1.0000000607881241
1.0000000636077797
1.0000000662713944
1.0000000687724340
1.0000000711047570
1.0000000732626282
1.0000000752407332
1.0000000770341895
1.0000000786385570
1.0000000800498501
1.0000000812645493
1.0000000822796089
1.0000000830924625
1.0000000837010306
1.0000000841037253
1.0000000842994552
1.0000000842876275
1.0000000840681491
1.0000000836414265
1.0000000830083646
1.0000000821703667
1.0000000811293297
1.0000000798876394
1.0000000784481640
1.0000000768142476
1.0000000749897056
1.0000000729788132
1.0000000707862950
1.0000000684173143
1.0000000658774597
1.0000000631727333
1.0000000603095345
1.0000000572946466
1.0000000541352203
1.0000000508387565
1.0000000474130886
1.0000000438663617
1.0000000402070162
1.0000000364437664
1.0000000325855807
1.0000000286416590
1.0000000246214100
1.0000000205344290
1.0000000163904768
1.0000000121994541
1.0000000079713796
1.0000000037163648
0.9999999994445911
0.9999999951662835
0.9999999908916867
0.9999999866310415
0.9999999823945595
0.9999999781923999
0.9999999740346447
0.9999999699312749
0.9999999658921467
0.9999999619269676
0.9999999580452721
0.9999999542563983
0.9999999505694689
0.9999999469933668
0.9999999435367133
0.9999999402078487
0.9999999370148117
0.9999999339653217
0.9999999310667596
0.9999999283261484
0.9999999257501381
0.9999999233449880
0.9999999211165544
0.9999999190702743
0.9999999172111532
0.9999999155437533
0.9999999140721814
0.9999999128000805
0.9999999117306215
0.9999999108664929
0.9999999102098961
0.9999999097625393
0.9999999095256333
0.9999999094998907
0.9999999096855211
0.9999999100822328
0.9999999106892320
0.9999999115052257
0.9999999125284232
0.9999999137565410
0.9999999151868082
0.9999999168159732
0.9999999186403112
0.9999999206556331
0.9999999228572957
0.9999999252402124
0.9999999277988666
0.9999999305273227
0.9999999334192404
0.9999999364678906
0.9999999396661707
0.9999999430066210
0.9999999464814429
0.9999999500825175
0.9999999538014254
0.9999999576294660
0.9999999615576786
0.9999999655768633
0.9999999696776044
0.9999999738502915
0.9999999780851427
0.9999999823722286
0.9999999867014955
0.9999999910627881
0.9999999954458746
0.9999999998404699
1.0000000042362607
1.0000000086229317
1.0000000129901894
1.0000000173277850
1.0000000216255396
1.0000000258733666
1.0000000300612981
1.0000000341795103
1.0000000382183454
1.0000000421683333
1.0000000460202148
1.0000000497649641
1.0000000533938085
1.0000000568982497
1.0000000602700851
1.0000000635014297
1.0000000665847308
1.0000000695127875
1.0000000722787674
1.0000000748762232
1.0000000772991076
1.0000000795417869
1.0000000815990573
1.0000000834661542
1.0000000851387645
1.0000000866130379
1.0000000878855957
1.0000000889535363
1.0000000898144459
1.0000000904664017
1.0000000909079767
1.0000000911382430
1.0000000911567746
1.0000000909636484
1.0000000905594422
1.0000000899452346
1.0000000891226035
1.0000000880936204
1.0000000868608465
1.0000000854273270
