1.0006152701718813
1.0006074992087675
1.0005982798963562
1.0005876342496682
1.0005755876828764
1.0005621689492177
1.0005474100730027
1.0005313462738736
1.0005140158834864
1.0004954602548091
1.0004757236642363
1.0004548532067554
1.0004328986843982
1.0004099124882371
1.0003859494741971
1.0003610668329699
1.0003353239543329
1.0003087822861869
1.0002815051886409
1.0002535577834790
1.0002250067993645
1.0001959204131416
1.0001663680876096
1.0001364204061427
1.0001061489045497
1.0000756259005696
1.0000449243214049
1.0000141175297019
0.9999832791483909
0.9999524828848018
0.9999218023544767
0.9998913109050981
0.9998610814409570
0.9998311862483780
0.9998016968225270
0.9997726836960174
0.9997442162697319
0.9997163626462660
0.9996891894663964
0.9996627617489764
0.9996371427346478
0.9996123937337497
0.9995885739788016
0.9995657404819163
0.9995439478974968
0.9995232483905555
0.9995036915109775
0.9994853240740428
0.9994681900475005
0.9994523304454777
0.9994377832294826
0.9994245832167525
0.9994127619961699
0.9994023478519575
0.9993933656953473
0.9993858370043867
0.9993797797720366
0.9993752084626932
0.9993721339772348
0.9993705636266867
0.9993705011145724
0.9993719465279887
0.9993748963374329
0.9993793434053792
0.9993852770035792
0.9993926828390534
0.9994015430886989
0.9994118364424329
0.9994235381547610
0.9994366201046418
0.9994510508634995
0.9994667957712092
0.9994838170198754
0.9995020737451844
0.9995215221251136
0.9995421154857417
0.9995638044139046
0.9995865368764142
0.9996102583455480
0.9996349119304943
0.9996604385144330
0.9996867768969141
0.9997138639411813
0.9997416347260819
0.9997700227021865
0.9997989598517419
0.9998283768520645
0.9998582032419763
0.9998883675908797
0.9999187976700608
0.9999494206258062
0.9999801631539171
1.0000109516752005
1.0000417125115135
1.0000723720619407
1.0001028569786834
1.0001330943422437
1.0001630118354816
1.0001925379161345
1.0002216019873891
1.0002501345661052
1.0002780674482930
1.0003053338714534
1.0003318686734031
1.0003576084472112
1.0003824916918873
1.0004064589584634
1.0004294529911373
1.0004514188631459
1.0004723041070542
1.0004920588391584
1.0005106358777123
1.0005279908547133
1.0005440823209828
1.0005588718443021
1.0005723241003770
1.0005844069564260
1.0005950915471962
1.0006043523432397
1.0006121672112842
1.0006185174665716
1.0006233879170388
1.0006267668992375
1.0006286463059204
1.0006290216052194
1.0006278918513829
1.0006252596870411
1.0006211313369937
1.0006155165935404
1.0006084287933825
1.0005998847861446
1.0005899048945983
1.0005785128666698
1.0005657358193434
1.0005516041745879
1.0005361515874587
1.0005194148665295
1.0005014338868434
1.0004822514955789
1.0004619134106472
1.0004404681124563
1.0004179667290891
1.0003944629151584
1.0003700127246220
1.0003446744778490
1.0003185086232456
1.0002915775937624
1.0002639456586147
1.0002356787705622
1.0002068444091075
1.0001775114199754
1.0001477498512514
1.0001176307865649
1.0000872261757086
1.0000566086630940
1.0000258514144489
0.9999950279421694
0.9999642119297407
0.9999334770556431
0.9999028968171639
0.9998725443545403
0.9998424922758523
0.9998128124830861
0.9997835759997898
0.9997548528007368
0.9997267116440052
0.9996992199058883
0.9996724434190307
0.9996464463141895
0.9996212908660037
0.9995970373431525
0.9995737438632659
0.9995514662529487
0.9995302579132556
0.9995101696909571
0.9994912497559072
0.9994735434848228
0.9994570933517560
0.9994419388255368
0.9994281162744358
0.9994156588782904
0.9994045965483059
0.9993949558547368
0.9993867599626284
0.9993800285757768
0.9993747778890490
0.9993710205491823
0.9993687656241571
0.9993680185812290
0.9993687812736677
0.9993710519362354
0.9993748251894223
0.9993800920524227
0.9993868399648214
0.9993950528169380
0.9994047109887486
0.9994157913972900
0.9994282675524296
0.9994421096208593
0.9994572844981545
0.9994737558887197
0.9994914843934188
0.9995104276046723
0.9995305402087847
0.9995517740952500
0.9995740784727652
0.9995973999916586
0.9996216828724347
0.9996468690401161
0.9996728982640556
0.9996997083028679
0.9997272350541284
0.9997554127084735
0.9997841739077212
0.9998134499066293
0.9998431707378975
0.9998732653800059
0.9999036619274917
0.9999342877632457
0.9999650697324126
0.9999959343174805
1.0000268078141330
1.0000576165074453
1.0000882868480014
1.0001187456275114
1.0001489201535136
1.0001787384227434
1.0002081292927574
1.0002370226514101
1.0002653495837781
1.0002930425361443
1.0003200354766535
1.0003462640522653
1.0003716657416324
1.0003961800035532
1.0004197484206514
1.0004423148379442
1.0004638254959848
1.0004842291582645
1.0005034772325867
1.0005215238861240
1.0005383261539034
1.0005538440404602
1.0005680406144344
1.0005808820958908
1.0005923379361612
1.0006023808900291
1.0006109870800879
1.0006181360531314
1.0006238108284415
1.0006279979378674
1.0006306874576019
1.0006318730315866
1.0006315518864914
1.0006297248382305
1.0006263962900050
1.0006215742218749
1.0006152701718813
1.0006074992087675
1.0005982798963562
1.0005876342496682
