1.0000019836458640
1.0000019593043050
1.0000019303361645
1.0000018968115005
1.0000018588112283
1.0000018164269273
1.0000017697606212
1.0000017189245332
1.0000016640408165
1.0000016052412641
1.0000015426669926
1.0000014764681051
1.0000014068033309
1.0000013338396458
1.0000012577518731
1.0000011787222651
1.0000010969400661
1.0000010126010614
1.0000009259071101
1.0000008370656617
1.0000007462892595
1.0000006537950328
1.0000005598041772
1.0000004645414262
1.0000003682345153
1.0000002711136360
1.0000001734108865
1.0000000753597160
0.9999999771943674
0.9999998791493175
0.9999997814587179
0.9999996843558324
0.9999995880724817
0.9999994928384879
0.9999993988811249
0.9999993064245770
0.9999992156894025
0.9999991268920088
0.9999990402441328
0.9999989559523363
0.9999988742175104
0.9999987952343984
0.9999987191911304
0.9999986462687737
0.9999985766408999
0.9999985104731707
0.9999984479229421
0.9999983891388884
0.9999983342606483
0.9999982834184912
0.9999982367330054
0.9999981943148117
0.9999981562642984
0.9999981226713824
0.9999980936152948
0.9999980691643932
0.9999980493759980
0.9999980342962576
0.9999980239600351
0.9999980183908295
0.9999980176007183
0.9999980215903279
0.9999980303488371
0.9999980438539998
0.9999980620722019
0.9999980849585416
0.9999981124569365
0.9999981445002590
0.9999981810104981
0.9999982218989454
0.9999982670664093
0.9999983164034519
0.9999983697906519
0.9999984270988903
0.9999984881896623
0.9999985529154084
0.9999986211198657
0.9999986926384449
0.9999987672986234
0.9999988449203576
0.9999989253165172
0.9999990082933320
0.9999990936508560
0.9999991811834474
0.9999992706802594
0.9999993619257467
0.9999994547001807
0.9999995487801765
0.9999996439392268
0.9999997399482442
0.9999998365761110
0.9999999335902316
1.0000000307570902
1.0000001278428081
1.0000002246137052
1.0000003208368591
1.0000004162806659
1.0000005107153915
1.0000006039137230
1.0000006956513121
1.0000007857073110
1.0000008738649036
1.0000009599118249
1.0000010436408673
1.0000011248503777
1.0000012033447416
1.0000012789348482
1.0000013514385468
1.0000014206810808
1.0000014864955091
1.0000015487231044
1.0000016072137321
1.0000016618262102
1.0000017124286493
1.0000017588987686
1.0000018011241889
1.0000018390027019
1.0000018724425139
1.0000019013624677
1.0000019256922359
1.0000019453724902
1.0000019603550454
1.0000019706029732
1.0000019760906911
1.0000019768040243
1.0000019727402407
1.0000019639080584
1.0000019503276263
1.0000019320304747
1.0000019090594430
1.0000018814685752
1.0000018493229921
1.0000018126987356
1.0000017716825877
1.0000017263718624
1.0000016768741762
1.0000016233071911
1.0000015657983330
1.0000015044844852
1.0000014395116634
1.0000013710346687
1.0000012992167158
1.0000012242290437
1.0000011462505070
1.0000010654671474
1.0000009820717497
1.0000008962633817
1.0000008082469181
1.0000007182325503
1.0000006264352861
1.0000005330744344
1.0000004383730818
1.0000003425575583
1.0000002458568966
1.0000001485022849
1.0000000507265150
0.9999999527634261
0.9999998548473444
0.9999997572125230
0.9999996600925825
0.9999995637199509
0.9999994683253085
0.9999993741370371
0.9999992813806742
0.9999991902783728
0.9999991010483696
0.9999990139044629
0.9999989290555027
0.9999988467048901
0.9999987670500921
0.9999986902821670
0.9999986165853090
0.9999985461364069
0.9999984791046227
0.9999984156509838
0.9999983559279985
0.9999983000792910
0.9999982482392588
0.9999982005327481
0.9999981570747555
0.9999981179701539
0.9999980833134428
0.9999980531885191
0.9999980276684780
0.9999980068154374
0.9999979906803853
0.9999979793030598
0.9999979727118515
0.9999979709237367
0.9999979739442366
0.9999979817674051
0.9999979943758399
0.9999980117407229
0.9999980338218885
0.9999980605679182
0.9999980919162637
0.9999981277933946
0.9999981681149759
0.9999982127860666
0.9999982617013465
0.9999983147453657
0.9999983717928205
0.9999984327088529
0.9999984973493706
0.9999985655613925
0.9999986371834125
0.9999987120457853
0.9999987899711303
0.9999988707747545
0.9999989542650921
0.9999990402441634
0.9999991285080448
0.9999992188473582
0.9999993110477688
0.9999994048904970
0.9999995001528406
0.9999995966087064
0.9999996940291490
0.9999997921829169
0.9999998908370049
0.9999999897572096
1.0000000887086888
1.0000001874565210
1.0000002857662660
1.0000003834045248
1.0000004801394962
1.0000005757415313
1.0000006699836810
1.0000007626422356
1.0000008534972600
1.0000009423331186
1.0000010289389918
1.0000011131093771
1.0000011946445795
1.0000012733511876
1.0000013490425359
1.0000014215391479
1.0000014906691665
1.0000015562687630
1.0000016181825289
1.0000016762638453
1.0000017303752333
1.0000017803886807
1.0000018261859478
1.0000018676588505
1.0000019047095163
1.0000019372506186
1.0000019652055838
1.0000019885087750
1.0000020071056468
1.0000020209528762
1.0000020300184644
1.0000020342818126
1.0000020337337712
1.0000020283766613
1.0000020182242684
1.0000020033018076
1.0000019836458640
1.0000019593043050
1.0000019303361645
1.0000018968115005
