1.0000309290699216
1.0000305416439745
1.0000300815849343
1.0000295499976657
1.0000289481577673
1.0000282775085199
1.0000275396574354
1.0000267363724149
1.0000258695775210
1.0000249413483806
1.0000239539072222
1.0000229096175643
1.0000218109785657
1.0000206606190523
1.0000194612912356
1.0000182158641326
1.0000169273167092
1.0000155987307622
1.0000142332835533
1.0000128342402173
1.0000114049459563
1.0000099488180452
1.0000084693376636
1.0000069700415781
1.0000054545136874
1.0000039263764575
1.0000023892822620
1.0000008469046529
0.9999993029295804
0.9999977610465853
0.9999962249399794
0.9999946982800386
0.9999931847142289
0.9999916878584886
0.9999902112885846
0.9999887585315671
0.9999873330573367
0.9999859382703490
0.9999845775014786
0.9999832540000574
0.9999819709261083
0.9999807313427908
0.9999795382090767
0.9999783943726791
0.9999773025632437
0.9999762653858252
0.9999752853146617
0.9999743646872608
0.9999735056988117
0.9999727103969385
0.9999719806768061
0.9999713182765944
0.9999707247733415
0.9999702015791785
0.9999697499379533
0.9999693709222612
0.9999690654308846
0.9999688341866489
0.9999686777346966
0.9999685964411870
0.9999685904924247
0.9999686598944201
0.9999688044728803
0.9999690238736307
0.9999693175634669
0.9999696848314342
0.9999701247905345
0.9999706363798544
0.9999712183671072
0.9999718693515863
0.9999725877675194
0.9999733718878187
0.9999742198282157
0.9999751295517785
0.9999760988737845
0.9999771254669515
0.9999782068670118
0.9999793404786125
0.9999805235815238
0.9999817533371521
0.9999830267953355
0.9999843409014030
0.9999856925034852
0.9999870783600572
0.9999884951476948
0.9999899394690280
0.9999914078608690
0.9999928968024993
0.9999944027240937
0.9999959220152616
0.9999974510336835
0.9999989861138248
1.0000005235757046
1.0000020597336983
1.0000035909053548
1.0000051134202055
1.0000066236285430
1.0000081179101505
1.0000095926829624
1.0000110444116301
1.0000124696159784
1.0000138648793284
1.0000152268566693
1.0000165522826578
1.0000178379794262
1.0000190808641831
1.0000202779565859
1.0000214263858695
1.0000225233977105
1.0000235663608146
1.0000245527732081
1.0000254802682220
1.0000263466201524
1.0000271497495832
1.0000278877283608
1.0000285587842033
1.0000291613049395
1.0000296938423685
1.0000301551157229
1.0000305440147350
1.0000308596022915
1.0000311011166778
1.0000312679734007
1.0000313597665920
1.0000313762699804
1.0000313174374378
1.0000311834030919
1.0000309744810092
1.0000306911644494
1.0000303341246914
1.0000299042094325
1.0000294024407657
1.0000288300127420
1.0000281882885198
1.0000274787971131
1.0000267032297410
1.0000258634357881
1.0000249614183909
1.0000239993296529
1.0000229794655067
1.0000219042602294
1.0000207762806292
1.0000195982199109
1.0000183728912466
1.0000171032210534
1.0000157922420032
1.0000144430857767
1.0000130589755813
1.0000116432184478
1.0000101991973291
1.0000087303630159
1.0000072402258910
1.0000057323475402
1.0000042103322409
1.0000026778183468
1.0000011384695888
0.9999995959663200
0.9999980539967187
0.9999965162479718
0.9999949863974608
0.9999934681039679
0.9999919649989303
0.9999904806777568
0.9999890186912296
0.9999875825370146
0.9999861756512988
0.9999848014005702
0.9999834630735684
0.9999821638734189
0.9999809069099715
0.9999796951923612
0.9999785316218111
0.9999774189846925
0.9999763599458596
0.9999753570422718
0.9999744126769221
0.9999735291130895
0.9999727084689227
0.9999719527123728
0.9999712636564797
0.9999706429550348
0.9999700920986214
0.9999696124110458
0.9999692050461673
0.9999688709851332
0.9999686110340283
0.9999684258219416
0.9999683157994567
0.9999682812375702
0.9999683222270396
0.9999684386781608
0.9999686303209774
0.9999688967059227
0.9999692372048887
0.9999696510127241
0.9999701371491538
0.9999706944611189
0.9999713216255267
0.9999720171524127
0.9999727793884958
0.9999736065211282
0.9999744965826246
0.9999754474549618
0.9999764568748399
0.9999775224390881
0.9999786416104052
0.9999798117234232
0.9999810299910746
0.9999822935112495
0.9999835992737294
0.9999849441673806
0.9999863249875863
0.9999877384439043
0.9999891811679256
0.9999906497213236
0.9999921406040690
0.9999936502627907
0.9999951750992645
0.9999967114790089
0.9999982557399683
0.9999998042012619
1.0000013531719767
1.0000028989599823
1.0000044378807500
1.0000059662661540
1.0000074804732344
1.0000089768928950
1.0000104519585267
1.0000119021545233
1.0000133240246782
1.0000147141804399
1.0000160693090010
1.0000173861812109
1.0000186616592857
1.0000198927042996
1.0000210763834432
1.0000222098770231
1.0000232904851947
1.0000243156344073
1.0000252828835490
1.0000261899297731
1.0000270346139952
1.0000278149260458
1.0000285290094677
1.0000291751659465
1.0000297518593633
1.0000302577194595
1.0000306915451054
1.0000310523071647
1.0000313391509499
1.0000315513982574
1.0000316885489831
1.0000317502823144
1.0000317364574927
1.0000316471141451
1.0000314824721857
1.0000312429312870
1.0000309290699216
1.0000305416439745
1.0000300815849343
1.0000295499976657
