1.0000000178664732
1.0000000176735901
1.0000000174407029
1.0000000171683987
1.0000000168573575
1.0000000165083511
1.0000000161222413
1.0000000156999775
1.0000000152425943
1.0000000147512087
1.0000000142270178
1.0000000136712950
1.0000000130853870
1.0000000124707116
1.0000000118287542
1.0000000111610636
1.0000000104692484
1.0000000097549728
1.0000000090199554
1.0000000082659610
1.0000000074947979
1.0000000067083143
1.0000000059083931
1.0000000050969486
1.0000000042759212
1.0000000034472720
1.0000000026129792
1.0000000017750330
1.0000000009354317
1.0000000000961757
0.9999999992592628
0.9999999984266836
0.9999999976004178
0.9999999967824263
0.9999999959746499
0.9999999951790035
0.9999999943973724
0.9999999936316052
0.9999999928835116
0.9999999921548572
0.9999999914473601
0.9999999907626871
0.9999999901024480
0.9999999894681931
0.9999999888614102
0.9999999882835183
0.9999999877358674
0.9999999872197328
0.9999999867363141
0.9999999862867317
0.9999999858720232
0.9999999854931427
0.9999999851509570
0.9999999848462438
0.9999999845796892
0.9999999843518881
0.9999999841633412
0.9999999840144551
0.9999999839055405
0.9999999838368088
0.9999999838083746
0.9999999838202557
0.9999999838723730
0.9999999839645489
0.9999999840965110
0.9999999842678907
0.9999999844782247
0.9999999847269568
0.9999999850134382
0.9999999853369285
0.9999999856965983
0.9999999860915303
0.9999999865207215
0.9999999869830867
0.9999999874774606
0.9999999880026017
0.9999999885571952
0.9999999891398560
0.9999999897491300
0.9999999903834993
0.9999999910413859
0.9999999917211535
0.9999999924211141
0.9999999931395303
0.9999999938746204
0.9999999946245639
0.9999999953875034
0.9999999961615509
0.9999999969447932
0.9999999977352959
0.9999999985311060
0.9999999993302571
1.0000000001307758
1.0000000009306858
1.0000000017280120
1.0000000025207856
1.0000000033070504
1.0000000040848651
1.0000000048523090
1.0000000056074840
1.0000000063485242
1.0000000070735973
1.0000000077809095
1.0000000084687108
1.0000000091352974
1.0000000097790167
1.0000000103982711
1.0000000109915228
1.0000000115572971
1.0000000120941872
1.0000000126008550
1.0000000130760345
1.0000000135185363
1.0000000139272496
1.0000000143011463
1.0000000146392805
1.0000000149407948
1.0000000152049193
1.0000000154309749
1.0000000156183735
1.0000000157666213
1.0000000158753197
1.0000000159441671
1.0000000159729572
1.0000000159615803
1.0000000159100229
1.0000000158183682
1.0000000156867970
1.0000000155155884
1.0000000153051174
1.0000000150558535
1.0000000147683599
1.0000000144432926
1.0000000140813978
1.0000000136835110
1.0000000132505564
1.0000000127835438
1.0000000122835653
1.0000000117517940
1.0000000111894802
1.0000000105979492
1.0000000099785953
1.0000000093328820
1.0000000086623364
1.0000000079685460
1.0000000072531574
1.0000000065178700
1.0000000057644327
1.0000000049946398
1.0000000042103252
1.0000000034133585
1.0000000026056424
1.0000000017891066
1.0000000009657040
1.0000000001374034
0.9999999993061873
0.9999999984740474
0.9999999976429786
0.9999999968149744
0.9999999959920233
0.9999999951761036
0.9999999943691782
0.9999999935731891
0.9999999927900549
0.9999999920216646
0.9999999912698726
0.9999999905364952
0.9999999898233066
0.9999999891320349
0.9999999884643559
0.9999999878218919
0.9999999872062063
0.9999999866188000
0.9999999860611074
0.9999999855344945
0.9999999850402532
0.9999999845795997
0.9999999841536706
0.9999999837635194
0.9999999834101153
0.9999999830943412
0.9999999828169922
0.9999999825787721
0.9999999823802923
0.9999999822220695
0.9999999821045260
0.9999999820279900
0.9999999819926931
0.9999999819987694
0.9999999820462540
0.9999999821350833
0.9999999822650959
0.9999999824360324
0.9999999826475361
0.9999999828991546
0.9999999831903409
0.9999999835204537
0.9999999838887607
0.9999999842944384
0.9999999847365747
0.9999999852141699
0.9999999857261402
0.9999999862713207
0.9999999868484679
0.9999999874562623
0.9999999880933113
0.9999999887581530
0.9999999894492585
0.9999999901650364
0.9999999909038370
0.9999999916639569
0.9999999924436423
0.9999999932410932
0.9999999940544666
0.9999999948818815
0.9999999957214228
0.9999999965711472
0.9999999974290869
0.9999999982932549
0.9999999991616499
1.0000000000322591
1.0000000009030636
1.0000000017720443
1.0000000026371865
1.0000000034964847
1.0000000043479484
1.0000000051896054
1.0000000060195067
1.0000000068357295
1.0000000076363837
1.0000000084196159
1.0000000091836132
1.0000000099266086
1.0000000106468849
1.0000000113427796
1.0000000120126884
1.0000000126550666
1.0000000132684337
1.0000000138513776
1.0000000144025598
1.0000000149207173
1.0000000154046651
1.0000000158532987
1.0000000162655971
1.0000000166406262
1.0000000169775389
1.0000000172755774
1.0000000175340777
1.0000000177524688
1.0000000179302748
1.0000000180671160
1.0000000181627093
1.0000000182168680
1.0000000182295035
1.0000000182006252
1.0000000181303412
1.0000000180188564
1.0000000178664732
1.0000000176735901
1.0000000174407029
1.0000000171683987
