1.0087678457673879
1.0086578364254459
1.0085273441434066
1.0083766684771451
1.0082061554960482
1.0080161970875738
1.0078072301670908
1.0075797357936083
1.0073342381920920
1.0070713036831880
1.0067915395212861
1.0064955926419938
1.0061841483202263
1.0058579287402840
1.0055176914794468
1.0051642279067965
1.0047983614991687
1.0044209460763400
1.0040328639577711
1.0036350240434513
1.0032283598216343
1.0028138273064917
1.0023924029089752
1.0019650812444423
1.0015328728808701
1.0010968020317665
1.0006579041981578
1.0002172237643283
0.9997758115522596
0.9993347223400122
0.9988950123495561
0.9984577367098404
0.9980239469011487
0.9975946881870373
0.9971709970403942
0.9967538985703789
0.9963444039571964
0.9959435079018449
0.9955521860981316
0.9951713927343733
0.9948020580323061
0.9944450858307823
0.9941013512218770
0.9937716982470194
0.9934569376607225
0.9931578447694077
0.9928751573527042
0.9926095736744407
0.9923617505903511
0.9921323017592673
0.9919217959643066
0.9917307555502252
0.9915596549827557
0.9914089195353569
0.9912789241083618
0.9911699921850554
0.9910823949287152
0.9910163504241241
0.9909720230665232
0.9909495231004082
0.9909489063099847
0.9909701738625093
0.9910132723051379
0.9910780937152919
0.9911644760039475
0.9912722033706526
0.9914010069084723
0.9915505653564912
0.9917205059969242
0.9919104056933508
0.9921197920660584
0.9923481447999905
0.9925948970803217
0.9928594371502619
0.9931411099852793
0.9934392190775827
0.9937530283243801
0.9940817640131374
0.9944246168968334
0.9947807443519938
0.9951492726121384
0.9955292990691463
0.9959198946349624
0.9963201061560342
0.9967289588728576
0.9971454589170485
0.9975685958384110
0.9979973451545804
0.9984306709159400
0.9988675282786690
0.9993068660789513
0.9997476294015818
1.0001887621364161
1.0006292095163656
1.0010679206308646
1.0015038509090228
1.0019359645669306
1.0023632370138695
1.0027846572124675
1.0031992299881081
1.0036059782832001
1.0040039453521894
1.0043921968934753
1.0047698231146582
1.0051359407278300
1.0054896948718470
1.0058302609588077
1.0061568464421624
1.0064686925041324
1.0067650756603199
1.0070453092796030
1.0073087450175886
1.0075547741620903
1.0077828288892496
1.0079923834290934
1.0081829551394448
1.0083541054872509
1.0085054409365024
1.0086366137420404
1.0087473226486448
1.0088373134948871
1.0089063797213202
1.0089543627826627
1.0089811524636987
1.0089866870986908
1.0089709536941605
1.0089339879549621
1.0088758742136346
1.0087967452630677
1.0086967820925965
1.0085762135276850
1.0084353157734416
1.0082744118622651
1.0080938710060108
1.0078941078531365
1.0076755816513823
1.0074387953166384
1.0071842944087537
1.0069126660151662
1.0066245375433489
1.0063205754232143
1.0060014837207594
1.0056680026644029
1.0053209070856344
1.0049610047757778
1.0045891347608815
1.0042061654969388
1.0038129929878792
1.0034105388289880
1.0029997481786725
1.0025815876617326
1.0021570432075575
1.0017271178269447
1.0012928293315024
1.0008552079998896
1.0004152941954227
0.9999741359398613
0.9995327864484714
0.9990923016317489
0.9986537375694535
0.9982181479628751
0.9977865815715119
0.9973600796405866
0.9969396733260506
0.9965263811239394
0.9961212063111371
0.9957251344047732
0.9953391306476108
0.9949641375269066
0.9946010723343044
0.9942508247743632
0.9939142546293561
0.9935921894879337
0.9932854225451997
0.9929947104816418
0.9927207714282253
0.9924642830247765
0.9922258805785603
0.9920061553296974
0.9918056528297674
0.9916248714395979
0.9914642609518634
0.9913242213437133
0.9912051016641835
0.9911071990606757
0.9910307579482849
0.9909759693252075
0.9909429702369190
0.9909318433912339
0.9909426169257565
0.9909752643286536
0.9910297045130541
0.9911058020447872
0.9912033675225534
0.9913221581090276
0.9914618782108002
0.9916221803044931
0.9918026659058257
0.9920028866778681
0.9922223456742182
0.9924604987123535
0.9927167558719548
0.9929904831125937
0.9932810040047904
0.9935876015681046
0.9939095202096269
0.9942459677559710
0.9945961175716449
0.9949591107565020
0.9953340584148297
0.9957200439885373
0.9961161256468424
0.9965213387248265
0.9969346982032519
0.9973552012220813
0.9977818296202210
0.9982135524941185
0.9986493287679880
0.9990881097686043
0.9995288417977992
0.9999704686959975
1.0004119343903624
1.0008521854213659
1.0012901734418584
1.0017248576829700
1.0021552073814628
1.0025802041634229
1.0029988443794742
1.0034101413869772
1.0038131277749487
1.0042068575277370
1.0045904081237484
1.0049628825657950
1.0053234113398932
1.0056711542996042
1.0060053024732376
1.0063250797914787
1.0066297447332253
1.0069185918876205
1.0071909534304744
1.0074462005134466
1.0076837445645370
1.0079030384985981
1.0081035778367220
1.0082849017335027
1.0084465939112914
1.0085882835006876
1.0087096457866143
1.0088104028594156
1.0088903241705145
1.0089492269922429
1.0089869767815403
1.0090034874472789
1.0089987215210474
1.0089726902312828
1.0089254534807079
1.0088571197270892
1.0087678457673879
1.0086578364254459
1.0085273441434066
1.0083766684771451
