1.0001012323632690
1.0000999585621888
1.0000984466794383
1.0000967003391912
1.0000947237253248
1.0000925215714345
1.0000900991495292
1.0000874622574472
1.0000846172050166
1.0000815707989896
1.0000783303267955
1.0000749035391427
1.0000712986315163
1.0000675242246106
1.0000635893437488
1.0000595033973330
1.0000552761543775
1.0000509177211827
1.0000464385172010
1.0000418492501537
1.0000371608904575
1.0000323846450212
1.0000275319304750
1.0000226143458992
1.0000176436451109
1.0000126317085822
1.0000075905150518
1.0000025321129016
0.9999974685913613
0.9999924120516145
0.9999873745778732
0.9999823682084904
0.9999774049071826
0.9999724965344230
0.9999676548190848
0.9999628913303940
0.9999582174502611
0.9999536443460593
0.9999491829439162
0.9999448439025780
0.9999406375879110
0.9999365740481039
0.9999326629896282
0.9999289137540147
0.9999253352955012
0.9999219361596050
0.9999187244626766
0.9999157078724756
0.9999128935898216
0.9999102883313622
0.9999078983134980
0.9999057292375074
0.9999037862759019
0.9999020740600505
0.9999005966690961
0.9998993576201973
0.9998983598601129
0.9998976057581554
0.9998970971005259
0.9998968350860445
0.9998968203232923
0.9998970528291645
0.9998975320288406
0.9998982567571708
0.9998992252614799
0.9999004352057758
0.9999018836763570
0.9999035671888027
0.9999054816963273
0.9999076225994858
0.9999099847572005
0.9999125624990842
0.9999153496390339
0.9999183394900532
0.9999215248802767
0.9999248981701545
0.9999284512707538
0.9999321756631366
0.9999360624187668
0.9999401022208937
0.9999442853868659
0.9999486018913166
0.9999530413901668
0.9999575932453925
0.9999622465504915
0.9999669901565902
0.9999718126991270
0.9999767026250522
0.9999816482204743
0.9999866376386888
0.9999916589285209
0.9999967000629151
1.0000017489677040
1.0000067935504906
1.0000118217295673
1.0000168214628056
1.0000217807764527
1.0000266877937578
1.0000315307633656
1.0000362980874062
1.0000409783492177
1.0000455603406326
1.0000500330887641
1.0000543858822257
1.0000586082967269
1.0000626902199778
1.0000666218758465
1.0000703938477171
1.0000739971009811
1.0000774230046194
1.0000806633518198
1.0000837103795746
1.0000865567872232
1.0000891957538873
1.0000916209547601
1.0000938265762116
1.0000958073296733
1.0000975584642673
1.0000990757781558
1.0001003556285746
1.0001013949405344
1.0001021912141683
1.0001027425307063
1.0001030475570629
1.0001031055490266
1.0001029163530439
1.0001024804065950
1.0001017987371588
1.0001008729597718
1.0000997052731824
1.0000982984546114
1.0000966558531363
1.0000947813817083
1.0000926795078204
1.0000903552428577
1.0000878141301439
1.0000850622317206
1.0000821061138880
1.0000789528315404
1.0000756099113339
1.0000720853337279
1.0000683875139404
1.0000645252818665
1.0000605078610036
1.0000563448464344
1.0000520461819222
1.0000476221361725
1.0000430832783134
1.0000384404526568
1.0000337047528032
1.0000288874951444
1.0000240001918337
1.0000190545232834
1.0000140623102611
1.0000090354856437
1.0000039860659027
0.9999989261223863
0.9999938677524668
0.9999888230506243
0.9999838040795308
0.9999788228412109
0.9999738912483412
0.9999690210957615
0.9999642240322659
0.9999595115327391
0.9999548948707043
0.9999503850913550
0.9999459929851262
0.9999417290618731
0.9999376035257187
0.9999336262506294
0.9999298067567810
0.9999261541877678
0.9999226772887109
0.9999193843853182
0.9999162833639490
0.9999133816527251
0.9999106862037404
0.9999082034764066
0.9999059394219812
0.9999038994693081
0.9999020885118091
0.9999005108957567
0.9998991704098547
0.9998980702761568
0.9998972131423414
0.9998966010753583
0.9998962355564674
0.9998961174776824
0.9998962471396237
0.9998966242507877
0.9998972479282341
0.9998981166996884
0.9998992285070567
0.9999005807113436
0.9999021700989603
0.9999039928894101
0.9999060447443280
0.9999083207778583
0.9999108155683429
0.9999135231712930
0.9999164371336087
0.9999195505090175
0.9999228558746918
0.9999263453490079
0.9999300106104009
0.9999338429172719
0.9999378331288977
0.9999419717272954
0.9999462488399889
0.9999506542636206
0.9999551774883517
0.9999598077229965
0.9999645339208284
0.9999693448059935
0.9999742289004687
0.9999791745515019
0.9999841699594669
0.9999892032060668
0.9999942622828195
0.9999993351197559
1.0000044096142615
1.0000094736599960
1.0000145151758142
1.0000195221346273
1.0000244825921329
1.0000293847153432
1.0000342168108427
1.0000389673527144
1.0000436250100602
1.0000481786740534
1.0000526174844588
1.0000569308555554
1.0000611085014002
1.0000651404603813
1.0000690171189883
1.0000727292347520
1.0000762679582964
1.0000796248544515
1.0000827919223729
1.0000857616146286
1.0000885268551998
1.0000910810563557
1.0000934181343648
1.0000955325239984
1.0000974191917993
1.0000990736480797
1.0001004919576246
1.0001016707490700
1.0001026072229358
1.0001032991582950
1.0001037449180621
1.0001039434528896
1.0001038943036602
1.0001035976025741
1.0001030540728248
1.0001022650268658
1.0001012323632690
1.0000999585621888
1.0000984466794383
1.0000967003391912
