1.0000000249790233
1.0000000247046550
1.0000000243740583
1.0000000239880642
1.0000000235476323
1.0000000230538517
1.0000000225079375
1.0000000219112262
1.0000000212651741
1.0000000205713553
1.0000000198314565
1.0000000190472735
1.0000000182207038
1.0000000173537460
1.0000000164484921
1.0000000155071245
1.0000000145319103
1.0000000135251959
1.0000000124894002
1.0000000114270100
1.0000000103405713
1.0000000092326882
1.0000000081060141
1.0000000069632449
1.0000000058071126
1.0000000046403792
1.0000000034658312
1.0000000022862703
1.0000000011045100
0.9999999999233666
0.9999999987456525
0.9999999975741707
0.9999999964117072
0.9999999952610240
0.9999999941248534
0.9999999930058906
0.9999999919067885
0.9999999908301507
0.9999999897785250
0.9999999887543961
0.9999999877601821
0.9999999867982281
0.9999999858708000
0.9999999849800788
0.9999999841281579
0.9999999833170354
0.9999999825486110
0.9999999818246808
0.9999999811469310
0.9999999805169367
0.9999999799361573
0.9999999794059322
0.9999999789274789
0.9999999785018902
0.9999999781301299
0.9999999778130328
0.9999999775513023
0.9999999773455079
0.9999999771960836
0.9999999771033266
0.9999999770673970
0.9999999770883189
0.9999999771659780
0.9999999773001240
0.9999999774903700
0.9999999777361930
0.9999999780369372
0.9999999783918133
0.9999999787999022
0.9999999792601583
0.9999999797714092
0.9999999803323610
0.9999999809416001
0.9999999815975977
0.9999999822987116
0.9999999830431903
0.9999999838291778
0.9999999846547176
0.9999999855177578
0.9999999864161579
0.9999999873476931
0.9999999883100570
0.9999999893008699
0.9999999903176841
0.9999999913579889
0.9999999924192172
0.9999999934987531
0.9999999945939366
0.9999999957020700
0.9999999968204240
0.9999999979462456
0.9999999990767622
1.0000000002091900
1.0000000013407415
1.0000000024686311
1.0000000035900847
1.0000000047023434
1.0000000058026715
1.0000000068883603
1.0000000079567377
1.0000000090051739
1.0000000100310860
1.0000000110319458
1.0000000120052845
1.0000000129486999
1.0000000138598630
1.0000000147365227
1.0000000155765110
1.0000000163777485
1.0000000171382497
1.0000000178561272
1.0000000185295972
1.0000000191569816
1.0000000197367154
1.0000000202673478
1.0000000207475461
1.0000000211760984
1.0000000215519187
1.0000000218740486
1.0000000221416583
1.0000000223540495
1.0000000225106587
1.0000000226110570
1.0000000226549508
1.0000000226421824
1.0000000225727310
1.0000000224467129
1.0000000222643812
1.0000000220261240
1.0000000217324660
1.0000000213840663
1.0000000209817161
1.0000000205263393
1.0000000200189880
1.0000000194608401
1.0000000188531961
1.0000000181974760
1.0000000174952168
1.0000000167480674
1.0000000159577866
1.0000000151262392
1.0000000142553900
1.0000000133472982
1.0000000124041142
1.0000000114280760
1.0000000104215017
1.0000000093867838
1.0000000083263851
1.0000000072428310
1.0000000061387044
1.0000000050166382
1.0000000038793102
1.0000000027294369
1.0000000015697679
1.0000000004030776
0.9999999992321588
0.9999999980598169
0.9999999968888615
0.9999999957221012
0.9999999945623348
0.9999999934123476
0.9999999922749043
0.9999999911527413
0.9999999900485613
0.9999999889650258
0.9999999879047489
0.9999999868702902
0.9999999858641492
0.9999999848887594
0.9999999839464826
0.9999999830396031
0.9999999821703228
0.9999999813407562
0.9999999805529235
0.9999999798087472
0.9999999791100467
0.9999999784585359
0.9999999778558171
0.9999999773033766
0.9999999768025828
0.9999999763546816
0.9999999759607939
0.9999999756219139
0.9999999753389045
0.9999999751124964
0.9999999749432865
0.9999999748317377
0.9999999747781756
0.9999999747827877
0.9999999748456254
0.9999999749666011
0.9999999751454892
0.9999999753819279
0.9999999756754183
0.9999999760253268
0.9999999764308858
0.9999999768911955
0.9999999774052259
0.9999999779718191
0.9999999785896918
0.9999999792574410
0.9999999799735453
0.9999999807363682
0.9999999815441619
0.9999999823950709
0.9999999832871383
0.9999999842183075
0.9999999851864301
0.9999999861892701
0.9999999872245077
0.9999999882897480
0.9999999893825239
0.9999999905003033
0.9999999916404946
0.9999999928004528
0.9999999939774848
0.9999999951688582
0.9999999963718055
0.9999999975835310
0.9999999988012176
1.0000000000220339
1.0000000012431423
1.0000000024617028
1.0000000036748813
1.0000000048798570
1.0000000060738294
1.0000000072540236
1.0000000084176957
1.0000000095621415
1.0000000106847033
1.0000000117827743
1.0000000128538051
1.0000000138953100
1.0000000149048747
1.0000000158801594
1.0000000168189052
1.0000000177189381
1.0000000185781768
1.0000000193946355
1.0000000201664314
1.0000000208917892
1.0000000215690423
1.0000000221966374
1.0000000227731387
1.0000000232972328
1.0000000237677296
1.0000000241835660
1.0000000245438085
1.0000000248476542
1.0000000250944343
1.0000000252836143
1.0000000254147967
1.0000000254877215
1.0000000255022663
1.0000000254584462
1.0000000253564154
1.0000000251964651
1.0000000249790233
1.0000000247046550
1.0000000243740583
1.0000000239880642
