1.0000000000058049
1.0000000000058396
1.0000000000058660
1.0000000000058848
1.0000000000058973
1.0000000000059035
1.0000000000059042
1.0000000000058984
1.0000000000058851
1.0000000000058635
1.0000000000058338
1.0000000000057956
1.0000000000057498
1.0000000000056974
1.0000000000056379
1.0000000000055709
1.0000000000054954
1.0000000000054121
1.0000000000053226
1.0000000000052289
1.0000000000051315
1.0000000000050300
1.0000000000049245
1.0000000000048150
1.0000000000047027
1.0000000000045874
1.0000000000044693
1.0000000000043490
1.0000000000042264
1.0000000000041016
1.0000000000039753
1.0000000000038458
1.0000000000037137
1.0000000000035796
1.0000000000034428
1.0000000000033031
1.0000000000031626
1.0000000000030225
1.0000000000028837
1.0000000000027474
1.0000000000026141
1.0000000000024845
1.0000000000023592
1.0000000000022389
1.0000000000021230
1.0000000000020122
1.0000000000019060
1.0000000000018046
1.0000000000017075
1.0000000000016147
1.0000000000015261
1.0000000000014424
1.0000000000013622
1.0000000000012872
1.0000000000012172
1.0000000000011531
1.0000000000010940
1.0000000000010409
1.0000000000009930
1.0000000000009501
1.0000000000009115
1.0000000000008762
1.0000000000008442
1.0000000000008162
1.0000000000007929
1.0000000000007738
1.0000000000007583
1.0000000000007452
1.0000000000007345
1.0000000000007254
1.0000000000007176
1.0000000000007117
1.0000000000007077
1.0000000000007059
1.0000000000007052
1.0000000000007054
1.0000000000007054
1.0000000000007043
1.0000000000007030
1.0000000000007019
1.0000000000007010
1.0000000000007001
1.0000000000007001
1.0000000000007014
1.0000000000007039
1.0000000000007072
1.0000000000007112
1.0000000000007165
1.0000000000007236
1.0000000000007323
1.0000000000007414
1.0000000000007512
1.0000000000007614
1.0000000000007725
1.0000000000007843
1.0000000000007954
1.0000000000008047
1.0000000000008136
1.0000000000008225
1.0000000000008313
1.0000000000008409
1.0000000000008504
1.0000000000008602
1.0000000000008704
1.0000000000008800
1.0000000000008868
1.0000000000008911
1.0000000000008931
1.0000000000008928
1.0000000000008917
1.0000000000008897
1.0000000000008866
1.0000000000008826
1.0000000000008773
1.0000000000008693
1.0000000000008580
1.0000000000008440
1.0000000000008276
1.0000000000008094
1.0000000000007900
1.0000000000007689
1.0000000000007465
1.0000000000007230
1.0000000000006990
1.0000000000006737
1.0000000000006470
1.0000000000006188
1.0000000000005904
1.0000000000005620
1.0000000000005338
1.0000000000005058
1.0000000000004781
1.0000000000004488
1.0000000000004174
1.0000000000003841
1.0000000000003493
1.0000000000003140
1.0000000000002791
1.0000000000002456
1.0000000000002129
1.0000000000001810
1.0000000000001499
1.0000000000001197
1.0000000000000906
1.0000000000000617
1.0000000000000333
1.0000000000000036
0.9999999999999728
0.9999999999999398
0.9999999999999043
0.9999999999998671
0.9999999999998292
0.9999999999997913
0.9999999999997520
0.9999999999997109
0.9999999999996686
0.9999999999996239
0.9999999999995779
0.9999999999995309
0.9999999999994837
0.9999999999994369
0.9999999999993902
0.9999999999993434
0.9999999999992962
0.9999999999992478
0.9999999999991974
0.9999999999991459
0.9999999999990929
0.9999999999990403
0.9999999999989887
0.9999999999989384
0.9999999999988899
0.9999999999988431
0.9999999999987981
0.9999999999987550
0.9999999999987151
0.9999999999986801
0.9999999999986495
0.9999999999986224
0.9999999999985973
0.9999999999985737
0.9999999999985512
0.9999999999985294
0.9999999999985083
0.9999999999984881
0.9999999999984693
0.9999999999984530
0.9999999999984400
0.9999999999984308
0.9999999999984265
0.9999999999984281
0.9999999999984348
0.9999999999984462
0.9999999999984627
0.9999999999984825
0.9999999999985065
0.9999999999985346
0.9999999999985678
0.9999999999986062
0.9999999999986483
0.9999999999986933
0.9999999999987413
0.9999999999987927
0.9999999999988487
0.9999999999989089
0.9999999999989738
0.9999999999990442
0.9999999999991206
0.9999999999992032
0.9999999999992930
0.9999999999993907
0.9999999999994958
0.9999999999996073
0.9999999999997249
0.9999999999998487
0.9999999999999776
1.0000000000001110
1.0000000000002489
1.0000000000003915
1.0000000000005380
1.0000000000006883
1.0000000000008411
1.0000000000009963
1.0000000000011540
1.0000000000013132
1.0000000000014750
1.0000000000016391
1.0000000000018043
1.0000000000019700
1.0000000000021363
1.0000000000023033
1.0000000000024705
1.0000000000026381
1.0000000000028075
1.0000000000029783
1.0000000000031501
1.0000000000033227
1.0000000000034950
1.0000000000036657
1.0000000000038343
1.0000000000040004
1.0000000000041627
1.0000000000043208
1.0000000000044738
1.0000000000046214
1.0000000000047622
1.0000000000048961
1.0000000000050231
1.0000000000051419
1.0000000000052514
1.0000000000053508
1.0000000000054408
1.0000000000055216
1.0000000000055937
1.0000000000056577
1.0000000000057141
1.0000000000057632
1.0000000000058049
1.0000000000058396
1.0000000000058660
1.0000000000058848
