1.0000109699589714
1.0000108333294360
1.0000106709872623
1.0000104833231085
1.0000102707880481
1.0000100338924911
1.0000097732049622
1.0000094893507412
1.0000091830103672
1.0000088549180099
1.0000085058597155
1.0000081366715234
1.0000077482374696
1.0000073414874748
1.0000069173951196
1.0000064769753154
1.0000060212818802
1.0000055514050179
1.0000050684687130
1.0000045736280412
1.0000040680664095
1.0000035529927287
1.0000030296385212
1.0000024992549792
1.0000019631099741
1.0000014224850253
1.0000008786722361
1.0000003329712055
0.9999997866859229
0.9999992411216518
0.9999986975818089
0.9999981573648492
0.9999976217611626
0.9999970920499898
0.9999965694963663
0.9999960553480969
0.9999955508327742
0.9999950571548460
0.9999945754927353
0.9999941069960235
0.9999936527827050
0.9999932139365145
0.9999927915043386
0.9999923864937155
0.9999919998704252
0.9999916325561831
0.9999912854264379
0.9999909593082785
0.9999906549784581
0.9999903731615412
0.9999901145281707
0.9999898796934673
0.9999896692155624
0.9999894835942660
0.9999893232698717
0.9999891886221063
0.9999890799692240
0.9999889975672466
0.9999889416093553
0.9999889122254322
0.9999889094817498
0.9999889333808167
0.9999889838613728
0.9999890607985396
0.9999891640041191
0.9999892932270478
0.9999894481539975
0.9999896284101292
0.9999898335599908
0.9999900631085619
0.9999903165024400
0.9999905931311664
0.9999908923286879
0.9999912133749516
0.9999915554976311
0.9999919178739753
0.9999922996327784
0.9999926998564638
0.9999931175832834
0.9999935518096188
0.9999940014923836
0.9999944655515184
0.9999949428725781
0.9999954323093978
0.9999959326868381
0.9999964428035965
0.9999969614350818
0.9999974873363453
0.9999980192450606
0.9999985558845407
0.9999990959667966
0.9999996381956188
1.0000001812696788
1.0000007238856425
1.0000012647412875
1.0000018025386217
1.0000023359869878
1.0000028638061502
1.0000033847293595
1.0000038975063814
1.0000044009064908
1.0000048937214159
1.0000053747682298
1.0000058428921783
1.0000062969694450
1.0000067359098401
1.0000071586594086
1.0000075642029518
1.0000079515664555
1.0000083198194227
1.0000086680770981
1.0000089955025879
1.0000093013088602
1.0000095847606310
1.0000098451761239
1.0000100819287008
1.0000102944483622
1.0000104822231120
1.0000106448001833
1.0000107817871233
1.0000108928527336
1.0000109777278634
1.0000110362060548
1.0000110681440375
1.0000110734620753
1.0000110521441592
1.0000110042380472
1.0000109298551505
1.0000108291702692
1.0000107024211777
1.0000105499080574
1.0000103719927813
1.0000101690980503
1.0000099417063830
1.0000096903589668
1.0000094156543651
1.0000091182470876
1.0000087988460267
1.0000084582127655
1.0000080971597594
1.0000077165483952
1.0000073172869335
1.0000069003283376
1.0000064666679969
1.0000060173413476
1.0000055534214014
1.0000050760161809
1.0000045862660707
1.0000040853410910
1.0000035744381019
1.0000030547779448
1.0000025276025239
1.0000019941718383
1.0000014557609700
1.0000009136570351
1.0000003691561081
0.9999998235601246
0.9999992781737679
0.9999987343013511
0.9999981932436983
0.9999976562950348
0.9999971247398908
0.9999965998500306
0.9999960828814136
0.9999955750711902
0.9999950776347450
0.9999945917627883
0.9999941186185103
0.9999936593347992
0.9999932150115302
0.9999927867129360
0.9999923754650596
0.9999919822533010
0.9999916080200612
0.9999912536624872
0.9999909200303262
0.9999906079238920
0.9999903180921496
0.9999900512309221
0.9999898079812276
0.9999895889277417
0.9999893945973994
0.9999892254581342
0.9999890819177557
0.9999889643229722
0.9999888729585613
0.9999888080466871
0.9999887697463651
0.9999887581530800
0.9999887732985558
0.9999888151506773
0.9999888836135633
0.9999889785277963
0.9999890996708001
0.9999892467573684
0.9999894194403438
0.9999896173114450
0.9999898399022409
0.9999900866852675
0.9999903570752873
0.9999906504306857
0.9999909660550000
0.9999913031985833
0.9999916610603925
0.9999920387899023
0.9999924354891341
0.9999928502148013
0.9999932819805615
0.9999937297593702
0.9999941924859352
0.9999946690592573
0.9999951583452612
0.9999956591795027
0.9999961703699500
0.9999966906998314
0.9999972189305391
0.9999977538045882
0.9999982940486191
0.9999988383764382
0.9999993854920911
0.9999999340929550
1.0000004828728493
1.0000010305251572
1.0000015757459448
1.0000021172370737
1.0000026537093007
1.0000031838853578
1.0000037065030019
1.0000042203180284
1.0000047241072438
1.0000052166713853
1.0000056968379833
1.0000061634641635
1.0000066154393732
1.0000070516880331
1.0000074711721056
1.0000078728935735
1.0000082558968204
1.0000086192709132
1.0000089621517763
1.0000092837242531
1.0000095832240536
1.0000098599395786
1.0000101132136161
1.0000103424449109
1.0000105470895984
1.0000107266625029
1.0000108807382935
1.0000110089524981
1.0000111110023724
1.0000111866476225
1.0000112357109741
1.0000112580785965
1.0000112537003725
1.0000112225900168
1.0000111648250400
1.0000110805465621
1.0000109699589714
1.0000108333294360
1.0000106709872623
1.0000104833231085
