1.0007903750736089
1.0007803903218533
1.0007685451006221
1.0007548676682394
1.0007393906464683
1.0007221509436364
1.0007031896676386
1.0006825520290208
1.0006602872343517
1.0006364483701322
1.0006110922775002
1.0005842794180193
1.0005560737308534
1.0005265424816547
1.0004957561035033
1.0004637880302718
1.0004307145227891
1.0003966144882062
1.0003615692929790
1.0003256625698989
1.0002889800196162
1.0002516092071216
1.0002136393536576
1.0001751611245433
1.0001362664134126
1.0000970481233702
1.0000575999455796
1.0000180161358054
0.9999783912894458
0.9999388201155799
0.9998993972105805
0.9998602168318188
0.9998213726720153
0.9997829576347761
0.9997450636118548
0.9997077812626778
0.9996711997966677
0.9996354067589024
0.9996004878196194
0.9995665265680946
0.9995336043113875
0.9995017998784574
0.9994711894301316
0.9994418462753949
0.9994138406944550
0.9993872397690217
0.9993621072202257
0.9993385032545783
0.9993164844183621
0.9992961034608072
0.9992774092064086
0.9992604464366978
0.9992452557817697
0.9992318736218323
0.9992203319990348
0.9992106585397921
0.9992028763878049
0.9991970041479448
0.9991930558411456
0.9991910408704131
0.9991909639980413
0.9991928253340955
0.9991966203361874
0.9992023398205453
0.9992099699843500
0.9992194924392792
0.9992308842561801
0.9992441180207483
0.9992591619000791
0.9992759797199220
0.9992945310524362
0.9993147713142364
0.9993366518744724
0.9993601201726728
0.9993851198460602
0.9994115908660114
0.9994394696833233
0.9994686893819222
0.9994991798406294
0.9995308679025808
0.9995636775518791
0.9995975300970410
0.9996323443607794
0.9996680368756589
0.9997045220851344
0.9997417125494847
0.9997795191561344
0.9998178513338433
0.9998566172702514
0.9998957241322394
0.9999350782885760
0.9999745855343132
1.0000141513163854
1.0000536809598726
1.0000930798943832
1.0001322538800170
1.0001711092323664
1.0002095530460231
1.0002474934160637
1.0002848396569868
1.0003215025185879
1.0003573943982629
1.0003924295492490
1.0004265242843084
1.0004595971743879
1.0004915692417913
1.0005223641474146
1.0005519083716181
1.0005801313883109
1.0006069658318533
1.0006323476563896
1.0006562162872552
1.0006785147641066
1.0006991898754480
1.0007181922842523
1.0007354766443888
1.0007510017075945
1.0007647304207512
1.0007766300132444
1.0007866720742038
1.0007948326194602
1.0008010921480641
1.0008054356882368
1.0008078528326543
1.0008083377629813
1.0008068892636053
1.0008035107245348
1.0007982101334560
1.0007910000569709
1.0007818976110501
1.0007709244207756
1.0007581065694569
1.0007434745372394
1.0007270631293397
1.0007089113940719
1.0006890625308478
1.0006675637883578
1.0006444663531653
1.0006198252289611
1.0005936991067572
1.0005661502263135
1.0005372442291076
1.0005070500031907
1.0004756395202761
1.0004430876654375
1.0004094720598091
1.0003748728766886
1.0003393726514704
1.0003030560858541
1.0002660098467751
1.0002283223605248
1.0001900836025470
1.0001513848833894
1.0001123186313245
1.0000729781721447
1.0000334575066510
0.9999938510863646
0.9999542535879896
0.9999147596871673
0.9998754638320586
0.9998364600172989
0.9997978415588673
0.9997597008704158
0.9997221292415895
0.9996852166188874
0.9996490513895846
0.9996137201692514
0.9995793075933832
0.9995458961136542
0.9995135657992923
0.9994823941440708
0.9994524558793882
0.9994238227938991
0.9993965635601459
0.9993707435686199
0.9993464247696665
0.9993236655236302
0.9993025204596125
0.9992830403431997
0.9992652719534889
0.9992492579697267
0.9992350368678371
0.9992226428271117
0.9992121056472897
0.9992034506762369
0.9991966987484111
0.9991918661342639
0.9991889645007167
0.9991880008828007
0.9991889776665387
0.9991918925831100
0.9991967387143144
0.9992035045093223
0.9992121738126669
0.9992227259034048
0.9992351355453525
0.9992493730482649
0.9992654043398067
0.9992831910481296
0.9993026905948486
0.9993238562981839
0.9993466374860055
0.9993709796184979
0.9993968244201360
0.9994241100206414
0.9994527711045621
0.9994827390691087
0.9995139421898463
0.9995463057938297
0.9995797524397549
0.9996142021046792
0.9996495723768455
0.9996857786541371
0.9997227343476706
0.9997603510900294
0.9997985389476288
0.9998372066366914
0.9998762617423076
0.9999156109400494
0.9999551602195982
0.9999948151098486
1.0000344809049460
1.0000740628907154
1.0001134665709381
1.0001525978929331
1.0001913634719157
1.0002296708135909
1.0002674285344635
1.0003045465793377
1.0003409364354992
1.0003765113430798
1.0004111865011074
1.0004448792687624
1.0004775093613789
1.0005089990407294
1.0005392732991565
1.0005682600371217
1.0005958902337744
1.0006220981101388
1.0006468212845505
1.0006700009199860
1.0006915818629529
1.0007115127736190
1.0007297462468923
1.0007462389241704
1.0007609515955129
1.0007738492920006
1.0007849013680790
1.0007940815736944
1.0008013681160661
1.0008067437109500
1.0008101956232873
1.0008117156971370
1.0008113003748309
1.0008089507053124
1.0008046723416266
1.0007984755275832
1.0007903750736089
1.0007803903218533
1.0007685451006221
1.0007548676682394
