1.0000000038521093
1.0000000038149250
1.0000000037694023
1.0000000037156607
1.0000000036538377
1.0000000035840908
1.0000000035065963
1.0000000034215470
1.0000000033291552
1.0000000032296501
1.0000000031232767
1.0000000030102956
1.0000000028909817
1.0000000027656257
1.0000000026345319
1.0000000024980182
1.0000000023564148
1.0000000022100635
1.0000000020593176
1.0000000019045396
1.0000000017461022
1.0000000015843857
1.0000000014197774
1.0000000012526709
1.0000000010834662
1.0000000009125674
1.0000000007403815
1.0000000005673182
1.0000000003937908
1.0000000002202114
1.0000000000469924
0.9999999998745437
0.9999999997032734
0.9999999995335866
0.9999999993658849
0.9999999992005646
0.9999999990380155
0.9999999988786188
0.9999999987227483
0.9999999985707678
0.9999999984230326
0.9999999982798871
0.9999999981416661
0.9999999980086925
0.9999999978812744
0.9999999977597055
0.9999999976442653
0.9999999975352181
0.9999999974328112
0.9999999973372770
0.9999999972488304
0.9999999971676703
0.9999999970939776
0.9999999970279129
0.9999999969696187
0.9999999969192209
0.9999999968768247
0.9999999968425161
0.9999999968163614
0.9999999967984078
0.9999999967886830
0.9999999967871945
0.9999999967939287
0.9999999968088514
0.9999999968319077
0.9999999968630247
0.9999999969021087
0.9999999969490477
0.9999999970037107
0.9999999970659467
0.9999999971355882
0.9999999972124489
0.9999999972963258
0.9999999973869982
0.9999999974842281
0.9999999975877613
0.9999999976973285
0.9999999978126474
0.9999999979334212
0.9999999980593401
0.9999999981900827
0.9999999983253148
0.9999999984646927
0.9999999986078606
0.9999999987544538
0.9999999989041003
0.9999999990564205
0.9999999992110297
0.9999999993675360
0.9999999995255432
0.9999999996846508
0.9999999998444559
1.0000000000045546
1.0000000001645437
1.0000000003240210
1.0000000004825849
1.0000000006398349
1.0000000007953738
1.0000000009488086
1.0000000010997510
1.0000000012478187
1.0000000013926376
1.0000000015338399
1.0000000016710682
1.0000000018039743
1.0000000019322197
1.0000000020554773
1.0000000021734314
1.0000000022857802
1.0000000023922369
1.0000000024925286
1.0000000025863980
1.0000000026736029
1.0000000027539169
1.0000000028271299
1.0000000028930489
1.0000000029514999
1.0000000030023255
1.0000000030453875
1.0000000030805680
1.0000000031077674
1.0000000031269076
1.0000000031379288
1.0000000031407903
1.0000000031354701
1.0000000031219667
1.0000000031002982
1.0000000030705030
1.0000000030326393
1.0000000029867857
1.0000000029330403
1.0000000028715215
1.0000000028023663
1.0000000027257303
1.0000000026417859
1.0000000025507252
1.0000000024527564
1.0000000023481064
1.0000000022370183
1.0000000021197513
1.0000000019965782
1.0000000018677868
1.0000000017336785
1.0000000015945676
1.0000000014507797
1.0000000013026538
1.0000000011505399
1.0000000009947996
1.0000000008358034
1.0000000006739309
1.0000000005095684
1.0000000003431087
1.0000000001749496
1.0000000000054943
0.9999999998351492
0.9999999996643221
0.9999999994934218
0.9999999993228572
0.9999999991530378
0.9999999989843728
0.9999999988172704
0.9999999986521354
0.9999999984893672
0.9999999983293593
0.9999999981724998
0.9999999980191702
0.9999999978697431
0.9999999977245830
0.9999999975840451
0.9999999974484737
0.9999999973182011
0.9999999971935485
0.9999999970748221
0.9999999969623160
0.9999999968563092
0.9999999967570669
0.9999999966648386
0.9999999965798571
0.9999999965023381
0.9999999964324801
0.9999999963704633
0.9999999963164510
0.9999999962705863
0.9999999962329938
0.9999999962037790
0.9999999961830267
0.9999999961708026
0.9999999961671536
0.9999999961721052
0.9999999961856627
0.9999999962078107
0.9999999962385141
0.9999999962777167
0.9999999963253425
0.9999999963812951
0.9999999964454600
0.9999999965177032
0.9999999965978708
0.9999999966857889
0.9999999967812659
0.9999999968840930
0.9999999969940435
0.9999999971108752
0.9999999972343301
0.9999999973641338
0.9999999974999965
0.9999999976416140
0.9999999977886695
0.9999999979408327
0.9999999980977632
0.9999999982591079
0.9999999984245030
0.9999999985935757
0.9999999987659423
0.9999999989412122
0.9999999991189880
0.9999999992988666
0.9999999994804389
0.9999999996632930
0.9999999998470135
1.0000000000311826
1.0000000002153828
1.0000000003991953
1.0000000005822007
1.0000000007639813
1.0000000009441228
1.0000000011222159
1.0000000012978565
1.0000000014706467
1.0000000016401951
1.0000000018061173
1.0000000019680368
1.0000000021255873
1.0000000022784121
1.0000000024261646
1.0000000025685098
1.0000000027051268
1.0000000028357090
1.0000000029599652
1.0000000030776177
1.0000000031884044
1.0000000032920773
1.0000000033884056
1.0000000034771763
1.0000000035581957
1.0000000036312888
1.0000000036962977
1.0000000037530834
1.0000000038015255
1.0000000038415238
1.0000000038729970
1.0000000038958845
1.0000000039101460
1.0000000039157626
1.0000000039127348
1.0000000039010855
1.0000000038808561
1.0000000038521093
1.0000000038149250
1.0000000037694023
1.0000000037156607
