1.0000000019358628
1.0000000019185378
1.0000000018971071
1.0000000018716297
1.0000000018421726
1.0000000018088115
1.0000000017716304
1.0000000017307233
1.0000000016861936
1.0000000016381532
1.0000000015867223
1.0000000015320285
1.0000000014742063
1.0000000014133972
1.0000000013497501
1.0000000012834191
1.0000000012145667
1.0000000011433603
1.0000000010699726
1.0000000009945806
1.0000000009173653
1.0000000008385130
1.0000000007582126
1.0000000006766556
1.0000000005940362
1.0000000005105500
1.0000000004263967
1.0000000003417759
1.0000000002568878
1.0000000001719345
1.0000000000871179
1.0000000000026383
0.9999999999186957
0.9999999998354875
0.9999999997532102
0.9999999996720580
0.9999999995922222
0.9999999995138904
0.9999999994372455
0.9999999993624651
0.9999999992897222
0.9999999992191844
0.9999999991510140
0.9999999990853677
0.9999999990223961
0.9999999989622429
0.9999999989050447
0.9999999988509323
0.9999999988000280
0.9999999987524465
0.9999999987082943
0.9999999986676701
0.9999999986306640
0.9999999985973563
0.9999999985678161
0.9999999985421049
0.9999999985202742
0.9999999985023665
0.9999999984884155
0.9999999984784443
0.9999999984724673
0.9999999984704884
0.9999999984725016
0.9999999984784914
0.9999999984884317
0.9999999985022872
0.9999999985200136
0.9999999985415572
0.9999999985668540
0.9999999985958318
0.9999999986284095
0.9999999986644975
0.9999999987039969
0.9999999987467998
0.9999999987927911
0.9999999988418482
0.9999999988938415
0.9999999989486349
0.9999999990060848
0.9999999990660415
0.9999999991283494
0.9999999991928449
0.9999999992593599
0.9999999993277221
0.9999999993977550
0.9999999994692778
0.9999999995421066
0.9999999996160543
0.9999999996909312
0.9999999997665452
0.9999999998427025
0.9999999999192069
0.9999999999958611
1.0000000000724667
1.0000000001488276
1.0000000002247491
1.0000000003000360
1.0000000003744951
1.0000000004479341
1.0000000005201644
1.0000000005910006
1.0000000006602607
1.0000000007277670
1.0000000007933456
1.0000000008568279
1.0000000009180505
1.0000000009768555
1.0000000010330898
1.0000000010866077
1.0000000011372689
1.0000000011849413
1.0000000012294998
1.0000000012708270
1.0000000013088133
1.0000000013433570
1.0000000013743648
1.0000000014017520
1.0000000014254418
1.0000000014453667
1.0000000014614705
1.0000000014737045
1.0000000014820305
1.0000000014864192
1.0000000014868500
1.0000000014833124
1.0000000014758075
1.0000000014643462
1.0000000014489501
1.0000000014296491
1.0000000014064816
1.0000000013794972
1.0000000013487538
1.0000000013143175
1.0000000012762633
1.0000000012346757
1.0000000011896477
1.0000000011412817
1.0000000010896879
1.0000000010349850
1.0000000009772991
1.0000000009167638
1.0000000008535201
1.0000000007877150
1.0000000007195031
1.0000000006490446
1.0000000005765066
1.0000000005020606
1.0000000004258818
1.0000000003481504
1.0000000002690512
1.0000000001887743
1.0000000001075122
1.0000000000254601
0.9999999999428133
0.9999999998597697
0.9999999997765271
0.9999999996932839
0.9999999996102406
0.9999999995275970
0.9999999994455524
0.9999999993643047
0.9999999992840501
0.9999999992049828
0.9999999991272946
0.9999999990511750
0.9999999989768104
0.9999999989043830
0.9999999988340708
0.9999999987660482
0.9999999987004833
0.9999999986375392
0.9999999985773720
0.9999999985201319
0.9999999984659627
0.9999999984150016
0.9999999983673780
0.9999999983232124
0.9999999982826171
0.9999999982456963
0.9999999982125457
0.9999999981832525
0.9999999981578945
0.9999999981365406
0.9999999981192504
0.9999999981060745
0.9999999980970542
0.9999999980922213
0.9999999980915977
0.9999999980951949
0.9999999981030158
0.9999999981150524
0.9999999981312865
0.9999999981516892
0.9999999981762230
0.9999999982048401
0.9999999982374826
0.9999999982740840
0.9999999983145680
0.9999999983588491
0.9999999984068348
0.9999999984584229
0.9999999985135022
0.9999999985719534
0.9999999986336494
0.9999999986984556
0.9999999987662302
0.9999999988368243
0.9999999989100804
0.9999999989858356
0.9999999990639220
0.9999999991441656
0.9999999992263880
0.9999999993104074
0.9999999993960373
0.9999999994830869
0.9999999995713615
0.9999999996606631
0.9999999997507906
0.9999999998415406
0.9999999999327103
1.0000000000240952
1.0000000001154903
1.0000000002066900
1.0000000002974903
1.0000000003876885
1.0000000004770828
1.0000000005654730
1.0000000006526613
1.0000000007384520
1.0000000008226522
1.0000000009050725
1.0000000009855281
1.0000000010638388
1.0000000011398305
1.0000000012133334
1.0000000012841850
1.0000000013522283
1.0000000014173123
1.0000000014792909
1.0000000015380273
1.0000000015933932
1.0000000016452684
1.0000000016935406
1.0000000017381054
1.0000000017788675
1.0000000018157404
1.0000000018486461
1.0000000018775155
1.0000000019022885
1.0000000019229149
1.0000000019393536
1.0000000019515738
1.0000000019595547
1.0000000019632858
1.0000000019627682
1.0000000019580109
1.0000000019490332
1.0000000019358628
1.0000000019185378
1.0000000018971071
1.0000000018716297
