1.0000000114630170
1.0000000113424756
1.0000000111964684
1.0000000110253684
1.0000000108296065
1.0000000106096729
1.0000000103661126
1.0000000100995272
1.0000000098105699
1.0000000094999488
1.0000000091684222
1.0000000088167993
1.0000000084459360
1.0000000080567315
1.0000000076501274
1.0000000072271062
1.0000000067886889
1.0000000063359313
1.0000000058699239
1.0000000053917859
1.0000000049026652
1.0000000044037345
1.0000000038961898
1.0000000033812462
1.0000000028601361
1.0000000023341040
1.0000000018044048
1.0000000012723014
1.0000000007390610
1.0000000002059541
0.9999999996742478
0.9999999991452063
0.9999999986200849
0.9999999981001286
0.9999999975865702
0.9999999970806249
0.9999999965834897
0.9999999960963389
0.9999999956203199
0.9999999951565538
0.9999999947061325
0.9999999942701141
0.9999999938495229
0.9999999934453452
0.9999999930585252
0.9999999926899659
0.9999999923405248
0.9999999920110132
0.9999999917021934
0.9999999914147768
0.9999999911494223
0.9999999909067366
0.9999999906872709
0.9999999904915201
0.9999999903199219
0.9999999901728548
0.9999999900506368
0.9999999899535268
0.9999999898817231
0.9999999898353630
0.9999999898145219
0.9999999898192138
0.9999999898493903
0.9999999899049414
0.9999999899856963
0.9999999900914227
0.9999999902218281
0.9999999903765610
0.9999999905552115
0.9999999907573102
0.9999999909823319
0.9999999912296963
0.9999999914987691
0.9999999917888653
0.9999999920992488
0.9999999924291336
0.9999999927776876
0.9999999931440333
0.9999999935272503
0.9999999939263767
0.9999999943404131
0.9999999947683238
0.9999999952090407
0.9999999956614636
0.9999999961244632
0.9999999965968851
0.9999999970775524
0.9999999975652686
0.9999999980588208
0.9999999985569834
0.9999999990585192
0.9999999995621828
1.0000000000667248
1.0000000005708920
1.0000000010734329
1.0000000015730997
1.0000000020686515
1.0000000025588569
1.0000000030424987
1.0000000035183756
1.0000000039853056
1.0000000044421293
1.0000000048877107
1.0000000053209412
1.0000000057407410
1.0000000061460634
1.0000000065358963
1.0000000069092660
1.0000000072652382
1.0000000076029223
1.0000000079214710
1.0000000082200837
1.0000000084980076
1.0000000087545384
1.0000000089890249
1.0000000092008687
1.0000000093895272
1.0000000095545116
1.0000000096953914
1.0000000098117956
1.0000000099034130
1.0000000099699942
1.0000000100113480
1.0000000100273434
1.0000000100179116
1.0000000099830453
1.0000000099227999
1.0000000098372923
1.0000000097267006
1.0000000095912638
1.0000000094312818
1.0000000092471126
1.0000000090391723
1.0000000088079346
1.0000000085539293
1.0000000082777438
1.0000000079800200
1.0000000076614530
1.0000000073227882
1.0000000069648201
1.0000000065883912
1.0000000061943883
1.0000000057837399
1.0000000053574156
1.0000000049164242
1.0000000044618100
1.0000000039946519
1.0000000035160594
1.0000000030271712
1.0000000025291522
1.0000000020231903
1.0000000015104922
1.0000000009922829
1.0000000004698015
0.9999999999442974
0.9999999994170287
0.9999999988892586
0.9999999983622524
0.9999999978372746
0.9999999973155871
0.9999999967984455
0.9999999962870952
0.9999999957827687
0.9999999952866832
0.9999999948000364
0.9999999943240067
0.9999999938597470
0.9999999934083842
0.9999999929710141
0.9999999925486998
0.9999999921424686
0.9999999917533114
0.9999999913821785
0.9999999910299797
0.9999999906975809
0.9999999903858015
0.9999999900954110
0.9999999898271287
0.9999999895816230
0.9999999893595078
0.9999999891613433
0.9999999889876314
0.9999999888388181
0.9999999887152902
0.9999999886173756
0.9999999885453416
0.9999999884993949
0.9999999884796800
0.9999999884862800
0.9999999885192155
0.9999999885784434
0.9999999886638586
0.9999999887752935
0.9999999889125190
0.9999999890752450
0.9999999892631228
0.9999999894757438
0.9999999897126403
0.9999999899732880
0.9999999902571064
0.9999999905634599
0.9999999908916591
0.9999999912409634
0.9999999916105808
0.9999999919996719
0.9999999924073517
0.9999999928326909
0.9999999932747179
0.9999999937324218
0.9999999942047557
0.9999999946906376
0.9999999951889512
0.9999999956985512
0.9999999962182663
0.9999999967469004
0.9999999972832366
0.9999999978260388
0.9999999983740558
0.9999999989260243
0.9999999994806709
1.0000000000367153
1.0000000005928753
1.0000000011478674
1.0000000017004109
1.0000000022492310
1.0000000027930620
1.0000000033306500
1.0000000038607555
1.0000000043821573
1.0000000048936537
1.0000000053940667
1.0000000058822456
1.0000000063570675
1.0000000068174408
1.0000000072623079
1.0000000076906477
1.0000000081014784
1.0000000084938576
1.0000000088668877
1.0000000092197168
1.0000000095515409
1.0000000098616064
1.0000000101492104
1.0000000104137043
1.0000000106544940
1.0000000108710396
1.0000000110628584
1.0000000112295255
1.0000000113706764
1.0000000114860073
1.0000000115752750
1.0000000116382988
1.0000000116749603
1.0000000116852032
1.0000000116690329
1.0000000116265158
1.0000000115577805
1.0000000114630170
1.0000000113424756
1.0000000111964684
1.0000000110253684
