1.0356565403095994
1.0352229456196564
1.0347083850336043
1.0341138950794431
1.0334406762766430
1.0326900920673823
1.0318636675738659
1.0309630881717144
1.0299901978683308
1.0289469974741323
1.0278356425535697
1.0266584411419744
1.0254178512134651
1.0241164778844476
1.0227570703366475
1.0213425184431568
1.0198758490806434
1.0183602221107202
1.0167989260134729
1.0151953731563654
1.0135530946821576
1.0118757350001195
1.0101670458657415
1.0084308800352935
1.0066711844830547
1.0048919931707838
1.0030974193610680
1.0012916474685700
0.9994789244459241
0.9976635507040646
0.9958498705701675
0.9940422622900696
0.9922451275860598
0.9904628807852295
0.9886999375381383
0.9869607031523459
0.9852495605703407
0.9835708580265171
0.9819288964230455
0.9803279164696850
0.9787720856377391
0.9772654849833660
0.9758120959002304
0.9744157868659650
0.9730803002509598
0.9718092392616012
0.9706060550930439
0.9694740343689399
0.9684162869471146
0.9674357341709339
0.9665350976459830
0.9657168886206254
0.9649833980469997
0.9643366873960260
0.9637785802960476
0.9633106550598295
0.9629342381588238
0.9626503986969746
0.9624599439289154
0.9623634158593281
0.9623610889515988
0.9624529689648541
0.9626387929290880
0.9629180302585956
0.9632898849944136
0.9637532991571103
0.9643069571821754
0.9649492914016210
0.9656784885272767
0.9664924970838347
0.9673890357330051
0.9683656024242998
0.9694194843030192
0.9705477683020232
0.9717473523408456
0.9730149570536447
0.9743471379664025
0.9757402980436144
0.9771907005254196
0.9786944819776732
0.9802476654797421
0.9818461738777727
0.9834858430347274
0.9851624350125412
0.9868716511261932
0.9886091448142723
0.9903705342756054
0.9921514148266660
0.9939473709396833
0.9957539879265738
0.9975668632389360
0.9993816173593387
1.0011939042639368
1.0029994214410252
1.0047939194544591
1.0065732110448897
1.0083331797654871
1.0100697881522125
1.0117790854317688
1.0134572147730863
1.0151004200906064
1.0167050524097088
1.0182675758063893
1.0197845729347677
1.0212527501571838
1.0226689422925566
1.0240301169993482
1.0253333788098968
1.0265759728331088
1.0277552881425145
1.0288688608665468
1.0299143769975769
1.0308896749357814
1.0317927477833366
1.0326217454037356
1.0333749762602198
1.0340509090464352
1.0346481741214715
1.0351655647604121
1.0356020382304463
1.0359567167014738
1.0362288879989752
1.0364180062057196
1.0365236921176713
1.0365457335582116
1.0364840855535478
1.0363388703709087
1.0361103774198743
1.0357990630159022
1.0354055500038546
1.0349306272380707
1.0343752489142839
1.0337405337474519
1.0330277639883618
1.0322383842706904
1.0313740002790543
1.0304363772274914
1.0294274381367432
1.0283492618977292
1.0272040811076679
1.0259942796644583
1.0247223901041784
1.0233910906659132
1.0220032020675867
1.0205616839760794
1.0190696311546730
1.0175302692707844
1.0159469503470588
1.0143231478392070
1.0126624513245053
1.0109685607856640
1.0092452804757905
1.0074965123515001
1.0057262490628229
1.0039385664904714
1.0021376158232642
1.0003276151710547
0.9985128407113960
0.9966976173714053
0.9948863090498248
0.9930833083881526
0.9912930261038718
0.9895198799032600
0.9877682829959453
0.9860426322382773
0.9843472959376425
0.9826866013550237
0.9810648219483157
0.9794861644041075
0.9779547555107282
0.9764746289302632
0.9750497119318942
0.9736838121531948
0.9723806044598464
0.9711436179775390
0.9699762233724795
0.9688816204588889
0.9678628262130365
0.9669226632736700
0.9660637490081192
0.9652884852218119
0.9645990485864254
0.9639973818584348
0.9634851859553614
0.9630639129516634
0.9627347600499573
0.9624986645762096
0.9623563000397531
0.9623080732906123
0.9623541227977281
0.9624943180624503
0.9627282601721938
0.9630552834896239
0.9634744584632763
0.9639845955362599
0.9645842501208135
0.9652717285980792
0.9660450952946606
0.9669021803804709
0.9678405886260881
0.9688577089524490
0.9699507247012374
0.9711166245508257
0.9723522140000810
0.9736541273407977
0.9750188400389019
0.9764426814448550
0.9779218477548323
0.9794524151461905
0.9810303530133804
0.9826515372337341
0.9843117633963879
0.9860067599318617
0.9877322010844553
0.9894837196745221
0.9912569196027746
0.9930473880539559
0.9948507073624359
0.9966624665074642
0.9984782722108685
1.0002937596148997
1.0021046025226183
1.0039065231876672
1.0056953016444530
1.0074667845736307
1.0092168937013413
1.0109416337338841
1.0126370998323944
1.0142994846346711
1.0159250848335362
1.0175103073230243
1.0190516749253182
1.0205458317126601
1.0219895479395180
1.0233797246010767
1.0247133976346516
1.0259877417809553
1.0272000741222558
1.0283478573143989
1.0294287025294191
1.0304403721250786
1.0313807820571530
1.0322480040496234
1.0330402675371937
1.0337559613937042
1.0343936354590850
1.0349520018765144
1.0354299362503758
1.0358264786345224
1.0361408343592036
1.0363723747038367
1.0365206374215936
1.0365853271205516
1.0365663155049059
1.0364636414784894
1.0362775111115690
1.0360082974706311
1.0356565403095994
1.0352229456196564
1.0347083850336043
1.0341138950794431
