1.0000078927148452
1.0000077946338253
1.0000076780668856
1.0000075432947464
1.0000073906415543
1.0000072204741091
1.0000070332009834
1.0000068292715454
1.0000066091748854
1.0000063734386451
1.0000061226277548
1.0000058573430828
1.0000055782199986
1.0000052859268540
1.0000049811633849
1.0000046646590359
1.0000043371712182
1.0000039994834982
1.0000036524037248
1.0000032967620980
1.0000029334091838
1.0000025632138805
1.0000021870613429
1.0000018058508657
1.0000014204937340
1.0000010319110435
1.0000006410315019
1.0000002487892068
0.9999998561214131
0.9999994639662924
0.9999990732606924
0.9999986849378973
0.9999982999253980
0.9999979191426746
0.9999975434989969
0.9999971738912563
0.9999968112018174
0.9999964562964120
0.9999961100220681
0.9999957732050876
0.9999954466490713
0.9999951311330001
0.9999948274093726
0.9999945362024080
0.9999942582063154
0.9999939940836344
0.9999937444636539
0.9999935099409071
0.9999932910737510
0.9999930883830365
0.9999929023508616
0.9999927334194222
0.9999925819899553
0.9999924484217810
0.9999923330314464
0.9999922360919693
0.9999921578321874
0.9999920984362118
0.9999920580429901
0.9999920367459766
0.9999920345929112
0.9999920515857036
0.9999920876804345
0.9999921427874610
0.9999922167716327
0.9999923094526166
0.9999924206053294
0.9999925499604805
0.9999926972052163
0.9999928619838711
0.9999930438988183
0.9999932425114262
0.9999934573431041
0.9999936878764525
0.9999939335565010
0.9999941937920375
0.9999944679570240
0.9999947553920948
0.9999950554061366
0.9999953672779427
0.9999956902579392
0.9999960235699793
0.9999963664132014
0.9999967179639464
0.9999970773777282
0.9999974437912551
0.9999978163244970
0.9999981940827910
0.9999985761589821
0.9999989616355954
0.9999993495870315
0.9999997390817815
1.0000001291846559
1.0000005189590211
1.0000009074690428
1.0000012937819249
1.0000016769701434
1.0000020561136613
1.0000024303021340
1.0000027986370870
1.0000031602340655
1.0000035142247508
1.0000038597590395
1.0000041960070738
1.0000045221612317
1.0000048374380579
1.0000051410801398
1.0000054323579199
1.0000057105714402
1.0000059750520192
1.0000062251638508
1.0000064603055272
1.0000066799114793
1.0000068834533291
1.0000070704411548
1.0000072404246640
1.0000073929942714
1.0000075277820801
1.0000076444627632
1.0000077427543432
1.0000078224188662
1.0000078832629749
1.0000079251383707
1.0000079479421704
1.0000079516171538
1.0000079361519019
1.0000079015808256
1.0000078479840870
1.0000077754874068
1.0000076842617660
1.0000075745229979
1.0000074465312745
1.0000073005904864
1.0000071370475174
1.0000069562914162
1.0000067587524688
1.0000065449011681
1.0000063152470924
1.0000060703376883
1.0000058107569634
1.0000055371240908
1.0000052500919310
1.0000049503454711
1.0000046386001893
1.0000043156003446
1.0000039821172002
1.0000036389471785
1.0000032869099591
1.0000029268465187
1.0000025596171225
1.0000021860992669
1.0000018071855830
1.0000014237817019
1.0000010368040915
1.0000006471778669
1.0000002558345777
0.9999998637099817
0.9999994717418073
0.9999990808675124
0.9999986920220422
0.9999983061355946
0.9999979241313960
0.9999975469234939
0.9999971754145703
0.9999968104937840
0.9999964530346462
0.9999961038929297
0.9999957639046217
0.9999954338839261
0.9999951146213151
0.9999948068816384
0.9999945114022967
0.9999942288914763
0.9999939600264546
0.9999937054519795
0.9999934657787259
0.9999932415818356
0.9999930333995398
0.9999928417318737
0.9999926670394779
0.9999925097424950
0.9999923702195657
0.9999922488069192
0.9999921457975718
0.9999920614406210
0.9999919959406477
0.9999919494572292
0.9999919221045543
0.9999919139511473
0.9999919250197031
0.9999919552870297
0.9999920046841018
0.9999920730962268
0.9999921603633164
0.9999922662802647
0.9999923905974382
0.9999925330212692
0.9999926932149565
0.9999928707992682
0.9999930653534467
0.9999932764162128
0.9999935034868651
0.9999937460264737
0.9999940034591681
0.9999942751735108
0.9999945605239573
0.9999948588323967
0.9999951693897707
0.9999954914577647
0.9999958242705727
0.9999961670367244
0.9999965189409749
0.9999968791462491
0.9999972467956423
0.9999976210144657
0.9999980009123381
0.9999983855853090
0.9999987741180175
0.9999991655858765
0.9999995590572803
0.9999999535958304
1.0000003482625710
1.0000007421182331
1.0000011342254749
1.0000015236511195
1.0000019094683839
1.0000022907590909
1.0000026666158643
1.0000030361442938
1.0000033984650687
1.0000037527160799
1.0000040980544778
1.0000044336586833
1.0000047587303498
1.0000050724962681
1.0000053742102126
1.0000056631547234
1.0000059386428193
1.0000062000196368
1.0000064466639935
1.0000066779898695
1.0000068934478059
1.0000070925262163
1.0000072747526083
1.0000074396947112
1.0000075869615070
1.0000077162041625
1.0000078271168609
1.0000079194375313
1.0000079929484744
1.0000080474768780
1.0000080828952302
1.0000080991216225
1.0000080961199425
1.0000080738999606
1.0000080325173044
1.0000079720733233
1.0000078927148452
1.0000077946338253
1.0000076780668856
1.0000075432947464
