1.0000006197315869
1.0000006122475971
1.0000006033257709
1.0000005929878022
1.0000005812587558
1.0000005681670057
1.0000005537441659
1.0000005380250152
1.0000005210474152
1.0000005028522188
1.0000004834831739
1.0000004629868173
1.0000004414123651
1.0000004188115919
1.0000003952387075
1.0000003707502292
1.0000003454048454
1.0000003192632752
1.0000002923881224
1.0000002648437263
1.0000002366960086
1.0000002080123158
1.0000001788612591
1.0000001493125483
1.0000001194368258
1.0000000893054983
1.0000000589905667
1.0000000285644515
0.9999999980998215
0.9999999676694202
0.9999999373458893
0.9999999072015977
0.9999998773084693
0.9999998477378093
0.9999998185601353
0.9999997898450076
0.9999997616608647
0.9999997340748585
0.9999997071526947
0.9999996809584761
0.9999996555545480
0.9999996310013479
0.9999996073572628
0.9999995846784915
0.9999995630189107
0.9999995424299455
0.9999995229604454
0.9999995046565688
0.9999994875616741
0.9999994717162130
0.9999994571576354
0.9999994439203016
0.9999994320353986
0.9999994215308675
0.9999994124313347
0.9999994047580562
0.9999993985288658
0.9999993937581335
0.9999993904567297
0.9999993886320012
0.9999993882877535
0.9999993894242405
0.9999993920381660
0.9999993961226921
0.9999994016674544
0.9999994086585875
0.9999994170787583
0.9999994269072079
0.9999994381198023
0.9999994506890924
0.9999994645843766
0.9999994797717774
0.9999994962143219
0.9999995138720297
0.9999995327020090
0.9999995526585594
0.9999995736932806
0.9999995957551900
0.9999996187908451
0.9999996427444700
0.9999996675580923
0.9999996931716810
0.9999997195232888
0.9999997465492031
0.9999997741840958
0.9999998023611812
0.9999998310123753
0.9999998600684593
0.9999998894592470
0.9999999191137517
0.9999999489603570
0.9999999789269877
1.0000000089412826
1.0000000389307682
1.0000000688230324
1.0000000985458981
1.0000001280275979
1.0000001571969432
1.0000001859834955
1.0000002143177356
1.0000002421312297
1.0000002693567944
1.0000002959286569
1.0000003217826139
1.0000003468561836
1.0000003710887555
1.0000003944217384
1.0000004167986989
1.0000004381654952
1.0000004584704092
1.0000004776642692
1.0000004957005701
1.0000005125355820
1.0000005281284554
1.0000005424413219
1.0000005554393816
1.0000005670909897
1.0000005773677307
1.0000005862444867
1.0000005936994980
1.0000005997144152
1.0000006042743448
1.0000006073678833
1.0000006089871469
1.0000006091277898
1.0000006077890122
1.0000006049735655
1.0000006006877442
1.0000005949413722
1.0000005877477793
1.0000005791237701
1.0000005690895830
1.0000005576688440
1.0000005448885081
1.0000005307787967
1.0000005153731271
1.0000004987080293
1.0000004808230596
1.0000004617607061
1.0000004415662878
1.0000004202878476
1.0000003979760368
1.0000003746839932
1.0000003504672161
1.0000003253834326
1.0000002994924586
1.0000002728560577
1.0000002455377939
1.0000002176028784
1.0000001891180137
1.0000001601512352
1.0000001307717483
1.0000001010497632
1.0000000710563273
1.0000000408631544
1.0000000105424529
0.9999999801667535
0.9999999498087369
0.9999999195410582
0.9999998894361737
0.9999998595661685
0.9999998300025846
0.9999998008162484
0.9999997720771021
0.9999997438540366
0.9999997162147252
0.9999996892254633
0.9999996629510111
0.9999996374544359
0.9999996127969633
0.9999995890378290
0.9999995662341384
0.9999995444407288
0.9999995237100383
0.9999995040919800
0.9999994856338231
0.9999994683800784
0.9999994523723922
0.9999994376494481
0.9999994242468728
0.9999994121971506
0.9999994015295459
0.9999993922700333
0.9999993844412363
0.9999993780623713
0.9999993731492012
0.9999993697139981
0.9999993677655125
0.9999993673089529
0.9999993683459744
0.9999993708746721
0.9999993748895881
0.9999993803817209
0.9999993873385467
0.9999993957440513
0.9999994055787661
0.9999994168198161
0.9999994294409735
0.9999994434127194
0.9999994587023152
0.9999994752738812
0.9999994930884801
0.9999995121042103
0.9999995322763043
0.9999995535572358
0.9999995758968327
0.9999995992423988
0.9999996235388371
0.9999996487287818
0.9999996747527344
0.9999997015492071
0.9999997290548681
0.9999997572046938
0.9999997859321222
0.9999998151692125
0.9999998448468064
0.9999998748946938
0.9999999052417797
0.9999999358162532
0.9999999665457594
0.9999999973575729
1.0000000281787691
1.0000000589363998
1.0000000895576666
1.0000001199700959
1.0000001501017097
1.0000001798811973
1.0000002092380851
1.0000002381029045
1.0000002664073582
1.0000002940844837
1.0000003210688131
1.0000003472965280
1.0000003727056128
1.0000003972360012
1.0000004208297202
1.0000004434310281
1.0000004649865479
1.0000004854453928
1.0000005047592884
1.0000005228826874
1.0000005397728804
1.0000005553900970
1.0000005696975980
1.0000005826617642
1.0000005942521757
1.0000006044416849
1.0000006132064818
1.0000006205261494
1.0000006263837127
1.0000006307656792
1.0000006336620719
1.0000006350664512
1.0000006349759303
1.0000006333911819
1.0000006303164355
1.0000006257594685
1.0000006197315869
1.0000006122475971
1.0000006033257709
1.0000005929878022
