1.0000134217958145
1.0000132544166365
1.0000130555646172
1.0000128257180636
1.0000125654292409
1.0000122753230489
1.0000119560955283
1.0000116085121946
1.0000112334062099
1.0000108316763878
1.0000104042850453
1.0000099522557016
1.0000094766706298
1.0000089786682709
1.0000084594405116
1.0000079202298346
1.0000073623263468
1.0000067870646978
1.0000061958208875
1.0000055900089768
1.0000049710777084
1.0000043405070425
1.0000036998046207
1.0000030505021607
1.0000023941517966
1.0000017323223687
1.0000010665956733
1.0000003985626813
0.9999997298197367
0.9999990619647404
0.9999983965933311
0.9999977352950713
0.9999970796496473
0.9999964312230946
0.9999957915640543
0.9999951622000728
0.9999945446339499
0.9999939403401488
0.9999933507612714
0.9999927773046107
0.9999922213387888
0.9999916841904832
0.9999911671412579
0.9999906714245015
0.9999901982224807
0.9999897486635159
0.9999893238192841
0.9999889247022579
0.9999885522632869
0.9999882073893265
0.9999878909013190
0.9999876035522335
0.9999873460252682
0.9999871189322180
0.9999869228120146
0.9999867581294396
0.9999866252740154
0.9999865245590778
0.9999864562210289
0.9999864204187738
0.9999864172333439
0.9999864466677070
0.9999865086467606
0.9999866030175167
0.9999867295494681
0.9999868879351439
0.9999870777908461
0.9999872986575710
0.9999875500021104
0.9999878312183282
0.9999881416286143
0.9999884804855085
0.9999888469734907
0.9999892402109319
0.9999896592522065
0.9999901030899561
0.9999905706575022
0.9999910608313990
0.9999915724341233
0.9999921042368930
0.9999926549626099
0.9999932232889144
0.9999938078513513
0.9999944072466356
0.9999950200360100
0.9999956447486877
0.9999962798853721
0.9999969239218450
0.9999975753126145
0.9999982324946127
0.9999988938909363
0.9999995579146186
1.0000002229724272
1.0000008874686763
1.0000015498090447
1.0000022084043878
1.0000028616745438
1.0000035080521117
1.0000041459862021
1.0000047739461468
1.0000053904251611
1.0000059939439492
1.0000065830542428
1.0000071563422672
1.0000077124321229
1.0000082499890768
1.0000087677227576
1.0000092643902421
1.0000097387990281
1.0000101898098883
1.0000106163395956
1.0000110173635155
1.0000113919180582
1.0000117391029844
1.0000120580835585
1.0000123480925476
1.0000126084320577
1.0000128384752043
1.0000130376676128
1.0000132055287476
1.0000133416530614
1.0000134457109680
1.0000135174496310
1.0000135566935724
1.0000135633450946
1.0000135373845158
1.0000134788702186
1.0000133879385129
1.0000132648033109
1.0000131097556193
1.0000129231628458
1.0000127054679218
1.0000124571882474
1.0000121789144554
1.0000118713090023
1.0000115351045880
1.0000111711024042
1.0000107801702225
1.0000103632403201
1.0000099213072546
1.0000094554254877
1.0000089667068668
1.0000084563179705
1.0000079254773191
1.0000073754524634
1.0000068075569568
1.0000062231472140
1.0000056236192725
1.0000050104054552
1.0000043849709475
1.0000037488102966
1.0000031034438379
1.0000024504140630
1.0000017912819339
1.0000011276231502
1.0000004610243824
0.9999997930794797
0.9999991253856592
0.9999984595396894
0.9999977971340713
0.9999971397532311
0.9999964889697320
0.9999958463405143
0.9999952134031723
0.9999945916722788
0.9999939826357640
0.9999933877513583
0.9999928084431045
0.9999922460979510
0.9999917020624369
0.9999911776394711
0.9999906740852148
0.9999901926060779
0.9999897343558325
0.9999893004328522
0.9999888918774846
0.9999885096695633
0.9999881547260625
0.9999878278989033
0.9999875299729143
0.9999872616639530
0.9999870236171918
0.9999868164055733
0.9999866405284373
0.9999864964103261
0.9999863843999652
0.9999863047694298
0.9999862577134898
0.9999862433491428
0.9999862617153292
0.9999863127728379
0.9999863964043971
0.9999865124149514
0.9999866605321254
0.9999868404068735
0.9999870516143093
0.9999872936547191
0.9999875659547537
0.9999878678687959
0.9999881986805014
0.9999885576045097
0.9999889437883158
0.9999893563143073
0.9999897942019528
0.9999902564101453
0.9999907418396861
0.9999912493359104
0.9999917776914448
0.9999923256490897
0.9999928919048227
0.9999934751109121
0.9999940738791346
0.9999946867840901
0.9999953123666067
0.9999959491372254
0.9999965955797574
0.9999972501549038
0.9999979113039347
0.9999985774524099
0.9999992470139389
0.9999999183939695
1.0000005899935955
1.0000012602133777
1.0000019274571610
1.0000025901358871
1.0000032466713897
1.0000038955001616
1.0000045350770903
1.0000051638791465
1.0000057804090221
1.0000063831987056
1.0000069708129857
1.0000075418528802
1.0000080949589745
1.0000086288146690
1.0000091421493218
1.0000096337412832
1.0000101024208095
1.0000105470728586
1.0000109666397499
1.0000113601236895
1.0000117265891519
1.0000120651651139
1.0000123750471308
1.0000126554992583
1.0000129058558067
1.0000131255229301
1.0000133139800418
1.0000134707810568
1.0000135955554550
1.0000136880091646
1.0000137479252609
1.0000137751644835
1.0000137696655667
1.0000137314453825
1.0000136605988983
1.0000135572989475
1.0000134217958145
1.0000132544166365
1.0000130555646172
1.0000128257180636
