1.0000000000131046
1.0000000000131328
1.0000000000131410
1.0000000000131293
1.0000000000130977
1.0000000000130469
1.0000000000129770
1.0000000000128886
1.0000000000127833
1.0000000000126616
1.0000000000125238
1.0000000000123694
1.0000000000121989
1.0000000000120119
1.0000000000118090
1.0000000000115912
1.0000000000113600
1.0000000000111171
1.0000000000108635
1.0000000000106006
1.0000000000103284
1.0000000000100464
1.0000000000097558
1.0000000000094569
1.0000000000091491
1.0000000000088332
1.0000000000085110
1.0000000000081830
1.0000000000078504
1.0000000000075140
1.0000000000071745
1.0000000000068332
1.0000000000064913
1.0000000000061502
1.0000000000058109
1.0000000000054736
1.0000000000051390
1.0000000000048077
1.0000000000044804
1.0000000000041587
1.0000000000038434
1.0000000000035350
1.0000000000032341
1.0000000000029410
1.0000000000026570
1.0000000000023832
1.0000000000021196
1.0000000000018670
1.0000000000016260
1.0000000000013971
1.0000000000011802
1.0000000000009752
1.0000000000007827
1.0000000000006017
1.0000000000004310
1.0000000000002696
1.0000000000001164
0.9999999999999716
0.9999999999998362
0.9999999999997109
0.9999999999995965
0.9999999999994924
0.9999999999993970
0.9999999999993116
0.9999999999992369
0.9999999999991744
0.9999999999991257
0.9999999999990906
0.9999999999990686
0.9999999999990598
0.9999999999990633
0.9999999999990782
0.9999999999991024
0.9999999999991347
0.9999999999991747
0.9999999999992225
0.9999999999992785
0.9999999999993417
0.9999999999994120
0.9999999999994883
0.9999999999995699
0.9999999999996549
0.9999999999997425
0.9999999999998317
0.9999999999999221
1.0000000000000131
1.0000000000001044
1.0000000000001952
1.0000000000002851
1.0000000000003741
1.0000000000004623
1.0000000000005498
1.0000000000006368
1.0000000000007232
1.0000000000008091
1.0000000000008940
1.0000000000009779
1.0000000000010605
1.0000000000011413
1.0000000000012206
1.0000000000012976
1.0000000000013736
1.0000000000014495
1.0000000000015252
1.0000000000016007
1.0000000000016755
1.0000000000017484
1.0000000000018179
1.0000000000018825
1.0000000000019409
1.0000000000019915
1.0000000000020350
1.0000000000020723
1.0000000000021034
1.0000000000021287
1.0000000000021487
1.0000000000021629
1.0000000000021705
1.0000000000021716
1.0000000000021658
1.0000000000021534
1.0000000000021350
1.0000000000021099
1.0000000000020788
1.0000000000020415
1.0000000000019986
1.0000000000019504
1.0000000000018954
1.0000000000018332
1.0000000000017653
1.0000000000016913
1.0000000000016105
1.0000000000015230
1.0000000000014289
1.0000000000013289
1.0000000000012228
1.0000000000011118
1.0000000000009965
1.0000000000008766
1.0000000000007523
1.0000000000006235
1.0000000000004894
1.0000000000003504
1.0000000000002067
1.0000000000000588
0.9999999999999070
0.9999999999997516
0.9999999999995928
0.9999999999994305
0.9999999999992656
0.9999999999990991
0.9999999999989316
0.9999999999987639
0.9999999999985963
0.9999999999984286
0.9999999999982602
0.9999999999980910
0.9999999999979223
0.9999999999977564
0.9999999999975930
0.9999999999974328
0.9999999999972757
0.9999999999971221
0.9999999999969722
0.9999999999968262
0.9999999999966843
0.9999999999965470
0.9999999999964129
0.9999999999962829
0.9999999999961572
0.9999999999960362
0.9999999999959199
0.9999999999958107
0.9999999999957101
0.9999999999956193
0.9999999999955378
0.9999999999954650
0.9999999999954005
0.9999999999953438
0.9999999999952958
0.9999999999952580
0.9999999999952324
0.9999999999952185
0.9999999999952145
0.9999999999952195
0.9999999999952340
0.9999999999952587
0.9999999999952935
0.9999999999953382
0.9999999999953934
0.9999999999954594
0.9999999999955358
0.9999999999956222
0.9999999999957186
0.9999999999958250
0.9999999999959408
0.9999999999960669
0.9999999999962039
0.9999999999963529
0.9999999999965145
0.9999999999966883
0.9999999999968737
0.9999999999970706
0.9999999999972782
0.9999999999974968
0.9999999999977258
0.9999999999979647
0.9999999999982143
0.9999999999984761
0.9999999999987491
0.9999999999990330
0.9999999999993275
0.9999999999996319
0.9999999999999450
1.0000000000002645
1.0000000000005898
1.0000000000009208
1.0000000000012577
1.0000000000016009
1.0000000000019504
1.0000000000023064
1.0000000000026690
1.0000000000030367
1.0000000000034082
1.0000000000037816
1.0000000000041565
1.0000000000045326
1.0000000000049107
1.0000000000052898
1.0000000000056695
1.0000000000060489
1.0000000000064266
1.0000000000068021
1.0000000000071756
1.0000000000075460
1.0000000000079126
1.0000000000082743
1.0000000000086307
1.0000000000089806
1.0000000000093234
1.0000000000096585
1.0000000000099853
1.0000000000103022
1.0000000000106075
1.0000000000108997
1.0000000000111784
1.0000000000114426
1.0000000000116913
1.0000000000119236
1.0000000000121367
1.0000000000123299
1.0000000000125033
1.0000000000126561
1.0000000000127880
1.0000000000128986
1.0000000000129878
1.0000000000130564
1.0000000000131046
1.0000000000131328
1.0000000000131410
1.0000000000131293
