1.0272897529332246
1.0269546165540273
1.0265569591783239
1.0260976156275170
1.0255775520576385
1.0249978647699880
1.0243597788422067
1.0236646465741157
1.0229139457420897
1.0221092776552601
1.0212523650064012
1.0203450495100002
1.0193892893197209
1.0183871562172735
1.0173408325645819
1.0162526080111416
1.0151248759485507
1.0139601297044085
1.0127609584681336
1.0115300429417047
1.0102701507089611
1.0089841313178558
1.0076749110709771
1.0063454875207329
1.0049989236668340
1.0036383418551285
1.0022669173784222
1.0008878717816521
0.9995044658757081
0.9981199924662557
0.9967377688061421
0.9953611287823088
0.9939934148506340
0.9926379697346955
0.9912981279071366
0.9899772068750284
0.9886784982934121
0.9874052589339533
0.9861607015383894
0.9849479855891130
0.9837702080318041
0.9826303939874378
0.9815314874932253
0.9804763423140508
0.9794677128676899
0.9785082453085250
0.9776004688155449
0.9767467871311065
0.9759494703972156
0.9752106473359237
0.9745322978198160
0.9739162458774685
0.9733641531771885
0.9728775130302820
0.9724576449525860
0.9721056898200093
0.9718226056504292
0.9716091640404829
0.9714659472816389
0.9713933461754602
0.9713915585632595
0.9714605885804255
0.9716002466406535
0.9718101501501918
0.9720897249470971
0.9724382074554476
0.9728546475395197
0.9733379120382230
0.9738866889556034
0.9744994922790496
0.9751746673930146
0.9759103970526496
0.9767047078787423
0.9775554773328107
0.9784604411291199
0.9794172010388020
0.9804232330401470
0.9814758957684787
0.9825724392188606
0.9837100136551264
0.9848856786794159
0.9860964124174405
0.9873391207761206
0.9886106467319509
0.9899077796104409
0.9912272643192005
0.9925658104996438
0.9939201015648574
0.9952868035938235
0.9966625740549439
0.9980440703345667
0.9994279580489839
1.0008109191211112
1.0021896596057283
1.0035609172497539
1.0049214687765140
1.0062681368853257
1.0075977969599392
1.0089073834814666
1.0101938961433312
1.0114544056675341
1.0126860593231231
1.0138860861491579
1.0150518018857289
1.0161806136176670
1.0172700241365071
1.0183176360270445
1.0193211554854418
1.0202783958763242
1.0211872810366518
1.0220458483343680
1.0228522514899367
1.0236047631688703
1.0243017773532404
1.0249418114999640
1.0255235084933856
1.0260456383993040
1.0265071000271735
1.0269069223067193
1.0272442654846630
1.0275184221466762
1.0277288180690369
1.0278750129038181
1.0279567007007309
1.0279737102680464
1.0279260053742831
1.0278136847916031
1.0276369821811204
1.0273962658195694
1.0270920381660309
1.0267249352666890
1.0262957259948586
1.0258053111228254
1.0252547222213571
1.0246451203821068
1.0239777947575079
1.0232541609121986
1.0224757589794955
1.0216442516159798
1.0207614217468544
1.0198291700944120
1.0188495124817052
1.0178245769033534
1.0167566003553654
1.0156479254158886
1.0145009965689602
1.0133183562636077
1.0121026407010569
1.0108565753433512
1.0095829701373695
1.0082847144490872
1.0069647717039047
1.0056261737300527
1.0042720148033937
1.0029054453934498
1.0015296656121488
1.0001479183686108
0.9987634822352904
0.9973796640329375
0.9959997911441365
0.9946272035676028
0.9932652457279496
0.9919172580582808
0.9905865683756746
0.9892764830723697
0.9879902781482491
0.9867311901129706
0.9855024067888013
0.9843070580478390
0.9831482065198056
0.9820288383089154
0.9809518537604537
0.9799200583195700
0.9789361535263664
0.9780027281926188
0.9771222498063515
0.9762970562109711
0.9755293476057266
0.9748211789138728
0.9741744525640418
0.9735909117290088
0.9730721340642070
0.9726195259860476
0.9722343175273459
0.9719175578039571
0.9716701111231038
0.9714926537598813
0.9713856714241161
0.9713494574351330
0.9713841116171619
0.9714895399231210
0.9716654547894154
0.9719113762192488
0.9722266335868684
0.9726103681501418
0.9730615362540448
0.9735789132030152
0.9741610977758014
0.9748065173524256
0.9755134336192627
0.9762799488150193
0.9771040124776225
0.9779834286497171
0.9789158634986467
0.9798988533054326
0.9809298127763947
0.9820060436306541
0.9831247434168032
0.9842830145125060
0.9854778732616587
0.9867062592049906
0.9879650443615546
0.9892510425204218
0.9905610185040007
0.9918916973667432
0.9932397734954782
0.9946019195802398
0.9959747954271615
0.9973550565877773
0.9987393627818260
1.0001243860934226
1.0015068189231771
1.0028833816814586
1.0042508302105697
1.0056059629259992
1.0069456276692352
1.0082667282667632
1.0095662307918727
1.0108411695277342
1.0120886526318777
1.0133058675037068
1.0144900858580126
1.0156386685086327
1.0167490698673853
1.0178188421642760
1.0188456393956506
1.0198272210075365
1.0207614553218070
1.0216463227130994
1.0224799185445670
1.0232604558705938
1.0239862679145533
1.0246558103295109
1.0252676632495596
1.0258205331391348
1.0263132544472595
1.0267447910732290
1.0271142376497098
1.0274208206486721
1.0276638993149667
1.0278429664317046
1.0279576489209259
1.0280077082823418
1.0279930408722040
1.0279136780236324
1.0277697860089758
1.0275616658440343
1.0272897529332246
1.0269546165540273
1.0265569591783239
1.0260976156275170
