1.0011497566629406
1.0011352297026077
1.0011179968278479
1.0010980990729723
1.0010755838096979
1.0010505046362652
1.0010229212519364
1.0009928993171520
1.0009605102996471
1.0009258313068699
1.0008889449050702
1.0008499389254593
1.0008089062578713
1.0007659446323836
1.0007211563893812
1.0006746482385849
1.0006265310075795
1.0005769193804106
1.0005259316268424
1.0004736893228880
1.0004203170632522
1.0003659421663444
1.0003106943725395
1.0002547055363791
1.0001981093134322
1.0001410408425409
1.0000836364241961
1.0000260331957946
0.9999683688045482
0.9999107810788146
0.9998534076986362
0.9997963858662715
0.9997398519775120
0.9996839412945738
0.9996287876213615
0.9995745229818869
0.9995212773026316
0.9994691780996349
0.9994183501710724
0.9993689152960883
0.9993209919406291
0.9992746949710095
0.9992301353759255
0.9991874199976144
0.9991466512728397
0.9991079269843491
0.9990713400234432
0.9990369781642555
0.9990049238503157
0.9989752539939452
0.9989480397889970
0.9989233465374231
0.9989012334901129
0.9988817537024146
0.9988649539047146
0.9988508743884019
0.9988395489075252
0.9988310045963874
0.9988252619032988
0.9988223345406533
0.9988222294514690
0.9988249467924694
0.9988304799337545
0.9988388154750625
0.9988499332785782
0.9988638065182039
0.9988804017451616
0.9988996789697620
0.9989215917591212
0.9989460873505743
0.9989731067804952
0.9990025850281823
0.9990344511744467
0.9990686285744860
0.9991050350446020
0.9991435830622851
0.9991841799791485
0.9992267282461730
0.9992711256506800
0.9993172655644376
0.9993650372022713
0.9994143258905231
0.9994650133446811
0.9995169779554872
0.9995700950828035
0.9996242373565112
0.9996792749836884
0.9997350760613120
0.9997915068937119
0.9998484323139981
0.9999057160086768
0.9999632208446655
1.0000208091979166
1.0000783432828546
1.0001356854818368
1.0001926986738527
1.0002492465616730
1.0003051939966807
1.0003604073006143
1.0004147545834647
1.0004681060567919
1.0005203343417224
1.0005713147709179
1.0006209256838150
1.0006690487144603
1.0007155690712843
1.0007603758081687
1.0008033620861985
1.0008444254255044
1.0008834679466281
1.0009203966008644
1.0009551233890734
1.0009875655684648
1.0010176458468998
1.0010452925642808
1.0010704398606256
1.0010930278304535
1.0011130026631483
1.0011303167689876
1.0011449288905596
1.0011568041993273
1.0011659143771308
1.0011722376824448
1.0011757590012480
1.0011764698823984
1.0011743685574324
1.0011694599447460
1.0011617556381518
1.0011512738798289
1.0011380395177374
1.0011220839475743
1.0011034450394132
1.0010821670491759
1.0010583005151297
1.0010319021396452
1.0010030346564662
1.0009717666837816
1.0009381725634279
1.0009023321865715
1.0008643308062597
1.0008242588372498
1.0007822116435663
1.0007382893142562
1.0006925964278448
1.0006452418060181
1.0005963382570915
1.0005460023098334
1.0004943539382576
1.0004415162780051
1.0003876153349607
1.0003327796867802
1.0002771401780084
1.0002208296094968
1.0001639824228414
1.0001067343805794
1.0000492222428878
0.9999915834415501
0.9999339557519578
0.9998764769639289
0.9998192845521297
0.9997625153468829
0.9997063052061593
0.9996507886895443
0.9995960987349699
0.9995423663390020
0.9994897202414607
0.9994382866151557
0.9993881887614926
0.9993395468127154
0.9992924774415178
0.9992470935787486
0.9992035041399197
0.9991618137612064
0.9991221225456027
0.9990845258198725
0.9990491139029174
0.9990159718861488
0.9989851794264257
0.9989568105520880
0.9989309334825774
0.9989076104621221
0.9988868976078992
0.9988688447730782
0.9988534954250928
0.9988408865394603
0.9988310485094221
0.9988240050716405
0.9988197732481446
0.9988183633046761
0.9988197787255444
0.9988240162050560
0.9988310656555414
0.9988409102319551
0.9988535263729882
0.9988688838585853
0.9988869458837200
0.9989076691482289
0.9989310039624790
0.9989568943685880
0.9989852782768883
0.9990160876172811
0.9990492485050875
0.9990846814209720
0.9991223014044734
0.9991620182606498
0.9992037367793022
0.9992473569662262
0.9992927742858985
0.9993398799149812
0.9993885610060029
0.9994387009605560
0.9994901797113167
0.9995428740121870
0.9995966577358307
0.9996514021778654
0.9997069763669594
0.9997632473800627
0.9998200806620017
0.9998773403486519
0.9999348895929070
0.9999925908926480
1.0000503064199235
1.0001078983505418
1.0001652291932959
1.0002221621180292
1.0002785612817653
1.0003342921521297
1.0003892218273025
1.0004432193517541
1.0004961560270276
1.0005479057168434
1.0005983451458209
1.0006473541911316
1.0006948161664111
1.0007406180972862
1.0007846509878875
1.0008268100777424
1.0008669950884730
1.0009051104597348
1.0009410655738800
1.0009747749688354
1.0010061585387240
1.0010351417217795
1.0010616556751442
1.0010856374361612
1.0011070300698068
1.0011257828019384
1.0011418511380683
1.0011551969673975
1.0011657886518892
1.0011736011001846
1.0011786158261970
1.0011808209922657
1.0011802114367647
1.0011767886861143
1.0011705609511650
1.0011615431079626
1.0011497566629406
1.0011352297026077
1.0011179968278479
1.0010980990729723
