1.0014466533325375
1.0014283757587923
1.0014066942404312
1.0013816603274863
1.0013533335328801
1.0013217811939004
1.0012870783153913
1.0012493073949960
1.0012085582308203
1.0011649277119381
1.0011185195921839
1.0010694442477264
1.0010178184189478
1.0009637649371885
1.0009074124369630
1.0008488950542698
1.0007883521116705
1.0007259277908289
1.0006617707932433
1.0005960339899300
1.0005288740608498
1.0004604511248902
1.0003909283612411
1.0003204716230336
1.0002492490441335
1.0001774306399900
1.0001051879034717
1.0000326933966335
0.9999601203393695
0.9998876421959332
0.9998154322602955
0.9997436632413436
0.9996725068489082
0.9996021333816196
0.9995327113175965
0.9994644069089690
0.9993973837812243
0.9993318025383708
0.9992678203748959
0.9992055906954831
0.9991452627434461
0.9990869812388105
0.9990308860269600
0.9989771117387368
0.9989257874628672
0.9988770364315461
0.9988309757199927
0.9987877159607490
0.9987473610734628
0.9987100080108595
0.9986757465215570
0.9986446589303530
0.9986168199365522
0.9985922964308697
0.9985711473313909
0.9985534234390179
0.9985391673127850
0.9985284131653757
0.9985211867791184
0.9985175054426818
0.9985173779086375
0.9985208043720029
0.9985277764698273
0.9985382773018121
0.9985522814719209
0.9985697551508557
0.9985906561592476
0.9986149340713332
0.9986425303388418
0.9986733784347699
0.9987074040166578
0.9987445251089396
0.9987846523038872
0.9988276889806189
0.9988735315416010
0.9989220696660185
0.9989731865793645
0.9990267593385378
0.9990826591317163
0.9991407515922278
0.9992008971256195
0.9992629512490773
0.9993267649423414
0.9993921850092166
0.9994590544487693
0.9995272128352765
0.9995964967059680
0.9996667399556071
0.9997377742369229
0.9998094293659068
0.9998815337309804
0.9999539147050331
1.0000263990593272
1.0000988133782742
1.0001709844740831
1.0002427398002902
1.0003139078631911
1.0003843186301962
1.0004538039341528
1.0005221978726886
1.0005893372016514
1.0006550617217334
1.0007192146573873
1.0007816430271745
1.0008421980046991
1.0009007352693113
1.0009571153457950
1.0010112039322734
1.0010628722156036
1.0011119971735611
1.0011584618631508
1.0012021556944020
1.0012429746890574
1.0012808217235818
1.0013156067559736
1.0013472470358813
1.0013756672975727
1.0014007999353447
1.0014225851609939
1.0014409711430123
1.0014559141272110
1.0014673785385191
1.0014753370637315
1.0014797707150409
1.0014806688742151
1.0014780293173215
1.0014718582199513
1.0014621701429309
1.0014489879985529
1.0014323429973939
1.0014122745758347
1.0013888303044380
1.0013620657773719
1.0013320444831202
1.0012988376567551
1.0012625241140838
1.0012231900680277
1.0011809289276261
1.0011358410800979
1.0010880336564325
1.0010376202810185
1.0009847208058533
1.0009294610299146
1.0008719724043094
1.0008123917238498
1.0007508608057414
1.0006875261560881
1.0006225386249723
1.0005560530508735
1.0004882278952321
1.0004192248679893
1.0003492085449506
1.0002783459778566
1.0002068062980536
1.0001347603146864
1.0000623801083484
0.9999898386211412
0.9999173092441103
0.9998449654030319
0.9997729801435415
0.9997015257165955
0.9996307731652645
0.9995608919138611
0.9994920493604018
0.9994244104734019
0.9993581373939938
0.9992933890443567
0.9992303207434242
0.9991690838308400
0.9991098253000981
0.9990526874417938
0.9989978074978934
0.9989453173278997
0.9988953430877646
0.9988480049223749
0.9988034166724057
0.9987616855962939
0.9987229121080554
0.9986871895316302
0.9986546038723932
0.9986252336064295
0.9985991494881286
0.9985764143766030
0.9985570830813887
0.9985412022278306
0.9985288101425194
0.9985199367590749
0.9985146035445275
0.9985128234464946
0.9985146008612915
0.9985199316230605
0.9985288030139509
0.9985411937953174
0.9985570742598588
0.9985764063045557
0.9985991435242133
0.9986252313253653
0.9986546070602308
0.9986872001803750
0.9987229324096647
0.9987617179360654
0.9988034636217724
0.9988480692311262
0.9988954276757174
0.9989454252760366
0.9989979420389931
0.9990528519505838
0.9991100232829463
0.9991693189150165
0.9992305966659621
0.9992937096405416
0.9993585065855091
0.9994248322561610
0.9994925277921008
0.9995614311012817
0.9996313772513619
0.9997021988674021
0.9997737265349215
0.9998457892073189
0.9999182146166639
0.9999908296868524
1.0000634609481325
1.0001359349519967
1.0002080786854455
1.0002797199836400
1.0003506879399644
1.0004208133125285
1.0004899289261582
1.0005578700689439
1.0006244748824200
1.0006895847444792
1.0007530446441457
1.0008147035473509
1.0008744147528803
1.0009320362376946
1.0009874309908415
1.0010404673352189
1.0010910192364715
1.0011389665983386
1.0011841955438046
1.0012265986814273
1.0012660753562730
1.0013025318849058
1.0013358817739262
1.0013660459215814
1.0013929528020167
1.0014165386317737
1.0014367475181758
1.0014535315892861
1.0014668511051594
1.0014766745501549
1.0014829787061075
1.0014857487062119
1.0014849780694941
1.0014806687158069
1.0014728309613132
1.0014614834944657
1.0014466533325375
1.0014283757587923
1.0014066942404312
1.0013816603274863
