1.0000047314820879
1.0000046729212759
1.0000046032934733
1.0000045227665897
1.0000044315345222
1.0000043298166954
1.0000042178575341
1.0000040959258780
1.0000039643143386
1.0000038233385999
1.0000036733366624
1.0000035146680348
1.0000033477128754
1.0000031728710812
1.0000029905613328
1.0000028012200910
1.0000026053005542
1.0000024032715753
1.0000021956165417
1.0000019828322189
1.0000017654275628
1.0000015439225036
1.0000013188467005
1.0000010907382777
1.0000008601425376
1.0000006276106577
1.0000003936983726
1.0000001589646439
0.9999999239703264
0.9999996892768266
0.9999994554447599
0.9999992230326136
0.9999989925954106
0.9999987646833846
0.9999985398406622
0.9999983186039638
0.9999981015013227
0.9999978890508224
0.9999976817593574
0.9999974801214244
0.9999972846179380
0.9999970957150830
0.9999969138632011
0.9999967394957137
0.9999965730280870
0.9999964148568405
0.9999962653586012
0.9999961248892016
0.9999959937828317
0.9999958723512402
0.9999957608829888
0.9999956596427660
0.9999955688707542
0.9999954887820584
0.9999954195661909
0.9999953613866188
0.9999953143803767
0.9999952786577380
0.9999952543019542
0.9999952413690575
0.9999952398877259
0.9999952498592173
0.9999952712573684
0.9999953040286589
0.9999953480923398
0.9999954033406303
0.9999954696389727
0.9999955468263587
0.9999956347157141
0.9999957330943483
0.9999958417244631
0.9999959603437235
0.9999960886658876
0.9999962263814924
0.9999963731585939
0.9999965286435637
0.9999966924619366
0.9999968642193074
0.9999970435022730
0.9999972298794220
0.9999974229023704
0.9999976221068337
0.9999978270137371
0.9999980371303644
0.9999982519515385
0.9999984709608297
0.9999986936317912
0.9999989194292184
0.9999991478104320
0.9999993782265773
0.9999996101239365
0.9999998429452553
1.0000000761310768
1.0000003091210790
1.0000005413554161
1.0000007722760591
1.0000010013281326
1.0000012279612418
1.0000014516307900
1.0000016717992815
1.0000018879376096
1.0000020995263217
1.0000023060568626
1.0000025070327914
1.0000027019709707
1.0000028904027241
1.0000030718749555
1.0000032459512351
1.0000034122128436
1.0000035702597754
1.0000037197116967
1.0000038602088550
1.0000039914129404
1.0000041130078947
1.0000042247006706
1.0000043262219322
1.0000044173267013
1.0000044977949440
1.0000045674320965
1.0000046260695343
1.0000046735649735
1.0000047098028144
1.0000047346944163
1.0000047481783123
1.0000047502203582
1.0000047408138160
1.0000047199793687
1.0000046877650732
1.0000046442462456
1.0000045895252827
1.0000045237314186
1.0000044470204148
1.0000043595741910
1.0000042616003908
1.0000041533318862
1.0000040350262220
1.0000039069650004
1.0000037694532080
1.0000036228184890
1.0000034674103624
1.0000033035993861
1.0000031317762712
1.0000029523509513
1.0000027657516024
1.0000025724236175
1.0000023728285448
1.0000021674429842
1.0000019567574494
1.0000017412751938
1.0000015215110076
1.0000012979899875
1.0000010712462819
1.0000008418218154
1.0000006102649945
1.0000003771293955
1.0000001429724408
0.9999999083540662
0.9999996738353814
0.9999994399773290
0.9999992073393462
0.9999989764780234
0.9999987479457761
0.9999985222895227
0.9999983000493782
0.9999980817573616
0.9999978679361239
0.9999976590976988
0.9999974557422766
0.9999972583570090
0.9999970674148418
0.9999968833733864
0.9999967066738253
0.9999965377398560
0.9999963769766769
0.9999962247700187
0.9999960814852200
0.9999959474663538
0.9999958230354029
0.9999957084914920
0.9999956041101697
0.9999955101427482
0.9999954268157020
0.9999953543301258
0.9999952928612542
0.9999952425580390
0.9999952035427931
0.9999951759108967
0.9999951597305697
0.9999951550427045
0.9999951618607669
0.9999951801707626
0.9999952099312704
0.9999952510735388
0.9999953035016509
0.9999953670927516
0.9999954416973407
0.9999955271396263
0.9999956232179444
0.9999957297052400
0.9999958463496078
0.9999959728748936
0.9999961089813528
0.9999962543463653
0.9999964086252034
0.9999965714518561
0.9999967424399018
0.9999969211834312
0.9999971072580160
0.9999973002217207
0.9999974996161567
0.9999977049675776
0.9999979157880090
0.9999981315764140
0.9999983518198886
0.9999985759948873
0.9999988035684716
0.9999990339995825
0.9999992667403335
0.9999995012373164
0.9999997369329245
0.9999999732666830
1.0000002096765861
1.0000004456004403
1.0000006804772061
1.0000009137483366
1.0000011448591093
1.0000013732599531
1.0000015984077593
1.0000018197671774
1.0000020368118940
1.0000022490258880
1.0000024559046623
1.0000026569564493
1.0000028517033841
1.0000030396826467
1.0000032204475653
1.0000033935686823
1.0000035586347793
1.0000037152538588
1.0000038630540795
1.0000040016846423
1.0000041308166290
1.0000042501437860
1.0000043593832557
1.0000044582762500
1.0000045465886696
1.0000046241116607
1.0000046906621121
1.0000047460830928
1.0000047902442242
1.0000048230419907
1.0000048443999880
1.0000048542691036
1.0000048526276337
1.0000048394813326
1.0000048148633982
1.0000047788343909
1.0000047314820879
1.0000046729212759
1.0000046032934733
1.0000045227665897
