1.0000000000249434
1.0000000000249463
1.0000000000249094
1.0000000000248332
1.0000000000247182
1.0000000000245639
1.0000000000243701
1.0000000000241380
1.0000000000238687
1.0000000000235625
1.0000000000232201
1.0000000000228437
1.0000000000224349
1.0000000000219944
1.0000000000215232
1.0000000000210219
1.0000000000204901
1.0000000000199309
1.0000000000193461
1.0000000000187372
1.0000000000181055
1.0000000000174520
1.0000000000167792
1.0000000000160900
1.0000000000153866
1.0000000000146696
1.0000000000139411
1.0000000000132039
1.0000000000124611
1.0000000000117144
1.0000000000109663
1.0000000000102192
1.0000000000094746
1.0000000000087337
1.0000000000079974
1.0000000000072671
1.0000000000065454
1.0000000000058347
1.0000000000051363
1.0000000000044531
1.0000000000037854
1.0000000000031350
1.0000000000025029
1.0000000000018905
1.0000000000012985
1.0000000000007292
1.0000000000001832
0.9999999999996622
0.9999999999991664
0.9999999999986973
0.9999999999982541
0.9999999999978373
0.9999999999974465
0.9999999999970817
0.9999999999967432
0.9999999999964326
0.9999999999961505
0.9999999999958977
0.9999999999956762
0.9999999999954857
0.9999999999953252
0.9999999999951940
0.9999999999950911
0.9999999999950159
0.9999999999949672
0.9999999999949438
0.9999999999949454
0.9999999999949715
0.9999999999950212
0.9999999999950936
0.9999999999951885
0.9999999999953056
0.9999999999954444
0.9999999999956043
0.9999999999957849
0.9999999999959862
0.9999999999962069
0.9999999999964471
0.9999999999967055
0.9999999999969802
0.9999999999972687
0.9999999999975697
0.9999999999978828
0.9999999999982064
0.9999999999985396
0.9999999999988818
0.9999999999992319
0.9999999999995878
0.9999999999999482
1.0000000000003122
1.0000000000006795
1.0000000000010489
1.0000000000014193
1.0000000000017875
1.0000000000021514
1.0000000000025087
1.0000000000028579
1.0000000000031974
1.0000000000035261
1.0000000000038429
1.0000000000041482
1.0000000000044416
1.0000000000047216
1.0000000000049878
1.0000000000052400
1.0000000000054774
1.0000000000056997
1.0000000000059068
1.0000000000060980
1.0000000000062721
1.0000000000064277
1.0000000000065639
1.0000000000066807
1.0000000000067781
1.0000000000068556
1.0000000000069116
1.0000000000069449
1.0000000000069549
1.0000000000069416
1.0000000000069049
1.0000000000068465
1.0000000000067664
1.0000000000066640
1.0000000000065399
1.0000000000063940
1.0000000000062268
1.0000000000060381
1.0000000000058280
1.0000000000055964
1.0000000000053439
1.0000000000050708
1.0000000000047760
1.0000000000044602
1.0000000000041245
1.0000000000037690
1.0000000000033944
1.0000000000030014
1.0000000000025899
1.0000000000021603
1.0000000000017144
1.0000000000012546
1.0000000000007805
1.0000000000002922
0.9999999999997897
0.9999999999992741
0.9999999999987474
0.9999999999982101
0.9999999999976631
0.9999999999971079
0.9999999999965465
0.9999999999959820
0.9999999999954162
0.9999999999948501
0.9999999999942839
0.9999999999937177
0.9999999999931525
0.9999999999925892
0.9999999999920284
0.9999999999914706
0.9999999999909175
0.9999999999903709
0.9999999999898319
0.9999999999893021
0.9999999999887841
0.9999999999882793
0.9999999999877903
0.9999999999873184
0.9999999999868648
0.9999999999864301
0.9999999999860154
0.9999999999856222
0.9999999999852509
0.9999999999849016
0.9999999999845745
0.9999999999842701
0.9999999999839903
0.9999999999837375
0.9999999999835133
0.9999999999833181
0.9999999999831530
0.9999999999830178
0.9999999999829134
0.9999999999828401
0.9999999999827973
0.9999999999827851
0.9999999999828038
0.9999999999828546
0.9999999999829386
0.9999999999830563
0.9999999999832080
0.9999999999833934
0.9999999999836140
0.9999999999838701
0.9999999999841621
0.9999999999844896
0.9999999999848532
0.9999999999852512
0.9999999999856823
0.9999999999861446
0.9999999999866367
0.9999999999871575
0.9999999999877063
0.9999999999882813
0.9999999999888817
0.9999999999895071
0.9999999999901574
0.9999999999908327
0.9999999999915330
0.9999999999922581
0.9999999999930064
0.9999999999937760
0.9999999999945653
0.9999999999953729
0.9999999999961982
0.9999999999970391
0.9999999999978942
0.9999999999987612
0.9999999999996383
1.0000000000005234
1.0000000000014146
1.0000000000023102
1.0000000000032099
1.0000000000041129
1.0000000000050180
1.0000000000059224
1.0000000000068241
1.0000000000077216
1.0000000000086136
1.0000000000094986
1.0000000000103766
1.0000000000112454
1.0000000000121028
1.0000000000129463
1.0000000000137745
1.0000000000145854
1.0000000000153770
1.0000000000161477
1.0000000000168958
1.0000000000176195
1.0000000000183167
1.0000000000189859
1.0000000000196256
1.0000000000202338
1.0000000000208082
1.0000000000213485
1.0000000000218525
1.0000000000223195
1.0000000000227489
1.0000000000231408
1.0000000000234945
1.0000000000238103
1.0000000000240883
1.0000000000243281
1.0000000000245299
1.0000000000246934
1.0000000000248170
1.0000000000249005
1.0000000000249434
1.0000000000249463
1.0000000000249094
1.0000000000248332
