1.0000000387660544
1.0000000383317929
1.0000000378097238
1.0000000372011510
1.0000000365075816
1.0000000357307233
1.0000000348724809
1.0000000339349517
1.0000000329204197
1.0000000318313502
1.0000000306703833
1.0000000294403286
1.0000000281441594
1.0000000267850060
1.0000000253661450
1.0000000238909930
1.0000000223630996
1.0000000207861370
1.0000000191638934
1.0000000175002615
1.0000000157992299
1.0000000140648737
1.0000000123013444
1.0000000105128604
1.0000000087036975
1.0000000068781794
1.0000000050406654
1.0000000031955418
1.0000000013472103
0.9999999995000777
0.9999999976585455
0.9999999958269979
0.9999999940097929
0.9999999922112516
0.9999999904356469
0.9999999886871952
0.9999999869700457
0.9999999852882703
0.9999999836458543
0.9999999820466871
0.9999999804945502
0.9999999789931118
0.9999999775459151
0.9999999761563717
0.9999999748277534
0.9999999735631844
0.9999999723656324
0.9999999712379026
0.9999999701826316
0.9999999692022805
0.9999999682991302
0.9999999674752758
0.9999999667326189
0.9999999660728659
0.9999999654975212
0.9999999650078865
0.9999999646050559
0.9999999642899138
0.9999999640631340
0.9999999639251778
0.9999999638762923
0.9999999639165090
0.9999999640456460
0.9999999642633070
0.9999999645688816
0.9999999649615490
0.9999999654402777
0.9999999660038296
0.9999999666507634
0.9999999673794354
0.9999999681880061
0.9999999690744448
0.9999999700365338
0.9999999710718724
0.9999999721778851
0.9999999733518259
0.9999999745907853
0.9999999758916968
0.9999999772513454
0.9999999786663769
0.9999999801333032
0.9999999816485116
0.9999999832082732
0.9999999848087520
0.9999999864460141
0.9999999881160371
0.9999999898147199
0.9999999915378937
0.9999999932813298
0.9999999950407510
0.9999999968118427
0.9999999985902625
1.0000000003716512
1.0000000021516422
1.0000000039258730
1.0000000056899951
1.0000000074396853
1.0000000091706547
1.0000000108786595
1.0000000125595099
1.0000000142090828
1.0000000158233313
1.0000000173982948
1.0000000189301070
1.0000000204150055
1.0000000218493408
1.0000000232295865
1.0000000245523455
1.0000000258143580
1.0000000270125105
1.0000000281438439
1.0000000292055620
1.0000000301950365
1.0000000311098121
1.0000000319476130
1.0000000327063494
1.0000000333841217
1.0000000339792261
1.0000000344901585
1.0000000349156171
1.0000000352545058
1.0000000355059391
1.0000000356692418
1.0000000357439516
1.0000000357298193
1.0000000356268115
1.0000000354351073
1.0000000351551006
1.0000000347873976
1.0000000343328173
1.0000000337923878
1.0000000331673442
1.0000000324591267
1.0000000316693760
1.0000000307999306
1.0000000298528227
1.0000000288302719
1.0000000277346808
1.0000000265686293
1.0000000253348689
1.0000000240363141
1.0000000226760368
1.0000000212572611
1.0000000197833521
1.0000000182578095
1.0000000166842582
1.0000000150664419
1.0000000134082110
1.0000000117135164
1.0000000099863982
1.0000000082309761
1.0000000064514414
1.0000000046520450
1.0000000028370883
1.0000000010109125
0.9999999991778875
0.9999999973424020
0.9999999955088550
0.9999999936816436
0.9999999918651508
0.9999999900637364
0.9999999882817278
0.9999999865234089
0.9999999847930101
0.9999999830946970
0.9999999814325604
0.9999999798106075
0.9999999782327530
0.9999999767028064
0.9999999752244660
0.9999999738013096
0.9999999724367847
0.9999999711342019
0.9999999698967267
0.9999999687273701
0.9999999676289825
0.9999999666042463
0.9999999656556717
0.9999999647855887
0.9999999639961417
0.9999999632892850
0.9999999626667760
0.9999999621301736
0.9999999616808338
0.9999999613199049
0.9999999610483257
0.9999999608668243
0.9999999607759155
0.9999999607758988
0.9999999608668587
0.9999999610486631
0.9999999613209638
0.9999999616831984
0.9999999621345920
0.9999999626741563
0.9999999633006945
0.9999999640128026
0.9999999648088739
0.9999999656871024
0.9999999666454873
0.9999999676818372
0.9999999687937757
0.9999999699787470
0.9999999712340207
0.9999999725566987
0.9999999739437229
0.9999999753918822
0.9999999768978202
0.9999999784580419
0.9999999800689242
0.9999999817267234
0.9999999834275837
0.9999999851675463
0.9999999869425595
0.9999999887484877
0.9999999905811225
0.9999999924361919
0.9999999943093704
0.9999999961962894
0.9999999980925488
0.9999999999937257
1.0000000018953852
1.0000000037930894
1.0000000056824094
1.0000000075589366
1.0000000094182921
1.0000000112561371
1.0000000130681832
1.0000000148502028
1.0000000165980396
1.0000000183076196
1.0000000199749584
1.0000000215961717
1.0000000231674864
1.0000000246852461
1.0000000261459208
1.0000000275461161
1.0000000288825819
1.0000000301522194
1.0000000313520869
1.0000000324794085
1.0000000335315806
1.0000000345061775
1.0000000354009562
1.0000000362138639
1.0000000369430431
1.0000000375868341
1.0000000381437792
1.0000000386126258
1.0000000389923300
1.0000000392820607
1.0000000394811990
1.0000000395893420
1.0000000396063011
1.0000000395321020
1.0000000393669874
1.0000000391114141
1.0000000387660544
1.0000000383317929
1.0000000378097238
1.0000000372011510
