1.0000004162431364
1.0000004112517311
1.0000004052968183
1.0000003983929127
1.0000003905567867
1.0000003818074288
1.0000003721659980
1.0000003616557713
1.0000003503020913
1.0000003381323030
1.0000003251756899
1.0000003114634037
1.0000002970283899
1.0000002819053089
1.0000002661304521
1.0000002497416558
1.0000002327782118
1.0000002152807708
1.0000001972912460
1.0000001788527140
1.0000001600093100
1.0000001408061245
1.0000001212890957
1.0000001015048987
1.0000000815008330
1.0000000613247098
1.0000000410247372
1.0000000206494057
1.0000000002473732
0.9999999798673490
0.9999999595579756
0.9999999393677123
0.9999999193447205
0.9999998995367486
0.9999998799910164
0.9999998607541052
0.9999998418718448
0.9999998233892040
0.9999998053501842
0.9999997877977135
0.9999997707735442
0.9999997543181524
0.9999997384706405
0.9999997232686468
0.9999997087482548
0.9999996949439079
0.9999996818883267
0.9999996696124288
0.9999996581452557
0.9999996475139058
0.9999996377434678
0.9999996288569619
0.9999996208752842
0.9999996138171565
0.9999996076990821
0.9999996025353081
0.9999995983377897
0.9999995951161649
0.9999995928777287
0.9999995916274164
0.9999995913677916
0.9999995920990415
0.9999995938189777
0.9999995965230394
0.9999996002043054
0.9999996048535124
0.9999996104590750
0.9999996170071149
0.9999996244814949
0.9999996328638557
0.9999996421336610
0.9999996522682476
0.9999996632428791
0.9999996750308073
0.9999996876033341
0.9999997009298802
0.9999997149780596
0.9999997297137573
0.9999997451012131
0.9999997611031043
0.9999997776806363
0.9999997947936360
0.9999998124006474
0.9999998304590315
0.9999998489250683
0.9999998677540635
0.9999998869004530
0.9999999063179136
0.9999999259594734
0.9999999457776251
0.9999999657244389
0.9999999857516775
1.0000000058109131
1.0000000258536430
1.0000000458314069
1.0000000656959003
1.0000000853990931
1.0000001048933420
1.0000001241315057
1.0000001430670582
1.0000001616541994
1.0000001798479663
1.0000001976043409
1.0000002148803548
1.0000002316341920
1.0000002478252912
1.0000002634144409
1.0000002783638755
1.0000002926373635
1.0000003062002958
1.0000003190197688
1.0000003310646635
1.0000003423057191
1.0000003527156036
1.0000003622689813
1.0000003709425711
1.0000003787152028
1.0000003855678659
1.0000003914837581
1.0000003964483259
1.0000004004492988
1.0000004034767209
1.0000004055229730
1.0000004065827914
1.0000004066532797
1.0000004057339158
1.0000004038265549
1.0000004009354244
1.0000003970671145
1.0000003922305636
1.0000003864370370
1.0000003797000976
1.0000003720355750
1.0000003634615289
1.0000003539982050
1.0000003436679872
1.0000003324953435
1.0000003205067685
1.0000003077307202
1.0000002941975514
1.0000002799394379
1.0000002649903010
1.0000002493857261
1.0000002331628781
1.0000002163604129
1.0000001990183851
1.0000001811781534
1.0000001628822792
1.0000001441744275
1.0000001250992621
1.0000001057023384
1.0000000860299947
1.0000000661292412
1.0000000460476484
1.0000000258332318
1.0000000055343392
0.9999999851995338
0.9999999648774784
0.9999999446168166
0.9999999244660587
0.9999999044734665
0.9999998846869376
0.9999998651538896
0.9999998459211483
0.9999998270348349
0.9999998085402551
0.9999997904817916
0.9999997729027962
0.9999997558454892
0.9999997393508573
0.9999997234585541
0.9999997082068044
0.9999996936323131
0.9999996797701801
0.9999996666538131
0.9999996543148496
0.9999996427830793
0.9999996320863761
0.9999996222506287
0.9999996132996773
0.9999996052552594
0.9999995981369565
0.9999995919621453
0.9999995867459586
0.9999995825012475
0.9999995792385522
0.9999995769660739
0.9999995756896560
0.9999995754127698
0.9999995761365053
0.9999995778595695
0.9999995805782893
0.9999995842866193
0.9999995889761558
0.9999995946361566
0.9999996012535673
0.9999996088130528
0.9999996172970325
0.9999996266857216
0.9999996369571806
0.9999996480873642
0.9999996600501798
0.9999996728175492
0.9999996863594767
0.9999997006441202
0.9999997156378667
0.9999997313054109
0.9999997476098396
0.9999997645127211
0.9999997819741966
0.9999997999530731
0.9999998184069235
0.9999998372921889
0.9999998565642789
0.9999998761776810
0.9999998960860678
0.9999999162424064
0.9999999365990718
0.9999999571079593
0.9999999777206011
0.9999999983882806
1.0000000190621487
1.0000000396933413
1.0000000602330934
1.0000000806328562
1.0000001008444128
1.0000001208199942
1.0000001405123922
1.0000001598750718
1.0000001788622832
1.0000001974291695
1.0000002155318728
1.0000002331276427
1.0000002501749361
1.0000002666335153
1.0000002824645435
1.0000002976306770
1.0000003120961569
1.0000003258268915
1.0000003387905398
1.0000003509565873
1.0000003622964173
1.0000003727833804
1.0000003823928598
1.0000003911023292
1.0000003988914044
1.0000004057418919
1.0000004116378316
1.0000004165655370
1.0000004205136244
1.0000004234730437
1.0000004254370991
1.0000004264014628
1.0000004263641880
1.0000004253257129
1.0000004232888564
1.0000004202588120
1.0000004162431364
1.0000004112517311
1.0000004052968183
1.0000003983929127
