1.0000019297921463
1.0000019061188363
1.0000018779450186
1.0000018453388395
1.0000018083790045
1.0000017671545915
1.0000017217648376
1.0000016723188998
1.0000016189355971
1.0000015617431246
1.0000015008787468
1.0000014364884695
1.0000013687266891
1.0000012977558239
1.0000012237459257
1.0000011468742735
1.0000010673249478
1.0000009852883915
1.0000009009609547
1.0000008145444252
1.0000007262455479
1.0000006362755274
1.0000005448495239
1.0000004521861388
1.0000003585068939
1.0000002640356997
1.0000001689983213
1.0000000736218395
0.9999999781341070
0.9999998827632020
0.9999997877368855
0.9999996932820571
0.9999995996242127
0.9999995069869048
0.9999994155912083
0.9999993256551918
0.9999992373933978
0.9999991510163301
0.9999990667299501
0.9999989847351839
0.9999989052274431
0.9999988283961593
0.9999987544243308
0.9999986834880870
0.9999986157562651
0.9999985513900088
0.9999984905423825
0.9999984333580068
0.9999983799727126
0.9999983305132181
0.9999982850968252
0.9999982438311396
0.9999982068138139
0.9999981741323148
0.9999981458637154
0.9999981220745107
0.9999981028204600
0.9999980881464543
0.9999980780864092
0.9999980726631852
0.9999980718885343
0.9999980757630718
0.9999980842762746
0.9999980974065079
0.9999981151210784
0.9999981373763132
0.9999981641176644
0.9999981952798405
0.9999982307869620
0.9999982705527443
0.9999983144807061
0.9999983624644002
0.9999984143876685
0.9999984701249203
0.9999985295414342
0.9999985924936803
0.9999986588296642
0.9999987283892915
0.9999988010047506
0.9999988765009181
0.9999989546957739
0.9999990354008408
0.9999991184216345
0.9999992035581290
0.9999992906052354
0.9999993793532940
0.9999994695885760
0.9999995610937938
0.9999996536486244
0.9999997470302358
0.9999998410138200
0.9999999353731315
1.0000000298810292
1.0000001243100205
1.0000002184328078
1.0000003120228291
1.0000004048548028
1.0000004967052665
1.0000005873531135
1.0000006765801208
1.0000007641714723
1.0000008499162734
1.0000009336080540
1.0000010150452647
1.0000010940317587
1.0000011703772638
1.0000012438978341
1.0000013144162943
1.0000013817626603
1.0000014457745487
1.0000015062975656
1.0000015631856765
1.0000016163015562
1.0000016655169182
1.0000017107128221
1.0000017517799589
1.0000017886189116
1.0000018211403958
1.0000018492654721
1.0000018729257367
1.0000018920634839
1.0000019066318453
1.0000019165949050
1.0000019219277836
1.0000019226166963
1.0000019186589897
1.0000019100631463
1.0000018968487674
1.0000018790465244
1.0000018566980877
1.0000018298560285
1.0000017985836922
1.0000017629550488
1.0000017230545171
1.0000016789767603
1.0000016308264619
1.0000015787180745
1.0000015227755472
1.0000014631320309
1.0000013999295587
1.0000013333187083
1.0000012634582403
1.0000011905147210
1.0000011146621255
1.0000010360814218
1.0000009549601370
1.0000008714919086
1.0000007858760220
1.0000006983169354
1.0000006090237903
1.0000005182099121
1.0000004260923008
1.0000003328911116
1.0000002388291291
1.0000001441312336
1.0000000490238647
0.9999999537344810
0.9999998584910132
0.9999997635213220
0.9999996690526501
0.9999995753110817
0.9999994825210020
0.9999993909045604
0.9999993006811403
0.9999992120668324
0.9999991252739179
0.9999990405103604
0.9999989579793096
0.9999988778786152
0.9999988004003545
0.9999987257303724
0.9999986540478347
0.9999985855248030
0.9999985203258206
0.9999984586075181
0.9999984005182398
0.9999983461976875
0.9999982957765873
0.9999982493763766
0.9999982071089139
0.9999981690762095
0.9999981353701822
0.9999981060724376
0.9999980812540712
0.9999980609755007
0.9999980452863203
0.9999980342251800
0.9999980278196934
0.9999980260863718
0.9999980290305827
0.9999980366465369
0.9999980489173028
0.9999980658148457
0.9999980873000927
0.9999981133230246
0.9999981438227958
0.9999981787278794
0.9999982179562372
0.9999982614155135
0.9999983090032570
0.9999983606071638
0.9999984161053460
0.9999984753666206
0.9999985382508235
0.9999986046091420
0.9999986742844716
0.9999987471117909
0.9999988229185542
0.9999989015251027
0.9999989827450935
0.9999990663859447
0.9999991522492944
0.9999992401314735
0.9999993298239912
0.9999994211140328
0.9999995137849674
0.9999996076168649
0.9999997023870199
0.9999997978704853
0.9999998938406076
0.9999999900695672
1.0000000863289233
1.0000001823901599
1.0000002780252293
1.0000003730070970
1.0000004671102829
1.0000005601113997
1.0000006517896856
1.0000007419275319
1.0000008303110013
1.0000009167303392
1.0000010009804734
1.0000010828615047
1.0000011621791822
1.0000012387453681
1.0000013123784852
1.0000013829039507
1.0000014501545904
1.0000015139710416
1.0000015742021311
1.0000016307052368
1.0000016833466261
1.0000017320017753
1.0000017765556668
1.0000018169030640
1.0000018529487620
1.0000018846078129
1.0000019118057295
1.0000019344786628
1.0000019525735535
1.0000019660482584
1.0000019748716489
1.0000019790236858
1.0000019784954659
1.0000019732892431
1.0000019634184223
1.0000019489075282
1.0000019297921463
1.0000019061188363
1.0000018779450186
1.0000018453388395
