1.0000005896408646
1.0000005825261702
1.0000005740438223
1.0000005642144527
1.0000005530618967
1.0000005406131387
1.0000005268982450
1.0000005119502937
1.0000004958052939
1.0000004785021011
1.0000004600823218
1.0000004405902159
1.0000004200725894
1.0000003985786849
1.0000003761600620
1.0000003528704728
1.0000003287657357
1.0000003039035998
1.0000002783436079
1.0000002521469538
1.0000002253763358
1.0000001980958071
1.0000001703706221
1.0000001422670806
1.0000001138523691
1.0000000851944006
1.0000000563616533
1.0000000274230054
0.9999999984475717
0.9999999695045368
0.9999999406629922
0.9999999119917701
0.9999998835592777
0.9999998554333350
0.9999998276810120
0.9999998003684687
0.9999997735607961
0.9999997473218630
0.9999997217141626
0.9999996967986624
0.9999996726346606
0.9999996492796417
0.9999996267891396
0.9999996052166062
0.9999995846132849
0.9999995650280864
0.9999995465074734
0.9999995290953489
0.9999995128329515
0.9999994977587575
0.9999994839083881
0.9999994713145247
0.9999994600068322
0.9999994500118858
0.9999994413531118
0.9999994340507291
0.9999994281217010
0.9999994235796966
0.9999994204350590
0.9999994186947794
0.9999994183624794
0.9999994194384035
0.9999994219194197
0.9999994257990259
0.9999994310673677
0.9999994377112608
0.9999994457142241
0.9999994550565185
0.9999994657151952
0.9999994776641502
0.9999994908741879
0.9999995053130906
0.9999995209456953
0.9999995377339799
0.9999995556371533
0.9999995746117526
0.9999995946117490
0.9999996155886566
0.9999996374916501
0.9999996602676865
0.9999996838616323
0.9999997082163953
0.9999997332730615
0.9999997589710367
0.9999997852481921
0.9999998120410110
0.9999998392847419
0.9999998669135568
0.9999998948607063
0.9999999230586790
0.9999999514393649
0.9999999799342189
1.0000000084744221
1.0000000369910484
1.0000000654152315
1.0000000936783264
1.0000001217120777
1.0000001494487822
1.0000001768214501
1.0000002037639650
1.0000002302112450
1.0000002560993970
1.0000002813658697
1.0000003059496028
1.0000003297911724
1.0000003528329364
1.0000003750191715
1.0000003962962067
1.0000004166125509
1.0000004359190180
1.0000004541688432
1.0000004713177988
1.0000004873242969
1.0000005021494902
1.0000005157573648
1.0000005281148263
1.0000005391917799
1.0000005489612029
1.0000005573992101
1.0000005644851095
1.0000005702014516
1.0000005745340730
1.0000005774721303
1.0000005790081266
1.0000005791379294
1.0000005778607814
1.0000005751793011
1.0000005710994777
1.0000005656306574
1.0000005587855214
1.0000005505800542
1.0000005410335058
1.0000005301683474
1.0000005180102178
1.0000005045878630
1.0000004899330652
1.0000004740805697
1.0000004570679999
1.0000004389357671
1.0000004197269765
1.0000003994873230
1.0000003782649816
1.0000003561104929
1.0000003330766436
1.0000003092183387
1.0000002845924711
1.0000002592577850
1.0000002332747360
1.0000002067053460
1.0000001796130560
1.0000001520625739
1.0000001241197207
1.0000000958512727
1.0000000673248022
1.0000000386085153
1.0000000097710899
0.9999999808815100
0.9999999520088997
0.9999999232223608
0.9999998945908052
0.9999998661827921
0.9999998380663645
0.9999998103088855
0.9999997829768763
0.9999997561358577
0.9999997298501943
0.9999997041829399
0.9999996791956853
0.9999996549484119
0.9999996314993480
0.9999996089048308
0.9999995872191700
0.9999995664945180
0.9999995467807458
0.9999995281253224
0.9999995105732038
0.9999994941667234
0.9999994789454908
0.9999994649462951
0.9999994522030190
0.9999994407465558
0.9999994306047367
0.9999994218022643
0.9999994143606517
0.9999994082981721
0.9999994036298148
0.9999994003672484
0.9999993985187936
0.9999993980894014
0.9999993990806428
0.9999994014907033
0.9999994053143864
0.9999994105431276
0.9999994171650139
0.9999994251648113
0.9999994345240012
0.9999994452208242
0.9999994572303325
0.9999994705244484
0.9999994850720320
0.9999995008389522
0.9999995177881716
0.9999995358798337
0.9999995550713572
0.9999995753175359
0.9999995965706486
0.9999996187805719
0.9999996418949003
0.9999996658590710
0.9999996906164924
0.9999997161086804
0.9999997422753977
0.9999997690547964
0.9999997963835661
0.9999998241970836
0.9999998524295685
0.9999998810142402
0.9999999098834763
0.9999999389689739
0.9999999682019123
0.9999999975131185
1.0000000268332310
1.0000000560928664
1.0000000852227835
1.0000001141540475
1.0000001428181979
1.0000001711474078
1.0000001990746468
1.0000002265338417
1.0000002534600338
1.0000002797895315
1.0000003054600641
1.0000003304109315
1.0000003545831468
1.0000003779195779
1.0000004003650831
1.0000004218666430
1.0000004423734865
1.0000004618372129
1.0000004802119069
1.0000004974542469
1.0000005135236074
1.0000005283821580
1.0000005419949527
1.0000005543300132
1.0000005653584052
1.0000005750543068
1.0000005833950696
1.0000005903612716
1.0000005959367662
1.0000006001087169
1.0000006028676309
1.0000006042073799
1.0000006041252161
1.0000006026217771
1.0000005997010835
1.0000005953705293
1.0000005896408646
1.0000005825261702
1.0000005740438223
1.0000005642144527
