1.0000743218321031
1.0000733875819725
1.0000722785951341
1.0000709975312148
1.0000695474606371
1.0000679318572854
1.0000661545902061
1.0000642199143652
1.0000621324604890
1.0000598972240022
1.0000575195530976
1.0000550051359609
1.0000523599871864
1.0000495904334112
1.0000467030982061
1.0000437048862538
1.0000406029668585
1.0000374047568181
1.0000341179027090
1.0000307502626196
1.0000273098873769
1.0000238050013133
1.0000202439826167
1.0000166353433129
1.0000129877089257
1.0000093097978666
1.0000056104005983
1.0000018983586296
0.9999981825433832
0.9999944718349926
0.9999907751010755
0.9999871011755384
0.9999834588374575
0.9999798567900909
0.9999763036400702
0.9999728078768232
0.9999693778522754
0.9999660217608797
0.9999627476200204
0.9999595632508431
0.9999564762595478
0.9999534940191963
0.9999506236520805
0.9999478720126858
0.9999452456712971
0.9999427508982829
0.9999403936490970
0.9999381795500341
0.9999361138847704
0.9999342015817243
0.9999324472022683
0.9999308549298185
0.9999294285598305
0.9999281714907200
0.9999270867157386
0.9999261768158140
0.9999254439533803
0.9999248898672111
0.9999245158682634
0.9999243228365485
0.9999243112190338
0.9999244810285813
0.9999248318439256
0.9999253628106913
0.9999260726434491
0.9999269596288012
0.9999280216294917
0.9999292560895345
0.9999306600403394
0.9999322301078279
0.9999339625205198
0.9999358531185704
0.9999378973637383
0.9999400903502554
0.9999424268165797
0.9999449011579991
0.9999475074400517
0.9999502394127391
0.9999530905254932
0.9999560539428608
0.9999591225608692
0.9999622890240307
0.9999655457429539
0.9999688849125086
0.9999722985305063
0.9999757784168554
0.9999793162331342
0.9999829035025456
0.9999865316301998
0.9999901919236769
0.9999938756138224
0.9999975738757257
1.0000012778498308
1.0000049786631253
1.0000086674503639
1.0000123353752679
1.0000159736516565
1.0000195735644561
1.0000231264905397
1.0000266239193421
1.0000300574732057
1.0000334189274078
1.0000367002298225
1.0000398935201653
1.0000429911487825
1.0000459856949337
1.0000488699845267
1.0000516371072627
1.0000542804331491
1.0000567936283422
1.0000591706702830
1.0000614058620878
1.0000634938461597
1.0000654296169904
1.0000672085331221
1.0000688263282376
1.0000702791213520
1.0000715634260904
1.0000726761590180
1.0000736146470095
1.0000743766336364
1.0000749602845636
1.0000753641919362
1.0000755873777478
1.0000756292961825
1.0000754898349253
1.0000751693154373
1.0000746684921942
1.0000739885508938
1.0000731311056339
1.0000720981950619
1.0000708922775177
1.0000695162251696
1.0000679733171660
1.0000662672318112
1.0000644020377907
1.0000623821844608
1.0000602124912332
1.0000578981360728
1.0000554446431391
1.0000528578696000
1.0000501439916494
1.0000473094897619
1.0000443611332224
1.0000413059639608
1.0000381512797381
1.0000349046167194
1.0000315737314747
1.0000281665824502
1.0000246913109603
1.0000211562217374
1.0000175697630920
1.0000139405067290
1.0000102771272663
1.0000065883815039
1.0000028830874967
0.9999991701034791
0.9999954583066911
0.9999917565721601
0.9999880737514820
0.9999844186516594
0.9999808000140417
0.9999772264934247
0.9999737066373519
0.9999702488656718
0.9999668614503981
0.9999635524959244
0.9999603299196349
0.9999572014329633
0.9999541745229426
0.9999512564342891
0.9999484541520663
0.9999457743849668
0.9999432235492562
0.9999408077534160
0.9999385327835196
0.9999364040893819
0.9999344267715093
0.9999326055688886
0.9999309448476366
0.9999294485905428
0.9999281203875324
0.9999269634270652
0.9999259804884956
0.9999251739354132
0.9999245457099765
0.9999240973282567
0.9999238298765986
0.9999237440090116
0.9999238399455965
0.9999241174720089
0.9999245759399653
0.9999252142687831
0.9999260309479590
0.9999270240407764
0.9999281911889318
0.9999295296181719
0.9999310361449211
0.9999327071838938
0.9999345387566649
0.9999365265011807
0.9999386656821894
0.9999409512025648
0.9999433776154936
0.9999459391375016
0.9999486296622793
0.9999514427752840
0.9999543717690784
0.9999574096593660
0.9999605492016905
0.9999637829087579
0.9999671030683355
0.9999705017616899
0.9999739708825166
0.9999775021563174
0.9999810871601786
0.9999847173429046
0.9999883840454534
0.9999920785216292
0.9999957919589838
0.9999995154998746
1.0000032402626302
1.0000069573627666
1.0000106579342143
1.0000143331505003
1.0000179742458302
1.0000215725360260
1.0000251194392662
1.0000286064965811
1.0000320253920532
1.0000353679726737
1.0000386262678094
1.0000417925082317
1.0000448591446667
1.0000478188658146
1.0000506646157998
1.0000533896110124
1.0000559873562997
1.0000584516604658
1.0000607766510461
1.0000629567883199
1.0000649868785267
1.0000668620862549
1.0000685779459790
1.0000701303727113
1.0000715156717435
1.0000727305474602
1.0000737721111947
1.0000746378881176
1.0000753258231332
1.0000758342857794
1.0000761620741112
1.0000763084175623
1.0000762729787755
1.0000760558543995
1.0000756575748528
1.0000750791030517
1.0000743218321031
1.0000733875819725
1.0000722785951341
1.0000709975312148
