1.0161088869781738
1.0159084575303956
1.0156706835150451
1.0153960919225047
1.0150852920046360
1.0147389742410291
1.0143579091594168
1.0139429460092437
1.0134950112873478
1.0130151071147029
1.0125043094632005
1.0119637662314964
1.0113946951690518
1.0107983816476356
1.0101761762797310
1.0095294923835125
1.0088598032943237
1.0081686395229112
1.0074575857610282
1.0067282777354409
1.0059823989118362
1.0052216770506461
1.0044478806173649
1.0036628150505520
1.0028683188913821
1.0020662597792944
1.0012585303190580
1.0004470438253441
0.9996337299517138
0.9988205302117847
0.9980093934012044
0.9972022709299435
0.9964011120753203
0.9956078591670566
0.9948244427165499
0.9940527765034227
0.9932947526332440
0.9925522365811265
0.9918270622366588
0.9911210269663272
0.9904358867102094
0.9897733511302910
0.9891350788281890
0.9885226726504570
0.9879376750998817
0.9873815638713250
0.9868557475306888
0.9863615613554599
0.9859002633550402
0.9854730304886891
0.9850809550983809
0.9847250415732069
0.9844062032611560
0.9841252596431691
0.9838829337832963
0.9836798500675941
0.9835165322430975
0.9833934017667936
0.9833107764730230
0.9832688695661609
0.9832677889437726
0.9833075368537639
0.9833880098873022
0.9835089993075479
0.9836701917124887
0.9838711700284475
0.9841114148291218
0.9843903059733886
0.9847071245535083
0.9850610551438659
0.9854511883389767
0.9858765235681686
0.9863359721731642
0.9868283607337124
0.9873524346254721
0.9879068617935473
0.9884902367243994
0.9891010845983362
0.9897378656043698
0.9903989793990033
0.9910827696903737
0.9917875289291905
0.9925115030880426
0.9932528965108994
0.9940098768149875
0.9947805798276808
0.9955631145415949
0.9963555680716946
0.9971560105989247
0.9979625002856296
0.9987730881488228
0.9995858228782145
1.0003987555867679
1.0012099444824423
1.0020174594506790
1.0028193865380695
1.0036138323285408
1.0043989282042582
1.0051728344842987
1.0059337444349612
1.0066798881463683
1.0074095362707769
1.0081210036186945
1.0088126526095937
1.0094828965746068
1.0101302029091630
1.0107530960740567
1.0113501604438802
1.0119200430021971
1.0124614558831810
1.0129731787597753
1.0134540610786920
1.0139030241427989
1.0143190630416223
1.0147012484308291
1.0150487281616474
1.0153607287612549
1.0156365567651773
1.0158755999027411
1.0160773281365916
1.0162412945572132
1.0163671361333146
1.0164545743188349
1.0165034155172039
1.0165135514033523
1.0164849591038230
1.0164177012351818
1.0163119258007722
1.0161678659456881
1.0159858395696975
1.0157662487976942
1.0155095793071072
1.0152163995115737
1.0148873596000709
1.0145231904305967
1.0141247022774207
1.0136927834308760
1.0132283986486368
1.0127325874574433
1.0122064623042635
1.0116512065559706
1.0110680723467271
1.0104583782724197
1.0098235069316965
1.0091649023134039
1.0084840670305026
1.0077825594008987
1.0070619903760081
1.0063240203183133
1.0055703556296676
1.0048027452326385
1.0040229769077729
1.0032328734903144
1.0024342889305780
1.0016291042229131
1.0008192232089685
1.0000065682617527
0.9991930758578393
0.9983806920459185
0.9975713678207685
0.9967670544126238
0.9959696985028017
0.9951812373773474
0.9944035940313327
0.9936386722373050
0.9928883515921959
0.9921544825577996
0.9914388815106413
0.9907433258177331
0.9900695489553033
0.9894192356880948
0.9887940173272276
0.9881954670849534
0.9876250955448087
0.9870843462657520
0.9865745915388378
0.9860971283147776
0.9856531743204352
0.9852438643818409
0.9848702469707109
0.9845332809907329
0.9842338328189952
0.9839726736169392
0.9837504769240857
0.9835678165465263
0.9834251647508249
0.9833228907725090
0.9832612596467936
0.9832404313675552
0.9832604603789181
0.9833212954020811
0.9834227795982899
0.9835646510671081
0.9837465436773924
0.9839679882266715
0.9842284139229519
0.9845271501813554
0.9848634287264544
0.9852363859897010
0.9856450657899914
0.9860884222841568
0.9865653231730248
0.9870745531477038
0.9876148175598575
0.9881847462989973
0.9887828978592248
0.9894077635773928
0.9900577720243340
0.9907312935306142
0.9914266448282324
0.9921420937897395
0.9928758642464602
0.9936261408678014
0.9943910740840403
0.9951687850354916
0.9959573705315474
0.9967549080037341
0.9975594604376725
0.9983690812695997
0.9991818192339338
0.9999957231492250
1.0008088466307075
1.0016192527185634
1.0024250184119041
1.0032242390993602
1.0040150328780595
1.0047955447536305
1.0055639507147007
1.0063184616761651
1.0070573272862664
1.0077788395932648
1.0084813365681526
1.0091632054805137
1.0098228861252194
1.0104588738981939
1.0110697227199785
1.0116540478062637
1.0122105282849476
1.0127379096596327
1.0132350061197535
1.0137007026977896
1.0141339572742030
1.0145338024309150
1.0148993471542462
1.0152297783883151
1.0155243624399533
1.0157824462361846
1.0160034584353024
1.0161869103925252
1.0163323969811473
1.0164395972699922
1.0165082750578720
1.0165382792656252
1.0165295441861599
1.0164820895927842
1.0163960207059419
1.0162715280183259
1.0161088869781738
1.0159084575303956
1.0156706835150451
1.0153960919225047
