1.0001213528851738
1.0001198250886949
1.0001180118426178
1.0001159174923040
1.0001135470541556
1.0001109062036451
1.0001080012617698
1.0001048391799678
1.0001014275235276
1.0000977744535360
1.0000938887074009
1.0000897795780010
1.0000854568915087
1.0000809309839358
1.0000762126764642
1.0000713132496166
1.0000662444163302
1.0000610182939902
1.0000556473755007
1.0000501444994572
1.0000445228194874
1.0000387957728398
1.0000329770482914
1.0000270805534499
1.0000211203815317
1.0000151107776944
1.0000090661049994
1.0000030008100911
0.9999969293886724
0.9999908663508597
0.9999848261865006
0.9999788233305341
0.9999728721284804
0.9999669868021418
0.9999611814155931
0.9999554698415469
0.9999498657281750
0.9999443824664603
0.9999390331581639
0.9999338305844806
0.9999287871754583
0.9999239149802535
0.9999192256382984
0.9999147303514471
0.9999104398571623
0.9999063644028172
0.9999025137211666
0.9998988970070488
0.9998955228953749
0.9998923994404566
0.9998895340967240
0.9998869337008818
0.9998846044555412
0.9998825519143719
0.9998807809688082
0.9998792958363389
0.9998781000504173
0.9998771964520039
0.9998765871827697
0.9998762736799779
0.9998762566730519
0.9998765361818395
0.9998771115165783
0.9998779812795618
0.9998791433684999
0.9998805949815702
0.9998823326241431
0.9998843521171689
0.9998866486072046
0.9998892165780521
0.9998920498639902
0.9998951416645572
0.9998984845608556
0.9999020705333377
0.9999058909810261
0.9999099367421296
0.9999141981159981
0.9999186648863652
0.9999233263458267
0.9999281713214920
0.9999331882017461
0.9999383649640611
0.9999436892037883
0.9999491481638638
0.9999547287653520
0.9999604176387568
0.9999662011560253
0.9999720654631671
0.9999779965134089
0.9999839801008082
0.9999900018942418
0.9999960474716922
1.0000021023547470
1.0000081520432256
1.0000141820498580
1.0000201779349285
1.0000261253408000
1.0000320100262370
1.0000378179004505
1.0000435350567765
1.0000491478059101
1.0000546427086188
1.0000600066078531
1.0000652266601819
1.0000702903664753
1.0000751856017613
1.0000799006441838
1.0000844242030014
1.0000887454455476
1.0000928540231018
1.0000967400955980
1.0001003943551201
1.0001038080481233
1.0001069729963326
1.0001098816162679
1.0001125269373483
1.0001149026185314
1.0001170029634516
1.0001188229340210
1.0001203581624565
1.0001216049617088
1.0001225603342667
1.0001232219793184
1.0001235882982478
1.0001236583984578
1.0001234320955112
1.0001229099135795
1.0001220930842025
1.0001209835433613
1.0001195839268722
1.0001178975641083
1.0001159284700671
1.0001136813358047
1.0001111615172555
1.0001083750224637
1.0001053284972603
1.0001020292094185
1.0000984850313226
1.0000947044211925
1.0000906964029128
1.0000864705445061
1.0000820369353061
1.0000774061618889
1.0000725892828102
1.0000675978022153
1.0000624436423846
1.0000571391152751
1.0000516968931294
1.0000461299782228
1.0000404516718173
1.0000346755423988
1.0000288153932690
1.0000228852295769
1.0000168992248626
1.0000108716871918
1.0000048170249689
0.9999987497125061
0.9999926842554253
0.9999866351559860
0.9999806168784130
0.9999746438143129
0.9999687302482603
0.9999628903236348
0.9999571380087916
0.9999514870636464
0.9999459510067539
0.9999405430829608
0.9999352762317126
0.9999301630560828
0.9999252157926043
0.9999204462819772
0.9999158659407190
0.9999114857338286
0.9999073161485278
0.9999033671691427
0.9998996482531898
0.9998961683087199
0.9998929356729759
0.9998899580924163
0.9998872427041521
0.9998847960188407
0.9998826239050809
0.9998807315753440
0.9998791235734763
0.9998778037638021
0.9998767753218541
0.9998760407267550
0.9998756017552634
0.9998754594775068
0.9998756142544063
0.9998760657367989
0.9998768128662615
0.9998778538776345
0.9998791863032385
0.9998808069787717
0.9998827120508799
0.9998848969863735
0.9998873565830740
0.9998900849822632
0.9998930756827057
0.9998963215562061
0.9998998148646703
0.9999035472786244
0.9999075098971497
0.9999116932691839
0.9999160874161387
0.9999206818557766
0.9999254656272958
0.9999304273175529
0.9999355550883702
0.9999408367048578
0.9999462595646824
0.9999518107282102
0.9999574769494551
0.9999632447077570
0.9999691002401124
0.9999750295740835
0.9999810185612015
0.9999870529107893
0.9999931182241210
0.9999992000288328
1.0000052838135107
1.0000113550623637
1.0000173992899051
1.0000234020755556
1.0000293490980907
1.0000352261698440
1.0000410192705866
1.0000467145810070
1.0000522985157048
1.0000577577556220
1.0000630792798344
1.0000682503966305
1.0000732587737962
1.0000780924680430
1.0000827399535053
1.0000871901492356
1.0000914324456387
1.0000954567297757
1.0000992534094828
1.0001028134362466
1.0001061283267787
1.0001091901832406
1.0001119917120731
1.0001145262413818
1.0001167877368382
1.0001187708160615
1.0001204707614433
1.0001218835313863
1.0001230057699328
1.0001238348147559
1.0001243687034960
1.0001246061784308
1.0001245466894653
1.0001241903954321
1.0001235381637015
1.0001225915681056
1.0001213528851738
1.0001198250886949
1.0001180118426178
1.0001159174923040
