1.0000000101027580
1.0000000099973736
1.0000000098696071
1.0000000097197848
1.0000000095482844
1.0000000093555337
1.0000000091420118
1.0000000089082466
1.0000000086548133
1.0000000083823330
1.0000000080914726
1.0000000077829416
1.0000000074574900
1.0000000071159061
1.0000000067590162
1.0000000063876813
1.0000000060027965
1.0000000056052887
1.0000000051961142
1.0000000047762561
1.0000000043467225
1.0000000039085455
1.0000000034627741
1.0000000030104748
1.0000000025527296
1.0000000020906330
1.0000000016252883
1.0000000011578061
1.0000000006893011
1.0000000002208893
0.9999999997536861
0.9999999992888009
0.9999999988273367
0.9999999983703857
0.9999999979190292
0.9999999974743350
0.9999999970373549
0.9999999966091199
0.9999999961906390
0.9999999957828976
0.9999999953868542
0.9999999950034384
0.9999999946335499
0.9999999942780557
0.9999999939377868
0.9999999936135363
0.9999999933060577
0.9999999930160638
0.9999999927442240
0.9999999924911643
0.9999999922574648
0.9999999920436576
0.9999999918502268
0.9999999916776074
0.9999999915261847
0.9999999913962927
0.9999999912882135
0.9999999912021751
0.9999999911383520
0.9999999910968642
0.9999999910777778
0.9999999910811050
0.9999999911068030
0.9999999911547752
0.9999999912248723
0.9999999913168907
0.9999999914305738
0.9999999915656131
0.9999999917216494
0.9999999918982716
0.9999999920950201
0.9999999923113861
0.9999999925468136
0.9999999928007020
0.9999999930724048
0.9999999933612316
0.9999999936664512
0.9999999939872934
0.9999999943229496
0.9999999946725762
0.9999999950352958
0.9999999954101996
0.9999999957963501
0.9999999961927809
0.9999999965985014
0.9999999970124995
0.9999999974337443
0.9999999978611859
0.9999999982937597
0.9999999987303890
0.9999999991699867
0.9999999996114584
1.0000000000537062
1.0000000004956295
1.0000000009361283
1.0000000013741068
1.0000000018084767
1.0000000022381585
1.0000000026620832
1.0000000030791949
1.0000000034884553
1.0000000038888461
1.0000000042793706
1.0000000046590551
1.0000000050269520
1.0000000053821416
1.0000000057237364
1.0000000060508816
1.0000000063627561
1.0000000066585772
1.0000000069376005
1.0000000071991220
1.0000000074424806
1.0000000076670594
1.0000000078722870
1.0000000080576388
1.0000000082226381
1.0000000083668563
1.0000000084899148
1.0000000085914880
1.0000000086713026
1.0000000087291392
1.0000000087648313
1.0000000087782654
1.0000000087693814
1.0000000087381744
1.0000000086846927
1.0000000086090388
1.0000000085113683
1.0000000083918910
1.0000000082508709
1.0000000080886242
1.0000000079055178
1.0000000077019680
1.0000000074784416
1.0000000072354547
1.0000000069735702
1.0000000066933972
1.0000000063955907
1.0000000060808483
1.0000000057499088
1.0000000054035525
1.0000000050425966
1.0000000046678947
1.0000000042803332
1.0000000038808288
1.0000000034703285
1.0000000030498066
1.0000000026202629
1.0000000021827209
1.0000000017382240
1.0000000012878336
1.0000000008326249
1.0000000003736857
0.9999999999121145
0.9999999994490170
0.9999999989855036
0.9999999985226866
0.9999999980616769
0.9999999976035835
0.9999999971495082
0.9999999967005436
0.9999999962577724
0.9999999958222627
0.9999999953950672
0.9999999949772204
0.9999999945697349
0.9999999941735992
0.9999999937897760
0.9999999934191998
0.9999999930627734
0.9999999927213667
0.9999999923958157
0.9999999920869190
0.9999999917954353
0.9999999915220840
0.9999999912675407
0.9999999910324368
0.9999999908173585
0.9999999906228452
0.9999999904493893
0.9999999902974320
0.9999999901673636
0.9999999900595221
0.9999999899741935
0.9999999899116119
0.9999999898719582
0.9999999898553590
0.9999999898618869
0.9999999898915595
0.9999999899443396
0.9999999900201353
0.9999999901187997
0.9999999902401330
0.9999999903838822
0.9999999905497412
0.9999999907373510
0.9999999909463002
0.9999999911761270
0.9999999914263207
0.9999999916963214
0.9999999919855238
0.9999999922932771
0.9999999926188854
0.9999999929616109
0.9999999933206740
0.9999999936952580
0.9999999940845101
0.9999999944875415
0.9999999949034297
0.9999999953312212
0.9999999957699347
0.9999999962185624
0.9999999966760739
0.9999999971414169
0.9999999976135204
0.9999999980912996
0.9999999985736551
0.9999999990594769
0.9999999995476474
1.0000000000370441
1.0000000005265406
1.0000000010150087
1.0000000015013233
1.0000000019843631
1.0000000024630151
1.0000000029361771
1.0000000034027594
1.0000000038616890
1.0000000043119104
1.0000000047523880
1.0000000051821090
1.0000000056000848
1.0000000060053551
1.0000000063969898
1.0000000067740913
1.0000000071357966
1.0000000074812794
1.0000000078097522
1.0000000081204679
1.0000000084127205
1.0000000086858478
1.0000000089392320
1.0000000091723034
1.0000000093845389
1.0000000095754646
1.0000000097446555
1.0000000098917381
1.0000000100163922
1.0000000101183504
1.0000000101974000
1.0000000102533813
1.0000000102861883
1.0000000102957709
1.0000000102821325
1.0000000102453324
1.0000000101854849
1.0000000101027580
1.0000000099973736
1.0000000098696071
1.0000000097197848
