1.0002589847404748
1.0002557181396163
1.0002518420218056
1.0002473656638022
1.0002422997746874
1.0002366564703735
1.0002304492447660
1.0002236929376427
1.0002164036993288
1.0002085989522462
1.0002002973494337
1.0001915187301282
1.0001822840725199
1.0001726154437840
1.0001625359475124
1.0001520696686663
1.0001412416161823
1.0001300776633670
1.0001186044862154
1.0001068494998060
1.0000948407929200
1.0000826070610385
1.0000701775378811
1.0000575819256412
1.0000448503240882
1.0000320131587035
1.0000191011080228
1.0000061450303592
0.9999931758900756
0.9999802246835865
0.9999673223652678
0.9999544997734494
0.9999417875566659
0.9999292161003422
0.9999168154540949
0.9999046152598178
0.9998926446807307
0.9998809323315543
0.9998695062099853
0.9998583936296350
0.9998476211545908
0.9998372145357631
0.9998271986491684
0.9998175974362948
0.9998084338467018
0.9997997297829873
0.9997915060482567
0.9997837822962222
0.9997765769840536
0.9997699073280909
0.9997637892625361
0.9997582374012107
0.9997532650024856
0.9997488839374575
0.9997451046614576
0.9997419361889582
0.9997393860719364
0.9997374603817535
0.9997361636945896
0.9997354990804680
0.9997354680958987
0.9997360707801588
0.9997373056552191
0.9997391697293180
0.9997416585041693
0.9997447659857895
0.9997484846989212
0.9997528057050108
0.9997577186237016
0.9997632116577869
0.9997692716215687
0.9997758839725430
0.9997830328463413
0.9997907010948415
0.9997988703273565
0.9998075209548009
0.9998166322367223
0.9998261823310942
0.9998361483467375
0.9998465063982540
0.9998572316633318
0.9998682984422839
0.9998796802196820
0.9998913497279314
0.9999032790126334
0.9999154394995794
0.9999278020632143
0.9999403370964053
0.9999530145813474
0.9999658041614354
0.9999786752139261
0.9999915969232231
1.0000045383546021
1.0000174685282055
1.0000303564931243
1.0000431714013933
1.0000558825817223
1.0000684596127867
1.0000808723959020
1.0000930912269124
1.0001050868671186
1.0001168306130801
1.0001282943651213
1.0001394506943844
1.0001502729082645
1.0001607351140771
1.0001708122808033
1.0001804802987737
1.0001897160371380
1.0001984973989935
1.0002068033740439
1.0002146140886570
1.0002219108532091
1.0002286762066046
1.0002348939578622
1.0002405492246718
1.0002456284688341
1.0002501195284945
1.0002540116471010
1.0002572954990150
1.0002599632117135
1.0002620083845373
1.0002634261039340
1.0002642129551627
1.0002643670304336
1.0002638879334653
1.0002627767804415
1.0002610361973758
1.0002586703138809
1.0002556847533624
1.0002520866196583
1.0002478844801561
1.0002430883454285
1.0002377096454307
1.0002317612023199
1.0002252571999597
1.0002182131501784
1.0002106458558644
1.0002025733709814
1.0001940149576005
1.0001849910400480
1.0001755231562770
1.0001656339065772
1.0001553468997477
1.0001446866968540
1.0001336787527044
1.0001223493551847
1.0001107255625934
1.0000988351391240
1.0000867064886512
1.0000743685869740
1.0000618509126784
1.0000491833767835
1.0000363962513377
1.0000235200971352
1.0000105856907258
0.9999976239508869
0.9999846658647402
0.9999717424136830
0.9999588844993177
0.9999461228695530
0.9999334880450521
0.9999210102462071
0.9999087193208109
0.9998966446726067
0.9998848151908810
0.9998732591812738
0.9998620042979656
0.9998510774774120
0.9998405048737866
0.9998303117962806
0.9998205226484157
0.9998111608695157
0.9998022488784808
0.9997938080199977
0.9997858585133155
0.9997784194037137
0.9997715085167821
0.9997651424156155
0.9997593363610396
0.9997541042749547
0.9997494587068884
0.9997454108038425
0.9997419702835030
0.9997391454108820
0.9997369429784471
0.9997353682897842
0.9997344251468387
0.9997341158407612
0.9997344411463839
0.9997354003203377
0.9997369911028188
0.9997392097229963
0.9997420509080488
0.9997455078958086
0.9997495724509857
0.9997542348849252
0.9997594840788571
0.9997653075105769
0.9997716912844924
0.9997786201649685
0.9997860776128823
0.9997940458253031
0.9998025057781994
0.9998114372720727
0.9998208189804015
0.9998306285007840
0.9998408424086486
0.9998514363134077
0.9998623849169191
0.9998736620741105
0.9998852408556201
0.9998970936123051
0.9999091920414565
0.9999215072545680
0.9999340098464927
0.9999466699658189
0.9999594573862975
0.9999723415791490
0.9999852917860811
0.9999982770928294
1.0000112665030594
1.0000242290124435
1.0000371336827403
1.0000499497156967
1.0000626465265978
1.0000751938172874
1.0000875616484890
1.0000997205112518
1.0001116413973523
1.0001232958684845
1.0001346561240751
1.0001456950675636
1.0001563863709892
1.0001667045377298
1.0001766249632487
1.0001861239937022
1.0001951789822729
1.0002037683430907
1.0002118716026205
1.0002194694483930
1.0002265437749625
1.0002330777269843
1.0002390557393117
1.0002444635740171
1.0002492883542520
1.0002535185948622
1.0002571442296955
1.0002601566355251
1.0002625486525443
1.0002643146013743
1.0002654502965564
1.0002659530564855
1.0002658217097713
1.0002650565980051
1.0002636595749319
1.0002616340020245
1.0002589847404748
1.0002557181396163
1.0002518420218056
1.0002473656638022
