1.0432801540474277
1.0427585698542350
1.0421395050898732
1.0414241599801375
1.0406139255956408
1.0397103830381056
1.0387153024779860
1.0376306420293953
1.0364585464466709
1.0352013456253326
1.0338615528886317
1.0324418630394068
1.0309451501555513
1.0293744651060757
1.0277330327635248
1.0260242488874243
1.0242516766524976
1.0224190427946198
1.0205302333469219
1.0185892889381365
1.0166003996251947
1.0145678992323313
1.0124962591695104
1.0103900817039089
1.0082540926595298
1.0060931335217742
1.0039121529260320
1.0017161975120781
0.9995104021293081
0.9972999793816489
0.9950902085053343
0.9928864235776620
0.9906940010603439
0.9885183466871100
0.9863648817118219
0.9842390285404239
0.9821461957775980
0.9800917627268982
0.9780810633913521
0.9761193700299382
0.9742118763338574
0.9723636802949879
0.9705797668472126
0.9688649903692736
0.9672240571452878
0.9656615078858902
0.9641817004189638
0.9627887926639184
0.9614867260073399
0.9602792092003889
0.9591697028994531
0.9581614049711331
0.9572572366806186
0.9564598298787833
0.9557715152979320
0.9551943120590398
0.9547299184846335
0.9543797043012403
0.9541447043037153
0.9540256135409350
0.9540227840684836
0.9541362232993321
0.9543655939683090
0.9547102157107165
0.9551690682399679
0.9557407960939248
0.9564237149049399
0.9572158191347202
0.9581147912022466
0.9591180119213143
0.9602225721539722
0.9614252855773721
0.9627227024543796
0.9641111242928176
0.9655866192744207
0.9671450383324711
0.9687820317566015
0.9704930662042986
0.9722734420011507
0.9741183106156693
0.9760226921994801
0.9779814930896350
0.9799895231765900
0.9820415130488429
0.9841321308331772
0.9862559986577500
0.9884077086737212
0.9905818385796389
0.9927729666012231
0.9949756858874020
0.9971846182913933
0.9993944275131716
1.0015998315867640
1.0037956147024258
1.0059766383598279
1.0081378518539017
1.0102743020999456
1.0123811428089731
1.0144536430281132
1.0164871950641363
1.0184773218109353
1.0204196835040431
1.0223100839270489
1.0241444760961145
1.0259189674497486
1.0276298245715656
1.0292734774740011
1.0308465234709130
1.0323457306666670
1.0337680410887604
1.0351105734902846
1.0363706258475964
1.0375456775774756
1.0386333914968440
1.0396316155467957
1.0405383843012852
1.0413519202793224
1.0420706350780042
1.0426931303420965
1.0432181985842681
1.0436448238684153
1.0439721823668366
1.0441996428003253
1.0443267667685288
1.0443533089762165
1.0442792173593713
1.0441046331132986
1.0438298906232109
1.0434555172960240
1.0429822332903731
1.0424109511401249
1.0417427752649471
1.0409790013597897
1.0401211156534123
1.0391707940244175
1.0381299009615690
1.0370004883535353
1.0357847940915776
1.0344852404671363
1.0331044323447458
1.0316451550892662
1.0301103722250364
1.0285032228032820
1.0268270184529618
1.0250852400892121
1.0232815342526909
1.0214197090524699
1.0195037296846576
1.0175377134987533
1.0155259245837969
1.0134727678467808
1.0113827825565336
1.0092606353274050
1.0071111125186274
1.0049391120272286
1.0027496344548381
1.0005477736317321
0.9983387064849816
0.9961276822416503
0.9939200109626406
0.9917210514080016
0.9895361982402971
0.9873708685789684
0.9852304879254691
0.9831204754862807
0.9810462289286545
0.9790131086120065
0.9770264213462444
0.9750914037367731
0.9732132051844654
0.9713968706172788
0.9696473230383689
0.9679693459833039
0.9663675659861493
0.9648464351606385
0.9634102140081645
0.9620629545687789
0.9608084840345943
0.9596503889468475
0.9585920000982275
0.9576363782608485
0.9567863008573574
0.9560442496880925
0.9554123998209398
0.9548926097426095
0.9544864128605663
0.9541950104338791
0.9540192659989946
0.9539597013430505
0.9540164940630418
0.9541894767341856
0.9544781376954655
0.9548816234448049
0.9553987426209477
0.9560279715341380
0.9567674611933726
0.9576150457645790
0.9585682523817725
0.9596243122222519
0.9607801727473489
0.9620325110022862
0.9633777478623756
0.9648120631081760
0.9663314112092853
0.9679315376951776
0.9696079959917946
0.9713561646044291
0.9731712645306043
0.9750483767910783
0.9769824599725934
0.9789683676824067
0.9810008658217930
0.9830746495934513
0.9851843601658964
0.9873246009263227
0.9894899532619519
0.9916749918183497
0.9938742991915646
0.9960824800190132
0.9982941744418014
1.0005040709185029
1.0027069183772834
1.0048975376995983
1.0070708325344990
1.0092217994478134
1.0113455374151332
1.0134372566716372
1.0154922869353173
1.0175060850231898
1.0194742418825566
1.0213924890613915
1.0232567046434848
1.0250629186751175
1.0268073181107811
1.0284862513058699
1.0300962320843627
1.0316339434093051
1.0330962406834778
1.0344801547069664
1.0357828943175011
1.0370018487384256
1.0381345896579917
1.0391788730624161
1.0401326408437643
1.0409940222022740
1.0417613348612142
1.0424330861108100
1.0430079736961506
1.0434848865623514
1.0438629054685709
1.0441413034808014
1.0443195463516395
1.0443972927935363
1.0443743946503072
1.0442508969699562
1.0440270379801440
1.0437032489658959
1.0432801540474277
1.0427585698542350
1.0421395050898732
1.0414241599801375
