1.0000000116184993
1.0000000114962078
1.0000000113481013
1.0000000111745575
1.0000000109760134
1.0000000107529645
1.0000000105059641
1.0000000102356228
1.0000000099426045
1.0000000096276258
1.0000000092914545
1.0000000089349099
1.0000000085588598
1.0000000081642153
1.0000000077519298
1.0000000073229991
1.0000000068784582
1.0000000064193793
1.0000000059468677
1.0000000054620606
1.0000000049661215
1.0000000044602402
1.0000000039456274
1.0000000034235148
1.0000000028951519
1.0000000023618001
1.0000000018247324
1.0000000012852295
1.0000000007445766
1.0000000002040599
0.9999999996649660
0.9999999991285764
0.9999999985961652
0.9999999980689958
0.9999999975483171
0.9999999970353614
0.9999999965313411
0.9999999960374460
0.9999999955548413
0.9999999950846630
0.9999999946280167
0.9999999941859761
0.9999999937595787
0.9999999933498234
0.9999999929576685
0.9999999925840291
0.9999999922297750
0.9999999918957292
0.9999999915826647
0.9999999912913030
0.9999999910223142
0.9999999907763132
0.9999999905538585
0.9999999903554520
0.9999999901815354
0.9999999900324931
0.9999999899086490
0.9999999898102669
0.9999999897375484
0.9999999896906316
0.9999999896695919
0.9999999896744433
0.9999999897051366
0.9999999897615617
0.9999999898435443
0.9999999899508495
0.9999999900831816
0.9999999902401835
0.9999999904214387
0.9999999906264704
0.9999999908547461
0.9999999911056772
0.9999999913786206
0.9999999916728809
0.9999999919877111
0.9999999923223153
0.9999999926758495
0.9999999930474233
0.9999999934361020
0.9999999938409101
0.9999999942608331
0.9999999946948195
0.9999999951417869
0.9999999956006208
0.9999999960701770
0.9999999965492856
0.9999999970367536
0.9999999975313685
0.9999999980319009
0.9999999985371065
0.9999999990457304
0.9999999995565113
1.0000000000681817
1.0000000005794720
1.0000000010891144
1.0000000015958430
1.0000000020984010
1.0000000025955411
1.0000000030860288
1.0000000035686454
1.0000000040421910
1.0000000045054884
1.0000000049573861
1.0000000053967597
1.0000000058225149
1.0000000062335903
1.0000000066289592
1.0000000070076343
1.0000000073686683
1.0000000077111577
1.0000000080342437
1.0000000083371134
1.0000000086190031
1.0000000088792003
1.0000000091170460
1.0000000093319330
1.0000000095233117
1.0000000096906874
1.0000000098336246
1.0000000099517456
1.0000000100447333
1.0000000101123332
1.0000000101543514
1.0000000101706561
1.0000000101611775
1.0000000101259086
1.0000000100649045
1.0000000099782831
1.0000000098662247
1.0000000097289699
1.0000000095668213
1.0000000093801429
1.0000000091693584
1.0000000089349499
1.0000000086774556
1.0000000083974721
1.0000000080956499
1.0000000077726918
1.0000000074293522
1.0000000070664359
1.0000000066847967
1.0000000062853331
1.0000000058689877
1.0000000054367448
1.0000000049896274
1.0000000045286954
1.0000000040550421
1.0000000035697927
1.0000000030741008
1.0000000025691471
1.0000000020561359
1.0000000015362904
1.0000000010108525
1.0000000004810785
0.9999999999482355
0.9999999994135994
0.9999999988784527
0.9999999983440794
0.9999999978117614
0.9999999972827791
0.9999999967584050
0.9999999962399019
0.9999999957285194
0.9999999952254911
0.9999999947320316
0.9999999942493348
0.9999999937785697
0.9999999933208779
0.9999999928773710
0.9999999924491276
0.9999999920371919
0.9999999916425690
0.9999999912662230
0.9999999909090755
0.9999999905720038
0.9999999902558375
0.9999999899613559
0.9999999896892874
0.9999999894403084
0.9999999892150414
0.9999999890140528
0.9999999888378533
0.9999999886868948
0.9999999885615705
0.9999999884622129
0.9999999883890923
0.9999999883424178
0.9999999883223355
0.9999999883289300
0.9999999883622200
0.9999999884221632
0.9999999885086548
0.9999999886215282
0.9999999887605524
0.9999999889254347
0.9999999891158199
0.9999999893312923
0.9999999895713786
0.9999999898355474
0.9999999901232096
0.9999999904337210
0.9999999907663824
0.9999999911204425
0.9999999914951000
0.9999999918895045
0.9999999923027568
0.9999999927339140
0.9999999931819918
0.9999999936459646
0.9999999941247699
0.9999999946173104
0.9999999951224550
0.9999999956390427
0.9999999961658856
0.9999999967017718
0.9999999972454663
0.9999999977957171
0.9999999983512549
0.9999999989107990
0.9999999994730594
1.0000000000367384
1.0000000006005350
1.0000000011631485
1.0000000017232809
1.0000000022796398
1.0000000028309419
1.0000000033759149
1.0000000039133015
1.0000000044418624
1.0000000049603808
1.0000000054676632
1.0000000059625418
1.0000000064438772
1.0000000069105617
1.0000000073615229
1.0000000077957263
1.0000000082121761
1.0000000086099174
1.0000000089880401
1.0000000093456811
1.0000000096820243
1.0000000099963042
1.0000000102878082
1.0000000105558771
1.0000000107999090
1.0000000110193590
1.0000000112137395
1.0000000113826231
1.0000000115256402
1.0000000116424812
1.0000000117328991
1.0000000117967109
1.0000000118337966
1.0000000118440981
1.0000000118276204
1.0000000117844303
1.0000000117146588
1.0000000116184993
1.0000000114962078
1.0000000113481013
1.0000000111745575
