1.0000000431470928
1.0000000426616444
1.0000000420783319
1.0000000413986088
1.0000000406241565
1.0000000397568805
1.0000000387989054
1.0000000377525702
1.0000000366204229
1.0000000354052132
1.0000000341098865
1.0000000327375764
1.0000000312915986
1.0000000297754417
1.0000000281927597
1.0000000265473630
1.0000000248432093
1.0000000230843933
1.0000000212751381
1.0000000194197833
1.0000000175227763
1.0000000155886624
1.0000000136220721
1.0000000116277128
1.0000000096103534
1.0000000075748159
1.0000000055259617
1.0000000034686813
1.0000000014078820
0.9999999993484762
0.9999999972953710
0.9999999952534557
0.9999999932275900
0.9999999912225920
0.9999999892432270
0.9999999872941951
0.9999999853801222
0.9999999835055484
0.9999999816749168
0.9999999798925628
0.9999999781627040
0.9999999764894303
0.9999999748766926
0.9999999733282950
0.9999999718478849
0.9999999704389446
0.9999999691047837
0.9999999678485300
0.9999999666731235
0.9999999655813077
0.9999999645756240
0.9999999636584059
0.9999999628317727
0.9999999620976254
0.9999999614576415
0.9999999609132720
0.9999999604657381
0.9999999601160263
0.9999999598648867
0.9999999597128320
0.9999999596601366
0.9999999597068346
0.9999999598527213
0.9999999600973534
0.9999999604400492
0.9999999608798925
0.9999999614157321
0.9999999620461858
0.9999999627696434
0.9999999635842729
0.9999999644880220
0.9999999654786235
0.9999999665536011
0.9999999677102775
0.9999999689457792
0.9999999702570433
0.9999999716408237
0.9999999730936998
0.9999999746120859
0.9999999761922373
0.9999999778302630
0.9999999795221319
0.9999999812636855
0.9999999830506446
0.9999999848786223
0.9999999867431333
0.9999999886396043
0.9999999905633840
0.9999999925097564
0.9999999944739516
0.9999999964511581
0.9999999984365320
1.0000000004252110
1.0000000024123252
1.0000000043930088
1.0000000063624113
1.0000000083157099
1.0000000102481208
1.0000000121549102
1.0000000140314069
1.0000000158730136
1.0000000176752171
1.0000000194335996
1.0000000211438471
1.0000000228017623
1.0000000244032741
1.0000000259444468
1.0000000274214906
1.0000000288307709
1.0000000301688168
1.0000000314323276
1.0000000326181824
1.0000000337234471
1.0000000347453821
1.0000000356814498
1.0000000365293193
1.0000000372868729
1.0000000379522105
1.0000000385236536
1.0000000389997508
1.0000000393792789
1.0000000396612483
1.0000000398449043
1.0000000399297289
1.0000000399154416
1.0000000398020019
1.0000000395896089
1.0000000392787005
1.0000000388699517
1.0000000383642751
1.0000000377628171
1.0000000370669553
1.0000000362782957
1.0000000353986700
1.0000000344301292
1.0000000333749388
1.0000000322355751
1.0000000310147170
1.0000000297152416
1.0000000283402164
1.0000000268928904
1.0000000253766883
1.0000000237952023
1.0000000221521834
1.0000000204515334
1.0000000186972942
1.0000000168936383
1.0000000150448605
1.0000000131553657
1.0000000112296596
1.0000000092723365
1.0000000072880690
1.0000000052815987
1.0000000032577214
1.0000000012212782
0.9999999991771429
0.9999999971302103
0.9999999950853850
0.9999999930475689
0.9999999910216507
0.9999999890124939
0.9999999870249234
0.9999999850637157
0.9999999831335860
0.9999999812391799
0.9999999793850597
0.9999999775756943
0.9999999758154478
0.9999999741085696
0.9999999724591837
0.9999999708712799
0.9999999693487032
0.9999999678951454
0.9999999665141365
0.9999999652090348
0.9999999639830206
0.9999999628390874
0.9999999617800349
0.9999999608084613
0.9999999599267586
0.9999999591371073
0.9999999584414693
0.9999999578415839
0.9999999573389634
0.9999999569348892
0.9999999566304080
0.9999999564263317
0.9999999563232339
0.9999999563214489
0.9999999564210712
0.9999999566219551
0.9999999569237140
0.9999999573257218
0.9999999578271145
0.9999999584267921
0.9999999591234207
0.9999999599154363
0.9999999608010496
0.9999999617782485
0.9999999628448032
0.9999999639982711
0.9999999652360029
0.9999999665551489
0.9999999679526663
0.9999999694253255
0.9999999709697176
0.9999999725822638
0.9999999742592228
0.9999999759967009
0.9999999777906601
0.9999999796369275
0.9999999815312063
0.9999999834690847
0.9999999854460474
0.9999999874574850
0.9999999894987048
0.9999999915649439
0.9999999936513807
0.9999999957531449
0.9999999978653298
0.9999999999830022
1.0000000021012165
1.0000000042150257
1.0000000063194916
1.0000000084096996
1.0000000104807678
1.0000000125278599
1.0000000145461965
1.0000000165310643
1.0000000184778313
1.0000000203819568
1.0000000222390018
1.0000000240446372
1.0000000257946553
1.0000000274849810
1.0000000291116793
1.0000000306709658
1.0000000321592168
1.0000000335729760
1.0000000349089639
1.0000000361640866
1.0000000373354421
1.0000000384203271
1.0000000394162429
1.0000000403209022
1.0000000411322338
1.0000000418483881
1.0000000424677402
1.0000000429888960
1.0000000434106946
1.0000000437322092
1.0000000439527494
1.0000000440718637
1.0000000440893406
1.0000000440052104
1.0000000438197445
1.0000000435334553
1.0000000431470928
1.0000000426616444
1.0000000420783319
1.0000000413986088
