1.0000000000404314
1.0000000000403710
1.0000000000402425
1.0000000000400464
1.0000000000397837
1.0000000000394551
1.0000000000390621
1.0000000000386051
1.0000000000380858
1.0000000000375060
1.0000000000368672
1.0000000000361720
1.0000000000354241
1.0000000000346256
1.0000000000337794
1.0000000000328872
1.0000000000319516
1.0000000000309734
1.0000000000299558
1.0000000000289018
1.0000000000278151
1.0000000000266982
1.0000000000255544
1.0000000000243854
1.0000000000231932
1.0000000000219804
1.0000000000207494
1.0000000000195037
1.0000000000182467
1.0000000000169815
1.0000000000157110
1.0000000000144380
1.0000000000131646
1.0000000000118943
1.0000000000106302
1.0000000000093758
1.0000000000081339
1.0000000000069076
1.0000000000056986
1.0000000000045095
1.0000000000033424
1.0000000000022000
1.0000000000010845
0.9999999999999990
0.9999999999989452
0.9999999999979253
0.9999999999969421
0.9999999999959979
0.9999999999950935
0.9999999999942311
0.9999999999934128
0.9999999999926409
0.9999999999919170
0.9999999999912433
0.9999999999906202
0.9999999999900495
0.9999999999895319
0.9999999999890685
0.9999999999886608
0.9999999999883090
0.9999999999880128
0.9999999999877707
0.9999999999875827
0.9999999999874480
0.9999999999873660
0.9999999999873348
0.9999999999873533
0.9999999999874214
0.9999999999875385
0.9999999999877031
0.9999999999879133
0.9999999999881682
0.9999999999884671
0.9999999999888087
0.9999999999891919
0.9999999999896130
0.9999999999900703
0.9999999999905637
0.9999999999910908
0.9999999999916493
0.9999999999922369
0.9999999999928509
0.9999999999934897
0.9999999999941515
0.9999999999948347
0.9999999999955369
0.9999999999962557
0.9999999999969897
0.9999999999977371
0.9999999999984953
0.9999999999992606
1.0000000000000302
1.0000000000008020
1.0000000000015725
1.0000000000023381
1.0000000000030942
1.0000000000038372
1.0000000000045648
1.0000000000052764
1.0000000000059706
1.0000000000066447
1.0000000000072971
1.0000000000079263
1.0000000000085318
1.0000000000091120
1.0000000000096647
1.0000000000101872
1.0000000000106770
1.0000000000111333
1.0000000000115548
1.0000000000119398
1.0000000000122871
1.0000000000125955
1.0000000000128630
1.0000000000130889
1.0000000000132714
1.0000000000134102
1.0000000000135041
1.0000000000135520
1.0000000000135540
1.0000000000135099
1.0000000000134202
1.0000000000132860
1.0000000000131091
1.0000000000128895
1.0000000000126283
1.0000000000123235
1.0000000000119744
1.0000000000115805
1.0000000000111426
1.0000000000106619
1.0000000000101399
1.0000000000095772
1.0000000000089746
1.0000000000083327
1.0000000000076532
1.0000000000069376
1.0000000000061866
1.0000000000054012
1.0000000000045832
1.0000000000037348
1.0000000000028575
1.0000000000019527
1.0000000000010216
1.0000000000000664
0.9999999999990890
0.9999999999980910
0.9999999999970753
0.9999999999960437
0.9999999999949983
0.9999999999939426
0.9999999999928795
0.9999999999918113
0.9999999999907405
0.9999999999896690
0.9999999999885996
0.9999999999875346
0.9999999999864767
0.9999999999854281
0.9999999999843915
0.9999999999833694
0.9999999999823643
0.9999999999813791
0.9999999999804170
0.9999999999794799
0.9999999999785691
0.9999999999776871
0.9999999999768354
0.9999999999760167
0.9999999999752349
0.9999999999744923
0.9999999999737907
0.9999999999731318
0.9999999999725179
0.9999999999719518
0.9999999999714354
0.9999999999709716
0.9999999999705614
0.9999999999702059
0.9999999999699054
0.9999999999696603
0.9999999999694708
0.9999999999693381
0.9999999999692623
0.9999999999692440
0.9999999999692856
0.9999999999693883
0.9999999999695524
0.9999999999697774
0.9999999999700641
0.9999999999704114
0.9999999999708181
0.9999999999712843
0.9999999999718094
0.9999999999723929
0.9999999999730327
0.9999999999737289
0.9999999999744815
0.9999999999752888
0.9999999999761500
0.9999999999770637
0.9999999999780300
0.9999999999790469
0.9999999999801128
0.9999999999812254
0.9999999999823825
0.9999999999835820
0.9999999999848218
0.9999999999861000
0.9999999999874148
0.9999999999887644
0.9999999999901472
0.9999999999915604
0.9999999999930014
0.9999999999944673
0.9999999999959560
0.9999999999974641
0.9999999999989884
1.0000000000005254
1.0000000000020717
1.0000000000036251
1.0000000000051823
1.0000000000067402
1.0000000000082958
1.0000000000098466
1.0000000000113896
1.0000000000129221
1.0000000000144411
1.0000000000159428
1.0000000000174232
1.0000000000188787
1.0000000000203062
1.0000000000217026
1.0000000000230658
1.0000000000243932
1.0000000000256819
1.0000000000269298
1.0000000000281342
1.0000000000292932
1.0000000000304046
1.0000000000314657
1.0000000000324740
1.0000000000334279
1.0000000000343257
1.0000000000351679
1.0000000000359532
1.0000000000366809
1.0000000000373488
1.0000000000379552
1.0000000000384976
1.0000000000389744
1.0000000000393849
1.0000000000397284
1.0000000000400040
1.0000000000402118
1.0000000000403517
1.0000000000404248
1.0000000000404314
1.0000000000403710
1.0000000000402425
1.0000000000400464
