1.1922393567871530
1.1903281693159540
1.1880545967604570
1.1854201519701744
1.1824266114007611
1.1790760251124455
1.1753707283204846
1.1713133545642482
1.1669068505698117
1.1621544928892109
1.1570599064076184
1.1516270848175780
1.1458604131669099
1.1397646925937586
1.1333451673682922
1.1266075543653622
1.1195580750956793
1.1122034904241680
1.1045511381025079
1.0966089732376900
1.0883856118087272
1.0798903773283328
1.0711333507240126
1.0621254234819819
1.0528783540556550
1.0434048274859351
1.0337185181105035
1.0238341551508738
1.0137675908557495
1.0035358707436521
0.9931573053229710
0.9826515424695950
0.9720396394072817
0.9613441329604918
0.9505891064310836
0.9398002510879784
0.9290049198539716
0.9182321703308264
0.9075127938317349
0.8968793266041152
0.8863660389479101
0.8760088974963059
0.8658454955685313
0.8559149462802897
0.8462577330692488
0.8369155125323344
0.8279308650546919
0.8193469897118438
0.8112073414104183
0.8035552102391802
0.7964332455334682
0.7898829301622506
0.7839440139117041
0.7786539183726956
0.7740471291798505
0.7701545944764832
0.7670031507417098
0.7646149982737582
0.7630072483985366
0.7621915626997672
0.7621739012366615
0.7629543919954432
0.7645273280532242
0.7668812925959668
0.7699994055829233
0.7738596800461998
0.7784354712399392
0.7836959984572530
0.7896069174906549
0.7961309214211321
0.8032283485230201
0.8108577782921571
0.8189765996051970
0.8275415384471204
0.8365091361793680
0.8458361726976753
0.8554800318535370
0.8653990090669983
0.8755525630882182
0.8859015153714620
0.8964082015468683
0.9070365800753400
0.9177523034247550
0.9285227570877703
0.9393170715446457
0.9501061119219196
0.9608624496621573
0.9715603200432018
0.9821755688990791
0.9926855914216801
1.0030692654777975
1.0133068814693642
1.0233800704005307
1.0332717314949647
1.0429659604294774
1.0524479790133714
1.0617040669433626
1.0707214960977316
1.0794884676965866
1.0879940525438614
1.0962281344773390
1.1041813570822321
1.1118450736686971
1.1192113004714792
1.1262726729984329
1.1330224054319455
1.1394542529716807
1.1455624769971680
1.1513418129233832
1.1567874406206935
1.1618949572715358
1.1666603525393444
1.1710799859300201
1.1751505662321942
1.1788691329293846
1.1822330394845988
1.1852399384057963
1.1878877680087281
1.1901747408019285
1.1920993334269474
1.1936602780951935
1.1948565554710340
1.1956873889589985
1.1961522403610578
1.1962508068780133
1.1959830194370402
1.1953490423353939
1.1943492741982167
1.1929843502563291
1.1912551459578262
1.1891627819352988
1.1867086303585319
1.1838943227106504
1.1807217590338503
1.1771931186991140
1.1733108727626111
1.1690777979798341
1.1644969925568343
1.1595718937261665
1.1543062972432088
1.1487043789062668
1.1427707182111364
1.1365103242573371
1.1299286640287671
1.1230316931756879
1.1158258894272708
1.1083182887638328
1.1005165244746704
1.0924288692201904
1.0840642802047646
1.0754324475481674
1.0665438459170320
1.0574097894417558
1.0480424898964924
1.0384551180579595
1.0286618680798745
1.0186780246208096
1.0085200323406169
0.9982055672305160
0.9877536090605513
0.9771845140114073
0.9665200863018422
0.9557836473251911
0.9450001004666015
0.9341959893868952
0.9233995471319002
0.9126407329644814
0.9019512533320809
0.8913645628939434
0.8809158410660470
0.8706419391344935
0.8605812926867314
0.8507737939725407
0.8412606189010802
0.8320840037816964
0.8232869677017904
0.8149129776760613
0.8070055554521890
0.7996078271421928
0.7927620196443164
0.7865089110450408
0.7808872456911936
0.7759331281695371
0.7716794137294296
0.7681551153901991
0.7653848497345855
0.7633883438847643
0.7621800251585779
0.7617687123186723
0.7621574232356991
0.7633433084489024
0.7653177139439806
0.7680663700106776
0.7715696968630357
0.7758032123374355
0.7807380228521089
0.7863413761820544
0.7925772535597856
0.7994069790676271
0.8067898260151029
0.8146836026789371
0.8230452030694536
0.8318311119318671
0.8409978566961752
0.8505024023244507
0.8603024878136145
0.8703569054110485
0.8806257253661912
0.8910704702961552
0.9016542440410011
0.9123418202955904
0.9230996964069821
0.9338961175944799
0.9447010765518954
0.9554862929866083
0.9662251771849781
0.9768927812052510
0.9874657408142767
0.9979222108218723
1.0082417960385450
1.0184054796952746
1.0283955508210025
1.0381955317744396
1.0477901068699096
1.0571650528191676
1.0663071715287931
1.0752042256418644
1.0838448770892624
1.0922186288162905
1.1003157697708730
1.1081273231772140
1.1156449980706828
1.1228611440333360
1.1297687090428448
1.1363612003288199
1.1426326481180893
1.1485775721431504
1.1541909507846908
1.1594681927188999
1.1644051109425424
1.1689978990528840
1.1732431096650686
1.1771376348560463
1.1806786885314060
1.1838637906191902
1.1866907530028266
1.1891576671135398
1.1912628931109319
1.1930050505887502
1.1943830107511717
1.1953958900131954
1.1960430449868924
1.1963240688233820
1.1962387888884438
1.1957872657576578
1.1949697935249037
1.1937869014259965
1.1922393567871530
1.1903281693159540
1.1880545967604570
1.1854201519701744
