1.0000025589328925
1.0000025274448665
1.0000024899830067
1.0000024466378303
1.0000023975138754
1.0000023427294522
1.0000022824163595
1.0000022167195683
1.0000021457968757
1.0000020698185259
1.0000019889668033
1.0000019034355980
1.0000018134299418
1.0000017191655177
1.0000016208681437
1.0000015187732318
1.0000014131252266
1.0000013041770190
1.0000011921893432
1.0000010774301522
1.0000009601739777
1.0000008407012730
1.0000007192977425
1.0000005962536587
1.0000004718631677
1.0000003464235874
1.0000002202346963
1.0000000935980173
0.9999999668160978
0.9999998401917845
0.9999997140275014
0.9999995886245260
0.9999994642822699
0.9999993412975637
0.9999992199639474
0.9999991005709684
0.9999989834034900
0.9999988687410107
0.9999987568569956
0.9999986480182235
0.9999985424841508
0.9999984405062913
0.9999983423276139
0.9999982481819639
0.9999981582935036
0.9999980728761773
0.9999979921332008
0.9999979162565753
0.9999978454266302
0.9999977798115919
0.9999977195671838
0.9999976648362524
0.9999976157484284
0.9999975724198171
0.9999975349527207
0.9999975034353933
0.9999974779418320
0.9999974585316034
0.9999974452496981
0.9999974381264259
0.9999974371773442
0.9999974424032234
0.9999974537900427
0.9999974713090253
0.9999974949167085
0.9999975245550484
0.9999975601515600
0.9999976016194918
0.9999976488580337
0.9999977017525598
0.9999977601749012
0.9999978239836552
0.9999978930245259
0.9999979671306896
0.9999980461231985
0.9999981298114091
0.9999982179934396
0.9999983104566503
0.9999984069781559
0.9999985073253574
0.9999986112565011
0.9999987185212565
0.9999988288613156
0.9999989420110144
0.9999990576979657
0.9999991756437132
0.9999992955643969
0.9999994171714333
0.9999995401722058
0.9999996642707656
0.9999997891685415
0.9999999145650533
1.0000000401586324
1.0000001656471438
1.0000002907287107
1.0000004151024349
1.0000005384691191
1.0000006605319813
1.0000007809973663
1.0000008995754477
1.0000010159809214
1.0000011299336917
1.0000012411595411
1.0000013493907853
1.0000014543669142
1.0000015558352173
1.0000016535513867
1.0000017472801046
1.0000018367956065
1.0000019218822218
1.0000020023348888
1.0000020779596459
1.0000021485740969
1.0000022140078464
1.0000022741029102
1.0000023287140933
1.0000023777093394
1.0000024209700458
1.0000024583913474
1.0000024898823674
1.0000025153664365
1.0000025347812778
1.0000025480791555
1.0000025552269907
1.0000025562064387
1.0000025510139379
1.0000025396607155
1.0000025221727624
1.0000024985907716
1.0000024689700429
1.0000024333803512
1.0000023919057799
1.0000023446445199
1.0000022917086351
1.0000022332237941
1.0000021693289722
1.0000021001761201
1.0000020259298001
1.0000019467667938
1.0000018628756795
1.0000017744563821
1.0000016817196953
1.0000015848867780
1.0000014841886276
1.0000013798655272
1.0000012721664699
1.0000011613485651
1.0000010476764243
1.0000009314215290
1.0000008128615820
1.0000006922798410
1.0000005699644439
1.0000004462077212
1.0000003213054947
1.0000001955563727
1.0000000692610345
0.9999999427215138
0.9999998162404745
0.9999996901204866
0.9999995646633041
0.9999994401691444
0.9999993169359696
0.9999991952587727
0.9999990754288743
0.9999989577332252
0.9999988424537194
0.9999987298665208
0.9999986202414022
0.9999985138411003
0.9999984109206871
0.9999983117269593
0.9999982164978486
0.9999981254618541
0.9999980388374924
0.9999979568327763
0.9999978796447163
0.9999978074588495
0.9999977404487949
0.9999976787758384
0.9999976225885463
0.9999975720224110
0.9999975271995234
0.9999974882282829
0.9999974552031365
0.9999974282043521
0.9999974072978257
0.9999973925349227
0.9999973839523562
0.9999973815720968
0.9999973854013190
0.9999973954323831
0.9999974116428528
0.9999974339955507
0.9999974624386432
0.9999974969057647
0.9999975373161751
0.9999975835749508
0.9999976355732096
0.9999976931883715
0.9999977562844504
0.9999978247123796
0.9999978983103671
0.9999979769042789
0.9999980603080564
0.9999981483241585
0.9999982407440333
0.9999983373486160
0.9999984379088500
0.9999985421862353
0.9999986499333974
0.9999987608946757
0.9999988748067340
0.9999989913991896
0.9999991103952580
0.9999992315124143
0.9999993544630665
0.9999994789552423
0.9999996046932869
0.9999997313785665
0.9999998587101820
0.9999999863856872
1.0000001141018091
1.0000002415551732
1.0000003684430265
1.0000004944639618
1.0000006193186355
1.0000007427104822
1.0000008643464238
1.0000009839375674
1.0000011011998962
1.0000012158549465
1.0000013276304731
1.0000014362610967
1.0000015414889385
1.0000016430642358
1.0000017407459381
1.0000018343022816
1.0000019235113429
1.0000020081615677
1.0000020880522751
1.0000021629941358
1.0000022328096263
1.0000022973334504
1.0000023564129339
1.0000024099083880
1.0000024576934423
1.0000024996553474
1.0000025356952420
1.0000025657283877
1.0000025896843727
1.0000026075072770
1.0000026191558076
1.0000026246033953
1.0000026238382589
1.0000026168634302
1.0000026036967451
1.0000025843708045
1.0000025589328925
1.0000025274448665
1.0000024899830067
1.0000024466378303
