1.0000000001396971
1.0000000001390648
1.0000000001381721
1.0000000001370231
1.0000000001356220
1.0000000001339737
1.0000000001320837
1.0000000001299578
1.0000000001276019
1.0000000001250224
1.0000000001222265
1.0000000001192197
1.0000000001160108
1.0000000001126086
1.0000000001090235
1.0000000001052651
1.0000000001013432
1.0000000000972680
1.0000000000930507
1.0000000000887015
1.0000000000842304
1.0000000000796476
1.0000000000749636
1.0000000000701903
1.0000000000653395
1.0000000000604234
1.0000000000554525
1.0000000000504379
1.0000000000453908
1.0000000000403249
1.0000000000352534
1.0000000000301887
1.0000000000251421
1.0000000000201239
1.0000000000151461
1.0000000000102205
1.0000000000053590
1.0000000000005735
0.9999999999958752
0.9999999999912736
0.9999999999867789
0.9999999999824010
0.9999999999781499
0.9999999999740342
0.9999999999700627
0.9999999999662441
0.9999999999625870
0.9999999999590993
0.9999999999557890
0.9999999999526626
0.9999999999497251
0.9999999999469822
0.9999999999444387
0.9999999999420975
0.9999999999399610
0.9999999999380329
0.9999999999363168
0.9999999999348144
0.9999999999335274
0.9999999999324574
0.9999999999316058
0.9999999999309733
0.9999999999305598
0.9999999999303660
0.9999999999303909
0.9999999999306320
0.9999999999310880
0.9999999999317560
0.9999999999326329
0.9999999999337141
0.9999999999349959
0.9999999999364719
0.9999999999381367
0.9999999999399841
0.9999999999420083
0.9999999999442025
0.9999999999465594
0.9999999999490717
0.9999999999517308
0.9999999999545274
0.9999999999574534
0.9999999999604999
0.9999999999636577
0.9999999999669176
0.9999999999702694
0.9999999999737035
0.9999999999772085
0.9999999999807729
0.9999999999843869
0.9999999999880407
0.9999999999917247
0.9999999999954282
0.9999999999991406
1.0000000000028508
1.0000000000065492
1.0000000000102234
1.0000000000138622
1.0000000000174551
1.0000000000209919
1.0000000000244622
1.0000000000278559
1.0000000000311642
1.0000000000343789
1.0000000000374909
1.0000000000404903
1.0000000000433693
1.0000000000461196
1.0000000000487328
1.0000000000512002
1.0000000000535154
1.0000000000556699
1.0000000000576574
1.0000000000594720
1.0000000000611078
1.0000000000625602
1.0000000000638234
1.0000000000648934
1.0000000000657681
1.0000000000664446
1.0000000000669202
1.0000000000671925
1.0000000000672591
1.0000000000671183
1.0000000000667695
1.0000000000662117
1.0000000000654450
1.0000000000644698
1.0000000000632876
1.0000000000618989
1.0000000000603069
1.0000000000585145
1.0000000000565255
1.0000000000543441
1.0000000000519749
1.0000000000494222
1.0000000000466907
1.0000000000437854
1.0000000000407137
1.0000000000374836
1.0000000000341029
1.0000000000305798
1.0000000000269205
1.0000000000231315
1.0000000000192206
1.0000000000151963
1.0000000000110683
1.0000000000068463
1.0000000000025409
0.9999999999981626
0.9999999999937217
0.9999999999892276
0.9999999999846914
0.9999999999801243
0.9999999999755373
0.9999999999709406
0.9999999999663453
0.9999999999617625
0.9999999999572035
0.9999999999526802
0.9999999999482043
0.9999999999437864
0.9999999999394366
0.9999999999351654
0.9999999999309831
0.9999999999269004
0.9999999999229267
0.9999999999190731
0.9999999999153490
0.9999999999117640
0.9999999999083269
0.9999999999050462
0.9999999999019310
0.9999999998989901
0.9999999998962323
0.9999999998936645
0.9999999998912941
0.9999999998891285
0.9999999998871735
0.9999999998854361
0.9999999998839225
0.9999999998826382
0.9999999998815871
0.9999999998807725
0.9999999998801966
0.9999999998798614
0.9999999998797678
0.9999999998799176
0.9999999998803119
0.9999999998809510
0.9999999998818359
0.9999999998829666
0.9999999998843427
0.9999999998859623
0.9999999998878233
0.9999999998899233
0.9999999998922598
0.9999999998948296
0.9999999998976290
0.9999999999006532
0.9999999999038974
0.9999999999073554
0.9999999999110213
0.9999999999148879
0.9999999999189471
0.9999999999231906
0.9999999999276106
0.9999999999321986
0.9999999999369460
0.9999999999418446
0.9999999999468852
0.9999999999520583
0.9999999999573529
0.9999999999627577
0.9999999999682614
0.9999999999738528
0.9999999999795204
0.9999999999852519
0.9999999999910345
0.9999999999968561
1.0000000000027052
1.0000000000085711
1.0000000000144424
1.0000000000203064
1.0000000000261511
1.0000000000319649
1.0000000000377358
1.0000000000434512
1.0000000000490998
1.0000000000546689
1.0000000000601457
1.0000000000655187
1.0000000000707761
1.0000000000759071
1.0000000000809031
1.0000000000857547
1.0000000000904523
1.0000000000949856
1.0000000000993445
1.0000000001035210
1.0000000001075067
1.0000000001112952
1.0000000001148790
1.0000000001182499
1.0000000001214002
1.0000000001243232
1.0000000001270128
1.0000000001294636
1.0000000001316700
1.0000000001336287
1.0000000001353364
1.0000000001367904
1.0000000001379876
1.0000000001389258
1.0000000001396041
1.0000000001400209
1.0000000001401756
1.0000000001400677
1.0000000001396971
1.0000000001390648
1.0000000001381721
1.0000000001370231
