1.0001107411701982
1.0001093473433385
1.0001076930495858
1.0001057822539454
1.0001036195337438
1.0001012100677034
1.0000985596235805
1.0000956745443987
1.0000925617333085
1.0000892286371112
1.0000856832284870
1.0000819339869633
1.0000779898786745
1.0000738603349586
1.0000695552298440
1.0000650848564758
1.0000604599025424
1.0000556914247556
1.0000507908224503
1.0000457698103646
1.0000406403906623
1.0000354148242676
1.0000301056015801
1.0000247254126398
1.0000192871168103
1.0000138037120565
1.0000082883038857
1.0000027540740324
0.9999972142489563
0.9999916820682286
0.9999861707528873
0.9999806934738303
0.9999752633203308
0.9999698932687383
0.9999645961514527
0.9999593846262353
0.9999542711459373
0.9999492679287149
0.9999443869288043
0.9999396398079232
0.9999350379073734
0.9999305922209049
0.9999263133684114
0.9999222115705173
0.9999182966241208
0.9999145778789491
0.9999110642151808
0.9999077640221918
0.9999046851784757
0.9999018350327852
0.9998992203865460
0.9998968474775752
0.9998947219651506
0.9998928489164691
0.9998912327945163
0.9998898774473871
0.9998887860990785
0.9998879613417783
0.9998874051296661
0.9998871187742420
0.9998871029411961
0.9998873576488262
0.9998878822680050
0.9998886755236972
0.9998897354980277
0.9998910596348877
0.9998926447460713
0.9998944870189251
0.9998965820254933
0.9998989247331356
0.9999015095165975
0.9999043301714943
0.9999073799291834
0.9999106514729896
0.9999141369557386
0.9999178280185610
0.9999217158109219
0.9999257910118248
0.9999300438521429
0.9999344641380180
0.9999390412752749
0.9999437642947944
0.9999486218787802
0.9999536023878575
0.9999586938889379
0.9999638841837862
0.9999691608382184
0.9999745112118616
0.9999799224884035
0.9999853817062589
0.9999908757895823
0.9999963915795492
1.0000019158658326
1.0000074354182009
1.0000129370181574
1.0000184074905496
1.0000238337350709
1.0000292027575814
1.0000345017011707
1.0000397178768892
1.0000448387940777
1.0000498521902164
1.0000547460602267
1.0000595086851589
1.0000641286601886
1.0000685949218657
1.0000728967745403
1.0000770239159120
1.0000809664616346
1.0000847149689240
1.0000882604591086
1.0000915944390723
1.0000947089215344
1.0000975964441239
1.0001002500871967
1.0001026634903560
1.0001048308676423
1.0001067470213483
1.0001084073544309
1.0001098078814872
1.0001109452382715
1.0001118166897356
1.0001124201365594
1.0001127541201729
1.0001128178262428
1.0001126110866256
1.0001121343797772
1.0001113888296211
1.0001103762028780
1.0001090989048587
1.0001075599737355
1.0001057630733026
1.0001037124842465
1.0001014130939403
1.0000988703847919
1.0000960904211733
1.0000930798349543
1.0000898458096885
1.0000863960634796
1.0000827388305684
1.0000788828416882
1.0000748373032342
1.0000706118752949
1.0000662166485996
1.0000616621204359
1.0000569591695907
1.0000521190303826
1.0000471532658408
1.0000420737400955
1.0000368925900487
1.0000316221963885
1.0000262751540174
1.0000208642419672
1.0000154023928689
1.0000099026620530
1.0000043781963535
0.9999988422026885
0.9999933079164951
0.9999877885700902
0.9999822973610372
0.9999768474205899
0.9999714517822945
0.9999661233508175
0.9999608748710827
0.9999557188977845
0.9999506677653506
0.9999457335584316
0.9999409280829834
0.9999362628380133
0.9999317489880594
0.9999273973364645
0.9999232182995147
0.9999192218815012
0.9999154176507639
0.9999118147167785
0.9999084217083410
0.9999052467528998
0.9999022974570873
0.9998995808884951
0.9998971035587401
0.9998948714078618
0.9998928897900851
0.9998911634609882
0.9998896965661037
0.9998884926309785
0.9998875545527165
0.9998868845930284
0.9998864843728040
0.9998863548682176
0.9998864964083789
0.9998869086745327
0.9998875907008098
0.9998885408765307
0.9998897569500494
0.9998912360341374
0.9998929746128858
0.9998949685501142
0.9998972130992657
0.9998997029147637
0.9999024320648014
0.9999053940455350
0.9999085817966454
0.9999119877182323
0.9999156036889987
0.9999194210856848
0.9999234308036993
0.9999276232789031
0.9999319885104910
0.9999365160849168
0.9999411952008076
0.9999460146947960
0.9999509630682238
0.9999560285146408
0.9999611989480410
0.9999664620317626
0.9999718052079879
0.9999772157277659
0.9999826806814892
0.9999881870297543
0.9999937216345260
0.9999992712905373
1.0000048227568463
1.0000103627884731
1.0000158781680430
1.0000213557373618
1.0000267824288471
1.0000321452967404
1.0000374315480214
1.0000426285729573
1.0000477239752092
1.0000527056014259
1.0000575615702565
1.0000622803007111
1.0000668505398005
1.0000712613893903
1.0000755023322059
1.0000795632569259
1.0000834344823031
1.0000871067802590
1.0000905713978967
1.0000938200783747
1.0000968450805985
1.0000996391976793
1.0001021957741170
1.0001045087216665
1.0001065725338534
1.0001083822990970
1.0001099337124189
1.0001112230856974
1.0001122473564548
1.0001130040951516
1.0001134915109722
1.0001137084560860
1.0001136544283762
1.0001133295726246
1.0001127346801577
1.0001118711869519
1.0001107411701982
1.0001093473433385
1.0001076930495858
1.0001057822539454
