1.0000004701422429
1.0000004644918068
1.0000004577523054
1.0000004499401534
1.0000004410743155
1.0000004311762614
1.0000004202699142
1.0000004083815950
1.0000003955399583
1.0000003817759247
1.0000003671226061
1.0000003516152260
1.0000003352910356
1.0000003181892243
1.0000003003508258
1.0000002818186202
1.0000002626370323
1.0000002428520234
1.0000002225109841
1.0000002016626186
1.0000001803568290
1.0000001586445959
1.0000001365778566
1.0000001142093811
1.0000000915926481
1.0000000687817139
1.0000000458310836
1.0000000227955819
0.9999999997302220
0.9999999766900745
0.9999999537301337
0.9999999309051871
0.9999999082696844
0.9999998858776084
0.9999998637823454
0.9999998420365587
0.9999998206920615
0.9999997997996956
0.9999997794092074
0.9999997595691297
0.9999997403266647
0.9999997217275732
0.9999997038160646
0.9999996866346894
0.9999996702242393
0.9999996546236500
0.9999996398699093
0.9999996259979678
0.9999996130406553
0.9999996010286046
0.9999995899901764
0.9999995799513921
0.9999995709358723
0.9999995629647802
0.9999995560567715
0.9999995502279482
0.9999995454918235
0.9999995418592877
0.9999995393385834
0.9999995379352847
0.9999995376522848
0.9999995384897895
0.9999995404453170
0.9999995435137043
0.9999995476871192
0.9999995529550800
0.9999995593044810
0.9999995667196235
0.9999995751822538
0.9999995846716064
0.9999995951644557
0.9999996066351714
0.9999996190557801
0.9999996323960311
0.9999996466234697
0.9999996617035158
0.9999996775995470
0.9999996942729860
0.9999997116833931
0.9999997297885628
0.9999997485446243
0.9999997679061494
0.9999997878262598
0.9999998082567393
0.9999998291481504
0.9999998504499530
0.9999998721106229
0.9999998940777779
0.9999999162983030
0.9999999387184777
0.9999999612841055
0.9999999839406422
1.0000000066333277
1.0000000293073164
1.0000000519078085
1.0000000743801822
1.0000000966701250
1.0000001187237626
1.0000001404877885
1.0000001619095911
1.0000001829373810
1.0000002035203157
1.0000002236086210
1.0000002431537101
1.0000002621082988
1.0000002804265193
1.0000002980640317
1.0000003149781278
1.0000003311278360
1.0000003464740204
1.0000003609794712
1.0000003746089980
1.0000003873295129
1.0000003991101065
1.0000004099221260
1.0000004197392414
1.0000004285375106
1.0000004362954353
1.0000004429940139
1.0000004486167866
1.0000004531498738
1.0000004565820129
1.0000004589045837
1.0000004601116301
1.0000004601998733
1.0000004591687199
1.0000004570202630
1.0000004537592786
1.0000004493932135
1.0000004439321690
1.0000004373888769
1.0000004297786675
1.0000004211194340
1.0000004114315901
1.0000004007380223
1.0000003890640334
1.0000003764372836
1.0000003628877241
1.0000003484475248
1.0000003331509997
1.0000003170345240
1.0000003001364466
1.0000002824969996
1.0000002641582011
1.0000002451637560
1.0000002255589493
1.0000002053905408
1.0000001847066513
1.0000001635566484
1.0000001419910283
1.0000001200612940
1.0000000978198351
1.0000000753198015
1.0000000526149755
1.0000000297596430
1.0000000068084658
0.9999999838163502
0.9999999608383143
0.9999999379293585
0.9999999151443324
0.9999998925378042
0.9999998701639300
0.9999998480763233
0.9999998263279276
0.9999998049708898
0.9999997840564356
0.9999997636347477
0.9999997437548449
0.9999997244644638
0.9999997058099461
0.9999996878361268
0.9999996705862269
0.9999996541017494
0.9999996384223822
0.9999996235859014
0.9999996096280818
0.9999995965826100
0.9999995844810043
0.9999995733525402
0.9999995632241776
0.9999995541204975
0.9999995460636427
0.9999995390732667
0.9999995331664839
0.9999995283578298
0.9999995246592245
0.9999995220799456
0.9999995206266040
0.9999995203031294
0.9999995211107615
0.9999995230480457
0.9999995261108356
0.9999995302923027
0.9999995355829526
0.9999995419706471
0.9999995494406337
0.9999995579755818
0.9999995675556227
0.9999995781583961
0.9999995897591036
0.9999996023305666
0.9999996158432914
0.9999996302655413
0.9999996455634097
0.9999996617009023
0.9999996786400220
0.9999996963408588
0.9999997147616868
0.9999997338590634
0.9999997535879318
0.9999997739017290
0.9999997947524950
0.9999998160909875
0.9999998378668005
0.9999998600284841
0.9999998825236678
0.9999999052991847
0.9999999283011977
0.9999999514753283
0.9999999747667851
0.9999999981204967
1.0000000214812410
1.0000000447937776
1.0000000680029801
1.0000000910539655
1.0000001138922274
1.0000001364637650
1.0000001587152119
1.0000001805939640
1.0000002020483036
1.0000002230275233
1.0000002434820470
1.0000002633635470
1.0000002826250591
1.0000003012210961
1.0000003191077558
1.0000003362428251
1.0000003525858814
1.0000003680983880
1.0000003827437860
1.0000003964875817
1.0000004092974291
1.0000004211432043
1.0000004319970799
1.0000004418335917
1.0000004506296978
1.0000004583648348
1.0000004650209651
1.0000004705826204
1.0000004750369396
1.0000004783736971
1.0000004805853291
1.0000004816669490
1.0000004816163595
1.0000004804340603
1.0000004781232439
1.0000004746897884
1.0000004701422429
1.0000004644918068
1.0000004577523054
1.0000004499401534
