1.0000214922629023
1.0000212235264354
1.0000209043480341
1.0000205354947229
1.0000201178520807
1.0000196524221243
1.0000191403209115
1.0000185827758723
1.0000179811228729
1.0000173368030247
1.0000166513592357
1.0000159264325226
1.0000151637580881
1.0000143651611748
1.0000135325526995
1.0000126679246866
1.0000117733455050
1.0000108509549264
1.0000099029590102
1.0000089316248286
1.0000079392750492
1.0000069282823820
1.0000059010639113
1.0000048600753177
1.0000038078050069
1.0000027467681620
1.0000016795007325
1.0000006085533728
0.9999995364853472
0.9999984658584108
0.9999973992306863
0.9999963391505517
0.9999952881505484
0.9999942487413268
0.9999932234056462
0.9999922145924400
0.9999912247109624
0.9999902561250322
0.9999893111473811
0.9999883920341256
0.9999875009793751
0.9999866401099872
0.9999858114804856
0.9999850170681499
0.9999842587682888
0.9999835383897113
0.9999828576504047
0.9999822181734270
0.9999816214830318
0.9999810690010238
0.9999805620433623
0.9999801018170165
0.9999796894170810
0.9999793258241648
0.9999790119020464
0.9999787483956113
0.9999785359290756
0.9999783750044967
0.9999782660005743
0.9999782091717500
0.9999782046476018
0.9999782524325384
0.9999783524057922
0.9999785043217113
0.9999787078103524
0.9999789623783669
0.9999792674101875
0.9999796221695043
0.9999800258010288
0.9999804773325447
0.9999809756772360
0.9999815196362893
0.9999821079017651
0.9999827390597326
0.9999834115936533
0.9999841238880135
0.9999848742321893
0.9999856608245439
0.9999864817767370
0.9999873351182473
0.9999882188010887
0.9999891307047116
0.9999900686410771
0.9999910303598933
0.9999920135540014
0.9999930158648952
0.9999940348883669
0.9999950681802582
0.9999961132623090
0.9999971676280862
0.9999982287489805
0.9999992940802556
1.0000003610671364
1.0000014271509217
1.0000024897751054
1.0000035463914922
1.0000045944662941
1.0000056314861907
1.0000066549643416
1.0000076624463334
1.0000086515160516
1.0000096198014612
1.0000105649802808
1.0000114847855386
1.0000123770109928
1.0000132395164079
1.0000140702326743
1.0000148671667588
1.0000156284064694
1.0000163521250336
1.0000170365854653
1.0000176801447205
1.0000182812576284
1.0000188384805861
1.0000193504750132
1.0000198160105556
1.0000202339680291
1.0000206033420962
1.0000209232436728
1.0000211929020564
1.0000214116667714
1.0000215790091265
1.0000216945234812
1.0000217579282180
1.0000217690664204
1.0000217279062500
1.0000216345410253
1.0000214891890027
1.0000212921928582
1.0000210440188704
1.0000207452558094
1.0000203966135333
1.0000199989212923
1.0000195531257507
1.0000190602887278
1.0000185215846631
1.0000179382978129
1.0000173118191840
1.0000166436432094
1.0000159353641793
1.0000151886724331
1.0000144053503235
1.0000135872679572
1.0000127363787275
1.0000118547146468
1.0000109443814933
1.0000100075537783
1.0000090464695488
1.0000080634250423
1.0000070607691978
1.0000060408980418
1.0000050062489627
1.0000039592948875
1.0000029025383701
1.0000018385056100
1.0000007697404125
0.9999996987981109
0.9999986282394552
0.9999975606244926
0.9999964985064457
0.9999954444256073
0.9999944009032704
0.9999933704356989
0.9999923554881580
0.9999913584890203
0.9999903818239581
0.9999894278302395
0.9999884987911380
0.9999875969304707
0.9999867244072808
0.9999858833106752
0.9999850756548272
0.9999843033741568
0.9999835683187037
0.9999828722497019
0.9999822168353654
0.9999816036468973
0.9999810341547295
0.9999805097250051
0.9999800316163077
0.9999796009766502
0.9999792188407253
0.9999788861274298
0.9999786036376631
0.9999783720524069
0.9999781919310938
0.9999780637102691
0.9999779877025399
0.9999779640958268
0.9999779929529083
0.9999780742112675
0.9999782076832372
0.9999783930564475
0.9999786298945659
0.9999789176383383
0.9999792556069200
0.9999796429995020
0.9999800788972218
0.9999805622653565
0.9999810919557910
0.9999816667097596
0.9999822851608516
0.9999829458382749
0.9999836471703669
0.9999843874883504
0.9999851650303172
0.9999859779454378
0.9999868242983796
0.9999877020739319
0.9999886091818186
0.9999895434616903
0.9999905026882874
0.9999914845767538
0.9999924867880936
0.9999935069347600
0.9999945425863576
0.9999955912754479
0.9999966505034434
0.9999977177465759
0.9999987904619239
0.9999998660934878
1.0000009420782956
1.0000020158525245
1.0000030848576229
1.0000041465464200
1.0000051983892124
1.0000062378798047
1.0000072625414949
1.0000082699329882
1.0000092576542279
1.0000102233521260
1.0000111647261842
1.0000120795339880
1.0000129655965586
1.0000138208035587
1.0000146431183281
1.0000154305827476
1.0000161813219126
1.0000168935486113
1.0000175655675909
1.0000181957796035
1.0000187826852256
1.0000193248884346
1.0000198210999418
1.0000202701402687
1.0000206709425621
1.0000210225551380
1.0000213241437530
1.0000215749935939
1.0000217745109812
1.0000219222247846
1.0000220177875450
1.0000220609763015
1.0000220516931211
1.0000219899653300
1.0000218759454442
1.0000217099108026
1.0000214922629023
1.0000212235264354
1.0000209043480341
1.0000205354947229
