1.0455913296797088
1.0450433923883273
1.0443930226525071
1.0436414666890292
1.0427901691689494
1.0418407725049290
1.0407951160009918
1.0396552348494954
1.0384233589583047
1.0371019115893960
1.0356935077883653
1.0342009525826468
1.0326272389246174
1.0309755453542322
1.0292492333543948
1.0274518443709453
1.0255870964679934
1.0236588805883109
1.0216712563877233
1.0196284476118895
1.0175348369835717
1.0153949605685400
1.0132135015886392
1.0109952836513241
1.0087452633661795
1.0064685223206400
1.0041702583893100
1.0018557763540576
0.9995304778153994
0.9971998503796617
0.9948694561110122
0.9925449192427249
0.9902319131479786
0.9879361465770716
0.9856633491751809
0.9834192563026098
0.9812095931878725
0.9790400584528374
0.9769163070584149
0.9748439327288565
0.9728284499224532
0.9708752754261906
0.9689897096615243
0.9671769177977566
0.9654419107782981
0.9637895263732148
0.9622244103786519
0.9607509980898665
0.9593734961793989
0.9580958651152862
0.9569218022559203
0.9558547257581121
0.9548977594329892
0.9540537186804786
0.9533250976272711
0.9527140575853442
0.9522224169383969
0.9518516425520462
0.9516028427904683
0.9514767622075671
0.9514737779649455
0.9515938980121935
0.9518367610476210
0.9522016382598378
0.9526874368328360
0.9532927051798269
0.9540156398542868
0.9548540940708172
0.9558055877537533
0.9568673190182343
0.9580361769768514
0.9593087557551958
0.9606813695917141
0.9621500688913411
0.9637106570984111
0.9653587082523446
0.9670895850894499
0.9688984575558379
0.9707803215997289
0.9727300181161842
0.9747422519233623
0.9768116106565590
0.9789325834743676
0.9810995794800772
0.9833069457707124
0.9855489850357287
0.9878199726371324
0.9901141731125316
0.9924258560522053
0.9947493113105591
0.9970788635212406
0.9994088858935969
1.0017338132760136
1.0040481544789397
1.0063465038570143
1.0086235521556906
1.0108740966330285
1.0130930504719868
1.0152754515025286
1.0174164702562338
1.0195114173788968
1.0215557504288144
1.0235450800901793
1.0254751758322260
1.0273419710455765
1.0291415676876259
1.0308702404688730
1.0325244406118157
1.0341007992135143
1.0355961302421270
1.0370074331967492
1.0383318954587160
1.0395668943612262
1.0407099990027060
1.0417589718277958
1.0427117699982316
1.0435665465742057
1.0443216515250582
1.0449756325863848
1.0455272359788352
1.0459754070020635
1.0463192905154524
1.0465582313153934
1.0466917744170443
1.0467196652466373
1.0466418497485448
1.0464584744094669
1.0461698862002373
1.0457766324338822
1.0452794605367171
1.0446793177273981
1.0439773505970023
1.0431749045813461
1.0422735233149012
1.0412749478538283
1.0401811157538208
1.0389941599866268
1.0377164076773409
1.0363503786427875
1.0348987837096151
1.0333645227890578
1.0317506826837470
1.0300605346004490
1.0282975313412392
1.0264653041443610
1.0245676591449424
1.0226085734248458
1.0205921906202400
1.0185228160550868
1.0164049113685831
1.0142430886048279
1.0120421037335445
1.0098068495716945
1.0075423480772563
1.0052537419883902
1.0029462857836957
1.0006253359423125
0.9982963404862919
0.9959648277919386
0.9936363946617870
0.9913166936544788
0.9890114196760764
0.9867262958432830
0.9844670586365754
0.9822394423694039
0.9800491630082520
0.9779019013874567
0.9758032858721378
0.9737588745322535
0.9717741369005893
0.9698544353972007
0.9680050065123239
0.9662309418488620
0.9645371691340410
0.9629284333175174
0.9614092778799124
0.9599840264812354
0.9586567650827614
0.9574313246784771
0.9563112647730442
0.9552998577422421
0.9544000742089280
0.9536145695626742
0.9529456717443789
0.9523953704083424
0.9519653075636407
0.9516567697842497
0.9514706820634257
0.9514076033725928
0.9514677239686462
0.9516508644764297
0.9519564767555386
0.9523836465427927
0.9529310978440974
0.9535971990322570
0.9543799705909346
0.9552770944296419
0.9562859246806913
0.9574034998765882
0.9586265563956494
0.9599515430547668
0.9613746367213246
0.9628917588113335
0.9644985925378826
0.9661906007729588
0.9679630443864744
0.9698110009288439
0.9717293835275166
0.9737129598733205
0.9757563711791353
0.9778541510010789
0.9800007438208510
0.9821905232969645
0.9844178101020726
0.9866768892733214
0.9889620270124366
0.9912674868819296
0.9935875453532650
0.9959165066719479
0.9982487170131491
1.0005785779096392
1.0029005589413618
1.0052092096829286
1.0074991709116039
1.0097651850839742
1.0120021060944595
1.0142049083331464
1.0163686950640916
1.0184887061483139
1.0205603251381921
1.0225790857719503
1.0245406778983632
1.0264409528628271
1.0282759283865253
1.0300417929706358
1.0317349098574133
1.0333518205795635
1.0348892481286593
1.0363440997724649
1.0377134695499441
1.0389946404714967
1.0401850864505775
1.0412824739913744
1.0422846636556315
1.0431897113300579
1.0439958693140488
1.0447015872456891
1.0453055128822262
1.0458064927493791
1.0462035726720309
1.0464959981970010
1.0466832149167460
1.0467648687009907
1.0467408058414287
1.0466110731127802
1.0463759177516316
1.0460357873526238
1.0455913296797088
1.0450433923883273
1.0443930226525071
1.0436414666890292
