1.0000000774932924
1.0000000766026091
1.0000000755349843
1.0000000742930570
1.0000000728798797
1.0000000712989094
1.0000000695540014
1.0000000676493987
1.0000000655897230
1.0000000633799617
1.0000000610254580
1.0000000585318969
1.0000000559052908
1.0000000531519675
1.0000000502785515
1.0000000472919501
1.0000000441993377
1.0000000410081384
1.0000000377260088
1.0000000343608186
1.0000000309206316
1.0000000274136864
1.0000000238483762
1.0000000202332302
1.0000000165768914
1.0000000128880977
1.0000000091756605
1.0000000054484441
1.0000000017153441
0.9999999979852651
0.9999999942671001
0.9999999905697088
0.9999999869018985
0.9999999832724005
0.9999999796898502
0.9999999761627673
0.9999999726995339
0.9999999693083751
0.9999999659973385
0.9999999627742782
0.9999999596468350
0.9999999566224160
0.9999999537081781
0.9999999509110110
0.9999999482375206
0.9999999456940128
0.9999999432864810
0.9999999410205876
0.9999999389016538
0.9999999369346446
0.9999999351241601
0.9999999334744230
0.9999999319892678
0.9999999306721323
0.9999999295260499
0.9999999285536408
0.9999999277571086
0.9999999271382318
0.9999999266983620
0.9999999264384197
0.9999999263588932
0.9999999264598374
0.9999999267408726
0.9999999272011855
0.9999999278395323
0.9999999286542413
0.9999999296432163
0.9999999308039420
0.9999999321334900
0.9999999336285266
0.9999999352853201
0.9999999370997512
0.9999999390673228
0.9999999411831695
0.9999999434420702
0.9999999458384601
0.9999999483664432
0.9999999510198097
0.9999999537920481
0.9999999566763615
0.9999999596656840
0.9999999627526962
0.9999999659298452
0.9999999691893612
0.9999999725232780
0.9999999759234511
0.9999999793815776
0.9999999828892154
0.9999999864378054
0.9999999900186900
0.9999999936231340
0.9999999972423461
1.0000000008675021
1.0000000044897632
1.0000000081002980
1.0000000116903012
1.0000000152510189
1.0000000187737672
1.0000000222499548
1.0000000256711024
1.0000000290288626
1.0000000323150409
1.0000000355216150
1.0000000386407555
1.0000000416648438
1.0000000445864901
1.0000000473985500
1.0000000500941444
1.0000000526666741
1.0000000551098365
1.0000000574176384
1.0000000595844132
1.0000000616048346
1.0000000634739270
1.0000000651870795
1.0000000667400555
1.0000000681290053
1.0000000693504745
1.0000000704014109
1.0000000712791721
1.0000000719815325
1.0000000725066904
1.0000000728532707
1.0000000730203271
1.0000000730073446
1.0000000728142426
1.0000000724413749
1.0000000718895272
1.0000000711599177
1.0000000702541934
1.0000000691744262
1.0000000679231078
1.0000000665031425
1.0000000649178422
1.0000000631709183
1.0000000612664728
1.0000000592089864
1.0000000570033107
1.0000000546546546
1.0000000521685739
1.0000000495509569
1.0000000468080108
1.0000000439462455
1.0000000409724605
1.0000000378937277
1.0000000347173719
1.0000000314509545
1.0000000281022576
1.0000000246792629
1.0000000211901348
1.0000000176431996
1.0000000140469281
1.0000000104099127
1.0000000067408474
1.0000000030485081
0.9999999993417298
0.9999999956293855
0.9999999919203654
0.9999999882235568
0.9999999845478221
0.9999999809019783
0.9999999772947742
0.9999999737348717
0.9999999702308229
0.9999999667910496
0.9999999634238245
0.9999999601372501
0.9999999569392410
0.9999999538375042
0.9999999508395200
0.9999999479525248
0.9999999451834942
0.9999999425391252
0.9999999400258213
0.9999999376496763
0.9999999354164604
0.9999999333316049
0.9999999314001915
0.9999999296269378
0.9999999280161860
0.9999999265718931
0.9999999252976232
0.9999999241965378
0.9999999232713872
0.9999999225245020
0.9999999219577898
0.9999999215727304
0.9999999213703743
0.9999999213513380
0.9999999215158035
0.9999999218635158
0.9999999223937841
0.9999999231054824
0.9999999239970546
0.9999999250665164
0.9999999263114616
0.9999999277290672
0.9999999293160994
0.9999999310689220
0.9999999329835031
0.9999999350554255
0.9999999372798970
0.9999999396517639
0.9999999421655212
0.9999999448153261
0.9999999475950110
0.9999999504981005
0.9999999535178243
0.9999999566471354
0.9999999598787250
0.9999999632050407
0.9999999666183047
0.9999999701105319
0.9999999736735474
0.9999999772990095
0.9999999809784269
0.9999999847031790
0.9999999884645375
0.9999999922536879
0.9999999960617481
0.9999999998797906
1.0000000036988652
1.0000000075100168
1.0000000113043084
1.0000000150728425
1.0000000188067828
1.0000000224973749
1.0000000261359663
1.0000000297140286
1.0000000332231767
1.0000000366551896
1.0000000400020288
1.0000000432558580
1.0000000464090617
1.0000000494542634
1.0000000523843426
1.0000000551924531
1.0000000578720367
1.0000000604168406
1.0000000628209322
1.0000000650787140
1.0000000671849349
1.0000000691347062
1.0000000709235104
1.0000000725472125
1.0000000740020678
1.0000000752847329
1.0000000763922725
1.0000000773221687
1.0000000780723237
1.0000000786410657
1.0000000790271528
1.0000000792297794
1.0000000792485755
1.0000000790836061
1.0000000787353731
1.0000000782048128
1.0000000774932924
1.0000000766026091
1.0000000755349843
1.0000000742930570
