1.0000000000156144
1.0000000000156515
1.0000000000156712
1.0000000000156746
1.0000000000156610
1.0000000000156308
1.0000000000155820
1.0000000000155136
1.0000000000154252
1.0000000000153171
1.0000000000151885
1.0000000000150389
1.0000000000148681
1.0000000000146771
1.0000000000144660
1.0000000000142351
1.0000000000139864
1.0000000000137210
1.0000000000134415
1.0000000000131475
1.0000000000128393
1.0000000000125178
1.0000000000121831
1.0000000000118365
1.0000000000114790
1.0000000000111116
1.0000000000107356
1.0000000000103513
1.0000000000099594
1.0000000000095599
1.0000000000091538
1.0000000000087410
1.0000000000083227
1.0000000000079006
1.0000000000074765
1.0000000000070530
1.0000000000066311
1.0000000000062106
1.0000000000057918
1.0000000000053750
1.0000000000049611
1.0000000000045528
1.0000000000041511
1.0000000000037566
1.0000000000033700
1.0000000000029925
1.0000000000026248
1.0000000000022671
1.0000000000019205
1.0000000000015847
1.0000000000012605
1.0000000000009484
1.0000000000006493
1.0000000000003642
1.0000000000000935
0.9999999999998380
0.9999999999995974
0.9999999999993731
0.9999999999991650
0.9999999999989730
0.9999999999987970
0.9999999999986375
0.9999999999984944
0.9999999999983682
0.9999999999982588
0.9999999999981647
0.9999999999980854
0.9999999999980220
0.9999999999979748
0.9999999999979432
0.9999999999979264
0.9999999999979234
0.9999999999979353
0.9999999999979624
0.9999999999980040
0.9999999999980594
0.9999999999981292
0.9999999999982124
0.9999999999983078
0.9999999999984146
0.9999999999985320
0.9999999999986583
0.9999999999987931
0.9999999999989364
0.9999999999990872
0.9999999999992453
0.9999999999994100
0.9999999999995807
0.9999999999997565
0.9999999999999372
1.0000000000001219
1.0000000000003102
1.0000000000005023
1.0000000000006970
1.0000000000008928
1.0000000000010885
1.0000000000012834
1.0000000000014766
1.0000000000016669
1.0000000000018525
1.0000000000020333
1.0000000000022093
1.0000000000023803
1.0000000000025460
1.0000000000027056
1.0000000000028590
1.0000000000030056
1.0000000000031442
1.0000000000032727
1.0000000000033911
1.0000000000034972
1.0000000000035911
1.0000000000036735
1.0000000000037439
1.0000000000038021
1.0000000000038478
1.0000000000038811
1.0000000000039022
1.0000000000039113
1.0000000000039082
1.0000000000038931
1.0000000000038656
1.0000000000038256
1.0000000000037730
1.0000000000037077
1.0000000000036302
1.0000000000035403
1.0000000000034379
1.0000000000033229
1.0000000000031946
1.0000000000030531
1.0000000000028997
1.0000000000027358
1.0000000000025620
1.0000000000023783
1.0000000000021854
1.0000000000019842
1.0000000000017730
1.0000000000015514
1.0000000000013203
1.0000000000010789
1.0000000000008276
1.0000000000005667
1.0000000000002969
1.0000000000000193
0.9999999999997362
0.9999999999994491
0.9999999999991597
0.9999999999988696
0.9999999999985792
0.9999999999982884
0.9999999999979972
0.9999999999977054
0.9999999999974133
0.9999999999971212
0.9999999999968310
0.9999999999965428
0.9999999999962577
0.9999999999959766
0.9999999999956999
0.9999999999954281
0.9999999999951621
0.9999999999949024
0.9999999999946505
0.9999999999944075
0.9999999999941742
0.9999999999939518
0.9999999999937410
0.9999999999935421
0.9999999999933549
0.9999999999931798
0.9999999999930159
0.9999999999928628
0.9999999999927214
0.9999999999925921
0.9999999999924761
0.9999999999923742
0.9999999999922869
0.9999999999922150
0.9999999999921589
0.9999999999921193
0.9999999999920962
0.9999999999920901
0.9999999999921008
0.9999999999921277
0.9999999999921707
0.9999999999922300
0.9999999999923062
0.9999999999923993
0.9999999999925103
0.9999999999926400
0.9999999999927879
0.9999999999929541
0.9999999999931368
0.9999999999933354
0.9999999999935514
0.9999999999937849
0.9999999999940357
0.9999999999943040
0.9999999999945890
0.9999999999948888
0.9999999999952015
0.9999999999955268
0.9999999999958644
0.9999999999962135
0.9999999999965735
0.9999999999969434
0.9999999999973230
0.9999999999977123
0.9999999999981117
0.9999999999985218
0.9999999999989428
0.9999999999993747
0.9999999999998153
1.0000000000002629
1.0000000000007159
1.0000000000011733
1.0000000000016345
1.0000000000020999
1.0000000000025699
1.0000000000030449
1.0000000000035241
1.0000000000040066
1.0000000000044920
1.0000000000049794
1.0000000000054672
1.0000000000059537
1.0000000000064375
1.0000000000069176
1.0000000000073930
1.0000000000078633
1.0000000000083278
1.0000000000087861
1.0000000000092371
1.0000000000096789
1.0000000000101115
1.0000000000105329
1.0000000000109424
1.0000000000113392
1.0000000000117226
1.0000000000120919
1.0000000000124454
1.0000000000127811
1.0000000000130984
1.0000000000133973
1.0000000000136786
1.0000000000139417
1.0000000000141862
1.0000000000144127
1.0000000000146210
1.0000000000148115
1.0000000000149842
1.0000000000151388
1.0000000000152738
1.0000000000153888
1.0000000000154834
1.0000000000155584
1.0000000000156144
1.0000000000156515
1.0000000000156712
1.0000000000156746
