1.1645953473992463
1.1628912902390076
1.1608648983140590
1.1585179705885940
1.1558526133389342
1.1528712489312449
1.1495766259012492
1.1459718303683040
1.1420602988188546
1.1378458322963447
1.1333326120360372
1.1285252165836546
1.1234286404361433
1.1180483142409201
1.1123901265864080
1.1064604474111659
1.1002661530510931
1.0938146529335651
1.0871139179134182
1.0801725102278574
1.0729996150249226
1.0656050733923470
1.0579994167796576
1.0501939026652063
1.0422005512705619
1.0340321830662353
1.0257024567439916
1.0172259072509626
1.0086179833884630
0.9998950843729908
0.9910745946378470
0.9821749160210312
0.9732154963390270
0.9642168531880814
0.9552005916469662
0.9461894143816709
0.9372071224784109
0.9282786051640775
0.9194298164223879
0.9106877363916882
0.9020803153512801
0.8936363980845401
0.8853856264683182
0.8773583182999452
0.8695853206565526
0.8620978365057677
0.8549272238678109
0.8481047675756226
0.8416614245913022
0.8356275449003989
0.8300325711914677
0.8249047217903240
0.8202706625922945
0.8161551749411017
0.8125808274476435
0.8095676605286394
0.8071328928810724
0.8052906591156862
0.8040517872995704
0.8034236241875925
0.8034099144802647
0.8040107385999827
0.8052225113362408
0.8070380414112971
0.8094466497151568
0.8124343418073299
0.8159840284215606
0.8200757862479455
0.8246871502748533
0.8297934284779118
0.8353680296302685
0.8413827954268059
0.8478083288881019
0.8546143120451755
0.8617698071063128
0.8692435365799025
0.8770041390912340
0.8850203988215702
0.8932614475672225
0.9016969393350953
0.9102971981451840
0.9190333402986530
0.9278773728011188
0.9368022699199910
0.9457820300214940
0.9547917148982256
0.9638074737826097
0.9728065541648279
0.9817673014130721
0.9906691490440972
0.9994926013253000
1.0082192097156097
1.0168315444787943
1.0253131626348169
1.0336485732563911
1.0418232009712680
1.0498233483974158
1.0576361581185936
1.0652495747018165
1.0726523071653187
1.0798337922250731
1.0867841585787164
1.0934941924268538
1.0999553043820547
1.1061594978743792
1.1120993391279745
1.1177679287552300
1.1231588749923258
1.1282662685819733
1.1330846592950423
1.1376090340720322
1.1418347967573799
1.1457577493940256
1.1493740750420105
1.1526803220828816
1.1556733899710168
1.1583505163933985
1.1607092658006999
1.1627475192745933
1.1644634656988118
1.1658555942045903
1.1669226878645838
1.1676638186130859
1.1680783433743673
1.1681659013850558
1.1679264127007594
1.1673600778814519
1.1664673788545172
1.1652490809587288
1.1637062361768087
1.1618401875685096
1.1596525749203763
1.1571453416324062
1.1543207428657245
1.1511813549790173
1.1477300862847806
1.1439701891593625
1.1399052735431536
1.1355393218690477
1.1308767054582418
1.1259222024224282
1.1206810171101920
1.1151588011327467
1.1093616759996818
1.1032962573887837
1.0969696810648590
1.0903896304502738
1.0835643658341156
1.0765027551868362
1.0692143065221891
1.0617092017174519
1.0539983316654380
1.0460933325866302
1.0380066232759562
1.0297514429951193
1.0213418896469746
1.0127929577821477
1.0041205758890297
0.9953416423057276
0.9864740589662163
0.9775367620528895
0.9685497484748827
0.9595340969276769
0.9505119821175805
0.9415066805592756
0.9325425661819899
0.9236450938185242
0.9148407685122054
0.9061570984733071
0.8976225294646729
0.8892663584146570
0.8811186241643333
0.8732099734764205
0.8655715007860744
0.8582345606765889
0.8512305527289166
0.8445906792274619
0.8383456771991467
0.8325255273973151
0.8271591440788041
0.8222740507056997
0.8178960479597754
0.8140488815998244
0.8107539186237653
0.8080298408216704
0.8058923650354513
0.8043539992093712
0.8034238425875017
0.8031074371937447
0.8034066760645575
0.8043197716837475
0.8058412858179437
0.8079622196196069
0.8106701606092692
0.8139494811195721
0.8177815811067237
0.8221451670010814
0.8270165575263543
0.8323700071716413
0.8381780382178889
0.8444117728345854
0.8510412576868130
0.8580357746304043
0.8653641323274485
0.8729949348979178
0.8808968249621183
0.8890386995667091
0.8973898984859131
0.9059203652277780
0.9146007817459342
0.9234026783646421
0.9322985207816391
0.9412617762372433
0.9502669610498830
0.9592896717388524
0.9683066019050099
0.9772955469378312
0.9862353984788834
0.9951061304109071
1.0038887779692680
1.0125654113971065
1.0211191053934316
1.0295339054392687
1.0377947919337911
1.0458876429319637
1.0537991961484723
1.0615170107797962
1.0690294295968326
1.0763255416738369
1.0833951460446996
1.0902287165136941
1.0968173677937325
1.1031528230997905
1.1092273832874480
1.1150338975955112
1.1205657360264796
1.1258167633784415
1.1307813149260511
1.1354541737359596
1.1398305495928280
1.1439060595053958
1.1476767097575520
1.1511388794666260
1.1542893056098447
1.1571250694798534
1.1596435845311182
1.1618425855807637
1.1637201193297813
1.1652745361734274
1.1665044832729450
1.1674088988643598
1.1679870077839856
1.1682383181943352
1.1681626194983408
1.1677599814340849
1.1670307543466094
1.1659755706377390
1.1645953473992463
1.1628912902390076
1.1608648983140590
1.1585179705885940
