1.0000000114823409
1.0000000113615752
1.0000000112153027
1.0000000110438969
1.0000000108477887
1.0000000106274685
1.0000000103834825
1.0000000101164324
1.0000000098269743
1.0000000095158164
1.0000000091837187
1.0000000088314906
1.0000000084599878
1.0000000080701110
1.0000000076628039
1.0000000072390505
1.0000000067998742
1.0000000063463328
1.0000000058795178
1.0000000054005513
1.0000000049105837
1.0000000044107900
1.0000000039023682
1.0000000033865351
1.0000000028645231
1.0000000023375797
1.0000000018069615
1.0000000012739332
1.0000000007397654
1.0000000002057297
0.9999999996730975
0.9999999991431349
0.9999999986171003
0.9999999980962414
0.9999999975817925
0.9999999970749724
0.9999999965769804
0.9999999960889921
0.9999999956121581
0.9999999951476013
0.9999999946964152
0.9999999942596597
0.9999999938383591
0.9999999934334997
0.9999999930460266
0.9999999926768426
0.9999999923268067
0.9999999919967316
0.9999999916873822
0.9999999913994727
0.9999999911336649
0.9999999908905662
0.9999999906707282
0.9999999904746475
0.9999999903027620
0.9999999901554512
0.9999999900330339
0.9999999899357694
0.9999999898638559
0.9999999898174299
0.9999999897965670
0.9999999898012801
0.9999999898315203
0.9999999898871766
0.9999999899680780
0.9999999900739934
0.9999999902046306
0.9999999903596374
0.9999999905386030
0.9999999907410582
0.9999999909664776
0.9999999912142798
0.9999999914838306
0.9999999917744437
0.9999999920853809
0.9999999924158546
0.9999999927650305
0.9999999931320286
0.9999999935159266
0.9999999939157610
0.9999999943305303
0.9999999947591970
0.9999999952006899
0.9999999956539071
0.9999999961177179
0.9999999965909672
0.9999999970724773
0.9999999975610506
0.9999999980554720
0.9999999985545129
0.9999999990569332
0.9999999995614852
1.0000000000669156
1.0000000005719696
1.0000000010753933
1.0000000015759369
1.0000000020723585
1.0000000025634264
1.0000000030479212
1.0000000035246399
1.0000000039923977
1.0000000044500308
1.0000000048964002
1.0000000053303950
1.0000000057509351
1.0000000061569716
1.0000000065474921
1.0000000069215207
1.0000000072781214
1.0000000076164004
1.0000000079355078
1.0000000082346414
1.0000000085130487
1.0000000087700263
1.0000000090049221
1.0000000092171364
1.0000000094061254
1.0000000095714006
1.0000000097125321
1.0000000098291486
1.0000000099209367
1.0000000099876452
1.0000000100290818
1.0000000100451165
1.0000000100356798
1.0000000100007647
1.0000000099404263
1.0000000098547814
1.0000000097440085
1.0000000096083483
1.0000000094481012
1.0000000092636252
1.0000000090553376
1.0000000088237140
1.0000000085692871
1.0000000082926448
1.0000000079944280
1.0000000076753306
1.0000000073360986
1.0000000069775272
1.0000000066004584
1.0000000062057799
1.0000000057944238
1.0000000053673626
1.0000000049256057
1.0000000044702004
1.0000000040022283
1.0000000035228012
1.0000000030330594
1.0000000025341691
1.0000000020273192
1.0000000015137198
1.0000000009945988
1.0000000004711969
0.9999999999447663
0.9999999994165689
0.9999999988878704
0.9999999983599388
0.9999999978340420
0.9999999973114444
0.9999999967934030
0.9999999962811662
0.9999999957759684
0.9999999952790291
0.9999999947915481
0.9999999943147037
0.9999999938496490
0.9999999933975108
0.9999999929593842
0.9999999925363349
0.9999999921293934
0.9999999917395537
0.9999999913677698
0.9999999910149542
0.9999999906819742
0.9999999903696493
0.9999999900787504
0.9999999898099993
0.9999999895640644
0.9999999893415608
0.9999999891430489
0.9999999889690330
0.9999999888199592
0.9999999886962142
0.9999999885981254
0.9999999885259597
0.9999999884799239
0.9999999884601622
0.9999999884667576
0.9999999884997307
0.9999999885590395
0.9999999886445798
0.9999999887561859
0.9999999888936286
0.9999999890566169
0.9999999892448012
0.9999999894577731
0.9999999896950648
0.9999999899561501
0.9999999902404482
0.9999999905473221
0.9999999908760815
0.9999999912259833
0.9999999915962350
0.9999999919859954
0.9999999923943768
0.9999999928204470
0.9999999932632323
0.9999999937217198
0.9999999941948593
0.9999999946815663
0.9999999951807244
0.9999999956911862
0.9999999962117786
0.9999999967413041
0.9999999972785434
0.9999999978222591
0.9999999983711980
0.9999999989240955
0.9999999994796772
1.0000000000366636
1.0000000005937693
1.0000000011497088
1.0000000017031982
1.0000000022529605
1.0000000027977265
1.0000000033362388
1.0000000038672561
1.0000000043895545
1.0000000049019311
1.0000000054032054
1.0000000058922236
1.0000000063678585
1.0000000068290171
1.0000000072746398
1.0000000077037052
1.0000000081152303
1.0000000085082723
1.0000000088819334
1.0000000092353596
1.0000000095677446
1.0000000098783333
1.0000000101664224
1.0000000104313620
1.0000000106725557
1.0000000108894631
1.0000000110816016
1.0000000112485463
1.0000000113899328
1.0000000115054573
1.0000000115948748
1.0000000116580035
1.0000000116947221
1.0000000117049730
1.0000000116887615
1.0000000116461556
1.0000000115772851
1.0000000114823409
1.0000000113615752
1.0000000112153027
1.0000000110438969
