1.0000343025984129
1.0000338727123523
1.0000333622583273
1.0000327724620168
1.0000321047384904
1.0000313606888247
1.0000305420962750
1.0000296509220137
1.0000286893004400
1.0000276595340785
1.0000265640880766
1.0000254055843114
1.0000241867951252
1.0000229106366985
1.0000215801620822
1.0000201985539006
1.0000187691167446
1.0000172952692741
1.0000157805360477
1.0000142285391018
1.0000126429892908
1.0000110276774226
1.0000093864651936
1.0000077232759641
1.0000060420853796
1.0000043469118691
1.0000026418070407
1.0000009308459983
0.9999992181176025
0.9999975077146963
0.9999958037243204
0.9999941102179470
0.9999924312417467
0.9999907708069183
0.9999891328800981
0.9999875213738794
0.9999859401374606
0.9999843929474437
0.9999828834988062
0.9999814153960682
0.9999799921446751
0.9999786171426188
0.9999772936723159
0.9999760248927592
0.9999748138319683
0.9999736633797492
0.9999725762807873
0.9999715551280860
0.9999706023567716
0.9999697202382695
0.9999689108748762
0.9999681761947364
0.9999675179472368
0.9999669376988234
0.9999664368292581
0.9999660165283257
0.9999656777929909
0.9999654214250187
0.9999652480290615
0.9999651580112173
0.9999651515780642
0.9999652287361714
0.9999653892920881
0.9999656328528121
0.9999659588267346
0.9999663664250622
0.9999668546637087
0.9999674223656543
0.9999680681637672
0.9999687905040798
0.9999695876495104
0.9999704576840254
0.9999713985172269
0.9999724078893606
0.9999734833767246
0.9999746223974720
0.9999758222177939
0.9999770799584617
0.9999783926017209
0.9999797569985162
0.9999811698760274
0.9999826278455003
0.9999841274103577
0.9999856649745689
0.9999872368512552
0.9999888392715114
0.9999904683934234
0.9999921203112604
0.9999937910648210
0.9999954766489068
0.9999971730229039
0.9999988761204494
1.0000005818591582
1.0000022861503912
1.0000039849090359
1.0000056740632774
1.0000073495643378
1.0000090073961565
1.0000106435849974
1.0000122542089533
1.0000138354073251
1.0000153833898544
1.0000168944457890
1.0000183649527559
1.0000197913854234
1.0000211703239346
1.0000224984620836
1.0000237726152237
1.0000249897278792
1.0000261468810550
1.0000272412992128
1.0000282703569114
1.0000292315850836
1.0000301226769408
1.0000309414934916
1.0000316860686553
1.0000323546139664
1.0000329455228516
1.0000334573744716
1.0000338889371223
1.0000342391711814
1.0000345072315975
1.0000346924699131
1.0000347944358166
1.0000348128782242
1.0000347477458849
1.0000345991875066
1.0000343675514045
1.0000340533846732
1.0000336574318833
1.0000331806333069
1.0000326241226749
1.0000319892244727
1.0000312774507787
1.0000304904976569
1.0000296302411074
1.0000286987325868
1.0000276981941103
1.0000266310129469
1.0000254997359166
1.0000243070633099
1.0000230558424370
1.0000217490608279
1.0000203898390954
1.0000189814234817
1.0000175271781007
1.0000160305769041
1.0000144951953800
1.0000129247020109
1.0000113228495069
1.0000096934658378
1.0000080404450848
1.0000063677381354
1.0000046793432404
1.0000029792964589
1.0000012716620124
0.9999995605225701
0.9999978499694879
0.9999961440930287
0.9999944469725853
0.9999927626669257
0.9999910952044906
0.9999894485737600
0.9999878267137181
0.9999862335044335
0.9999846727577804
0.9999831482083217
0.9999816635043796
0.9999802221993082
0.9999788277429926
0.9999774834735985
0.9999761926095873
0.9999749582420180
0.9999737833271519
0.9999726706793785
0.9999716229644802
0.9999706426932556
0.9999697322155084
0.9999688937144255
0.9999681292013509
0.9999674405109709
0.9999668292969223
0.9999662970278335
0.9999658449838060
0.9999654742533490
0.9999651857307706
0.9999649801140342
0.9999648579030836
0.9999648193986431
0.9999648647014914
0.9999649937122170
0.9999652061314490
0.9999655014605692
0.9999658790029001
0.9999663378653642
0.9999668769606147
0.9999674950096309
0.9999681905447707
0.9999689619132752
0.9999698072812173
0.9999707246378809
0.9999717118005645
0.9999727664197953
0.9999738859849415
0.9999750678302108
0.9999763091410205
0.9999776069607208
0.9999789581976595
0.9999803596325689
0.9999818079262567
0.9999832996275841
0.9999848311817147
0.9999863989386071
0.9999879991617343
0.9999896280370110
0.9999912816819073
0.9999929561547253
0.9999946474640161
0.9999963515781159
0.9999980644347769
0.9999997819508707
1.0000015000321425
1.0000032145829920
1.0000049215162568
1.0000066167629742
1.0000082962821017
1.0000099560701659
1.0000115921708272
1.0000132006843270
1.0000147777768029
1.0000163196894443
1.0000178227474661
1.0000192833688875
1.0000206980730812
1.0000220634890871
1.0000233763636599
1.0000246335690370
1.0000258321104043
1.0000269691330459
1.0000280419291594
1.0000290479443210
1.0000299847835812
1.0000308502171806
1.0000316421858702
1.0000323588058253
1.0000329983731417
1.0000335593679028
1.0000340404578016
1.0000344405013213
1.0000347585504554
1.0000349938529685
1.0000351458541870
1.0000352141983213
1.0000351987293110
1.0000350994911951
1.0000349167279992
1.0000346508831501
1.0000343025984129
1.0000338727123523
1.0000333622583273
1.0000327724620168
