1.0102040462532307
1.0100762232019431
1.0099245976104687
1.0097495151719371
1.0095513753128067
1.0093306304148240
1.0090877849303264
1.0088233943912990
1.0085380643126924
1.0082324489906018
1.0079072501960313
1.0075632157650969
1.0072011380866639
1.0068218524885797
1.0064262355238440
1.0060152031582570
1.0055897088612955
1.0051507416022076
1.0046993237535562
1.0042365089047192
1.0037633795881331
1.0032810449213680
1.0027906381684379
1.0022933142240802
1.0017902470250746
1.0012826268930308
1.0007716578134249
1.0002585546560443
0.9997445403423582
0.9992308429657114
0.9987186928706023
0.9982093196976810
0.9977039494014495
0.9972038012480020
0.9967100848004645
0.9962239969001161
0.9957467186514554
0.9952794124197476
0.9948232188498136
0.9943792539150323
0.9939486060056887
0.9935323330659211
0.9931314597886129
0.9927469748775998
0.9923798283865618
0.9920309291438957
0.9917011422727530
0.9913912868152652
0.9911021334697495
0.9908344024494153
0.9905887614707554
0.9903658238794231
0.9901661469209602
0.9899902301632560
0.9898385140770738
0.9897113787804078
0.9896091429518140
0.9895320629171924
0.9894803319138099
0.9894540795346365
0.9894533713553192
0.9894782087453596
0.9895285288642925
0.9896042048428783
0.9897050461485518
0.9898307991335918
0.9899811477637169
0.9901557145240694
0.9903540614988299
0.9905756916200046
0.9908200500802812
0.9910865259042086
0.9913744536713957
0.9916831153848563
0.9920117424771716
0.9923595179466772
0.9927255786155059
0.9931090175009821
0.9935088862915791
0.9939241979184339
0.9943539292132356
0.9947970236431953
0.9952523941137267
0.9957189258294680
0.9961954792043023
0.9966808928111083
0.9971739863621064
0.9976735637108222
0.9981784158668905
0.9986873240151610
0.9991990625308195
0.9997124019825369
1.0002261121159701
1.0007389648102596
1.0012497370005253
1.0017572135597113
1.0022601901334998
1.0027574759223845
1.0032478964053573
1.0037302960000456
1.0042035406544949
1.0046665203661547
1.0051181516239811
1.0055573797699067
1.0059831812762590
1.0063945659360269
1.0067905789631704
1.0071703030004582
1.0075328600325897
1.0078774132025927
1.0082031685297468
1.0085093765274731
1.0087953337198468
1.0090603840555608
1.0093039202183351
1.0095253848329087
1.0097242715658963
1.0099001261208895
1.0100525471273016
1.0101811869225339
1.0102857522271247
1.0103660047126088
1.0104217614618711
1.0104528953218350
1.0104593351483635
1.0104410659432943
1.0103981288835642
1.0103306212424128
1.0102386962026901
1.0101225625623251
1.0099824843320495
1.0098187802255165
1.0096318230419985
1.0094220389418993
1.0091899066153813
1.0089359563444842
1.0086607689591878
1.0083649746879739
1.0080492519035462
1.0077143257644940
1.0073609667538204
1.0069899891154164
1.0066022491897275
1.0061986436500558
1.0057801076411375
1.0053476128218639
1.0049021653142605
1.0044448035610913
1.0039765960947347
1.0034986392202701
1.0030120546160215
1.0025179868551264
1.0020176008520332
1.0015120792381804
1.0010026196714690
1.0004904320844965
0.9999767358768906
0.9994627570574643
0.9989497253422680
0.9984388712149964
0.9979314229565670
0.9974286036510321
0.9969316281753318
0.9964417001807206
0.9959600090739924
0.9954877270069158
0.9950260058825366
0.9945759743872251
0.9941387350575243
0.9937153613910104
0.9933068950104689
0.9929143428907551
0.9925386746577247
0.9921808199685715
0.9918416659828279
0.9915220549331384
0.9912227818047249
0.9909445921322072
0.9906881799221426
0.9904541857092826
0.9902431947541380
0.9900557353889859
0.9898922775189241
0.9897532312840330
0.9896389458881033
0.9895497085987335
0.9894857439229416
0.9894472129617174
0.9894342129462139
0.9894467769575198
0.9894848738311921
0.9895484082469507
0.9896372210031558
0.9897510894749150
0.9898897282538953
0.9900527899671693
0.9902398662716804
0.9904504890202195
0.9906841315941137
0.9909402103971946
0.9912180865050046
0.9915170674626473
0.9918364092241627
0.9921753182258549
0.9925329535855816
0.9929084294196521
0.9933008172686826
0.9937091486234902
0.9941324175419283
0.9945695833474063
0.9950195733997589
0.9954812859290815
0.9959535929231668
0.9964353430592287
0.9969253646707095
0.9974224687401013
0.9979254519089020
0.9984330994960432
0.9989441885163711
0.9994574906910453
0.9999717754420169
1.0004858128630743
1.0009983766602715
1.0015082470549264
1.0020142136427161
1.0025150782027801
1.0030096574511054
1.0034967857328430
1.0039753176485775
1.0044441306099250
1.0049021273202046
1.0053482381762655
1.0057814235878955
1.0062006762115492
1.0066050230954593
1.0069935277334703
1.0073652920252190
1.0077194581405458
1.0080552102862652
1.0083717763736408
1.0086684295851238
1.0089444898391013
1.0091993251515690
1.0094323528938041
1.0096430409452546
1.0098309087409740
1.0099955282130526
1.0101365246255820
1.0102535773027830
1.0103464202499925
1.0104148426672714
1.0104586893554444
1.0104778610144365
1.0104723144338126
1.0104420625754569
1.0103871745483672
1.0103077754755743
1.0102040462532307
1.0100762232019431
1.0099245976104687
1.0097495151719371
