1.0000000423476867
1.0000000418715804
1.0000000412994476
1.0000000406327150
1.0000000398730302
1.0000000390222610
1.0000000380824920
1.0000000370560169
1.0000000359453347
1.0000000347531441
1.0000000334823362
1.0000000321359879
1.0000000307173527
1.0000000292298541
1.0000000276770764
1.0000000260627577
1.0000000243907810
1.0000000226651640
1.0000000208900486
1.0000000190696938
1.0000000172084635
1.0000000153108175
1.0000000133812996
1.0000000114245271
1.0000000094451793
1.0000000074479860
1.0000000054377158
1.0000000034191667
1.0000000013971544
0.9999999993765001
0.9999999973620189
0.9999999953585086
0.9999999933707372
0.9999999914034313
0.9999999894612669
0.9999999875488558
0.9999999856707369
0.9999999838313639
0.9999999820350957
0.9999999802861854
0.9999999785887723
0.9999999769468685
0.9999999753643517
0.9999999738449544
0.9999999723922558
0.9999999710096719
0.9999999697004497
0.9999999684676586
0.9999999673141837
0.9999999662427166
0.9999999652557496
0.9999999643555720
0.9999999635442645
0.9999999628236922
0.9999999621955026
0.9999999616611192
0.9999999612217388
0.9999999608783298
0.9999999606316279
0.9999999604821366
0.9999999604301248
0.9999999604756260
0.9999999606184393
0.9999999608581299
0.9999999611940308
0.9999999616252427
0.9999999621506385
0.9999999627688636
0.9999999634783400
0.9999999642772688
0.9999999651636368
0.9999999661352194
0.9999999671895866
0.9999999683241109
0.9999999695359723
0.9999999708221652
0.9999999721795042
0.9999999736046329
0.9999999750940328
0.9999999766440316
0.9999999782508110
0.9999999799104171
0.9999999816187710
0.9999999833716747
0.9999999851648226
0.9999999869938127
0.9999999888541582
0.9999999907412981
0.9999999926506046
0.9999999945773985
0.9999999965169595
0.9999999984645367
1.0000000004153600
1.0000000023646500
1.0000000043076316
1.0000000062395462
1.0000000081556630
1.0000000100512887
1.0000000119217791
1.0000000137625522
1.0000000155690973
1.0000000173369854
1.0000000190618807
1.0000000207395519
1.0000000223658803
1.0000000239368716
1.0000000254486647
1.0000000268975413
1.0000000282799348
1.0000000295924398
1.0000000308318187
1.0000000319950093
1.0000000330791339
1.0000000340815043
1.0000000349996310
1.0000000358312262
1.0000000365742105
1.0000000372267188
1.0000000377871041
1.0000000382539427
1.0000000386260355
1.0000000389024135
1.0000000390823363
1.0000000391652957
1.0000000391510186
1.0000000390394670
1.0000000388308363
1.0000000385255565
1.0000000381242893
1.0000000376279301
1.0000000370376043
1.0000000363546639
1.0000000355806855
1.0000000347174645
1.0000000337670123
1.0000000327315521
1.0000000316135127
1.0000000304155232
1.0000000291404065
1.0000000277911709
1.0000000263710040
1.0000000248832668
1.0000000233314845
1.0000000217193379
1.0000000200506545
1.0000000183293996
1.0000000165596681
1.0000000147456742
1.0000000128917403
1.0000000110022875
1.0000000090818242
1.0000000071349346
1.0000000051662687
1.0000000031805343
1.0000000011824814
0.9999999991768910
0.9999999971685646
0.9999999951623134
0.9999999931629469
0.9999999911752613
0.9999999892040292
0.9999999872539844
0.9999999853298135
0.9999999834361445
0.9999999815775350
0.9999999797584611
0.9999999779833070
0.9999999762563543
0.9999999745817730
0.9999999729636105
0.9999999714057820
0.9999999699120591
0.9999999684860641
0.9999999671312592
0.9999999658509391
0.9999999646482244
0.9999999635260524
0.9999999624871698
0.9999999615341263
0.9999999606692680
0.9999999598947333
0.9999999592124466
0.9999999586241126
0.9999999581312158
0.9999999577350134
0.9999999574365339
0.9999999572365739
0.9999999571356958
0.9999999571342274
0.9999999572322605
0.9999999574296524
0.9999999577260240
0.9999999581207619
0.9999999586130198
0.9999999592017190
0.9999999598855501
0.9999999606629782
0.9999999615322468
0.9999999624913811
0.9999999635381932
0.9999999646702871
0.9999999658850639
0.9999999671797285
0.9999999685512942
0.9999999699965910
0.9999999715122732
0.9999999730948290
0.9999999747405881
0.9999999764457297
0.9999999782062903
0.9999999800181752
0.9999999818771678
0.9999999837789387
0.9999999857190573
0.9999999876930005
0.9999999896961650
0.9999999917238780
0.9999999937714074
0.9999999958339729
0.9999999979067592
0.9999999999849268
1.0000000020636244
1.0000000041379982
1.0000000062032051
1.0000000082544225
1.0000000102868605
1.0000000122957733
1.0000000142764707
1.0000000162243294
1.0000000181348039
1.0000000200034371
1.0000000218258716
1.0000000235978586
1.0000000253152701
1.0000000269741072
1.0000000285705108
1.0000000301007685
1.0000000315613242
1.0000000329487877
1.0000000342599422
1.0000000354917522
1.0000000366413684
1.0000000377061369
1.0000000386836063
1.0000000395715316
1.0000000403678797
1.0000000410708343
1.0000000416788013
1.0000000421904123
1.0000000426045266
1.0000000429202349
1.0000000431368616
1.0000000432539644
1.0000000432713385
1.0000000431890137
1.0000000430072562
1.0000000427265683
1.0000000423476867
1.0000000418715804
1.0000000412994476
1.0000000406327150
