1.0000000002106437
1.0000000002095182
1.0000000002080003
1.0000000002060940
1.0000000002038054
1.0000000002011398
1.0000000001981044
1.0000000001947078
1.0000000001909586
1.0000000001868659
1.0000000001824401
1.0000000001776936
1.0000000001726397
1.0000000001672926
1.0000000001616669
1.0000000001557749
1.0000000001496308
1.0000000001432496
1.0000000001366485
1.0000000001298435
1.0000000001228500
1.0000000001156852
1.0000000001083653
1.0000000001009079
1.0000000000933316
1.0000000000856535
1.0000000000778921
1.0000000000700662
1.0000000000621940
1.0000000000542959
1.0000000000463909
1.0000000000384974
1.0000000000306328
1.0000000000228149
1.0000000000150611
1.0000000000073885
0.9999999999998146
0.9999999999923549
0.9999999999850265
0.9999999999778461
0.9999999999708297
0.9999999999639932
0.9999999999573533
0.9999999999509254
0.9999999999447249
0.9999999999387652
0.9999999999330593
0.9999999999276196
0.9999999999224567
0.9999999999175806
0.9999999999130007
0.9999999999087263
0.9999999999047653
0.9999999999011249
0.9999999998978122
0.9999999998948340
0.9999999998921950
0.9999999998898986
0.9999999998879496
0.9999999998863511
0.9999999998851063
0.9999999998842158
0.9999999998836785
0.9999999998834929
0.9999999998836558
0.9999999998841640
0.9999999998850135
0.9999999998862010
0.9999999998877206
0.9999999998895661
0.9999999998917315
0.9999999998942097
0.9999999998969927
0.9999999999000716
0.9999999999034368
0.9999999999070768
0.9999999999109801
0.9999999999151340
0.9999999999195256
0.9999999999241401
0.9999999999289646
0.9999999999339846
0.9999999999391855
0.9999999999445515
0.9999999999500667
0.9999999999557164
0.9999999999614851
0.9999999999673546
0.9999999999733084
0.9999999999793299
0.9999999999854023
0.9999999999915088
0.9999999999976320
1.0000000000037543
1.0000000000098586
1.0000000000159270
1.0000000000219422
1.0000000000278872
1.0000000000337443
1.0000000000394975
1.0000000000451308
1.0000000000506282
1.0000000000559737
1.0000000000611518
1.0000000000661462
1.0000000000709428
1.0000000000755283
1.0000000000798916
1.0000000000840217
1.0000000000879068
1.0000000000915361
1.0000000000948999
1.0000000000979883
1.0000000001007927
1.0000000001033038
1.0000000001055120
1.0000000001074101
1.0000000001089919
1.0000000001102527
1.0000000001111877
1.0000000001117919
1.0000000001120621
1.0000000001119962
1.0000000001115930
1.0000000001108504
1.0000000001097691
1.0000000001083502
1.0000000001065967
1.0000000001045113
1.0000000001020979
1.0000000000993616
1.0000000000963076
1.0000000000929410
1.0000000000892681
1.0000000000852960
1.0000000000810321
1.0000000000764853
1.0000000000716656
1.0000000000665832
1.0000000000612479
1.0000000000556715
1.0000000000498661
1.0000000000438445
1.0000000000376197
1.0000000000312073
1.0000000000246223
1.0000000000178813
1.0000000000110003
1.0000000000039959
0.9999999999968846
0.9999999999896829
0.9999999999824077
0.9999999999750758
0.9999999999677048
0.9999999999603139
0.9999999999529212
0.9999999999455429
0.9999999999381967
0.9999999999309003
0.9999999999236708
0.9999999999165257
0.9999999999094825
0.9999999999025606
0.9999999998957776
0.9999999998891512
0.9999999998826989
0.9999999998764376
0.9999999998703832
0.9999999998645507
0.9999999998589544
0.9999999998536080
0.9999999998485245
0.9999999998437167
0.9999999998391981
0.9999999998349821
0.9999999998310817
0.9999999998275085
0.9999999998242737
0.9999999998213860
0.9999999998188531
0.9999999998166819
0.9999999998148785
0.9999999998134486
0.9999999998123973
0.9999999998117294
0.9999999998114492
0.9999999998115591
0.9999999998120614
0.9999999998129567
0.9999999998142455
0.9999999998159275
0.9999999998180007
0.9999999998204628
0.9999999998233106
0.9999999998265389
0.9999999998301426
0.9999999998341164
0.9999999998384530
0.9999999998431445
0.9999999998481812
0.9999999998535538
0.9999999998592511
0.9999999998652609
0.9999999998715713
0.9999999998781708
0.9999999998850473
0.9999999998921871
0.9999999998995758
0.9999999999071982
0.9999999999150391
0.9999999999230822
0.9999999999313108
0.9999999999397087
0.9999999999482588
0.9999999999569450
0.9999999999657493
0.9999999999746532
0.9999999999836381
0.9999999999926847
1.0000000000017746
1.0000000000108864
1.0000000000200004
1.0000000000290976
1.0000000000381597
1.0000000000471683
1.0000000000561049
1.0000000000649509
1.0000000000736877
1.0000000000822955
1.0000000000907565
1.0000000000990528
1.0000000001071663
1.0000000001150799
1.0000000001227756
1.0000000001302378
1.0000000001374516
1.0000000001444018
1.0000000001510738
1.0000000001574540
1.0000000001635301
1.0000000001692899
1.0000000001747218
1.0000000001798153
1.0000000001845590
1.0000000001889437
1.0000000001929610
1.0000000001966030
1.0000000001998632
1.0000000002027363
1.0000000002052178
1.0000000002073033
1.0000000002089890
1.0000000002102727
1.0000000002111529
1.0000000002116296
1.0000000002117024
1.0000000002113729
1.0000000002106437
1.0000000002095182
1.0000000002080003
1.0000000002060940
