1.0000000000294849
1.0000000000294487
1.0000000000293618
1.0000000000292248
1.0000000000290374
1.0000000000288001
1.0000000000285145
1.0000000000281830
1.0000000000278073
1.0000000000273892
1.0000000000269300
1.0000000000264322
1.0000000000258977
1.0000000000253282
1.0000000000247247
1.0000000000240883
1.0000000000234206
1.0000000000227249
1.0000000000220044
1.0000000000212599
1.0000000000204916
1.0000000000197007
1.0000000000188893
1.0000000000180591
1.0000000000172131
1.0000000000163536
1.0000000000154832
1.0000000000146039
1.0000000000137179
1.0000000000128275
1.0000000000119347
1.0000000000110421
1.0000000000101534
1.0000000000092726
1.0000000000084019
1.0000000000075433
1.0000000000066975
1.0000000000058640
1.0000000000050435
1.0000000000042368
1.0000000000034457
1.0000000000026719
1.0000000000019176
1.0000000000011862
1.0000000000004798
0.9999999999998004
0.9999999999991491
0.9999999999985260
0.9999999999979303
0.9999999999973626
0.9999999999968238
0.9999999999963147
0.9999999999958357
0.9999999999953874
0.9999999999949711
0.9999999999945882
0.9999999999942401
0.9999999999939282
0.9999999999936533
0.9999999999934150
0.9999999999932123
0.9999999999930440
0.9999999999929094
0.9999999999928096
0.9999999999927449
0.9999999999927149
0.9999999999927196
0.9999999999927583
0.9999999999928306
0.9999999999929344
0.9999999999930672
0.9999999999932271
0.9999999999934129
0.9999999999936241
0.9999999999938599
0.9999999999941190
0.9999999999944016
0.9999999999947071
0.9999999999950353
0.9999999999953847
0.9999999999957548
0.9999999999961435
0.9999999999965496
0.9999999999969716
0.9999999999974079
0.9999999999978555
0.9999999999983122
0.9999999999987769
0.9999999999992482
0.9999999999997236
1.0000000000002016
1.0000000000006803
1.0000000000011582
1.0000000000016331
1.0000000000021048
1.0000000000025719
1.0000000000030338
1.0000000000034879
1.0000000000039322
1.0000000000043650
1.0000000000047848
1.0000000000051910
1.0000000000055822
1.0000000000059572
1.0000000000063149
1.0000000000066545
1.0000000000069740
1.0000000000072722
1.0000000000075469
1.0000000000077973
1.0000000000080222
1.0000000000082212
1.0000000000083942
1.0000000000085398
1.0000000000086586
1.0000000000087501
1.0000000000088141
1.0000000000088498
1.0000000000088580
1.0000000000088389
1.0000000000087930
1.0000000000087197
1.0000000000086189
1.0000000000084897
1.0000000000083311
1.0000000000081422
1.0000000000079217
1.0000000000076701
1.0000000000073888
1.0000000000070783
1.0000000000067393
1.0000000000063725
1.0000000000059783
1.0000000000055578
1.0000000000051115
1.0000000000046401
1.0000000000041449
1.0000000000036260
1.0000000000030838
1.0000000000025182
1.0000000000019311
1.0000000000013245
1.0000000000006997
1.0000000000000586
0.9999999999994030
0.9999999999987340
0.9999999999980520
0.9999999999973591
0.9999999999966572
0.9999999999959485
0.9999999999952341
0.9999999999945161
0.9999999999937953
0.9999999999930730
0.9999999999923503
0.9999999999916287
0.9999999999909097
0.9999999999901957
0.9999999999894896
0.9999999999887934
0.9999999999881083
0.9999999999874368
0.9999999999867811
0.9999999999861440
0.9999999999855260
0.9999999999849298
0.9999999999843565
0.9999999999838067
0.9999999999832807
0.9999999999827787
0.9999999999823010
0.9999999999818501
0.9999999999814269
0.9999999999810322
0.9999999999806677
0.9999999999803338
0.9999999999800320
0.9999999999797630
0.9999999999795293
0.9999999999793319
0.9999999999791722
0.9999999999790518
0.9999999999789715
0.9999999999789311
0.9999999999789297
0.9999999999789669
0.9999999999790435
0.9999999999791604
0.9999999999793190
0.9999999999795192
0.9999999999797606
0.9999999999800425
0.9999999999803648
0.9999999999807275
0.9999999999811303
0.9999999999815725
0.9999999999820540
0.9999999999825741
0.9999999999831329
0.9999999999837298
0.9999999999843636
0.9999999999850337
0.9999999999857379
0.9999999999864756
0.9999999999872470
0.9999999999880517
0.9999999999888881
0.9999999999897543
0.9999999999906483
0.9999999999915677
0.9999999999925112
0.9999999999934773
0.9999999999944648
0.9999999999954724
0.9999999999964982
0.9999999999975401
0.9999999999985942
0.9999999999996587
1.0000000000007307
1.0000000000018092
1.0000000000028917
1.0000000000039770
1.0000000000050653
1.0000000000061549
1.0000000000072438
1.0000000000083300
1.0000000000094111
1.0000000000104849
1.0000000000115488
1.0000000000125993
1.0000000000136338
1.0000000000146514
1.0000000000156504
1.0000000000166296
1.0000000000175868
1.0000000000185192
1.0000000000194249
1.0000000000203015
1.0000000000211473
1.0000000000219607
1.0000000000227389
1.0000000000234801
1.0000000000241827
1.0000000000248461
1.0000000000254698
1.0000000000260527
1.0000000000265936
1.0000000000270917
1.0000000000275462
1.0000000000279550
1.0000000000283167
1.0000000000286313
1.0000000000288982
1.0000000000291169
1.0000000000292857
1.0000000000294038
1.0000000000294700
1.0000000000294849
1.0000000000294487
1.0000000000293618
1.0000000000292248
