1.0000000053332476
1.0000000052802305
1.0000000052155638
1.0000000051394176
1.0000000050519866
1.0000000049534916
1.0000000048441784
1.0000000047243178
1.0000000045942070
1.0000000044541681
1.0000000043045461
1.0000000041457076
1.0000000039780403
1.0000000038019521
1.0000000036178707
1.0000000034262426
1.0000000032275311
1.0000000030222160
1.0000000028107925
1.0000000025937690
1.0000000023716664
1.0000000021450168
1.0000000019143633
1.0000000016802575
1.0000000014432602
1.0000000012039370
1.0000000009628600
1.0000000007206049
1.0000000004777481
1.0000000002348679
0.9999999999925410
0.9999999997513411
0.9999999995118394
0.9999999992746029
0.9999999990401918
0.9999999988091584
0.9999999985820470
0.9999999983593927
0.9999999981417197
0.9999999979295393
0.9999999977233487
0.9999999975236290
0.9999999973308450
0.9999999971454461
0.9999999969678622
0.9999999967985060
0.9999999966377686
0.9999999964860204
0.9999999963436094
0.9999999962108599
0.9999999960880730
0.9999999959755259
0.9999999958734697
0.9999999957821301
0.9999999957017068
0.9999999956323741
0.9999999955742801
0.9999999955275436
0.9999999954922570
0.9999999954684841
0.9999999954562614
0.9999999954555975
0.9999999954664726
0.9999999954888388
0.9999999955226211
0.9999999955677170
0.9999999956239951
0.9999999956912965
0.9999999957694358
0.9999999958582017
0.9999999959573581
0.9999999960666431
0.9999999961857700
0.9999999963144284
0.9999999964522851
0.9999999965989840
0.9999999967541474
0.9999999969173786
0.9999999970882608
0.9999999972663592
0.9999999974512236
0.9999999976423849
0.9999999978393594
0.9999999980416492
0.9999999982487430
0.9999999984601179
0.9999999986752409
0.9999999988935702
0.9999999991145557
0.9999999993376422
0.9999999995622688
0.9999999997878714
1.0000000000138851
1.0000000002397424
1.0000000004648759
1.0000000006887189
1.0000000009107095
1.0000000011302907
1.0000000013469112
1.0000000015600268
1.0000000017691020
1.0000000019736108
1.0000000021730389
1.0000000023668838
1.0000000025546560
1.0000000027358811
1.0000000029100991
1.0000000030768688
1.0000000032357681
1.0000000033863936
1.0000000035283625
1.0000000036613124
1.0000000037849033
1.0000000038988170
1.0000000040027597
1.0000000040964598
1.0000000041796717
1.0000000042521746
1.0000000043137742
1.0000000043643034
1.0000000044036224
1.0000000044316197
1.0000000044482098
1.0000000044533355
1.0000000044469666
1.0000000044291015
1.0000000043997659
1.0000000043590129
1.0000000043069253
1.0000000042436121
1.0000000041692094
1.0000000040838803
1.0000000039878159
1.0000000038812327
1.0000000037643741
1.0000000036375072
1.0000000035009229
1.0000000033549377
1.0000000031998904
1.0000000030361422
1.0000000028640759
1.0000000026840947
1.0000000024966214
1.0000000023020985
1.0000000021009861
1.0000000018937591
1.0000000016809076
1.0000000014629364
1.0000000012403631
1.0000000010137176
1.0000000007835399
1.0000000005503795
1.0000000003147935
1.0000000000773441
0.9999999998385997
0.9999999995991328
0.9999999993595187
0.9999999991203323
0.9999999988821496
0.9999999986455447
0.9999999984110877
0.9999999981793439
0.9999999979508729
0.9999999977262277
0.9999999975059531
0.9999999972905832
0.9999999970806409
0.9999999968766381
0.9999999966790726
0.9999999964884267
0.9999999963051676
0.9999999961297437
0.9999999959625873
0.9999999958041109
0.9999999956547077
0.9999999955147488
0.9999999953845836
0.9999999952645384
0.9999999951549157
0.9999999950559928
0.9999999949680223
0.9999999948912326
0.9999999948258257
0.9999999947719768
0.9999999947298338
0.9999999946995165
0.9999999946811172
0.9999999946746992
0.9999999946802988
0.9999999946979229
0.9999999947275517
0.9999999947691360
0.9999999948225985
0.9999999948878348
0.9999999949647121
0.9999999950530711
0.9999999951527241
0.9999999952634564
0.9999999953850289
0.9999999955171767
0.9999999956596082
0.9999999958120075
0.9999999959740343
0.9999999961453268
0.9999999963255003
0.9999999965141494
0.9999999967108493
0.9999999969151573
0.9999999971266123
0.9999999973447353
0.9999999975690335
0.9999999977989970
0.9999999980341034
0.9999999982738179
0.9999999985175939
0.9999999987648738
0.9999999990150931
0.9999999992676810
0.9999999995220620
0.9999999997776557
1.0000000000338802
1.0000000002901508
1.0000000005458825
1.0000000008004906
1.0000000010533925
1.0000000013040105
1.0000000015517718
1.0000000017961117
1.0000000020364725
1.0000000022723050
1.0000000025030704
1.0000000027282430
1.0000000029473097
1.0000000031597724
1.0000000033651486
1.0000000035629724
1.0000000037527965
1.0000000039341923
1.0000000041067498
1.0000000042700803
1.0000000044238175
1.0000000045676167
1.0000000047011566
1.0000000048241398
1.0000000049362938
1.0000000050373703
1.0000000051271489
1.0000000052054361
1.0000000052720648
1.0000000053268951
1.0000000053698146
1.0000000054007390
1.0000000054196125
1.0000000054264082
1.0000000054211260
1.0000000054037954
1.0000000053744740
1.0000000053332476
1.0000000052802305
1.0000000052155638
1.0000000051394176
