1.0000000000155473
1.0000000000155918
1.0000000000156193
1.0000000000156297
1.0000000000156213
1.0000000000155937
1.0000000000155476
1.0000000000154825
1.0000000000153975
1.0000000000152933
1.0000000000151708
1.0000000000150286
1.0000000000148674
1.0000000000146863
1.0000000000144853
1.0000000000142653
1.0000000000140266
1.0000000000137697
1.0000000000134961
1.0000000000132072
1.0000000000129032
1.0000000000125857
1.0000000000122564
1.0000000000119162
1.0000000000115654
1.0000000000112044
1.0000000000108340
1.0000000000104545
1.0000000000100666
1.0000000000096709
1.0000000000092695
1.0000000000088647
1.0000000000084586
1.0000000000080507
1.0000000000076397
1.0000000000072267
1.0000000000068123
1.0000000000063975
1.0000000000059821
1.0000000000055671
1.0000000000051534
1.0000000000047424
1.0000000000043363
1.0000000000039346
1.0000000000035392
1.0000000000031513
1.0000000000027724
1.0000000000024039
1.0000000000020468
1.0000000000017009
1.0000000000013656
1.0000000000010418
1.0000000000007301
1.0000000000004323
1.0000000000001490
0.9999999999998818
0.9999999999996304
0.9999999999993949
0.9999999999991742
0.9999999999989677
0.9999999999987749
0.9999999999985958
0.9999999999984320
0.9999999999982850
0.9999999999981558
0.9999999999980436
0.9999999999979465
0.9999999999978639
0.9999999999977964
0.9999999999977441
0.9999999999977068
0.9999999999976861
0.9999999999976827
0.9999999999976975
0.9999999999977301
0.9999999999977804
0.9999999999978477
0.9999999999979313
0.9999999999980291
0.9999999999981404
0.9999999999982635
0.9999999999983976
0.9999999999985422
0.9999999999986964
0.9999999999988589
0.9999999999990298
0.9999999999992092
0.9999999999993965
0.9999999999995907
0.9999999999997897
0.9999999999999925
1.0000000000001972
1.0000000000004032
1.0000000000006104
1.0000000000008180
1.0000000000010247
1.0000000000012292
1.0000000000014317
1.0000000000016325
1.0000000000018292
1.0000000000020210
1.0000000000022069
1.0000000000023863
1.0000000000025591
1.0000000000027229
1.0000000000028784
1.0000000000030254
1.0000000000031639
1.0000000000032936
1.0000000000034144
1.0000000000035252
1.0000000000036247
1.0000000000037128
1.0000000000037885
1.0000000000038518
1.0000000000039022
1.0000000000039400
1.0000000000039659
1.0000000000039824
1.0000000000039884
1.0000000000039835
1.0000000000039673
1.0000000000039386
1.0000000000038967
1.0000000000038396
1.0000000000037670
1.0000000000036788
1.0000000000035767
1.0000000000034599
1.0000000000033291
1.0000000000031841
1.0000000000030242
1.0000000000028506
1.0000000000026641
1.0000000000024660
1.0000000000022575
1.0000000000020390
1.0000000000018112
1.0000000000015739
1.0000000000013276
1.0000000000010738
1.0000000000008125
1.0000000000005440
1.0000000000002676
0.9999999999999831
0.9999999999996905
0.9999999999993910
0.9999999999990867
0.9999999999987778
0.9999999999984654
0.9999999999981507
0.9999999999978341
0.9999999999975163
0.9999999999971996
0.9999999999968850
0.9999999999965730
0.9999999999962643
0.9999999999959603
0.9999999999956615
0.9999999999953676
0.9999999999950794
0.9999999999947969
0.9999999999945209
0.9999999999942515
0.9999999999939899
0.9999999999937376
0.9999999999934950
0.9999999999932625
0.9999999999930420
0.9999999999928334
0.9999999999926367
0.9999999999924528
0.9999999999922830
0.9999999999921287
0.9999999999919905
0.9999999999918688
0.9999999999917638
0.9999999999916751
0.9999999999916025
0.9999999999915461
0.9999999999915058
0.9999999999914817
0.9999999999914752
0.9999999999914869
0.9999999999915179
0.9999999999915679
0.9999999999916370
0.9999999999917255
0.9999999999918329
0.9999999999919591
0.9999999999921040
0.9999999999922679
0.9999999999924515
0.9999999999926550
0.9999999999928788
0.9999999999931225
0.9999999999933850
0.9999999999936651
0.9999999999939608
0.9999999999942710
0.9999999999945945
0.9999999999949299
0.9999999999952762
0.9999999999956332
0.9999999999960014
0.9999999999963832
0.9999999999967797
0.9999999999971901
0.9999999999976137
0.9999999999980493
0.9999999999984952
0.9999999999989497
0.9999999999994121
0.9999999999998817
1.0000000000003586
1.0000000000008422
1.0000000000013309
1.0000000000018230
1.0000000000023168
1.0000000000028106
1.0000000000033045
1.0000000000037983
1.0000000000042912
1.0000000000047824
1.0000000000052709
1.0000000000057558
1.0000000000062357
1.0000000000067104
1.0000000000071798
1.0000000000076443
1.0000000000081035
1.0000000000085563
1.0000000000090010
1.0000000000094358
1.0000000000098590
1.0000000000102709
1.0000000000106712
1.0000000000110600
1.0000000000114373
1.0000000000118026
1.0000000000121547
1.0000000000124936
1.0000000000128184
1.0000000000131282
1.0000000000134213
1.0000000000136968
1.0000000000139542
1.0000000000141918
1.0000000000144094
1.0000000000146072
1.0000000000147855
1.0000000000149452
1.0000000000150868
1.0000000000152105
1.0000000000153182
1.0000000000154099
1.0000000000154863
1.0000000000155473
1.0000000000155918
1.0000000000156193
1.0000000000156297
