1.0000000016612849
1.0000000016467017
1.0000000016286179
1.0000000016070827
1.0000000015821526
1.0000000015538926
1.0000000015223756
1.0000000014876818
1.0000000014499000
1.0000000014091242
1.0000000013654546
1.0000000013189994
1.0000000012698724
1.0000000012181949
1.0000000011640913
1.0000000011076946
1.0000000010491417
1.0000000009885739
1.0000000009261374
1.0000000008619827
1.0000000007962642
1.0000000007291385
1.0000000006607672
1.0000000005913139
1.0000000005209444
1.0000000004498262
1.0000000003781289
1.0000000003060225
1.0000000002336795
1.0000000001612717
1.0000000000889695
1.0000000000169433
0.9999999999453634
0.9999999998743987
0.9999999998042163
0.9999999997349817
0.9999999996668567
0.9999999996000013
0.9999999995345712
0.9999999994707189
0.9999999994085930
0.9999999993483373
0.9999999992900910
0.9999999992339896
0.9999999991801617
0.9999999991287303
0.9999999990798130
0.9999999990335195
0.9999999989899541
0.9999999989492123
0.9999999989113850
0.9999999988765562
0.9999999988448024
0.9999999988161922
0.9999999987907856
0.9999999987686352
0.9999999987497877
0.9999999987342801
0.9999999987221407
0.9999999987133880
0.9999999987080329
0.9999999987060781
0.9999999987075183
0.9999999987123404
0.9999999987205231
0.9999999987320368
0.9999999987468429
0.9999999987648956
0.9999999987861423
0.9999999988105213
0.9999999988379632
0.9999999988683932
0.9999999989017284
0.9999999989378782
0.9999999989767451
0.9999999990182236
0.9999999990622023
0.9999999991085641
0.9999999991571861
0.9999999992079392
0.9999999992606896
0.9999999993152983
0.9999999993716221
0.9999999994295135
0.9999999994888223
0.9999999995493950
0.9999999996110761
0.9999999996737083
0.9999999997371319
0.9999999998011838
0.9999999998656999
0.9999999999305129
0.9999999999954551
1.0000000000603571
1.0000000001250506
1.0000000001893685
1.0000000002531455
1.0000000003162182
1.0000000003784233
1.0000000004396010
1.0000000004995941
1.0000000005582486
1.0000000006154128
1.0000000006709389
1.0000000007246821
1.0000000007765029
1.0000000008262664
1.0000000008738432
1.0000000009191090
1.0000000009619461
1.0000000010022412
1.0000000010398880
1.0000000010747854
1.0000000011068395
1.0000000011359642
1.0000000011620795
1.0000000011851142
1.0000000012050048
1.0000000012216950
1.0000000012351375
1.0000000012452921
1.0000000012521271
1.0000000012556189
1.0000000012557515
1.0000000012525159
1.0000000012459127
1.0000000012359500
1.0000000012226431
1.0000000012060164
1.0000000011861030
1.0000000011629444
1.0000000011365904
1.0000000011070991
1.0000000010745349
1.0000000010389707
1.0000000010004870
1.0000000009591716
1.0000000009151182
1.0000000008684280
1.0000000008192094
1.0000000007675760
1.0000000007136476
1.0000000006575489
1.0000000005994105
1.0000000005393688
1.0000000004775642
1.0000000004141427
1.0000000003492555
1.0000000002830565
1.0000000002157019
1.0000000001473512
1.0000000000781668
1.0000000000083138
0.9999999999379592
0.9999999998672714
0.9999999997964202
0.9999999997255770
0.9999999996549127
0.9999999995845990
0.9999999995148062
0.9999999994457026
0.9999999993774558
0.9999999993102329
0.9999999992441969
0.9999999991795090
0.9999999991163269
0.9999999990548036
0.9999999989950903
0.9999999989373335
0.9999999988816759
0.9999999988282570
0.9999999987772098
0.9999999987286610
0.9999999986827318
0.9999999986395361
0.9999999985991829
0.9999999985617741
0.9999999985274057
0.9999999984961674
0.9999999984681412
0.9999999984434024
0.9999999984220170
0.9999999984040440
0.9999999983895346
0.9999999983785327
0.9999999983710732
0.9999999983671828
0.9999999983668787
0.9999999983701711
0.9999999983770614
0.9999999983875433
0.9999999984016021
0.9999999984192154
0.9999999984403515
0.9999999984649702
0.9999999984930226
0.9999999985244515
0.9999999985591926
0.9999999985971738
0.9999999986383149
0.9999999986825283
0.9999999987297196
0.9999999987797866
0.9999999988326214
0.9999999988881085
0.9999999989461272
0.9999999990065495
0.9999999990692418
0.9999999991340660
0.9999999992008793
0.9999999992695341
0.9999999993398773
0.9999999994117537
0.9999999994850042
0.9999999995594661
0.9999999996349738
0.9999999997113591
0.9999999997884516
0.9999999998660793
0.9999999999440683
1.0000000000222442
1.0000000001004314
1.0000000001784553
1.0000000002561413
1.0000000003333167
1.0000000004098077
1.0000000004854432
1.0000000005600538
1.0000000006334713
1.0000000007055307
1.0000000007760723
1.0000000008449392
1.0000000009119776
1.0000000009770378
1.0000000010399763
1.0000000011006538
1.0000000011589349
1.0000000012146906
1.0000000012677976
1.0000000013181389
1.0000000013656047
1.0000000014100912
1.0000000014515011
1.0000000014897452
1.0000000015247408
1.0000000015564132
1.0000000015846953
1.0000000016095281
1.0000000016308623
1.0000000016486568
1.0000000016628778
1.0000000016735009
1.0000000016805088
1.0000000016838919
1.0000000016836490
1.0000000016797881
1.0000000016723249
1.0000000016612849
1.0000000016467017
1.0000000016286179
1.0000000016070827
