1.0000000001217626
1.0000000001212321
1.0000000001204730
1.0000000001194882
1.0000000001182829
1.0000000001168625
1.0000000001152327
1.0000000001133993
1.0000000001113687
1.0000000001091462
1.0000000001067386
1.0000000001041525
1.0000000001013958
1.0000000000984746
1.0000000000953964
1.0000000000921678
1.0000000000887981
1.0000000000852960
1.0000000000816696
1.0000000000779288
1.0000000000740830
1.0000000000701410
1.0000000000661127
1.0000000000620086
1.0000000000578391
1.0000000000536142
1.0000000000493441
1.0000000000450393
1.0000000000407110
1.0000000000363689
1.0000000000320244
1.0000000000276879
1.0000000000233700
1.0000000000190810
1.0000000000148308
1.0000000000106286
1.0000000000064819
1.0000000000023985
0.9999999999983864
0.9999999999944535
0.9999999999906081
0.9999999999868586
0.9999999999832142
0.9999999999796833
0.9999999999762736
0.9999999999729927
0.9999999999698476
0.9999999999668444
0.9999999999639886
0.9999999999612853
0.9999999999587398
0.9999999999563567
0.9999999999541407
0.9999999999520963
0.9999999999502274
0.9999999999485382
0.9999999999470319
0.9999999999457105
0.9999999999445756
0.9999999999436273
0.9999999999428657
0.9999999999422908
0.9999999999419024
0.9999999999417000
0.9999999999416832
0.9999999999418504
0.9999999999422007
0.9999999999427319
0.9999999999434412
0.9999999999443244
0.9999999999453771
0.9999999999465939
0.9999999999479698
0.9999999999495010
0.9999999999511835
0.9999999999530119
0.9999999999549799
0.9999999999570806
0.9999999999593079
0.9999999999616558
0.9999999999641163
0.9999999999666798
0.9999999999693386
0.9999999999720847
0.9999999999749097
0.9999999999778063
0.9999999999807647
0.9999999999837771
0.9999999999868340
0.9999999999899256
0.9999999999930423
0.9999999999961754
0.9999999999993155
1.0000000000024527
1.0000000000055786
1.0000000000086857
1.0000000000117655
1.0000000000148093
1.0000000000178082
1.0000000000207534
1.0000000000236364
1.0000000000264482
1.0000000000291798
1.0000000000318232
1.0000000000343705
1.0000000000368150
1.0000000000391491
1.0000000000413656
1.0000000000434579
1.0000000000454208
1.0000000000472475
1.0000000000489331
1.0000000000504714
1.0000000000518579
1.0000000000530875
1.0000000000541553
1.0000000000550575
1.0000000000557905
1.0000000000563514
1.0000000000567379
1.0000000000569484
1.0000000000569820
1.0000000000568372
1.0000000000565130
1.0000000000560092
1.0000000000553275
1.0000000000544687
1.0000000000534339
1.0000000000522244
1.0000000000508413
1.0000000000492861
1.0000000000475611
1.0000000000456695
1.0000000000436151
1.0000000000414027
1.0000000000390372
1.0000000000365241
1.0000000000338682
1.0000000000310749
1.0000000000281504
1.0000000000251017
1.0000000000219367
1.0000000000186631
1.0000000000152891
1.0000000000118230
1.0000000000082725
1.0000000000046465
1.0000000000009530
0.9999999999971995
0.9999999999933934
0.9999999999895434
0.9999999999856578
0.9999999999817450
0.9999999999778145
0.9999999999738758
0.9999999999699390
0.9999999999660141
0.9999999999621085
0.9999999999582317
0.9999999999543931
0.9999999999506025
0.9999999999468699
0.9999999999432063
0.9999999999396209
0.9999999999361227
0.9999999999327206
0.9999999999294241
0.9999999999262408
0.9999999999231780
0.9999999999202441
0.9999999999174459
0.9999999999147900
0.9999999999122832
0.9999999999099330
0.9999999999077465
0.9999999999057295
0.9999999999038885
0.9999999999022291
0.9999999999007556
0.9999999998994722
0.9999999998983834
0.9999999998974928
0.9999999998968028
0.9999999998963153
0.9999999998960331
0.9999999998959584
0.9999999998960936
0.9999999998964402
0.9999999998969987
0.9999999998977702
0.9999999998987557
0.9999999998999537
0.9999999999013629
0.9999999999029814
0.9999999999048064
0.9999999999068355
0.9999999999090654
0.9999999999114920
0.9999999999141104
0.9999999999169155
0.9999999999199027
0.9999999999230668
0.9999999999264020
0.9999999999299042
0.9999999999335673
0.9999999999373845
0.9999999999413491
0.9999999999454542
0.9999999999496909
0.9999999999540494
0.9999999999585197
0.9999999999630927
0.9999999999677597
0.9999999999725123
0.9999999999773415
0.9999999999822364
0.9999999999871878
0.9999999999921854
0.9999999999972200
1.0000000000022817
1.0000000000073610
1.0000000000124480
1.0000000000175320
1.0000000000226015
1.0000000000276459
1.0000000000326541
1.0000000000376164
1.0000000000425218
1.0000000000473601
1.0000000000521212
1.0000000000567943
1.0000000000613705
1.0000000000658402
1.0000000000701947
1.0000000000744256
1.0000000000785243
1.0000000000824829
1.0000000000862928
1.0000000000899449
1.0000000000934315
1.0000000000967451
1.0000000000998785
1.0000000001028257
1.0000000001055811
1.0000000001081393
1.0000000001104947
1.0000000001126426
1.0000000001145792
1.0000000001163014
1.0000000001178060
1.0000000001190905
1.0000000001201521
1.0000000001209888
1.0000000001215990
1.0000000001219820
1.0000000001221374
1.0000000001220641
1.0000000001217626
1.0000000001212321
1.0000000001204730
1.0000000001194882
