1.0963561693386648
1.0952664883590284
1.0939719979255385
1.0924745766364654
1.0907764115449026
1.0888800013219935
1.0867881598033828
1.0845040198955094
1.0820310378142191
1.0793729976235702
1.0765340160375934
1.0735185474420781
1.0703313890872006
1.0669776863948577
1.0634629383169414
1.0597930026724314
1.0559741013820634
1.0520128255094581
1.0479161400069283
1.0436913880528012
1.0393462948549681
1.0348889707826716
1.0303279136752528
1.0256720101629699
1.0209305358211644
1.0161131539653001
1.0112299128810109
1.0062912412706326
1.0013079416862338
0.9962911817093829
0.9912524826304088
0.9862037053753965
0.9811570334283349
0.9761249524995170
0.9711202267002861
0.9661558709994682
0.9612451197590817
0.9564013911770617
0.9516382475034716
0.9469693509445378
0.9424084152262538
0.9379691528563026
0.9336652181994031
0.9295101465662668
0.9255172896090066
0.9216997474144869
0.9180702977895754
0.9146413233358898
0.9114247370132844
0.9084319069874035
0.9056735816432927
0.9031598157202810
0.9008998985791462
0.8989022856472628
0.8971745340977850
0.8957232438024143
0.8945540045524306
0.8936713504689567
0.8930787224217096
0.8927784391478126
0.8927716776119944
0.8930584629811187
0.8936376684049318
0.8945070246072518
0.8956631391040153
0.8971015246831051
0.8988166366118314
0.9008019178867449
0.9030498517117171
0.9055520202872767
0.9082991689192095
0.9112812744082561
0.9144876166650141
0.9179068525033388
0.9215270905991948
0.9253359666568490
0.9293207178968274
0.9334682560661859
0.9377652382674176
0.9421981350037766
0.9467532949424294
0.9514170059994252
0.9561755524493365
0.9610152678554005
0.9659225837014177
0.9708840736834425
0.9758864936867392
0.9809168175312876
0.9859622686174385
0.9910103476424350
0.9960488565890243
1.0010659192100066
1.0060499982480682
1.0109899096395263
1.0158748339545123
1.0206943253254721
1.0254383181115032
1.0300971315386827
1.0346614725468577
1.0391224370619625
1.0434715099003191
1.0477005634980152
1.0518018556446933
1.0557680263872795
1.0595920942555170
1.0632674519478988
1.0667878616038386
1.0701474497757808
1.0733407022035262
1.0763624584823546
1.0792079067066176
1.0818725781613168
1.0843523421257988
1.0866434008460193
1.0887422847248818
1.0906458477738292
1.0923512633631747
1.0938560203035192
1.0951579192859695
1.0962550697047169
1.0971458868817641
1.0978290897101886
1.0983036987292352
1.0985690346416856
1.0986247172813148
1.0984706650357623
1.0981070947277751
1.0975345219554649
1.0967537618899208
1.0957659305261838
1.0945724463811759
1.0931750326296208
1.0915757196662736
1.0897768480798129
1.0877810720205254
1.0855913629403360
1.0832110136798079
1.0806436428723503
1.0778931996310128
1.0749639684778505
1.0718605744698622
1.0685879884688896
1.0651515324955734
1.0615568850994583
1.0578100866685809
1.0539175445923661
1.0498860381813602
1.0457227232362907
1.0414351361471459
1.0370311973905233
1.0325192142804536
1.0279078828144141
1.0232062884424564
1.0184239055735165
1.0135705956193264
1.0086566033632449
1.0036925514291697
0.9986894326149800
0.9936585998462165
0.9886117534996172
0.9835609258433330
0.9785184623419804
0.9734969995809315
0.9685094395762750
0.9635689202555621
0.9586887819206238
0.9538825295381833
0.9491637907473288
0.9445462695256487
0.9400436955182050
0.9356697691054284
0.9314381023670474
0.9273621561884247
0.9234551738517850
0.9197301115559152
0.9161995664115814
0.9128757025631827
0.9097701761867081
0.9068940602060896
0.9042577696506131
0.9018709886411009
0.8997426000382676
0.8978806188094351
0.8962921301668195
0.8949832334997995
0.8939589930639572
0.8932233963013920
0.8927793205513387
0.8926285087701827
0.8927715547195310
0.8932078979050591
0.8939358283632329
0.8949525012040325
0.8962539606320017
0.8978351729916672
0.8996900682224179
0.9018115889673913
0.9041917464647020
0.9068216822602947
0.9096917347212735
0.9127915092969672
0.9161099514712643
0.9196354213718690
0.9233557690472146
0.9272584094863435
0.9313303965372502
0.9355584949709560
0.9399292500379582
0.9444290539669402
0.9490442089592975
0.9537609863342490
0.9585656815755902
0.9634446651205952
0.9683844288128600
0.9733716280130433
0.9783931194241082
0.9834359947406535
0.9884876102755339
0.9935356127516403
0.9985679614731050
1.0035729471090706
1.0085392073353656
1.0134557395858221
1.0183119111664336
1.0230974669828556
1.0278025351257429
1.0324176305497446
1.0369336570713077
1.0413419078983213
1.0456340648915485
1.0498021967441589
1.0538387562518059
1.0577365768319229
1.0614888684373904
1.0650892129966734
1.0685315595000662
1.0718102188398748
1.0749198585012905
1.0778554971904106
1.0806124994763107
1.0831865705153128
1.0855737509175623
1.0877704118087157
1.0897732501329060
1.0915792842371648
1.0931858497720548
1.0945905959384090
1.0957914821056673
1.0967867748233657
1.0975750452437445
1.0981551669702110
1.0985263143434294
1.0986879611740801
1.0986398799287767
1.0983821413732147
1.0979151146742900
1.0972394679606285
1.0963561693386648
1.0952664883590284
1.0939719979255385
1.0924745766364654
