1.0000066205033813
1.0000065383394319
1.0000064406760270
1.0000063277484665
1.0000061998284591
1.0000060572234712
1.0000059002759893
1.0000057293627014
1.0000055448935958
1.0000053473109816
1.0000051370884298
1.0000049147296393
1.0000046807672334
1.0000044357614879
1.0000041802989885
1.0000039149912285
1.0000036404731476
1.0000033574016127
1.0000030664538500
1.0000027683258230
1.0000024637305713
1.0000021533965029
1.0000018380656561
1.0000015184919242
1.0000011954392525
1.0000008696798142
1.0000005419921631
1.0000002131593728
0.9999998839671665
0.9999995552020370
0.9999992276493671
0.9999989020915543
0.9999985793061402
0.9999982600639525
0.9999979451272624
0.9999976352479627
0.9999973311657716
0.9999970336064640
0.9999967432801385
0.9999964608795179
0.9999961870782960
0.9999959225295296
0.9999956678640767
0.9999954236890859
0.9999951905865502
0.9999949691119160
0.9999947597927565
0.9999945631275100
0.9999943795842916
0.9999942095997747
0.9999940535781476
0.9999939118901481
0.9999937848721789
0.9999936728255051
0.9999935760155347
0.9999934946711866
0.9999934289843440
0.9999933791093973
0.9999933451628771
0.9999933272231767
0.9999933253303672
0.9999933394861040
0.9999933696536223
0.9999934157578282
0.9999934776854786
0.9999935552854543
0.9999936483691242
0.9999937567107988
0.9999938800482689
0.9999940180834360
0.9999941704830257
0.9999943368793888
0.9999945168713806
0.9999947100253216
0.9999949158760364
0.9999951339279692
0.9999953636563690
0.9999956045085475
0.9999958559052018
0.9999961172418015
0.9999963878900345
0.9999966671993137
0.9999969544983328
0.9999972490966741
0.9999975502864618
0.9999978573440533
0.9999981695317751
0.9999984860996863
0.9999988062873728
0.9999991293257695
0.9999994544389998
0.9999997808462314
1.0000001077635465
1.0000004344058167
1.0000007599885830
1.0000010837299325
1.0000014048523715
1.0000017225846844
1.0000020361637787
1.0000023448365116
1.0000026478614943
1.0000029445108636
1.0000032340720248
1.0000035158493563
1.0000037891658733
1.0000040533648524
1.0000043078114005
1.0000045518939749
1.0000047850258464
1.0000050066465058
1.0000052162230022
1.0000054132512206
1.0000055972570878
1.0000057677977092
1.0000059244624271
1.0000060668738029
1.0000061946885255
1.0000063075982302
1.0000064053302391
1.0000064876482146
1.0000065543527237
1.0000066052817187
1.0000066403109256
1.0000066593541401
1.0000066623634367
1.0000066493292854
1.0000066202805742
1.0000065752845442
1.0000065144466288
1.0000064379102029
1.0000063458562409
1.0000062385028854
1.0000061161049283
1.0000059789532019
1.0000058273738837
1.0000056617277193
1.0000054824091613
1.0000052898454261
1.0000050844954753
1.0000048668489183
1.0000046374248435
1.0000043967705772
1.0000041454603774
1.0000038840940619
1.0000036132955741
1.0000033337114924
1.0000030460094844
1.0000027508767122
1.0000024490181905
1.0000021411551023
1.0000018280230742
1.0000015103704194
1.0000011889563487
1.0000008645491558
1.0000005379243797
1.0000002098629504
0.9999998811493239
0.9999995525696074
0.9999992249096785
0.9999988989533071
0.9999985754802810
0.9999982552645416
0.9999979390723335
0.9999976276603705
0.9999973217740296
0.9999970221455663
0.9999967294923636
0.9999964445152200
0.9999961678966698
0.9999959002993518
0.9999956423644241
0.9999953947100297
0.9999951579298189
0.9999949325915285
0.9999947192356247
0.9999945183740075
0.9999943304887898
0.9999941560311409
0.9999939954202073
0.9999938490421086
0.9999937172490133
0.9999936003582968
0.9999934986517789
0.9999934123750518
0.9999933417368888
0.9999932869087456
0.9999932480243483
0.9999932251793721
0.9999932184312115
0.9999932277988405
0.9999932532627658
0.9999932947650714
0.9999933522095548
0.9999934254619552
0.9999935143502734
0.9999936186651809
0.9999937381605183
0.9999938725538823
0.9999940215272992
0.9999941847279825
0.9999943617691748
0.9999945522310707
0.9999947556618181
0.9999949715785953
0.9999951994687634
0.9999954387910891
0.9999956889770386
0.9999959494321331
0.9999962195373688
0.9999964986506953
0.9999967861085469
0.9999970812274263
0.9999973833055369
0.9999976916244570
0.9999980054508569
0.9999983240382488
0.9999986466287696
0.9999989724549898
0.9999993007417476
0.9999996307079961
0.9999999615686703
1.0000002925365619
1.0000006228241991
1.0000009516457253
1.0000012782187762
1.0000016017663456
1.0000019215186433
1.0000022367149335
1.0000025466053488
1.0000028504526828
1.0000031475341484
1.0000034371431032
1.0000037185907364
1.0000039912077148
1.0000042543457801
1.0000045073792954
1.0000047497067388
1.0000049807521401
1.0000051999664539
1.0000054068288706
1.0000056008480587
1.0000057815633374
1.0000059485457768
1.0000061013992212
1.0000062397612350
1.0000063633039666
1.0000064717349300
1.0000065647977019
1.0000066422725324
1.0000067039768683
1.0000067497657892
1.0000067795323513
1.0000067932078436
1.0000067907619494
1.0000067722028174
1.0000067375770412
1.0000066869695454
1.0000066205033813
1.0000065383394319
1.0000064406760270
1.0000063277484665
