1.0093453223519253
1.0092281431140473
1.0090891449525070
1.0089286460718372
1.0087470141064327
1.0085446653908974
1.0083220641307538
1.0080797214740553
1.0078181944845301
1.0075380850169993
1.0072400384959252
1.0069247425980925
1.0065929258405495
1.0062453560751101
1.0058828388908854
1.0055062159265049
1.0051163630938762
1.0047141887155595
1.0043006315780583
1.0038766589035735
1.0034432642430167
1.0030014652933590
1.0025523016426583
1.0020968324464108
1.0016361340391609
1.0011712974856231
1.0007034260758663
1.0002336327694414
0.9997630375936397
0.9992927650013964
0.9988239411946591
0.9983576914193486
0.9978951372383484
0.9974373937892319
0.9969855670337222
0.9965407510061310
0.9961040250682505
0.9956764511783961
0.9952590711824780
0.9948529041351282
0.9944589436590430
0.9940781553507810
0.9937114742413143
0.9933598023196333
0.9930240061276893
0.9927049144348641
0.9924033160000612
0.9921199574293330
0.9918555411367544
0.9916107234160007
0.9913861126297813
0.9911822675239390
0.9909996956726295
0.9908388520605723
0.9907001378078831
0.9905838990424914
0.9904904259246095
0.9904199518271319
0.9903726526752625
0.9903486464480110
0.9903479928435910
0.9903706931100643
0.9904166900419259
0.9904858681426386
0.9905780539524618
0.9906930165402482
0.9908304681572154
0.9909900650500653
0.9911714084301914
0.9913740455951120
0.9915974711976910
0.9918411286581659
0.9921044117134895
0.9923866660980187
0.9926871913491468
0.9930052427310913
0.9933400332696940
0.9936907358907933
0.9940564856544626
0.9944363820772064
0.9948294915340345
0.9952348497322201
0.9956514642484614
0.9960783171211458
0.9965143674894203
0.9969585542708218
0.9974097988693037
0.9978670079056249
0.9983290759622114
0.9987948883347924
0.9992633237833193
0.9997332572749112
1.0002035627118266
1.0006731156377233
1.0011407959157774
1.0016054903725069
1.0020660954014668
1.0025215195212904
1.0029706858828749
1.0034125347208165
1.0038460257445259
1.0042701404647620
1.0046838844516315
1.0050862895203985
1.0054764158417446
1.0058533539733947
1.0062162268102957
1.0065641914507930
1.0068964409764893
1.0072122061437074
1.0075107569846875
1.0077914043168561
1.0080535011586835
1.0082964440508346
1.0085196742814615
1.0087226790146395
1.0089049923210820
1.0090661961103877
1.0092059209641833
1.0093238468696155
1.0094197038527564
1.0094932725115355
1.0095443844479071
1.0095729225990195
1.0095788214672068
1.0095620672486876
1.0095226978609038
1.0094608028684859
1.0093765233078831
1.0092700514107427
1.0091416302261829
1.0089915531421536
1.0088201633061564
1.0086278529456489
1.0084150625885380
1.0081822801842510
1.0079300401259699
1.0076589221747096
1.0073695502860385
1.0070625913403699
1.0067387537778896
1.0063987861393280
1.0060434755139616
1.0056736458964080
1.0052901564539678
1.0048938997064765
1.0044857996208529
1.0040668096227678
1.0036379105281081
1.0032001083971718
1.0027544323148021
1.0023019320999571
1.0018436759485092
1.0013807480133654
1.0009142459263183
1.0004452782663438
0.9999749619793831
0.9995044197549672
0.9990347773653512
0.9985671609731356
0.9981026944136689
0.9976424964588019
0.9971876780688596
0.9967393396399531
0.9962985682540010
0.9958664349390557
0.9954439919477249
0.9950322700616523
0.9946322759301593
0.9942449894512593
0.9938713612033132
0.9935123099356473
0.9931687201264205
0.9928414396159969
0.9925312773239718
0.9922390010578594
0.9919653354212673
0.9917109598291504
0.9914765066374519
0.9912625593941214
0.9910696512181311
0.9908982633126890
0.9907488236184163
0.9906217056117387
0.9905172272532397
0.9904356500901440
0.9903771785165174
0.9903419591941610
0.9903300806365291
0.9903415729573609
0.9903764077850427
0.9904344983430443
0.9905156996961069
0.9906198091611801
0.9907465668814489
0.9908956565611289
0.9910667063580774
0.9912592899306527
0.9914729276346638
0.9917070878656868
0.9919611885415065
0.9922345987189369
0.9925266403388300
0.9928365900926646
0.9931636814037413
0.9935071065156732
0.9938660186805977
0.9942395344392914
0.9946267359851797
0.9950266736040929
0.9954383681815334
0.9958608137691474
0.9962929802020951
0.9967338157590423
0.9971822498565586
0.9976371957698239
0.9980975533716706
0.9985622118821694
0.9990300526211536
0.9994999517563109
0.9999707830397071
1.0004414205258776
1.0009107412648970
1.0013776279641353
1.0018409716127135
1.0022996740629719
1.0027526505635964
1.0031988322393517
1.0036371685126979
1.0040666294628733
1.0044862081183414
1.0048949226788013
1.0052918186632605
1.0056759709809462
1.0060464859221163
1.0064025030660926
1.0067431971040823
1.0070677795745955
1.0073755005094902
1.0076656499888839
1.0079375596033642
1.0081906038221180
1.0084242012657527
1.0086378158827447
1.0088309580285872
1.0090031854468371
1.0091541041513707
1.0092833692092644
1.0093906854238095
1.0094758079172570
1.0095385426129566
1.0095787466166268
1.0095963284965550
1.0095912484625851
1.0095635184438012
1.0095132020648685
1.0094404145210440
1.0093453223519253
1.0092281431140473
1.0090891449525070
1.0089286460718372
