1.0000000000653331
1.0000000000651350
1.0000000000648241
1.0000000000644027
1.0000000000638731
1.0000000000632374
1.0000000000624971
1.0000000000616536
1.0000000000607085
1.0000000000596641
1.0000000000585225
1.0000000000572868
1.0000000000559606
1.0000000000545495
1.0000000000530576
1.0000000000514897
1.0000000000498495
1.0000000000481402
1.0000000000463667
1.0000000000445337
1.0000000000426457
1.0000000000407065
1.0000000000387215
1.0000000000366955
1.0000000000346336
1.0000000000325424
1.0000000000304263
1.0000000000282909
1.0000000000261398
1.0000000000239775
1.0000000000218094
1.0000000000196401
1.0000000000174747
1.0000000000153184
1.0000000000131768
1.0000000000110549
1.0000000000089579
1.0000000000068903
1.0000000000048559
1.0000000000028599
1.0000000000009071
0.9999999999990019
0.9999999999971481
0.9999999999953484
0.9999999999936073
0.9999999999919275
0.9999999999903133
0.9999999999887681
0.9999999999872947
0.9999999999858956
0.9999999999845745
0.9999999999833336
0.9999999999821750
0.9999999999811000
0.9999999999801101
0.9999999999792071
0.9999999999783923
0.9999999999776663
0.9999999999770310
0.9999999999764860
0.9999999999760324
0.9999999999756705
0.9999999999754012
0.9999999999752235
0.9999999999751358
0.9999999999751378
0.9999999999752275
0.9999999999754030
0.9999999999756621
0.9999999999760033
0.9999999999764244
0.9999999999769236
0.9999999999774997
0.9999999999781515
0.9999999999788769
0.9999999999796726
0.9999999999805355
0.9999999999814615
0.9999999999824478
0.9999999999834908
0.9999999999845861
0.9999999999857300
0.9999999999869188
0.9999999999881489
0.9999999999894157
0.9999999999907156
0.9999999999920454
0.9999999999933993
0.9999999999947734
0.9999999999961644
0.9999999999975688
0.9999999999989815
1.0000000000003972
1.0000000000018114
1.0000000000032194
1.0000000000046168
1.0000000000059996
1.0000000000073643
1.0000000000087066
1.0000000000100224
1.0000000000113090
1.0000000000125620
1.0000000000137772
1.0000000000149507
1.0000000000160780
1.0000000000171554
1.0000000000181799
1.0000000000191487
1.0000000000200582
1.0000000000209068
1.0000000000216920
1.0000000000224121
1.0000000000230640
1.0000000000236453
1.0000000000241533
1.0000000000245839
1.0000000000249349
1.0000000000252049
1.0000000000253928
1.0000000000254974
1.0000000000255169
1.0000000000254514
1.0000000000253013
1.0000000000250684
1.0000000000247529
1.0000000000243552
1.0000000000238753
1.0000000000233138
1.0000000000226708
1.0000000000219471
1.0000000000211431
1.0000000000202598
1.0000000000192997
1.0000000000182647
1.0000000000171581
1.0000000000159812
1.0000000000147358
1.0000000000134224
1.0000000000120430
1.0000000000106013
1.0000000000091016
1.0000000000075482
1.0000000000059441
1.0000000000042937
1.0000000000025997
1.0000000000008664
0.9999999999990973
0.9999999999972959
0.9999999999954661
0.9999999999936120
0.9999999999917372
0.9999999999898463
0.9999999999879440
0.9999999999860347
0.9999999999841231
0.9999999999822147
0.9999999999803132
0.9999999999784241
0.9999999999765521
0.9999999999747017
0.9999999999728765
0.9999999999710814
0.9999999999693220
0.9999999999676035
0.9999999999659308
0.9999999999643080
0.9999999999627381
0.9999999999612259
0.9999999999597744
0.9999999999583866
0.9999999999570651
0.9999999999558131
0.9999999999546335
0.9999999999535291
0.9999999999525029
0.9999999999515581
0.9999999999506984
0.9999999999499276
0.9999999999492489
0.9999999999486646
0.9999999999481772
0.9999999999477890
0.9999999999475018
0.9999999999473184
0.9999999999472396
0.9999999999472673
0.9999999999474020
0.9999999999476445
0.9999999999479958
0.9999999999484552
0.9999999999490212
0.9999999999496929
0.9999999999504688
0.9999999999513476
0.9999999999523266
0.9999999999534039
0.9999999999545784
0.9999999999558490
0.9999999999572136
0.9999999999586707
0.9999999999602186
0.9999999999618548
0.9999999999635762
0.9999999999653801
0.9999999999672636
0.9999999999692237
0.9999999999712561
0.9999999999733568
0.9999999999755222
0.9999999999777488
0.9999999999800324
0.9999999999823694
0.9999999999847556
0.9999999999871859
0.9999999999896553
0.9999999999921589
0.9999999999946927
0.9999999999972513
0.9999999999998300
1.0000000000024236
1.0000000000050275
1.0000000000076372
1.0000000000102487
1.0000000000128562
1.0000000000154530
1.0000000000180331
1.0000000000205904
1.0000000000231202
1.0000000000256186
1.0000000000280818
1.0000000000305052
1.0000000000328844
1.0000000000352143
1.0000000000374898
1.0000000000397056
1.0000000000418556
1.0000000000439349
1.0000000000459384
1.0000000000478613
1.0000000000496996
1.0000000000514491
1.0000000000531069
1.0000000000546709
1.0000000000561391
1.0000000000575080
1.0000000000587748
1.0000000000599365
1.0000000000609914
1.0000000000619378
1.0000000000627729
1.0000000000634948
1.0000000000641023
1.0000000000645950
1.0000000000649734
1.0000000000652365
1.0000000000653839
1.0000000000654161
1.0000000000653331
1.0000000000651350
1.0000000000648241
1.0000000000644027
