1.0000000000155906
1.0000000000156379
1.0000000000156679
1.0000000000156803
1.0000000000156750
1.0000000000156510
1.0000000000156082
1.0000000000155462
1.0000000000154652
1.0000000000153646
1.0000000000152434
1.0000000000151035
1.0000000000149463
1.0000000000147720
1.0000000000145806
1.0000000000143723
1.0000000000141471
1.0000000000139038
1.0000000000136426
1.0000000000133635
1.0000000000130678
1.0000000000127567
1.0000000000124318
1.0000000000120950
1.0000000000117457
1.0000000000113851
1.0000000000110132
1.0000000000106295
1.0000000000102343
1.0000000000098284
1.0000000000094136
1.0000000000089901
1.0000000000085607
1.0000000000081255
1.0000000000076843
1.0000000000072389
1.0000000000067908
1.0000000000063431
1.0000000000058979
1.0000000000054559
1.0000000000050171
1.0000000000045817
1.0000000000041496
1.0000000000037224
1.0000000000033009
1.0000000000028861
1.0000000000024794
1.0000000000020806
1.0000000000016918
1.0000000000013138
1.0000000000009472
1.0000000000005924
1.0000000000002489
0.9999999999999180
0.9999999999996008
0.9999999999992987
0.9999999999990123
0.9999999999987420
0.9999999999984882
0.9999999999982518
0.9999999999980340
0.9999999999978347
0.9999999999976548
0.9999999999974950
0.9999999999973571
0.9999999999972405
0.9999999999971448
0.9999999999970705
0.9999999999970176
0.9999999999969854
0.9999999999969730
0.9999999999969799
0.9999999999970068
0.9999999999970534
0.9999999999971197
0.9999999999972041
0.9999999999973053
0.9999999999974224
0.9999999999975553
0.9999999999977035
0.9999999999978662
0.9999999999980426
0.9999999999982319
0.9999999999984339
0.9999999999986474
0.9999999999988716
0.9999999999991053
0.9999999999993460
0.9999999999995918
0.9999999999998411
1.0000000000000935
1.0000000000003484
1.0000000000006055
1.0000000000008635
1.0000000000011209
1.0000000000013771
1.0000000000016311
1.0000000000018814
1.0000000000021270
1.0000000000023674
1.0000000000026035
1.0000000000028335
1.0000000000030569
1.0000000000032725
1.0000000000034794
1.0000000000036779
1.0000000000038669
1.0000000000040445
1.0000000000042104
1.0000000000043636
1.0000000000045022
1.0000000000046256
1.0000000000047340
1.0000000000048266
1.0000000000049030
1.0000000000049629
1.0000000000050056
1.0000000000050293
1.0000000000050338
1.0000000000050184
1.0000000000049845
1.0000000000049329
1.0000000000048648
1.0000000000047808
1.0000000000046807
1.0000000000045637
1.0000000000044296
1.0000000000042779
1.0000000000041089
1.0000000000039231
1.0000000000037208
1.0000000000035016
1.0000000000032658
1.0000000000030131
1.0000000000027440
1.0000000000024583
1.0000000000021565
1.0000000000018403
1.0000000000015112
1.0000000000011697
1.0000000000008169
1.0000000000004554
1.0000000000000873
0.9999999999997146
0.9999999999993381
0.9999999999989579
0.9999999999985735
0.9999999999981847
0.9999999999977912
0.9999999999973950
0.9999999999969964
0.9999999999965964
0.9999999999961958
0.9999999999957953
0.9999999999953959
0.9999999999949997
0.9999999999946086
0.9999999999942230
0.9999999999938425
0.9999999999934674
0.9999999999930997
0.9999999999927398
0.9999999999923888
0.9999999999920467
0.9999999999917145
0.9999999999913943
0.9999999999910871
0.9999999999907938
0.9999999999905146
0.9999999999902499
0.9999999999900021
0.9999999999897722
0.9999999999895610
0.9999999999893698
0.9999999999891993
0.9999999999890491
0.9999999999889189
0.9999999999888092
0.9999999999887205
0.9999999999886535
0.9999999999886099
0.9999999999885895
0.9999999999885919
0.9999999999886172
0.9999999999886652
0.9999999999887343
0.9999999999888244
0.9999999999889353
0.9999999999890665
0.9999999999892195
0.9999999999893960
0.9999999999895970
0.9999999999898238
0.9999999999900762
0.9999999999903531
0.9999999999906531
0.9999999999909747
0.9999999999913165
0.9999999999916783
0.9999999999920592
0.9999999999924580
0.9999999999928739
0.9999999999933058
0.9999999999937524
0.9999999999942137
0.9999999999946888
0.9999999999951763
0.9999999999956750
0.9999999999961837
0.9999999999967026
0.9999999999972310
0.9999999999977681
0.9999999999983138
0.9999999999988661
0.9999999999994228
0.9999999999999822
1.0000000000005433
1.0000000000011058
1.0000000000016682
1.0000000000022291
1.0000000000027875
1.0000000000033429
1.0000000000038951
1.0000000000044433
1.0000000000049873
1.0000000000055267
1.0000000000060600
1.0000000000065865
1.0000000000071052
1.0000000000076144
1.0000000000081122
1.0000000000085980
1.0000000000090716
1.0000000000095310
1.0000000000099758
1.0000000000104043
1.0000000000108156
1.0000000000112093
1.0000000000115852
1.0000000000119436
1.0000000000122853
1.0000000000126099
1.0000000000129172
1.0000000000132081
1.0000000000134832
1.0000000000137421
1.0000000000139855
1.0000000000142135
1.0000000000144251
1.0000000000146205
1.0000000000147997
1.0000000000149620
1.0000000000151077
1.0000000000152365
1.0000000000153486
1.0000000000154450
1.0000000000155260
1.0000000000155906
1.0000000000156379
1.0000000000156679
1.0000000000156803
