1.0000983044210905
1.0000970675739966
1.0000955995378589
1.0000939038319014
1.0000919845188527
1.0000898461952432
1.0000874939804321
1.0000849335043855
1.0000821708942340
1.0000792127596472
1.0000760661770527
1.0000727386727430
1.0000692382049061
1.0000655731446269
1.0000617522558981
1.0000577846746961
1.0000536798871640
1.0000494477069595
1.0000450982518185
1.0000406419193937
1.0000360893624172
1.0000314514632578
1.0000267393079239
1.0000219641595809
1.0000171374316429
1.0000122706605024
1.0000073754779628
1.0000024635834441
0.9999975467160203
0.9999926366263640
0.9999877450486596
0.9999828836725536
0.9999780641152091
0.9999732978935272
0.9999685963966125
0.9999639708585382
0.9999594323314808
0.9999549916592894
0.9999506594515470
0.9999464460581962
0.9999423615447794
0.9999384156683594
0.9999346178541778
0.9999309771731039
0.9999275023199314
0.9999242015925758
0.9999210828722176
0.9999181536044439
0.9999154207814314
0.9999128909252135
0.9999105700720732
0.9999084637580988
0.9999065770059371
0.9999049143127740
0.9999034796395743
0.9999022764016060
0.9999013074602703
0.9999005751162579
0.9999000811040482
0.9998998265877697
0.9998998121584198
0.9999000378324597
0.9999005030517871
0.9999012066850822
0.9999021470305293
0.9999033218199045
0.9999047282240151
0.9999063628594919
0.9999082217969004
0.9999103005701639
0.9999125941872710
0.9999150971422377
0.9999178034283077
0.9999207065523462
0.9999237995503991
0.9999270750043765
0.9999305250598259
0.9999341414447458
0.9999379154894004
0.9999418381470834
0.9999459000157834
0.9999500913606971
0.9999544021375383
0.9999588220165856
0.9999633404074101
0.9999679464842228
0.9999726292117879
0.9999773773718311
0.9999821795898857
0.9999870243625073
0.9999919000847987
0.9999967950781691
1.0000016976182713
1.0000065959630429
1.0000114783807901
1.0000163331782423
1.0000211487285120
1.0000259134988925
1.0000306160784316
1.0000352452052079
1.0000397897932505
1.0000442389590338
1.0000485820474885
1.0000528086574640
1.0000569086665843
1.0000608722554303
1.0000646899310008
1.0000683525493930
1.0000718513376450
1.0000751779146928
1.0000783243113867
1.0000812829895309
1.0000840468598839
1.0000866092990925
1.0000889641655120
1.0000911058138706
1.0000930291087560
1.0000947294368769
1.0000962027180844
1.0000974454151181
1.0000984545420544
1.0000992276714431
1.0000997629401063
1.0001000590535964
1.0001001152892934
1.0000999314981365
1.0000995081049873
1.0000988461076277
1.0000979470743852
1.0000968131404007
1.0000954470025420
1.0000938519129761
1.0000920316714166
1.0000899906160658
1.0000877336132679
1.0000852660459043
1.0000825938005540
1.0000797232534511
1.0000766612552723
1.0000734151147930
1.0000699925814467
1.0000664018268339
1.0000626514252184
1.0000587503330627
1.0000547078676472
1.0000505336848300
1.0000462377559911
1.0000418303442247
1.0000373219798311
1.0000327234351674
1.0000280456989186
1.0000232999498513
1.0000184975301070
1.0000136499181056
1.0000087687011177
1.0000038655475740
0.9999989521791794
0.9999940403428966
0.9999891417828658
0.9999842682123281
0.9999794312856204
0.9999746425703083
0.9999699135195224
0.9999652554445676
0.9999606794878657
0.9999561965963019
0.9999518174950349
0.9999475526618352
0.9999434123020127
0.9999394063239937
0.9999355443156056
0.9999318355211266
0.9999282888191587
0.9999249127013686
0.9999217152521586
0.9999187041293064
0.9999158865456277
0.9999132692517007
0.9999108585196955
0.9999086601283498
0.9999066793491247
0.9999049209335736
0.9999033891019544
0.9999020875331139
0.9999010193556694
0.9999001871405077
0.9998995928946182
0.9998992380562758
0.9998991234915859
0.9998992494923998
0.9998996157756063
0.9999002214837970
0.9999010651873111
0.9999021448876466
0.9999034580222358
0.9999050014705695
0.9999067715616586
0.9999087640828127
0.9999109742897159
0.9999133969177765
0.9999160261947204
0.9999188558544007
0.9999218791517869
0.9999250888790996
0.9999284773830536
0.9999320365831652
0.9999357579910837
0.9999396327308929
0.9999436515603420
0.9999478048929497
0.9999520828209334
0.9999564751389044
0.9999609713682706
0.9999655607822918
0.9999702324317300
0.9999749751710231
0.9999797776849325
0.9999846285155906
0.9999895160898856
0.9999944287471236
0.9999993547668939
1.0000042823970758
1.0000091998819183
1.0000140954901258
1.0000189575428835
1.0000237744417528
1.0000285346963762
1.0000332269519185
1.0000378400161805
1.0000423628863246
1.0000467847751437
1.0000510951368140
1.0000552836920695
1.0000593404527378
1.0000632557455775
1.0000670202353636
1.0000706249471623
1.0000740612877468
1.0000773210660987
1.0000803965129488
1.0000832802993098
1.0000859655539545
1.0000884458798061
1.0000907153691927
1.0000927686179351
1.0000946007382305
1.0000962073703055
1.0000975846928077
1.0000987294319137
1.0000996388691292
1.0001003108477668
1.0001007437780813
1.0001009366410532
1.0001008889908094
1.0001006009556794
1.0001000732378786
1.0000993071118249
1.0000983044210905
1.0000970675739966
1.0000955995378589
1.0000939038319014
