1.0000126575879738
1.0000124997958739
1.0000123123264895
1.0000120956308056
1.0000118502295423
1.0000115767119093
1.0000112757341970
1.0000109480182060
1.0000105943495199
1.0000102155756294
1.0000098126039025
1.0000093863994157
1.0000089379826456
1.0000084684270303
1.0000079788564029
1.0000074704423045
1.0000069444011832
1.0000064019914872
1.0000058445106557
1.0000052732920166
1.0000046897016008
1.0000040951348752
1.0000034910134077
1.0000028787814694
1.0000022599025826
1.0000016358560224
1.0000010081332797
1.0000003782344966
0.9999997476648799
0.9999991179311067
0.9999984905377215
0.9999978669835392
0.9999972487580656
0.9999966373379338
0.9999960341833763
0.9999954407347367
0.9999948584090248
0.9999942885965322
0.9999937326575081
0.9999931919189106
0.9999926676712333
0.9999921611654208
0.9999916736098815
0.9999912061675998
0.9999907599533584
0.9999903360310733
0.9999899354112517
0.9999895590485770
0.9999892078396291
0.9999888826207423
0.9999885841660078
0.9999883131854236
0.9999880703232009
0.9999878561562243
0.9999876711926766
0.9999875158708253
0.9999873905579778
0.9999872955496039
0.9999872310686343
0.9999871972649294
0.9999871942149229
0.9999872219214412
0.9999872803136981
0.9999873692474684
0.9999874885054348
0.9999876377977103
0.9999878167625358
0.9999880249671468
0.9999882619088102
0.9999885270160305
0.9999888196499190
0.9999891391057251
0.9999894846145222
0.9999898553450528
0.9999902504057177
0.9999906688467082
0.9999911096622814
0.9999915717931699
0.9999920541291163
0.9999925555115308
0.9999930747362655
0.9999936105564956
0.9999941616857039
0.9999947268007594
0.9999953045450847
0.9999958935319009
0.9999964923475483
0.9999970995548677
0.9999977136966393
0.9999983332990700
0.9999989568753195
0.9999995829290601
1.0000002099580554
1.0000008364577551
1.0000014609248959
1.0000020818610971
1.0000026977764440
1.0000033071930556
1.0000039086486194
1.0000045006998890
1.0000050819261375
1.0000056509325568
1.0000062063535955
1.0000067468562237
1.0000072711431245
1.0000077779557979
1.0000082660775691
1.0000087343365021
1.0000091816082046
1.0000096068185182
1.0000100089460868
1.0000103870248016
1.0000107401461127
1.0000110674612031
1.0000113681830214
1.0000116415881630
1.0000118870186034
1.0000121038832746
1.0000122916594774
1.0000124498941343
1.0000125782048741
1.0000126762809518
1.0000127438839912
1.0000127808485570
1.0000127870825513
1.0000127625674371
1.0000127073582852
1.0000126215836449
1.0000125054452365
1.0000123592174728
1.0000121832468056
1.0000119779509000
1.0000117438176372
1.0000114814039500
1.0000111913344918
1.0000108743001483
1.0000105310563880
1.0000101624214561
1.0000097692744214
1.0000093525530769
1.0000089132516981
1.0000084524186699
1.0000079711539815
1.0000074706065971
1.0000069519717112
1.0000064164878928
1.0000058654341255
1.0000053001267519
1.0000047219163279
1.0000041321843955
1.0000035323401815
1.0000029238172283
1.0000023080699680
1.0000016865702450
1.0000010608037981
1.0000004322667118
0.9999998024618372
0.9999991728951996
0.9999985450724000
0.9999979204950148
0.9999973006570049
0.9999966870411443
0.9999960811154749
0.9999954843297981
0.9999948981122074
0.9999943238656717
0.9999937629646808
0.9999932167519596
0.9999926865352574
0.9999921735842191
0.9999916791273491
0.9999912043490723
0.9999907503869021
0.9999903183287175
0.9999899092101616
0.9999895240121658
0.9999891636586012
0.9999888290140680
0.9999885208818247
0.9999882400018673
0.9999879870491586
0.9999877626320124
0.9999875672906366
0.9999874014958386
0.9999872656478961
0.9999871600755991
0.9999870850354621
0.9999870407111087
0.9999870272128277
0.9999870445773092
0.9999870927675536
0.9999871716729557
0.9999872811095675
0.9999874208205356
0.9999875904767138
0.9999877896774447
0.9999880179515159
0.9999882747582848
0.9999885594889653
0.9999888714680810
0.9999892099550783
0.9999895741460945
0.9999899631758759
0.9999903761198424
0.9999908119962960
0.9999912697687632
0.9999917483484708
0.9999922465969465
0.9999927633287361
0.9999932973142338
0.9999938472826198
0.9999944119248928
0.9999949898969990
0.9999955798230395
0.9999961802985577
0.9999967898938935
0.9999974071575967
0.9999980306198939
0.9999986587961996
0.9999992901906584
0.9999999232997189
1.0000005566157255
1.0000011886305180
1.0000018178390329
1.0000024427428986
1.0000030618540139
1.0000036736980999
1.0000042768182218
1.0000048697782675
1.0000054511663767
1.0000060195983123
1.0000065737207651
1.0000071122145866
1.0000076337979382
1.0000081372293514
1.0000086213106916
1.0000090848900178
1.0000095268643352
1.0000099461822261
1.0000103418463597
1.0000107129158742
1.0000110585086222
1.0000113778032758
1.0000116700412867
1.0000119345286951
1.0000121706377871
1.0000123778085892
1.0000125555502068
1.0000127034419943
1.0000128211345585
1.0000129083505909
1.0000129648855263
1.0000129906080297
1.0000129854603079
1.0000129494582466
1.0000128826913688
1.0000127853226193
1.0000126575879738
1.0000124997958739
1.0000123123264895
1.0000120956308056
