1.0022162010158382
1.0021882114726564
1.0021550105825463
1.0021166769857699
1.0020733014761989
1.0020249867930473
1.0019718473850261
1.0019140091473908
1.0018516091324119
1.0017847952338528
1.0017137258460953
1.0016385694986063
1.0015595044665009
1.0014767183580022
1.0013904076796545
1.0013007773802050
1.0012080403741106
1.0011124170456831
1.0010141347349319
1.0009134272062159
1.0008105341008555
1.0007057003749062
1.0005991757233388
1.0004912139918987
1.0003820725779791
1.0002720118218547
1.0001612943896760
1.0000501846496401
0.9999389480427895
0.9998278504499201
0.9997171575560909
0.9996071342142534
0.9994980438095333
0.9993901476257073
0.9992837042154232
0.9991789687757178
0.9990761925303865
0.9989756221207530
0.9988774990063757
0.9987820588772182
0.9986895310787901
0.9986001380517399
0.9985140947873603
0.9984316083004274
0.9983528771207624
0.9982780908048660
0.9982074294689184
0.9981410633444037
0.9980791523575504
0.9980218457337293
0.9979692816278836
0.9979215867820008
0.9978788762105629
0.9978412529148434
0.9978088076268343
0.9977816185835212
0.9977597513321236
0.9977432585668494
0.9977321799976149
0.9977265422510943
0.9977263588043859
0.9977316299514678
0.9977423428025448
0.9977584713162838
0.9977799763648552
0.9978068058315863
0.9978388947409673
0.9978761654206363
0.9979185276948934
0.9979658791092131
0.9980181051851216
0.9980750797047394
0.9981366650242044
0.9982027124151042
0.9982730624329921
0.9983475453119781
0.9984259813843170
0.9985081815238637
0.9985939476121970
0.9986830730261673
0.9987753431455599
0.9988705358795414
0.9989684222104953
0.9990687667538223
0.9991713283322562
0.9992758605632039
0.9993821124576102
0.9994898290288240
0.9995987519099212
0.9997086199779410
0.9998191699834790
0.9999301371840882
1.0000412559799325
1.0001522605501534
1.0002628854884126
1.0003728664360991
1.0004819407116989
1.0005898479348505
1.0006963306436318
1.0008011349036605
1.0009040109076111
1.0010047135637903
1.0011030030724446
1.0011986454885240
1.0012914132696478
1.0013810858080783
1.0014674499455425
1.0015503004697954
1.0016294405918580
1.0017046824029165
1.0017758473099223
1.0018427664489797
1.0019052810756606
1.0019632429314385
1.0020165145854913
1.0020649697511770
1.0021084935765328
1.0021469829082224
1.0021803465283874
1.0022085053639387
1.0022313926678639
1.0022489541721928
1.0022611482123178
1.0022679458224222
1.0022693308018291
1.0022652997521406
1.0022558620850901
1.0022410400010962
1.0022208684385585
1.0021953949939986
1.0021646798131945
1.0021287954535347
1.0020878267178577
1.0020418704601102
1.0019910353632062
1.0019354416895345
1.0018752210046140
1.0018105158744530
1.0017414795372273
1.0016682755499429
1.0015910774108068
1.0015100681580840
1.0014254399462728
1.0013373936004806
1.0012461381499378
1.0011518903416354
1.0010548741351211
1.0009553201795436
1.0008534652740726
1.0007495518128737
1.0006438272158602
1.0005365433464826
1.0004279559178628
1.0003183238886075
1.0002079088496796
1.0000969744037347
0.9999857855383580
0.9998746079946694
0.9997637076327809
0.9996533497956167
0.9995437986726193
0.9994353166648809
0.9993281637532471
0.9992225968709431
0.9991188692822823
0.9990172299690047
0.9989179230257877
0.9988211870664682
0.9987272546424841
0.9986363516750432
0.9985486969024776
0.9984645013442338
0.9983839677829003
0.9983072902656438
0.9982346536263784
0.9981662330299453
0.9981021935395228
0.9980426897084412
0.9979878651975057
0.9979378524188713
0.9978927722074423
0.9978527335207023
0.9978178331677973
0.9977881555686268
0.9977637725436072
0.9977447431346916
0.9977311134581457
0.9977229165894906
0.9977201724809334
0.9977228879115153
0.9977310564701199
0.9977446585713874
0.9977636615044919
0.9977880195146424
0.9978176739170783
0.9978525532432472
0.9978925734187497
0.9979376379725609
0.9979876382769456
0.9980424538174015
0.9981019524918832
0.9981659909384838
0.9982344148906726
0.9983070595591172
0.9983837500390506
0.9984643017420741
0.9985485208512405
0.9986362047981803
0.9987271427610049
0.9988211161816635
0.9989178993013806
0.9990172597127802
0.9991189589272446
0.9992227529560436
0.9993283929037395
0.9994356255723492
0.9995441940747328
0.9996538384556632
0.9997642963190269
0.9998753034596031
0.9999865944978649
1.0000979035162596
1.0002089646954266
1.0003195129488258
1.0004292845542730
1.0005380177808898
1.0006454535100058
1.0007513358485767
1.0008554127337042
1.0009574365268856
1.0010571645966524
1.0011543598882906
1.0012487914793806
1.0013402351199352
1.0014284737559580
1.0015132980352826
1.0015945067946117
1.0016719075267166
1.0017453168268105
1.0018145608171538
1.0018794755490081
1.0019399073811075
1.0019957133338646
1.0020467614185911
1.0020929309410580
1.0021341127787839
1.0021702096314928
1.0022011362442362
1.0022268196027353
1.0022471991005570
1.0022622266777905
1.0022718669309458
1.0022760971938651
1.0022749075894797
1.0022683010523163
1.0022562933217072
1.0022389129057132
1.0022162010158382
1.0021882114726564
1.0021550105825463
1.0021166769857699
