1.0000052829185899
1.0000052174722336
1.0000051396652672
1.0000050496852650
1.0000049477488304
1.0000048341010779
1.0000047090150486
1.0000045727910565
1.0000044257559657
1.0000042682624120
1.0000041006879590
1.0000039234341933
1.0000037369257662
1.0000035416093751
1.0000033379526982
1.0000031264432765
1.0000029075873458
1.0000026819086272
1.0000024499470754
1.0000022122575871
1.0000019694086755
1.0000017219811093
1.0000014705665254
1.0000012157660148
1.0000009581886857
1.0000006984502083
1.0000004371713416
1.0000001749764498
0.9999999124920090
0.9999996503451130
0.9999993891619732
0.9999991295664209
0.9999988721784170
0.9999986176125695
0.9999983664766668
0.9999981193702240
0.9999978768830502
0.9999976395938404
0.9999974080687903
0.9999971828602445
0.9999969645053775
0.9999967535249095
0.9999965504218639
0.9999963556803623
0.9999961697644707
0.9999959931170911
0.9999958261589016
0.9999956692873528
0.9999955228757192
0.9999953872722063
0.9999952627991201
0.9999951497520989
0.9999950483994057
0.9999949589812908
0.9999948817094172
0.9999948167663548
0.9999947643051472
0.9999947244489447
0.9999946972907123
0.9999946828930092
0.9999946812878405
0.9999946924765829
0.9999947164299814
0.9999947530882206
0.9999948023610717
0.9999948641281076
0.9999949382389927
0.9999950245138447
0.9999951227436659
0.9999952326908439
0.9999953540897227
0.9999954866472381
0.9999956300436204
0.9999957839331597
0.9999959479450365
0.9999961216842068
0.9999963047323499
0.9999964966488699
0.9999966969719511
0.9999969052196646
0.9999971208911198
0.9999973434676657
0.9999975724141330
0.9999978071801143
0.9999980472012804
0.9999982919007343
0.9999985406903904
0.9999987929723815
0.9999990481404907
0.9999993055816023
0.9999995646771692
0.9999998248046943
1.0000000853392181
1.0000003456548181
1.0000006051261048
1.0000008631297173
1.0000011190458178
1.0000013722595729
1.0000016221626244
1.0000018681545473
1.0000021096442859
1.0000023460515695
1.0000025768083014
1.0000028013599178
1.0000030191667144
1.0000032297051382
1.0000034324690403
1.0000036269708894
1.0000038127429374
1.0000039893383412
1.0000041563322306
1.0000043133227254
1.0000044599318996
1.0000045958066839
1.0000047206197125
1.0000048340701051
1.0000049358841885
1.0000050258161521
1.0000051036486381
1.0000051691932625
1.0000052222910651
1.0000052628128941
1.0000052906597117
1.0000053057628346
1.0000053080840996
1.0000052976159552
1.0000052743814800
1.0000052384343312
1.0000051898586155
1.0000051287686897
1.0000050553088882
1.0000049696531792
1.0000048720047510
1.0000047625955248
1.0000046416856039
1.0000045095626522
1.0000043665412066
1.0000042129619262
1.0000040491907787
1.0000038756181653
1.0000036926579883
1.0000035007466643
1.0000033003420816
1.0000030919225074
1.0000028759854427
1.0000026530464348
1.0000024236378438
1.0000021883075696
1.0000019476177462
1.0000017021433958
1.0000014524710557
1.0000011991973750
1.0000009429276888
1.0000006842745723
1.0000004238563758
1.0000001622957462
0.9999999002181402
0.9999996382503283
0.9999993770188957
0.9999991171487449
0.9999988592616033
0.9999986039745337
0.9999983518984600
0.9999981036367064
0.9999978597835547
0.9999976209228232
0.9999973876264711
0.9999971604532299
0.9999969399472687
0.9999967266368910
0.9999965210332719
0.9999963236292339
0.9999961348980710
0.9999959552924144
0.9999957852431481
0.9999956251583787
0.9999954754224608
0.9999953363950764
0.9999952084103729
0.9999950917761645
0.9999949867731953
0.9999948936544667
0.9999948126446310
0.9999947439394529
0.9999946877053393
0.9999946440789427
0.9999946131668317
0.9999945950452359
0.9999945897598602
0.9999945973257740
0.9999946177273750
0.9999946509184254
0.9999946968221616
0.9999947553314747
0.9999948263091655
0.9999949095882709
0.9999950049724616
0.9999951122365094
0.9999952311268239
0.9999953613620577
0.9999955026337775
0.9999956546071990
0.9999958169219847
0.9999959891931051
0.9999961710117562
0.9999963619463350
0.9999965615434701
0.9999967693291035
0.9999969848096238
0.9999972074730430
0.9999974367902169
0.9999976722161098
0.9999979131910970
0.9999981591422957
0.9999984094849370
0.9999986636237594
0.9999989209544331
0.9999991808649996
0.9999994427373328
0.9999997059486173
0.9999999698728332
1.0000002338822516
1.0000004973489334
1.0000007596462268
1.0000010201502638
1.0000012782414509
1.0000015333059469
1.0000017847371305
1.0000020319370468
1.0000022743178347
1.0000025113031303
1.0000027423294431
1.0000029668475001
1.0000031843235591
1.0000033942406803
1.0000035960999609
1.0000037894217271
1.0000039737466784
1.0000041486369833
1.0000043136773245
1.0000044684758891
1.0000046126653048
1.0000047459035162
1.0000048678746003
1.0000049782895208
1.0000050768868156
1.0000051634332221
1.0000052377242323
1.0000052995845798
1.0000053488686584
1.0000053854608690
1.0000054092758943
1.0000054202589010
1.0000054183856701
1.0000054036626524
1.0000053761269532
1.0000053358462420
1.0000052829185899
1.0000052174722336
1.0000051396652672
1.0000050496852650
