1.0000004511825715
1.0000004457640734
1.0000004393006809
1.0000004318081397
1.0000004233046427
1.0000004138107863
1.0000004033495222
1.0000003919461011
1.0000003796280132
1.0000003664249206
1.0000003523685892
1.0000003374928097
1.0000003218333200
1.0000003054277160
1.0000002883153631
1.0000002705373030
1.0000002521361542
1.0000002331560107
1.0000002136423349
1.0000001936418521
1.0000001732024357
1.0000001523729944
1.0000001312033551
1.0000001097441427
1.0000000880466604
1.0000000661627677
1.0000000441447539
1.0000000220452148
0.9999999999169276
0.9999999778127229
0.9999999557853594
0.9999999338873991
0.9999999121710799
0.9999998906881915
0.9999998694899512
0.9999998486268826
0.9999998281486934
0.9999998081041572
0.9999997885409977
0.9999997695057745
0.9999997510437716
0.9999997331988902
0.9999997160135432
0.9999996995285541
0.9999996837830596
0.9999996688144145
0.9999996546581048
0.9999996413476639
0.9999996289145908
0.9999996173882741
0.9999996067959235
0.9999995971625032
0.9999995885106742
0.9999995808607395
0.9999995742305965
0.9999995686356945
0.9999995640889994
0.9999995606009611
0.9999995581794896
0.9999995568299356
0.9999995565550764
0.9999995573551104
0.9999995592276572
0.9999995621677651
0.9999995661679225
0.9999995712180763
0.9999995773056561
0.9999995844156053
0.9999995925304158
0.9999996016301688
0.9999996116925851
0.9999996226930781
0.9999996346048124
0.9999996473987693
0.9999996610438154
0.9999996755067785
0.9999996907525263
0.9999997067440517
0.9999997234425603
0.9999997408075646
0.9999997587969807
0.9999997773672307
0.9999997964733458
0.9999998160690731
0.9999998361069876
0.9999998565386057
0.9999998773145010
0.9999998983844226
0.9999999196974162
0.9999999412019475
0.9999999628460252
0.9999999845773242
1.0000000063433117
1.0000000280913732
1.0000000497689387
1.0000000713236088
1.0000000927032819
1.0000001138562760
1.0000001347314540
1.0000001552783451
1.0000001754472674
1.0000001951894477
1.0000002144571376
1.0000002332037266
1.0000002513838551
1.0000002689535239
1.0000002858701982
1.0000003020929111
1.0000003175823595
1.0000003323009996
1.0000003462131375
1.0000003592850140
1.0000003714848866
1.0000003827831061
1.0000003931521864
1.0000004025668696
1.0000004110041880
1.0000004184435181
1.0000004248666328
1.0000004302577441
1.0000004346035398
1.0000004378932168
1.0000004401185050
1.0000004412736905
1.0000004413556276
1.0000004403637499
1.0000004383000671
1.0000004351691620
1.0000004309781789
1.0000004257368091
1.0000004194572667
1.0000004121542616
1.0000004038449624
1.0000003945489551
1.0000003842881975
1.0000003730869664
1.0000003609717980
1.0000003479714268
1.0000003341167167
1.0000003194405875
1.0000003039779364
1.0000002877655554
1.0000002708420412
1.0000002532477033
1.0000002350244690
1.0000002162157835
1.0000001968665053
1.0000001770228006
1.0000001567320309
1.0000001360426423
1.0000001150040472
1.0000000936665066
1.0000000720810100
1.0000000502991553
1.0000000283730226
1.0000000063550525
0.9999999842979185
0.9999999622544024
0.9999999402772668
0.9999999184191303
0.9999998967323411
0.9999998752688539
0.9999998540801033
0.9999998332168804
0.9999998127292125
0.9999997926662422
0.9999997730761108
0.9999997540058436
0.9999997355012356
0.9999997176067429
0.9999997003653763
0.9999996838185994
0.9999996680062277
0.9999996529663353
0.9999996387351611
0.9999996253470242
0.9999996128342399
0.9999996012270428
0.9999995905535151
0.9999995808395192
0.9999995721086363
0.9999995643821072
0.9999995576787836
0.9999995520150826
0.9999995474049463
0.9999995438598100
0.9999995413885724
0.9999995399975747
0.9999995396905859
0.9999995404687926
0.9999995423307959
0.9999995452726156
0.9999995492876985
0.9999995543669349
0.9999995604986789
0.9999995676687766
0.9999995758605993
0.9999995850550826
0.9999995952307728
0.9999996063638773
0.9999996184283207
0.9999996313958059
0.9999996452358846
0.9999996599160270
0.9999996754016995
0.9999996916564471
0.9999997086419787
0.9999997263182623
0.9999997446436178
0.9999997635748171
0.9999997830671861
0.9999998030747127
0.9999998235501550
0.9999998444451531
0.9999998657103456
0.9999998872954881
0.9999999091495717
0.9999999312209453
0.9999999534574366
0.9999999758064797
0.9999999982152386
1.0000000206307322
1.0000000429999631
1.0000000652700429
1.0000000873883175
1.0000001093024946
1.0000001309607660
1.0000001523119320
1.0000001733055244
1.0000001938919261
1.0000002140224877
1.0000002336496459
1.0000002527270353
1.0000002712095999
1.0000002890536992
1.0000003062172131
1.0000003226596417
1.0000003383422014
1.0000003532279189
1.0000003672817184
1.0000003804705060
1.0000003927632488
1.0000004041310468
1.0000004145472015
1.0000004239872811
1.0000004324291787
1.0000004398531654
1.0000004462419345
1.0000004515806449
1.0000004558569544
1.0000004590610507
1.0000004611856737
1.0000004622261325
1.0000004621803182
1.0000004610487074
1.0000004588343603
1.0000004555429147
1.0000004511825715
1.0000004457640734
1.0000004393006809
1.0000004318081397
