1.0037782041924310
1.0037305492881159
1.0036740230733381
1.0036087584332032
1.0035349088122394
1.0034526478728933
1.0033621691085111
1.0032636854114672
1.0031574285971938
1.0030436488849408
1.0029226143361851
1.0027946102516938
1.0026599385283248
1.0025189169767454
1.0023718786013323
1.0022191708435977
1.0020611547905858
1.0018982043497580
1.0017307053919868
1.0015590548643514
1.0013836598745209
1.0012049367485945
1.0010233100643577
1.0008392116619864
1.0006530796343100
1.0004653572988311
1.0002764921537664
1.0000869348204440
0.9998971379744590
0.9997075552680583
0.9995186402462736
0.9993308452593770
0.9991446203742879
0.9989604122875848
0.9987786632428217
0.9985998099548712
0.9984242825440364
0.9982525034826826
0.9980848865571373
0.9979218358476113
0.9977637447288726
0.9976109948943808
0.9974639554065516
0.9973229817757865
0.9971884150708392
0.9970605810630334
0.9969397894067734
0.9968263328587007
0.9967204865377631
0.9966225072283641
0.9965326327286267
0.9964510812457266
0.9963780508400815
0.9963137189200703
0.9962582417888041
0.9962117542443232
0.9961743692344329
0.9961461775672402
0.9961272476782667
0.9961176254548593
0.9961173341184381
0.9961263741649453
0.9961447233636752
0.9961723368144902
0.9962091470632513
0.9962550642750998
0.9963099764650633
0.9963737497852728
0.9964462288679190
0.9965272372228927
0.9966165776889064
0.9967140329367240
0.9968193660229868
0.9969323209929704
0.9970526235304751
0.9971799816529249
0.9973140864496269
0.9974546128610331
0.9976012204967412
0.9977535544898886
0.9979112463854924
0.9980739150602380
0.9982411676711290
0.9984126006303812
0.9985878006038836
0.9987663455305201
0.9989478056596194
0.9991317446037907
0.9993177204043880
0.9995052866068491
0.9996939933431697
0.9998833884187932
1.0000730184012123
1.0002624297076210
1.0004511696889942
1.0006387877080178
1.0008248362083427
1.0010088717726917
1.0011904561674154
1.0013691573711581
1.0015445505853640
1.0017162192244293
1.0018837558833773
1.0020467632810217
1.0022048551766616
1.0023576572584327
1.0025048080015260
1.0026459594945694
1.0027807782325604
1.0029089458748155
1.0030301599665006
1.0031441346223875
1.0032506011715643
1.0033493087619263
1.0034400249233553
1.0035225360885767
1.0035966480707774
1.0036621864971442
1.0037189971975731
1.0037669465478785
1.0038059217669211
1.0038358311671443
1.0038566043581001
1.0038681924026225
1.0038705679253839
1.0038637251736602
1.0038476800301941
1.0038224699781433
1.0037881540181672
1.0037448125377884
1.0036925471332530
1.0036314803841813
1.0035617555813927
1.0034835364083616
1.0033970065768463
1.0033023694173178
1.0031998474248915
1.0030896817615547
1.0029721317155618
1.0028474741189670
1.0027160027243291
1.0025780275417269
1.0024338741373047
1.0022838828946508
1.0021284082404061
1.0019678178355858
1.0018024917341810
1.0016328215106982
1.0014592093583770
1.0012820671599145
1.0011018155326155
1.0009188828499542
1.0007337042416320
1.0005467205742788
1.0003583774150340
1.0001691239803059
0.9999794120720817
0.9997896950042269
0.9996004265212642
0.9994120597121895
0.9992250459219194
0.9990398336630191
0.9988568675303872
0.9986765871216109
0.9984994259657209
0.9983258104631003
0.9981561588392951
0.9979908801154855
0.9978303730983533
0.9976750253920729
0.9975252124351121
0.9973812965645041
0.9972436261101880
0.9971125345219645
0.9969883395315500
0.9968713423521254
0.9967618269176933
0.9966600591644538
0.9965662863563124
0.9964807364565123
0.9964036175472548
0.9963351172990519
0.9962754024913998
0.9962246185862264
0.9961828893554059
0.9961503165634800
0.9961269797065480
0.9961129358081320
0.9961082192726447
0.9961128417969081
0.9961267923399953
0.9961500371514939
0.9961825198580975
0.9962241616082620
0.9962748612744792
0.9963344957125464
0.9964029200770362
0.9964799681920051
0.9965654529758063
0.9966591669187220
0.9967608826119638
0.9968703533264553
0.9969873136396643
0.9971114801086195
0.9972425519871196
0.9973802119850368
0.9975241270674987
0.9976739492916391
0.9978293166785233
0.9979898541177705
0.9981551743023283
0.9983248786908013
0.9984985584946777
0.9986757956877610
0.9988561640350927
0.9990392301386225
0.9992245544968679
0.9994116925758190
0.9996001958883312
0.9997896130792772
0.9999794910137477
1.0001693758656176
1.0003588142038318
1.0005473540738108
1.0007345460714248
1.0009199444070347
1.0011031079571697
1.0012836013014594
1.0014609957425227
1.0016348703065774
1.0018048127226171
1.0019704203780735
1.0021313012489692
1.0022870748026425
1.0024373728712195
1.0025818404940812
1.0027201367276724
1.0028519354210772
1.0029769259558761
1.0030948139488898
1.0032053219165007
1.0033081898993286
1.0034031760461277
1.0034900571558554
1.0035686291769477
1.0036387076629265
1.0037001281835414
1.0037527466907425
1.0037964398388477
1.0038311052583726
1.0038566617830500
1.0038730496296626
1.0038802305303860
1.0038781878174252
1.0038669264597964
1.0038464730522012
1.0038168757560066
1.0037782041924310
1.0037305492881159
1.0036740230733381
1.0036087584332032
