1.0063950067234324
1.0063145604256565
1.0062191379094836
1.0061089607157652
1.0059842847259306
1.0058453996215859
1.0056926282712799
1.0055263260451885
1.0053468800585781
1.0051547083450190
1.0049502589604298
1.0047340090191534
1.0045064636633949
1.0042681549674739
1.0040196407784854
1.0037615034951022
1.0034943487863921
1.0032188042526768
1.0029355180306132
1.0026451573448358
1.0023484070086637
1.0020459678765370
1.0017385552510158
1.0014268972473499
1.0011117331187862
1.0007938115459658
1.0004738888939169
1.0001527274403248
0.9998310935789250
0.9995097560020205
0.9991894838662787
0.9988710449461127
0.9985552037790840
0.9982427198078964
0.9979343455236657
0.9976308246152567
0.9973328901295667
0.9970412626477113
0.9967566484821322
0.9964797378996758
0.9962112033757330
0.9959516978845137
0.9957018532305263
0.9954622784262904
0.9952335581212430
0.9950162510867279
0.9948108887618365
0.9946179738647501
0.9944379790740773
0.9942713457845023
0.9941184829408646
0.9939797659545700
0.9938555357059899
0.9937460976362515
0.9936517209315308
0.9935726378026704
0.9935090428626283
0.9934610926039313
0.9934289049779714
0.9934125590776273
0.9934120949243339
0.9934275133603527
0.9934587760466291
0.9935058055662409
0.9935684856330700
0.9936466614049634
0.9937401399002723
0.9938486905163033
0.9939720456478599
0.9941099014037114
0.9942619184184964
0.9944277227572594
0.9946069069095064
0.9947990308694029
0.9950036232984573
0.9952201827668057
0.9954481790689828
0.9956870546098696
0.9959362258563351
0.9961950848499259
0.9964630007758375
0.9967393215832849
0.9970233756523152
0.9973144735020310
0.9976119095351624
0.9979149638139068
0.9982229038619475
0.9985349864876062
0.9988504596230966
0.9991685641749286
0.9994885358805756
0.9998096071666112
1.0001310090036259
1.0004519727533474
1.0007717320035181
1.0010895243862197
1.0014045933754889
1.0017161900602063
1.0020235748884119
1.0023260193793628
1.0026228077998038
1.0029132388011057
1.0031966270140902
1.0034723045985283
1.0037396227444695
1.0039979531227292
1.0042466892820261
1.0044852479904185
1.0047130705188574
1.0049296238648198
1.0051344019141435
1.0053269265393221
1.0055067486326610
1.0056734490728383
1.0058266396235314
1.0059659637629035
1.0060910974428661
1.0062017497771369
1.0062976636572369
1.0063786162956632
1.0064444196955855
1.0064949210465020
1.0065300030453932
1.0065495841430070
1.0065536187149808
1.0065420971576151
1.0065150459081853
1.0064725273897683
1.0064146398806477
1.0063415173084427
1.0062533289691944
1.0061502791717376
1.0060326068077694
1.0059005848481235
1.0057545197658455
1.0055947508867813
1.0054216496684738
1.0052356189082896
1.0050370918817950
1.0048265314125280
1.0046044288744242
1.0043713031282970
1.0041276993938866
1.0038741880591444
1.0036113634285597
1.0033398424124713
1.0030602631594729
1.0027732836341754
1.0024795801427466
1.0021798458088051
1.0018747890024302
1.0015651317252026
1.0012516079543645
1.0009349619493657
1.0006159465242233
1.0002953212892933
0.9999738508662191
0.9996523030799788
0.9993314471321193
0.9990120517594087
0.9986948833822760
0.9983807042475503
0.9980702705701314
0.9977643306783291
0.9974636231677143
0.9971688750684021
0.9968808000307584
0.9966000965345727
0.9963274461267650
0.9960635116927153
0.9958089357662955
0.9955643388836516
0.9953303179857408
0.9951074448745502
0.9948962647278281
0.9946972946770466
0.9945110224531638
0.9943379051046005
0.9941783677916498
0.9940328026613315
0.9939015678064771
0.9937849863125734
0.9936833453956251
0.9935968956340073
0.9935258502969669
0.9934703847721214
0.9934306360939568
0.9934067025749876
0.9933986435408775
0.9934064791704581
0.9934301904412155
0.9934697191804364
0.9935249682218307
0.9935958016670767
0.9936820452513628
0.9937834868116352
0.9938998768559010
0.9940309292315940
0.9941763218906673
0.9943356977487612
0.9945086656354839
0.9946948013325565
0.9948936486962980
0.9951047208606804
0.9953275015169384
0.9955614462655276
0.9958059840360215
0.9960605185703815
0.9963244299648902
0.9965970762659141
0.9968777951145736
0.9971659054353226
0.9974607091633879
0.9977614930059877
0.9980675302322471
0.9983780824867369
0.9986924016215919
0.9990097315422207
0.9993293100616781
0.9996503707588638
0.9999721448357972
1.0002938629693390
1.0006147571528454
1.0009340625233831
1.0012510191702597
1.0015648739207903
1.0018748820993681
1.0021803092560699
1.0024804328611927
1.0027745439622853
1.0030619488004151
1.0033419703825688
1.0036139500072665
1.0038772487406309
1.0041312488403227
1.0043753551249146
1.0046089962864442
1.0048316261440320
1.0050427248366123
1.0052417999529695
1.0054283875974108
1.0056020533895502
1.0057623933968116
1.0059090349983779
1.0060416376794430
1.0061598937547402
1.0062635290204269
1.0063523033335202
1.0064260111181755
1.0064844817982062
1.0065275801553308
1.0065552066127352
1.0065672974436202
1.0065638249044995
1.0065447972930921
1.0065102589307544
1.0064602900694579
1.0063950067234324
1.0063145604256565
1.0062191379094836
1.0061089607157652
