1.0000001767907658
1.0000001747099441
1.0000001722223639
1.0000001693341267
1.0000001660522844
1.0000001623848243
1.0000001583406486
1.0000001539295535
1.0000001491622041
1.0000001440501090
1.0000001386055950
1.0000001328417769
1.0000001267725260
1.0000001204124362
1.0000001137767887
1.0000001068815147
1.0000000997431595
1.0000000923788424
1.0000000848062158
1.0000000770434230
1.0000000691090545
1.0000000610221036
1.0000000528019202
1.0000000444681663
1.0000000360407681
1.0000000275398671
1.0000000189857723
1.0000000103989111
1.0000000017997832
0.9999999932089100
0.9999999846467855
0.9999999761338266
0.9999999676903261
0.9999999593364034
0.9999999510919561
0.9999999429766132
0.9999999350096875
0.9999999272101306
0.9999999195964870
0.9999999121868505
0.9999999049988202
0.9999998980494581
0.9999998913552480
0.9999998849320562
0.9999998787950959
0.9999998729588888
0.9999998674372296
0.9999998622431557
0.9999998573889147
0.9999998528859357
0.9999998487448030
0.9999998449752278
0.9999998415860277
0.9999998385851051
0.9999998359794297
0.9999998337750217
0.9999998319769365
0.9999998305892519
0.9999998296150596
0.9999998290564572
0.9999998289145436
0.9999998291894173
0.9999998298801767
0.9999998309849215
0.9999998325007571
0.9999998344238018
0.9999998367491967
0.9999998394711170
0.9999998425827870
0.9999998460764945
0.9999998499436106
0.9999998541746113
0.9999998587590995
0.9999998636858297
0.9999998689427373
0.9999998745169641
0.9999998803948915
0.9999998865621726
0.9999998930037670
0.9999998997039763
0.9999999066464814
0.9999999138143831
0.9999999211902419
0.9999999287561208
0.9999999364936273
0.9999999443839580
0.9999999524079437
0.9999999605460947
0.9999999687786486
0.9999999770856175
0.9999999854468347
0.9999999938420040
1.0000000022507496
1.0000000106526645
1.0000000190273590
1.0000000273545073
1.0000000356138998
1.0000000437854883
1.0000000518494376
1.0000000597861720
1.0000000675764220
1.0000000752012701
1.0000000826421980
1.0000000898811301
1.0000000969004756
1.0000001036831709
1.0000001102127205
1.0000001164732362
1.0000001224494761
1.0000001281268829
1.0000001334916171
1.0000001385305910
1.0000001432314982
1.0000001475828444
1.0000001515739751
1.0000001551951023
1.0000001584373270
1.0000001612926608
1.0000001637540439
1.0000001658153632
1.0000001674714674
1.0000001687181799
1.0000001695523082
1.0000001699716536
1.0000001699750134
1.0000001695621836
1.0000001687339612
1.0000001674921415
1.0000001658395150
1.0000001637798612
1.0000001613179375
1.0000001584594698
1.0000001552111391
1.0000001515805639
1.0000001475762830
1.0000001432077354
1.0000001384852388
1.0000001334199637
1.0000001280239073
1.0000001223098651
1.0000001162913996
1.0000001099828075
1.0000001033990868
1.0000000965558995
1.0000000894695360
1.0000000821568755
1.0000000746353448
1.0000000669228766
1.0000000590378684
1.0000000509991380
1.0000000428258775
1.0000000345376081
1.0000000261541322
1.0000000176954897
1.0000000091819075
1.0000000006337511
0.9999999920714766
0.9999999835155812
0.9999999749865558
0.9999999665048340
0.9999999580907436
0.9999999497644568
0.9999999415459435
0.9999999334549236
0.9999999255108191
0.9999999177327065
0.9999999101392745
0.9999999027487784
0.9999998955789963
0.9999998886471856
0.9999998819700416
0.9999998755636570
0.9999998694434835
0.9999998636242956
0.9999998581201557
0.9999998529443800
0.9999998481095053
0.9999998436272600
0.9999998395085353
0.9999998357633592
0.9999998324008723
0.9999998294293068
0.9999998268559658
0.9999998246872065
0.9999998229284250
0.9999998215840440
0.9999998206575011
0.9999998201512402
0.9999998200667060
0.9999998204043387
0.9999998211635744
0.9999998223428457
0.9999998239395853
0.9999998259502325
0.9999998283702399
0.9999998311940868
0.9999998344152917
0.9999998380264267
0.9999998420191349
0.9999998463841510
0.9999998511113225
0.9999998561896348
0.9999998616072360
0.9999998673514662
0.9999998734088873
0.9999998797653153
0.9999998864058537
0.9999998933149291
0.9999999004763273
0.9999999078732325
0.9999999154882665
0.9999999233035315
0.9999999313006526
0.9999999394608219
0.9999999477648425
0.9999999561931739
0.9999999647259801
0.9999999733431733
0.9999999820244631
0.9999999907494074
0.9999999994974574
1.0000000082480094
1.0000000169804537
1.0000000256742227
1.0000000343088398
1.0000000428639677
1.0000000513194591
1.0000000596554024
1.0000000678521701
1.0000000758904648
1.0000000837513663
1.0000000914163774
1.0000000988674664
1.0000001060871089
1.0000001130583300
1.0000001197647461
1.0000001261906042
1.0000001323208172
1.0000001381410022
1.0000001436375148
1.0000001487974799
1.0000001536088230
1.0000001580602986
1.0000001621415160
1.0000001658429647
1.0000001691560376
1.0000001720730518
1.0000001745872664
1.0000001766928983
1.0000001783851356
1.0000001796601488
1.0000001805151013
1.0000001809481536
1.0000001809584689
1.0000001805462158
1.0000001797125659
1.0000001784596926
1.0000001767907658
1.0000001747099441
1.0000001722223639
1.0000001693341267
