1.0000000020955135
1.0000000020765760
1.0000000020531841
1.0000000020253998
1.0000000019932951
1.0000000019569528
1.0000000019164650
1.0000000018719353
1.0000000018234754
1.0000000017712070
1.0000000017152606
1.0000000016557744
1.0000000015928949
1.0000000015267756
1.0000000014575772
1.0000000013854686
1.0000000013106249
1.0000000012332280
1.0000000011534651
1.0000000010715293
1.0000000009876173
1.0000000009019299
1.0000000008146723
1.0000000007260537
1.0000000006362855
1.0000000005455822
1.0000000004541594
1.0000000003622347
1.0000000002700269
1.0000000001777563
1.0000000000856415
0.9999999999939013
0.9999999999027522
0.9999999998124082
0.9999999997230831
0.9999999996349866
0.9999999995483272
0.9999999994633075
0.9999999993801255
0.9999999992989743
0.9999999992200413
0.9999999991435107
0.9999999990695579
0.9999999989983529
0.9999999989300585
0.9999999988648318
0.9999999988028216
0.9999999987441688
0.9999999986890058
0.9999999986374570
0.9999999985896376
0.9999999985456537
0.9999999985056012
0.9999999984695673
0.9999999984376295
0.9999999984098545
0.9999999983862997
0.9999999983670113
0.9999999983520246
0.9999999983413635
0.9999999983350432
0.9999999983330677
0.9999999983354302
0.9999999983421134
0.9999999983530889
0.9999999983683183
0.9999999983877531
0.9999999984113349
0.9999999984389956
0.9999999984706570
0.9999999985062318
0.9999999985456223
0.9999999985887207
0.9999999986354109
0.9999999986855681
0.9999999987390578
0.9999999987957382
0.9999999988554609
0.9999999989180699
0.9999999989834013
0.9999999990512853
0.9999999991215456
0.9999999991940003
0.9999999992684619
0.9999999993447393
0.9999999994226368
0.9999999995019548
0.9999999995824898
0.9999999996640341
0.9999999997463790
0.9999999998293143
0.9999999999126279
0.9999999999961060
1.0000000000795342
1.0000000001626990
1.0000000002453870
1.0000000003273855
1.0000000004084841
1.0000000004884742
1.0000000005671508
1.0000000006443133
1.0000000007197651
1.0000000007933132
1.0000000008647691
1.0000000009339489
1.0000000010006738
1.0000000010647705
1.0000000011260735
1.0000000011844232
1.0000000012396675
1.0000000012916614
1.0000000013402692
1.0000000013853618
1.0000000014268193
1.0000000014645312
1.0000000014983952
1.0000000015283195
1.0000000015542216
1.0000000015760300
1.0000000015936819
1.0000000016071244
1.0000000016163157
1.0000000016212240
1.0000000016218280
1.0000000016181183
1.0000000016100954
1.0000000015977710
1.0000000015811652
1.0000000015603081
1.0000000015352415
1.0000000015060191
1.0000000014727042
1.0000000014353692
1.0000000013940966
1.0000000013489798
1.0000000013001216
1.0000000012476329
1.0000000011916335
1.0000000011322518
1.0000000010696246
1.0000000010038970
1.0000000009352226
1.0000000008637613
1.0000000007896814
1.0000000007131584
1.0000000006343728
1.0000000005535106
1.0000000004707625
1.0000000003863241
1.0000000003003959
1.0000000002131828
1.0000000001248923
1.0000000000357354
0.9999999999459260
0.9999999998556790
0.9999999997652110
0.9999999996747392
0.9999999995844803
0.9999999994946518
0.9999999994054709
0.9999999993171533
0.9999999992299125
0.9999999991439595
0.9999999990595024
0.9999999989767475
0.9999999988958973
0.9999999988171497
0.9999999987406986
0.9999999986667319
0.9999999985954311
0.9999999985269711
0.9999999984615214
0.9999999983992445
0.9999999983402954
0.9999999982848230
0.9999999982329686
0.9999999981848635
0.9999999981406299
0.9999999981003820
0.9999999980642247
0.9999999980322527
0.9999999980045514
0.9999999979811964
0.9999999979622536
0.9999999979477777
0.9999999979378134
0.9999999979323951
0.9999999979315473
0.9999999979352825
0.9999999979436028
0.9999999979564983
0.9999999979739497
0.9999999979959265
0.9999999980223878
0.9999999980532819
0.9999999980885459
0.9999999981281079
0.9999999981718863
0.9999999982197896
0.9999999982717155
0.9999999983275534
0.9999999983871839
0.9999999984504775
0.9999999985172969
0.9999999985874949
0.9999999986609179
0.9999999987374043
0.9999999988167846
0.9999999988988829
0.9999999989835168
0.9999999990704974
0.9999999991596310
0.9999999992507178
0.9999999993435547
0.9999999994379331
0.9999999995336433
0.9999999996304709
0.9999999997281985
0.9999999998266068
0.9999999999254735
1.0000000000245759
1.0000000001236911
1.0000000002225948
1.0000000003210652
1.0000000004188812
1.0000000005158241
1.0000000006116769
1.0000000007062246
1.0000000007992558
1.0000000008905614
1.0000000009799355
1.0000000010671779
1.0000000011520931
1.0000000012344905
1.0000000013141861
1.0000000013910015
1.0000000014647636
1.0000000015353083
1.0000000016024788
1.0000000016661279
1.0000000017261150
1.0000000017823079
1.0000000018345832
1.0000000018828279
1.0000000019269388
1.0000000019668231
1.0000000020023980
1.0000000020335891
1.0000000020603319
1.0000000020825741
1.0000000021002724
1.0000000021133939
1.0000000021219166
1.0000000021258277
1.0000000021251267
1.0000000021198245
1.0000000021099431
1.0000000020955135
1.0000000020765760
1.0000000020531841
1.0000000020253998
