1.0000000000026901
1.0000000000026932
1.0000000000026945
1.0000000000026943
1.0000000000026907
1.0000000000026830
1.0000000000026699
1.0000000000026512
1.0000000000026277
1.0000000000025988
1.0000000000025646
1.0000000000025244
1.0000000000024780
1.0000000000024263
1.0000000000023699
1.0000000000023097
1.0000000000022478
1.0000000000021838
1.0000000000021192
1.0000000000020544
1.0000000000019900
1.0000000000019269
1.0000000000018652
1.0000000000018039
1.0000000000017417
1.0000000000016782
1.0000000000016138
1.0000000000015492
1.0000000000014844
1.0000000000014198
1.0000000000013543
1.0000000000012887
1.0000000000012235
1.0000000000011589
1.0000000000010953
1.0000000000010338
1.0000000000009739
1.0000000000009155
1.0000000000008586
1.0000000000008045
1.0000000000007516
1.0000000000007001
1.0000000000006504
1.0000000000006020
1.0000000000005553
1.0000000000005116
1.0000000000004712
1.0000000000004330
1.0000000000003968
1.0000000000003617
1.0000000000003286
1.0000000000002993
1.0000000000002736
1.0000000000002518
1.0000000000002343
1.0000000000002203
1.0000000000002096
1.0000000000002029
1.0000000000002001
1.0000000000002003
1.0000000000002034
1.0000000000002092
1.0000000000002180
1.0000000000002294
1.0000000000002434
1.0000000000002602
1.0000000000002804
1.0000000000003042
1.0000000000003317
1.0000000000003633
1.0000000000003983
1.0000000000004361
1.0000000000004758
1.0000000000005160
1.0000000000005562
1.0000000000005955
1.0000000000006330
1.0000000000006686
1.0000000000007019
1.0000000000007316
1.0000000000007574
1.0000000000007787
1.0000000000007956
1.0000000000008089
1.0000000000008189
1.0000000000008242
1.0000000000008249
1.0000000000008211
1.0000000000008127
1.0000000000008007
1.0000000000007854
1.0000000000007658
1.0000000000007427
1.0000000000007159
1.0000000000006859
1.0000000000006533
1.0000000000006180
1.0000000000005806
1.0000000000005416
1.0000000000005007
1.0000000000004587
1.0000000000004170
1.0000000000003766
1.0000000000003375
1.0000000000002993
1.0000000000002629
1.0000000000002292
1.0000000000001985
1.0000000000001712
1.0000000000001465
1.0000000000001228
1.0000000000000993
1.0000000000000762
1.0000000000000528
1.0000000000000289
1.0000000000000033
0.9999999999999775
0.9999999999999508
0.9999999999999234
0.9999999999998953
0.9999999999998679
0.9999999999998435
0.9999999999998238
0.9999999999998092
0.9999999999997993
0.9999999999997939
0.9999999999997913
0.9999999999997902
0.9999999999997896
0.9999999999997899
0.9999999999997911
0.9999999999997927
0.9999999999997944
0.9999999999997964
0.9999999999997990
0.9999999999998033
0.9999999999998094
0.9999999999998174
0.9999999999998269
0.9999999999998385
0.9999999999998525
0.9999999999998688
0.9999999999998871
0.9999999999999070
0.9999999999999282
0.9999999999999500
0.9999999999999725
0.9999999999999954
1.0000000000000182
1.0000000000000402
1.0000000000000613
1.0000000000000804
1.0000000000000959
1.0000000000001081
1.0000000000001172
1.0000000000001241
1.0000000000001297
1.0000000000001334
1.0000000000001352
1.0000000000001357
1.0000000000001343
1.0000000000001317
1.0000000000001270
1.0000000000001199
1.0000000000001101
1.0000000000000973
1.0000000000000804
1.0000000000000611
1.0000000000000406
1.0000000000000195
0.9999999999999991
0.9999999999999786
0.9999999999999581
0.9999999999999382
0.9999999999999190
0.9999999999998995
0.9999999999998795
0.9999999999998590
0.9999999999998380
0.9999999999998174
0.9999999999997976
0.9999999999997788
0.9999999999997613
0.9999999999997441
0.9999999999997276
0.9999999999997126
0.9999999999996992
0.9999999999996869
0.9999999999996751
0.9999999999996636
0.9999999999996528
0.9999999999996425
0.9999999999996327
0.9999999999996253
0.9999999999996211
0.9999999999996209
0.9999999999996242
0.9999999999996304
0.9999999999996393
0.9999999999996513
0.9999999999996669
0.9999999999996867
0.9999999999997093
0.9999999999997339
0.9999999999997609
0.9999999999997902
0.9999999999998221
0.9999999999998562
0.9999999999998916
0.9999999999999284
0.9999999999999669
1.0000000000000071
1.0000000000000493
1.0000000000000933
1.0000000000001379
1.0000000000001834
1.0000000000002294
1.0000000000002760
1.0000000000003226
1.0000000000003697
1.0000000000004177
1.0000000000004676
1.0000000000005203
1.0000000000005758
1.0000000000006344
1.0000000000006961
1.0000000000007616
1.0000000000008307
1.0000000000009026
1.0000000000009779
1.0000000000010558
1.0000000000011362
1.0000000000012192
1.0000000000013041
1.0000000000013913
1.0000000000014806
1.0000000000015710
1.0000000000016607
1.0000000000017493
1.0000000000018365
1.0000000000019225
1.0000000000020062
1.0000000000020870
1.0000000000021636
1.0000000000022351
1.0000000000023015
1.0000000000023637
1.0000000000024218
1.0000000000024760
1.0000000000025249
1.0000000000025668
1.0000000000026019
1.0000000000026299
1.0000000000026510
1.0000000000026661
1.0000000000026767
1.0000000000026845
1.0000000000026901
1.0000000000026932
1.0000000000026945
1.0000000000026943
