1.0000000002768987
1.0000000002752218
1.0000000002730169
1.0000000002702913
1.0000000002670526
1.0000000002633103
1.0000000002590759
1.0000000002543621
1.0000000002491811
1.0000000002435463
1.0000000002374723
1.0000000002309735
1.0000000002240645
1.0000000002167626
1.0000000002090861
1.0000000002010541
1.0000000001926852
1.0000000001840008
1.0000000001750218
1.0000000001657718
1.0000000001562741
1.0000000001465514
1.0000000001366263
1.0000000001265223
1.0000000001162634
1.0000000001058729
1.0000000000953750
1.0000000000847944
1.0000000000741553
1.0000000000634812
1.0000000000527955
1.0000000000421227
1.0000000000314884
1.0000000000209188
1.0000000000104388
1.0000000000000728
0.9999999999898458
0.9999999999797810
0.9999999999699017
0.9999999999602308
0.9999999999507897
0.9999999999415990
0.9999999999326783
0.9999999999240471
0.9999999999157249
0.9999999999077307
0.9999999999000819
0.9999999998927950
0.9999999998858852
0.9999999998793665
0.9999999998732524
0.9999999998675556
0.9999999998622882
0.9999999998574602
0.9999999998530826
0.9999999998491634
0.9999999998457091
0.9999999998427243
0.9999999998402128
0.9999999998381787
0.9999999998366251
0.9999999998355537
0.9999999998349650
0.9999999998348591
0.9999999998352337
0.9999999998360848
0.9999999998374069
0.9999999998391946
0.9999999998414412
0.9999999998441378
0.9999999998472764
0.9999999998508460
0.9999999998548347
0.9999999998592286
0.9999999998640134
0.9999999998691745
0.9999999998746972
0.9999999998805661
0.9999999998867640
0.9999999998932715
0.9999999999000686
0.9999999999071353
0.9999999999144528
0.9999999999219996
0.9999999999297551
0.9999999999376983
0.9999999999458067
0.9999999999540574
0.9999999999624259
0.9999999999708884
0.9999999999794217
0.9999999999880029
0.9999999999966083
1.0000000000052141
1.0000000000137959
1.0000000000223297
1.0000000000307925
1.0000000000391609
1.0000000000474114
1.0000000000555209
1.0000000000634683
1.0000000000712315
1.0000000000787894
1.0000000000861213
1.0000000000932054
1.0000000001000209
1.0000000001065472
1.0000000001127662
1.0000000001186602
1.0000000001242124
1.0000000001294072
1.0000000001342293
1.0000000001386651
1.0000000001427012
1.0000000001463254
1.0000000001495257
1.0000000001522917
1.0000000001546141
1.0000000001564857
1.0000000001579010
1.0000000001588543
1.0000000001593419
1.0000000001593605
1.0000000001589076
1.0000000001579807
1.0000000001565814
1.0000000001547116
1.0000000001523730
1.0000000001495690
1.0000000001463052
1.0000000001425873
1.0000000001384217
1.0000000001338170
1.0000000001287823
1.0000000001233278
1.0000000001174651
1.0000000001112084
1.0000000001045708
1.0000000000975671
1.0000000000902127
1.0000000000825240
1.0000000000745188
1.0000000000662148
1.0000000000576297
1.0000000000487834
1.0000000000396976
1.0000000000303928
1.0000000000208913
1.0000000000112155
1.0000000000013884
0.9999999999914335
0.9999999999813750
0.9999999999712372
0.9999999999610447
0.9999999999508220
0.9999999999405942
0.9999999999303860
0.9999999999202228
0.9999999999101301
0.9999999999001320
0.9999999998902538
0.9999999998805200
0.9999999998709539
0.9999999998615782
0.9999999998524148
0.9999999998434873
0.9999999998348187
0.9999999998264310
0.9999999998183453
0.9999999998105815
0.9999999998031588
0.9999999997960959
0.9999999997894115
0.9999999997831247
0.9999999997772522
0.9999999997718100
0.9999999997668126
0.9999999997622746
0.9999999997582091
0.9999999997546279
0.9999999997515419
0.9999999997489598
0.9999999997468901
0.9999999997453409
0.9999999997443180
0.9999999997438261
0.9999999997438683
0.9999999997444469
0.9999999997455642
0.9999999997472208
0.9999999997494159
0.9999999997521488
0.9999999997554151
0.9999999997592095
0.9999999997635257
0.9999999997683557
0.9999999997736897
0.9999999997795164
0.9999999997858238
0.9999999997926007
0.9999999997998347
0.9999999998075123
0.9999999998156192
0.9999999998241395
0.9999999998330568
0.9999999998423513
0.9999999998520034
0.9999999998619914
0.9999999998722936
0.9999999998828880
0.9999999998937524
0.9999999999048643
0.9999999999161996
0.9999999999277353
0.9999999999394475
0.9999999999513136
0.9999999999633099
0.9999999999754103
0.9999999999875886
0.9999999999998175
1.0000000000120712
1.0000000000243234
1.0000000000365474
1.0000000000487173
1.0000000000608082
1.0000000000727949
1.0000000000846512
1.0000000000963527
1.0000000001078746
1.0000000001191920
1.0000000001302811
1.0000000001411189
1.0000000001516827
1.0000000001619493
1.0000000001718978
1.0000000001815075
1.0000000001907594
1.0000000001996343
1.0000000002081131
1.0000000002161782
1.0000000002238121
1.0000000002309988
1.0000000002377238
1.0000000002439735
1.0000000002497351
1.0000000002549980
1.0000000002597527
1.0000000002639906
1.0000000002677043
1.0000000002708866
1.0000000002735334
1.0000000002756413
1.0000000002772076
1.0000000002782305
1.0000000002787099
1.0000000002786467
1.0000000002780420
1.0000000002768987
1.0000000002752218
1.0000000002730169
1.0000000002702913
