1.0000711827086275
1.0000702880517416
1.0000692260465374
1.0000679992401347
1.0000666105730787
1.0000650633723136
1.0000633613432364
1.0000615085608477
1.0000595094600171
1.0000573688248902
1.0000550917774602
1.0000526837653356
1.0000501505487287
1.0000474981866974
1.0000447330226720
1.0000418616693032
1.0000388909926665
1.0000358280958614
1.0000326803020425
1.0000294551369255
1.0000261603108098
1.0000228037001546
1.0000193933287640
1.0000159373486113
1.0000124440203617
1.0000089216936308
1.0000053787870338
1.0000018237680668
0.9999982651328669
0.9999947113859068
0.9999911710196668
0.9999876524943351
0.9999841642175838
0.9999807145244680
0.9999773116574998
0.9999739637469416
0.9999706787913643
0.9999674646385232
0.9999643289665922
0.9999612792658021
0.9999583228205307
0.9999554666918786
0.9999527177007848
0.9999500824117100
0.9999475671169399
0.9999451778215317
0.9999429202289519
0.9999407997274368
0.9999388213771006
0.9999369898978350
0.9999353096580196
0.9999337846640730
0.9999324185508712
0.9999312145730578
0.9999301755972581
0.9999293040952241
0.9999286021379273
0.9999280713906090
0.9999277131088027
0.9999275281353368
0.9999275168983245
0.9999276794101494
0.9999280152674441
0.9999285236520635
0.9999292033330524
0.9999300526696016
0.9999310696149842
0.9999322517214646
0.9999335961461657
0.9999350996578839
0.9999367586448327
0.9999385691232957
0.9999405267471727
0.9999426268183923
0.9999448642981634
0.9999472338190430
0.9999497296977914
0.9999523459489830
0.9999550762993363
0.9999579142027353
0.9999608528559029
0.9999638852146864
0.9999670040109214
0.9999702017698258
0.9999734708278922
0.9999768033512294
0.9999801913543073
0.9999836267190687
0.9999871012143529
0.9999906065155876
0.9999941342247062
0.9999976758902366
1.0000012230275164
1.0000047671389880
1.0000082997345221
1.0000118123517228
1.0000152965761631
1.0000187440615078
1.0000221465494694
1.0000254958895514
1.0000287840585373
1.0000320031796694
1.0000351455414769
1.0000382036162101
1.0000411700778356
1.0000440378195443
1.0000467999707356
1.0000494499134409
1.0000519812981352
1.0000543880589141
1.0000566644279869
1.0000588049494614
1.0000608044923793
1.0000626582629777
1.0000643618161460
1.0000659110660450
1.0000673022958737
1.0000685321667502
1.0000695977256917
1.0000704964126719
1.0000712260667384
1.0000717849311824
1.0000721716577392
1.0000723853098139
1.0000724253647253
1.0000722917149605
1.0000719846684403
1.0000715049477893
1.0000708536886178
1.0000700324368177
1.0000690431448771
1.0000678881672285
1.0000665702546312
1.0000650925476102
1.0000634585689641
1.0000616722153610
1.0000597377480402
1.0000576597826427
1.0000554432781956
1.0000530935252745
1.0000506161333753
1.0000480170175232
1.0000453023841500
1.0000424787162754
1.0000395527580284
1.0000365314985407
1.0000334221552560
1.0000302321566923
1.0000269691246979
1.0000236408562444
1.0000202553048003
1.0000168205613296
1.0000133448349608
1.0000098364333725
1.0000063037429383
1.0000027552086861
0.9999991993141125
0.9999956445609055
0.9999920994486218
0.9999885724543676
0.9999850720125308
0.9999816064946153
0.9999781841892220
0.9999748132822286
0.9999715018372094
0.9999682577761521
0.9999650888605067
0.9999620026726175
0.9999590065975840
0.9999561078055929
0.9999533132347600
0.9999506295745295
0.9999480632496618
0.9999456204048577
0.9999433068900534
0.9999411282464159
0.9999390896930775
0.9999371961146424
0.9999354520494903
0.9999338616789075
0.9999324288170734
0.9999311569019255
0.9999300489869235
0.9999291077337337
0.9999283354058520
0.9999277338631768
0.9999273045575501
0.9999270485292737
0.9999269664046131
0.9999270583942894
0.9999273242929643
0.9999277634797245
0.9999283749195574
0.9999291571658209
0.9999301083636962
0.9999312262546194
0.9999325081816771
0.9999339510959572
0.9999355515638355
0.9999373057751845
0.9999392095524818
0.9999412583607995
0.9999434473186454
0.9999457712096367
0.9999482244949697
0.9999508013266641
0.9999534955615468
0.9999563007759382
0.9999592102810111
0.9999622171387827
0.9999653141787016
0.9999684940147879
0.9999717490632922
0.9999750715608242
0.9999784535829094
0.9999818870629293
0.9999853638114017
0.9999888755355523
0.9999924138591333
0.9999959703424404
0.9999995365024790
1.0000031038332309
1.0000066638259781
1.0000102079896314
1.0000137278710133
1.0000172150750504
1.0000206612848248
1.0000240582814379
1.0000273979636383
1.0000306723671679
1.0000338736837817
1.0000369942798901
1.0000400267147838
1.0000429637583985
1.0000457984085731
1.0000485239077663
1.0000511337591831
1.0000536217422824
1.0000559819276229
1.0000582086910119
1.0000602967269243
1.0000622410611624
1.0000640370627241
1.0000656804548493
1.0000671673252230
1.0000684941353071
1.0000696577287775
1.0000706553390526
1.0000714845958880
1.0000721435310289
1.0000726305828986
1.0000729446003180
1.0000730848452457
1.0000730509945335
1.0000728431406916
1.0000724617916601
1.0000719078695883
1.0000711827086275
1.0000702880517416
1.0000692260465374
1.0000679992401347
