1.0050489023810778
1.0049852997395272
1.0049098571105139
1.0048227507753835
1.0047241843138768
1.0046143881623024
1.0044936191125080
1.0043621597523897
1.0042203178487792
1.0040684256736554
1.0039068392747195
1.0037359376914838
1.0035561221181288
1.0033678150144858
1.0031714591666303
1.0029675166986691
1.0027564680374308
1.0025388108318818
1.0023150588292091
1.0020857407096397
1.0018513988821760
1.0016125882435594
1.0013698749028948
1.0011238348744804
1.0008750527415227
1.0006241202935227
1.0003716351402461
1.0001181993052906
0.9998644178023800
0.9996108971976241
0.9993582441610673
0.9991070640109554
0.9988579592542282
0.9986115281268191
0.9983683631374183
0.9981290496184070
0.9978941642877237
0.9976642738254512
0.9974399334689482
0.9972216856303504
0.9970100585402720
0.9968055649215108
0.9966087006965436
0.9964199437325423
0.9962397526275856
0.9960685655416631
0.9959067990759756
0.9957548472039347
0.9956130802571331
0.9954818439694253
0.9953614585821092
0.9952522180130203
0.9951543890921823
0.9950682108664574
0.9949938939754339
0.9949316201005731
0.9948815414894053
0.9948437805563376
0.9948184295613782
0.9948055503678384
0.9948051742798066
0.9948173019599393
0.9948419034278345
0.9948789181389974
0.9949282551441369
0.9949897933282652
0.9950633817288078
0.9951488399316866
0.9952459585440645
0.9953544997422149
0.9954741978927277
0.9956047602450395
0.9957458676930632
0.9958971756034771
0.9960583147080411
0.9962288920571319
0.9964084920315145
0.9965966774092178
0.9967929904842439
0.9969969542337196
0.9972080735299841
0.9974258363940236
0.9976497152865765
0.9978791684331827
0.9981136411793923
0.9983525673723310
0.9985953707647900
0.9988414664380141
0.9990902622393694
0.9993411602310918
0.9995935581463583
0.9998468508489702
1.0001004317929894
1.0003536944787412
1.0006060339016689
1.0008568479906175
1.0011055390322086
1.0013515150780679
1.0015941913317723
1.0018329915124906
1.0020673491924106
1.0022967091051513
1.0025205284224843
1.0027382779968059
1.0029494435669244
1.0031535269248515
1.0033500470414032
1.0035385411485414
1.0037185657765075
1.0038896977439198
1.0040515350991235
1.0042036980111981
1.0043458296091399
1.0044775967678554
1.0045986908397015
1.0047088283304249
1.0048077515184497
1.0048952290165722
1.0049710562752121
1.0050350560264745
1.0050870786683752
1.0051270025886672
1.0051547344277971
1.0051702092806283
1.0051733908366287
1.0051642714583373
1.0051428721979896
1.0051092427522850
1.0050634613553551
1.0050056346100866
1.0049358972580333
1.0048544118882476
1.0047613685854491
1.0046569845180378
1.0045415034665535
1.0044151952932732
1.0042783553537422
1.0041313038511290
1.0039743851343947
1.0038079669413711
1.0036324395879515
1.0034482151047006
1.0032557263223059
1.0030554259073998
1.0028477853504041
1.0026332939071592
1.0024124574962250
1.0021857975538553
1.0019538498487723
1.0017171632589921
1.0014762985130650
1.0012318268982308
1.0009843289380991
1.0007343930425836
1.0004826141329508
1.0002295922449373
0.9999759311130216
0.9997222367390243
0.9994691159483271
0.9992171749370891
0.9989670178139274
0.9987192451396105
0.9984744524683891
0.9982332288946464
0.9979961556086050
0.9977638044648696
0.9975367365676124
0.9973155008762293
0.9971006328352996
0.9968926530326684
0.9966920658894486
0.9964993583857031
0.9963149988255160
0.9961394356450921
0.9959730962674332
0.9958163860070479
0.9956696870280382
0.9955333573587701
0.9954077299661946
0.9952931118927172
0.9951897834583555
0.9950979975307204
0.9950179788651680
0.9949499235172513
0.9948939983293812
0.9948503404933677
0.9948190571902817
0.9948002253088124
0.9947938912430563
0.9948000707703999
0.9948187490099065
0.9948498804613369
0.9948933891246803
0.9949491686997983
0.9950170828655228
0.9950969656372832
0.9951886218020953
0.9952918274294771
0.9954063304566303
0.9955318513459864
0.9956680838129888
0.9958146956217797
0.9959713294462506
0.9961376037937323
0.9963131139884327
0.9964974332115503
0.9966901135948667
0.9968906873644823
0.9970986680312391
0.9973135516242856
0.9975348179641411
0.9977619319715604
0.9979943450084392
0.9982314962469658
0.9984728140631922
0.9987177174511999
0.9989656174540290
0.9992159186075671
0.9994680203936142
0.9997213186983868
0.9999752072727779
1.0002290791907464
1.0004823283022872
1.0007343506775079
1.0009845460384359
1.0012323191752599
1.0014770813438336
1.0017182516413499
1.0019552583572229
1.0021875402963236
1.0024145480718334
1.0026357453650965
1.0028506101499781
1.0030586358793510
1.0032593326314643
1.0034522282140586
1.0036368692242235
1.0038128220621134
1.0039796738967459
1.0041370335822328
1.0042845325229148
1.0044218254859691
1.0045485913601748
1.0046645338596443
1.0047693821714119
1.0048628915458886
1.0049448438292881
1.0050150479372297
1.0050733402688210
1.0051195850606138
1.0051536746799246
1.0051755298571003
1.0051850998563958
1.0051823625852214
1.0051673246416102
1.0051400212998338
1.0051005164341913
1.0050489023810778
1.0049852997395272
1.0049098571105139
1.0048227507753835
