1.0000161972042556
1.0000159949894880
1.0000157547797608
1.0000154771526393
1.0000151627749787
1.0000148124013297
1.0000144268721340
1.0000140071117150
1.0000135541260642
1.0000130690004378
1.0000125528967609
1.0000120070508509
1.0000114327694616
1.0000108314271599
1.0000102044630377
1.0000095533772744
1.0000088797275482
1.0000081851253140
1.0000074712319502
1.0000067397547887
1.0000059924430331
1.0000052310835779
1.0000044574967348
1.0000036735318845
1.0000028810630548
1.0000020819844428
1.0000012782058867
1.0000004716483011
0.9999996642390844
0.9999988579075134
0.9999980545801317
0.9999972561761445
0.9999964646028321
0.9999956817509904
0.9999949094904113
0.9999941496654168
0.9999934040904498
0.9999926745457349
0.9999919627730248
0.9999912704714389
0.9999905992934014
0.9999899508406920
0.9999893266606203
0.9999887282423261
0.9999881570132214
0.9999876143355801
0.9999871015032823
0.9999866197387228
0.9999861701898907
0.9999857539276253
0.9999853719430594
0.9999850251452495
0.9999847143590093
0.9999844403229368
0.9999842036876510
0.9999840050142398
0.9999838447729205
0.9999837233419177
0.9999836410065636
0.9999835979586166
0.9999835942958087
0.9999836300216132
0.9999837050452393
0.9999838191818515
0.9999839721530162
0.9999841635873704
0.9999843930215132
0.9999846599011177
0.9999849635822600
0.9999853033329608
0.9999856783349411
0.9999860876855827
0.9999865304000871
0.9999870054138353
0.9999875115849385
0.9999880476969715
0.9999886124618840
0.9999892045230863
0.9999898224586946
0.9999904647849364
0.9999911299596987
0.9999918163862221
0.9999925224169196
0.9999932463573209
0.9999939864701283
0.9999947409793728
0.9999955080746638
0.9999962859155217
0.9999970726357831
0.9999978663480645
0.9999986651482786
0.9999994671201911
1.0000002703400033
1.0000010728809561
1.0000018728179387
1.0000026682320962
1.0000034572154202
1.0000042378753118
1.0000050083391097
1.0000057667585698
1.0000065113142871
1.0000072402200502
1.0000079517271117
1.0000086441283718
1.0000093157624645
1.0000099650177314
1.0000105903360761
1.0000111902166928
1.0000117632196550
1.0000123079693621
1.0000128231578294
1.0000133075478173
1.0000137599757921
1.0000141793547102
1.0000145646766205
1.0000149150150739
1.0000152295273426
1.0000155074564359
1.0000157481329128
1.0000159509764837
1.0000161154973997
1.0000162412976297
1.0000163280718111
1.0000163756079836
1.0000163837880964
1.0000163525882955
1.0000162820789826
1.0000161724246499
1.0000160238834894
1.0000158368067753
1.0000156116380288
1.0000153489119608
1.0000150492531961
1.0000147133747825
1.0000143420764895
1.0000139362428986
1.0000134968412906
1.0000130249193371
1.0000125216025961
1.0000119880918246
1.0000114256601103
1.0000108356498310
1.0000102194694469
1.0000095785901368
1.0000089145422832
1.0000082289118144
1.0000075233364141
1.0000067995016104
1.0000060591367466
1.0000053040108503
1.0000045359284044
1.0000037567250342
1.0000029682631211
1.0000021724273502
1.0000013711202060
1.0000005662574249
0.9999997597634157
0.9999989535666589
0.9999981495950968
0.9999973497715248
0.9999965560089945
0.9999957702062398
0.9999949942431378
0.9999942299762119
0.9999934792341941
0.9999927438136523
0.9999920254746927
0.9999913259367530
0.9999906468744915
0.9999899899137774
0.9999893566278050
0.9999887485333286
0.9999881670870364
0.9999876136820652
0.9999870896446689
0.9999865962310457
0.9999861346243319
0.9999857059317697
0.9999853111820570
0.9999849513228886
0.9999846272186839
0.9999843396485208
0.9999840893042700
0.9999838767889361
0.9999837026152153
0.9999835672042648
0.9999834708846941
0.9999834138917739
0.9999833963668731
0.9999834183571170
0.9999834798152721
0.9999835805998546
0.9999837204754650
0.9999838991133498
0.9999841160921855
0.9999843708990789
0.9999846629307912
0.9999849914951788
0.9999853558128424
0.9999857550189869
0.9999861881654856
0.9999866542231454
0.9999871520841627
0.9999876805647683
0.9999882384080537
0.9999888242869726
0.9999894368075093
0.9999900745120079
0.9999907358826567
0.9999914193451116
0.9999921232722537
0.9999928459880755
0.9999935857716861
0.9999943408614196
0.9999951094590439
0.9999958897340547
0.9999966798280472
0.9999974778591550
0.9999982819265467
0.9999990901149644
0.9999999004992965
1.0000007111491773
1.0000015201335961
1.0000023255255108
1.0000031254064490
1.0000039178710884
1.0000047010318087
1.0000054730231993
1.0000062320065144
1.0000069761740620
1.0000077037535233
1.0000084130121827
1.0000091022610651
1.0000097698589707
1.0000104142163930
1.0000110337993156
1.0000116271328718
1.0000121928048684
1.0000127294691543
1.0000132358488334
1.0000137107393137
1.0000141530111841
1.0000145616129092
1.0000149355733388
1.0000152740040249
1.0000155761013421
1.0000158411484048
1.0000160685167756
1.0000162576679668
1.0000164081547236
1.0000165196220887
1.0000165918082491
1.0000166245451558
1.0000166177589269
1.0000165714700202
1.0000164857931826
1.0000163609371717
1.0000161972042556
1.0000159949894880
1.0000157547797608
1.0000154771526393
