1.0007822265031650
1.0007723447637800
1.0007606217305223
1.0007470853714462
1.0007317679732055
1.0007147060649595
1.0006959403322566
1.0006755155210969
1.0006534803323872
1.0006298873070276
1.0006047927018875
1.0005782563569563
1.0005503415539683
1.0005211148668260
1.0004906460041587
1.0004590076443840
1.0004262752636410
1.0003925269569978
1.0003578432533409
1.0003223069243774
1.0002860027881881
1.0002490175077912
1.0002114393851844
1.0001733581513448
1.0001348647526809
1.0000960511344328
1.0000570100215374
1.0000178346974733
0.9999786187816085
0.9999394560055778
0.9999004399892288
0.9998616640166695
0.9998232208129503
0.9997852023219226
0.9997476994858082
0.9997108020270138
0.9996745982327158
0.9996391747427402
0.9996046163412624
0.9995710057528259
0.9995384234431882
0.9995069474254817
0.9994766530721647
0.9994476129332263
0.9994198965611023
0.9993935703427322
0.9993686973391727
0.9993453371331706
0.9993235456850805
0.9993033751974771
0.9992848739888116
0.9992680863764251
0.9992530525692126
0.9992398085702119
0.9992283860893557
0.9992188124666150
0.9992111106057233
0.9992052989186516
0.9992013912809729
0.9991993969982291
0.9991993207833885
0.9992011627454517
0.9992049183892265
0.9992105786262830
0.9992181297970562
0.9992275537040364
0.9992388276559701
0.9992519245229532
0.9992668128022832
0.9992834566948977
0.9993018161922111
0.9993218471731291
0.9993435015109915
0.9993667271901816
0.9993914684321015
0.9994176658302031
0.9994452564937316
0.9994741741998222
0.9995043495535738
0.9995357101556954
0.9995681807773124
0.9996016835414956
0.9996361381110651
0.9996714618822036
0.9997075701834022
0.9997443764792482
0.9997817925785587
0.9998197288463483
0.9998580944191108
0.9998967974228959
0.9999357451936499
0.9999748444992869
1.0000140017629562
1.0000531232869649
1.0000921154768274
1.0001308850648944
1.0001693393330382
1.0002073863338607
1.0002449351099023
1.0002818959103290
1.0003181804045931
1.0003537018925595
1.0003883755106149
1.0004221184332682
1.0004548500697799
1.0004864922553598
1.0005169694364933
1.0005462088499673
1.0005741406951811
1.0006006982993492
1.0006258182752168
1.0006494406709256
1.0006715091116900
1.0006919709329603
1.0007107773047652
1.0007278833469613
1.0007432482351220
1.0007568352968252
1.0007686120981296
1.0007785505200335
1.0007866268247547
1.0007928217116766
1.0007971203628350
1.0007995124778442
1.0007999922981832
1.0007985586207921
1.0007952148009382
1.0007899687443567
1.0007828328886741
1.0007738241741633
1.0007629640038915
1.0007502781933539
1.0007357969097013
1.0007195546007011
1.0007015899135920
1.0006819456040172
1.0006606684352366
1.0006378090678480
1.0006134219402696
1.0005875651402516
1.0005603002677068
1.0005316922891774
1.0005018093842668
1.0004707227843845
1.0004385066041803
1.0004052376660488
1.0003709953181108
1.0003358612460875
1.0002999192795077
1.0002632551926933
1.0002259565009910
1.0001881122527143
1.0001498128172963
1.0001111496701391
1.0000722151746739
1.0000331023621378
0.9999939047095943
0.9999547159167207
0.9999156296818951
0.9998767394781160
0.9998381383292970
0.9997999185874654
0.9997621717114032
0.9997249880472697
0.9996884566117320
0.9996526648781374
0.9996176985662382
0.9995836414359899
0.9995505750859266
0.9995185787566083
0.9994877291396266
0.9994581001926320
0.9994297629608535
0.9994027854055408
0.9993772322397628
0.9993531647719687
0.9993306407577036
0.9993097142598496
0.9992904355177393
0.9992728508254735
0.9992570024197486
0.9992429283774757
0.9992306625234489
0.9992202343482969
0.9992116689369236
0.9992049869076196
0.9992002043620001
0.9991973328458921
0.9991963793212764
0.9991973461493474
0.9992002310847408
0.9992050272809411
0.9992117233068532
0.9992203031745002
0.9992307463777734
0.9992430279421397
0.9992571184851782
0.9992729842877919
0.9992905873759164
0.9993098856125199
0.9993308327996600
0.9993533787903413
0.9993774696098945
0.9994030475865653
0.9994300514909923
0.9994584166842223
0.9994880752738912
0.9995189562781823
0.9995509857971515
0.9995840871909958
0.9996181812648234
0.9996531864594679
0.9996890190478714
0.9997255933365594
0.9997628218717072
0.9998006156492982
0.9998388843288547
0.9998775364502248
0.9999164796528982
0.9999556208973193
0.9999948666876624
1.0000341232955321
1.0000732969840520
1.0001122942318075
1.0001510219561049
1.0001893877350196
1.0002273000277002
1.0002646683924141
1.0003014037018148
1.0003374183549296
1.0003726264853672
1.0004069441652577
1.0004402896044531
1.0004725833445254
1.0005037484471091
1.0005337106761523
1.0005623986736605
1.0005897441285261
1.0006156819380554
1.0006401503618247
1.0006630911675154
1.0006844497683896
1.0007041753521033
1.0007222210005540
1.0007385438004976
1.0007531049446883
1.0007658698233024
1.0007768081054484
1.0007858938105743
1.0007931053696129
1.0007984256757274
1.0008018421245488
1.0008033466438084
1.0008029357122978
1.0008006103681206
1.0007963762062115
1.0007902433651314
1.0007822265031650
1.0007723447637800
1.0007606217305223
1.0007470853714462
