1.0000001251748210
1.0000001237149336
1.0000001219678887
1.0000001199379833
1.0000001176301867
1.0000001150501279
1.0000001122040816
1.0000001090989528
1.0000001057422596
1.0000001021421157
1.0000000983072113
1.0000000942467926
1.0000000899706394
1.0000000854890416
1.0000000808127756
1.0000000759530758
1.0000000709216097
1.0000000657304480
1.0000000603920385
1.0000000549191748
1.0000000493249659
1.0000000436228058
1.0000000378263405
1.0000000319494331
1.0000000260061339
1.0000000200106463
1.0000000139772933
1.0000000079204818
1.0000000018546691
0.9999999957943280
0.9999999897539129
0.9999999837478245
0.9999999777903752
0.9999999718957553
0.9999999660779986
0.9999999603509492
0.9999999547282289
0.9999999492232055
0.9999999438489608
0.9999999386182583
0.9999999335435115
0.9999999286367542
0.9999999239096131
0.9999999193732804
0.9999999150384874
0.9999999109154791
0.9999999070139888
0.9999999033432148
0.9999998999117999
0.9999998967278096
0.9999998937987135
0.9999998911313668
0.9999998887319931
0.9999998866061728
0.9999998847588260
0.9999998831942050
0.9999998819158804
0.9999998809267341
0.9999998802289528
0.9999998798240225
0.9999998797127252
0.9999998798951371
0.9999998803706283
0.9999998811378644
0.9999998821948108
0.9999998835387367
0.9999998851662235
0.9999998870731704
0.9999998892548070
0.9999998917057022
0.9999998944197779
0.9999998973903248
0.9999999006100190
0.9999999040709387
0.9999999077645828
0.9999999116818912
0.9999999158132686
0.9999999201486056
0.9999999246773044
0.9999999293883026
0.9999999342700991
0.9999999393107848
0.9999999444980712
0.9999999498193178
0.9999999552615624
0.9999999608115521
0.9999999664557765
0.9999999721805003
0.9999999779717959
0.9999999838155756
0.9999999896976275
0.9999999956036471
1.0000000015192729
1.0000000074301212
1.0000000133218203
1.0000000191800458
1.0000000249905554
1.0000000307392218
1.0000000364120660
1.0000000419952915
1.0000000474753179
1.0000000528388131
1.0000000580727240
1.0000000631643100
1.0000000681011714
1.0000000728712826
1.0000000774630187
1.0000000818651824
1.0000000860670339
1.0000000900583159
1.0000000938292766
1.0000000973706928
1.0000001006738939
1.0000001037307824
1.0000001065338524
1.0000001090762078
1.0000001113515797
1.0000001133543406
1.0000001150795188
1.0000001165228103
1.0000001176805879
1.0000001185499132
1.0000001191285399
1.0000001194149215
1.0000001194082142
1.0000001191082801
1.0000001185156870
1.0000001176317062
1.0000001164583086
1.0000001149981639
1.0000001132546330
1.0000001112317585
1.0000001089342561
1.0000001063675037
1.0000001035375279
1.0000001004509891
1.0000000971151661
1.0000000935379389
1.0000000897277708
1.0000000856936866
1.0000000814452525
1.0000000769925537
1.0000000723461691
1.0000000675171465
1.0000000625169756
1.0000000573575611
1.0000000520511942
1.0000000466105232
1.0000000410485230
1.0000000353784639
1.0000000296138811
1.0000000237685422
1.0000000178564141
1.0000000118916295
1.0000000058884528
0.9999999998612451
0.9999999938244308
0.9999999877924649
0.9999999817797957
0.9999999758008319
0.9999999698699074
0.9999999640012470
0.9999999582089314
0.9999999525068654
0.9999999469087444
0.9999999414280205
0.9999999360778696
0.9999999308711612
0.9999999258204276
0.9999999209378349
0.9999999162351532
0.9999999117237282
0.9999999074144535
0.9999999033177441
0.9999998994435129
0.9999998958011441
0.9999998923994751
0.9999998892467721
0.9999998863507116
0.9999998837183612
0.9999998813561632
0.9999998792699182
0.9999998774647716
0.9999998759452021
0.9999998747150093
0.9999998737773049
0.9999998731345059
0.9999998727883294
0.9999998727397856
0.9999998729891787
0.9999998735361049
0.9999998743794526
0.9999998755174044
0.9999998769474425
0.9999998786663543
0.9999998806702396
0.9999998829545201
0.9999998855139492
0.9999998883426264
0.9999998914340091
0.9999998947809289
0.9999998983756108
0.9999999022096878
0.9999999062742247
0.9999999105597369
0.9999999150562136
0.9999999197531414
0.9999999246395299
0.9999999297039373
0.9999999349344969
0.9999999403189452
0.9999999458446509
0.9999999514986456
0.9999999572676564
0.9999999631381359
0.9999999690962957
0.9999999751281383
0.9999999812194896
0.9999999873560333
0.9999999935233438
0.9999999997069211
1.0000000058922272
1.0000000120647190
1.0000000182098854
1.0000000243132787
1.0000000303605496
1.0000000363374810
1.0000000422300226
1.0000000480243241
1.0000000537067695
1.0000000592640073
1.0000000646829839
1.0000000699509730
1.0000000750556080
1.0000000799849098
1.0000000847273172
1.0000000892717131
1.0000000936074509
1.0000000977243801
1.0000001016128706
1.0000001052638336
1.0000001086687456
1.0000001118196693
1.0000001147092699
1.0000001173308344
1.0000001196782868
1.0000001217462018
1.0000001235298193
1.0000001250250536
1.0000001262285045
1.0000001271374648
1.0000001277499266
1.0000001280645860
1.0000001280808479
1.0000001277988271
1.0000001272193462
1.0000001263439340
1.0000001251748210
1.0000001237149336
1.0000001219678887
1.0000001199379833
