1.0001357659898948
1.0001340561999192
1.0001320270267091
1.0001296833322244
1.0001270307292158
1.0001240755678342
1.0001208249204796
1.0001172865649297
1.0001134689657818
1.0001093812542583
1.0001050332064223
1.0001004352198537
1.0000955982888386
1.0000905339781359
1.0000852543953793
1.0000797721621817
1.0000741003840119
1.0000682526189137
1.0000622428451418
1.0000560854277887
1.0000497950844898
1.0000433868502754
1.0000368760416696
1.0000302782201080
1.0000236091547683
1.0000168847849003
1.0000101211817443
1.0000033345101300
0.9999965409898461
0.9999897568568761
0.9999829983245889
0.9999762815449800
0.9999696225700536
0.9999630373134410
0.9999565415123441
0.9999501506898983
0.9999438801180400
0.9999377447809733
0.9999317593393202
0.9999259380950416
0.9999202949572148
0.9999148434087461
0.9999095964741005
0.9999045666881264
0.9998997660660505
0.9998952060747112
0.9998908976051066
0.9998868509463175
0.9998830757608717
0.9998795810616067
0.9998763751900880
0.9998734657966343
0.9998708598219970
0.9998685634807389
0.9998665822463566
0.9998649208381744
0.9998635832100452
0.9998625725408899
0.9998618912270879
0.9998615408767465
0.9998615223058612
0.9998618355363725
0.9998624797961249
0.9998634535207322
0.9998647543573423
0.9998663791702890
0.9998683240486210
0.9998705843154910
0.9998731545393759
0.9998760285471092
0.9998791994386874
0.9998826596038204
0.9998864007401798
0.9998904138733067
0.9998946893781283
0.9998992170020289
0.9999039858894243
0.9999089846077787
0.9999142011749992
0.9999196230881481
0.9999252373533938
0.9999310305171405
0.9999369886982509
0.9999430976212900
0.9999493426507089
0.9999557088258848
0.9999621808969382
0.9999687433612371
0.9999753805005002
0.9999820764184100
0.9999888150786489
0.9999955803432660
1.0000023560112807
1.0000091258574304
1.0000158736709757
1.0000225832944623
1.0000292386623497
1.0000358238394176
1.0000423230588540
1.0000487207599387
1.0000550016252276
1.0000611506171551
1.0000671530139562
1.0000729944448363
1.0000786609242966
1.0000841388855350
1.0000894152128450
1.0000944772729352
1.0000993129450917
1.0001039106501177
1.0001082593779740
1.0001123487140617
1.0001161688640816
1.0001197106774122
1.0001229656689492
1.0001259260393558
1.0001285846936780
1.0001309352582748
1.0001329720960326
1.0001346903198178
1.0001360858041428
1.0001371551950156
1.0001378959179485
1.0001383061841072
1.0001383849945862
1.0001381321428053
1.0001375482150083
1.0001366345888789
1.0001353934302670
1.0001338276880347
1.0001319410870353
1.0001297381192422
1.0001272240330461
1.0001244048207503
1.0001212872042891
1.0001178786192066
1.0001141871969332
1.0001102217453994
1.0001059917280366
1.0001015072412107
1.0000967789901427
1.0000918182633762
1.0000866369058481
1.0000812472906342
1.0000756622894251
1.0000698952418101
1.0000639599234447
1.0000578705131702
1.0000516415591658
1.0000452879442181
1.0000388248501837
1.0000322677217344
1.0000256322294676
1.0000189342324757
1.0000121897404572
1.0000054148754651
0.9999986258333777
0.9999918388451914
0.9999850701382226
0.9999783358973143
0.9999716522261358
0.9999650351086724
0.9999585003709980
0.9999520636434165
0.9999457403230703
0.9999395455370985
0.9999334941064369
0.9999276005103460
0.9999218788517522
0.9999163428234874
0.9999110056755044
0.9999058801831503
0.9999009786165683
0.9998963127113095
0.9998918936402217
0.9998877319866810
0.9998838377192342
0.9998802201677106
0.9998768880008619
0.9998738492055858
0.9998711110677772
0.9998686801548623
0.9998665623000498
0.9998647625883410
0.9998632853443337
0.9998621341218475
0.9998613116953936
0.9998608200535116
0.9998606603939921
0.9998608331209938
0.9998613378440601
0.9998621733790428
0.9998633377509258
0.9998648281985442
0.9998666411811877
0.9998687723870731
0.9998712167436612
0.9998739684297987
0.9998770208896522
0.9998803668484014
0.9998839983296552
0.9998879066745464
0.9998920825624613
0.9998965160333507
0.9999011965115724
0.9999061128312053
0.9999112532627770
0.9999166055413363
0.9999221568958055
0.9999278940795410
0.9999338034020296
0.9999398707616435
0.9999460816793749
0.9999524213334738
0.9999588745948976
0.9999654260634950
0.9999720601048308
0.9999787608875685
0.9999855124213179
0.9999922985948581
0.9999991032146470
1.0000059100435208
1.0000127028394905
1.0000194653945496
1.0000261815733924
1.0000328353519559
1.0000394108556878
1.0000458923974560
1.0000522645150032
1.0000585120078618
1.0000646199736376
1.0000705738435787
1.0000763594173436
1.0000819628968842
1.0000873709193654
1.0000925705890440
1.0000975495080280
1.0001022958058452
1.0001067981677527
1.0001110458617157
1.0001150287639951
1.0001187373832841
1.0001221628833310
1.0001252971040018
1.0001281325807236
1.0001306625622739
1.0001328810268659
1.0001347826964937
1.0001363630495033
1.0001376183313619
1.0001385455635967
1.0001391425508837
1.0001394078862698
1.0001393409545170
1.0001389419335547
1.0001382117940469
1.0001371522970686
1.0001357659898948
1.0001340561999192
1.0001320270267091
1.0001296833322244
