1.0000023278473911
1.0000022992316069
1.0000022651832650
1.0000022257846619
1.0000021811308430
1.0000021313293772
1.0000020765000981
1.0000020167748178
1.0000019522970123
1.0000018832214770
1.0000018097139576
1.0000017319507504
1.0000016501182838
1.0000015644126705
1.0000014750392385
1.0000013822120397
1.0000012861533401
1.0000011870930874
1.0000010852683596
1.0000009809227992
1.0000008743060302
1.0000007656730618
1.0000006552836784
1.0000005434018204
1.0000004302949521
1.0000003162334214
1.0000002014898142
1.0000000863383027
0.9999999710539916
0.9999998559122578
0.9999997411880932
0.9999996271554491
0.9999995140865797
0.9999994022513927
0.9999992919168033
0.9999991833460968
0.9999990767982997
0.9999989725275608
0.9999988707825446
0.9999987718058346
0.9999986758333570
0.9999985830938153
0.9999984938081456
0.9999984081889880
0.9999983264401788
0.9999982487562639
0.9999981753220341
0.9999981063120841
0.9999980418903948
0.9999979822099428
0.9999979274123360
0.9999978776274731
0.9999978329732351
0.9999977935552052
0.9999977594664158
0.9999977307871279
0.9999977075846402
0.9999976899131273
0.9999976778135131
0.9999976713133716
0.9999976704268638
0.9999976751547024
0.9999976854841516
0.9999977013890596
0.9999977228299217
0.9999977497539735
0.9999977820953211
0.9999978197750988
0.9999978627016581
0.9999979107707870
0.9999979638659601
0.9999980218586194
0.9999980846084816
0.9999981519638749
0.9999982237621017
0.9999982998298284
0.9999983799835036
0.9999984640297954
0.9999985517660556
0.9999986429808038
0.9999987374542341
0.9999988349587416
0.9999989352594691
0.9999990381148679
0.9999991432772767
0.9999992504935157
0.9999993595054925
0.9999994700508222
0.9999995818634528
0.9999996946743019
0.9999998082119014
0.9999999222030479
1.0000000363734571
1.0000001504484188
1.0000002641534562
1.0000003772149832
1.0000004893609606
1.0000006003215465
1.0000007098297419
1.0000008176220290
1.0000009234390037
1.0000010270259965
1.0000011281336822
1.0000012265186777
1.0000013219441215
1.0000014141802447
1.0000015030049179
1.0000015882041864
1.0000016695727809
1.0000017469146099
1.0000018200432281
1.0000018887822841
1.0000019529659423
1.0000020124392797
1.0000020670586580
1.0000021166920685
1.0000021612194478
1.0000022005329654
1.0000022345372814
1.0000022631497769
1.0000022863007514
1.0000023039335906
1.0000023160049014
1.0000023224846177
1.0000023233560718
1.0000023186160363
1.0000023082747322
1.0000022923558041
1.0000022708962633
1.0000022439464020
1.0000022115696741
1.0000021738425433
1.0000021308543015
1.0000020827068561
1.0000020295144858
1.0000019714035679
1.0000019085122775
1.0000018409902567
1.0000017689982581
1.0000016927077606
1.0000016123005586
1.0000015279683281
1.0000014399121711
1.0000013483421324
1.0000012534767013
1.0000011555422874
1.0000010547726803
1.0000009514084902
1.0000008456965725
1.0000007378894387
1.0000006282446516
1.0000005170242126
1.0000004044939330
1.0000002909228016
1.0000001765823392
1.0000000617459501
0.9999999466882684
0.9999998316844992
0.9999997170097641
0.9999996029384411
0.9999994897435095
0.9999993776958964
0.9999992670638310
0.9999991581122029
0.9999990511019283
0.9999989462893256
0.9999988439255019
0.9999987442557523
0.9999986475189732
0.9999985539470905
0.9999984637645054
0.9999983771875566
0.9999982944240043
0.9999982156725332
0.9999981411222766
0.9999980709523645
0.9999980053314931
0.9999979444175227
0.9999978883570985
0.9999978372852996
0.9999977913253162
0.9999977505881532
0.9999977151723642
0.9999976851638155
0.9999976606354809
0.9999976416472668
0.9999976282458672
0.9999976204646506
0.9999976183235803
0.9999976218291668
0.9999976309744512
0.9999976457390196
0.9999976660890523
0.9999976919774027
0.9999977233437090
0.9999977601145370
0.9999978022035566
0.9999978495117475
0.9999979019276342
0.9999979593275508
0.9999980215759374
0.9999980885256621
0.9999981600183706
0.9999982358848658
0.9999983159455086
0.9999984000106477
0.9999984878810747
0.9999985793484965
0.9999986741960312
0.9999987721987286
0.9999988731241021
0.9999989767326869
0.9999990827786088
0.9999991910101752
0.9999993011704714
0.9999994129979761
0.9999995262271849
0.9999996405892435
0.9999997558125886
0.9999998716235985
0.9999999877472449
1.0000001039077482
1.0000002198292361
1.0000003352364026
1.0000004498551645
1.0000005634133158
1.0000006756411779
1.0000007862722413
1.0000008950438022
1.0000010016975911
1.0000011059803884
1.0000012076446265
1.0000013064489819
1.0000014021589534
1.0000014945474176
1.0000015833951734
1.0000016684914648
1.0000017496344831
1.0000018266318489
1.0000018993010704
1.0000019674699785
1.0000020309771382
1.0000020896722326
1.0000021434164210
1.0000021920826703
1.0000022355560598
1.0000022737340539
1.0000023065267463
1.0000023338570716
1.0000023556609920
1.0000023718876496
1.0000023824994853
1.0000023874723292
1.0000023867954559
1.0000023804716116
1.0000023685170043
1.0000023509612685
1.0000023278473911
1.0000022992316069
1.0000022651832650
1.0000022257846619
