1.0000017799187846
1.0000017581044391
1.0000017321403980
1.0000017020894816
1.0000016680242469
1.0000016300268137
1.0000015881886672
1.0000015426104398
1.0000014934016717
1.0000014406805464
1.0000013845736104
1.0000013252154689
1.0000012627484638
1.0000011973223322
1.0000011290938506
1.0000010582264569
1.0000009848898606
1.0000009092596396
1.0000008315168181
1.0000007518474323
1.0000006704420892
1.0000005874955080
1.0000005032060548
1.0000004177752688
1.0000003314073809
1.0000002443088256
1.0000001566877474
1.0000000687535029
0.9999999807161619
0.9999998927860031
0.9999998051730129
0.9999997180863838
0.9999996317340144
0.9999995463220126
0.9999994620542023
0.9999993791316367
0.9999992977521170
0.9999992181097207
0.9999991403943386
0.9999990647912206
0.9999989914805332
0.9999989206369276
0.9999988524291253
0.9999987870195125
0.9999987245637564
0.9999986652104310
0.9999986091006613
0.9999985563677857
0.9999985071370407
0.9999984615252594
0.9999984196405937
0.9999983815822575
0.9999983474402898
0.9999983172953403
0.9999982912184757
0.9999982692710110
0.9999982515043623
0.9999982379599270
0.9999982286689830
0.9999982236526167
0.9999982229216713
0.9999982264767228
0.9999982343080793
0.9999982463958048
0.9999982627097688
0.9999982832097180
0.9999983078453727
0.9999983365565471
0.9999983692732947
0.9999984059160769
0.9999984463959551
0.9999984906148018
0.9999985384655360
0.9999985898323814
0.9999986445911440
0.9999987026095088
0.9999987637473569
0.9999988278571017
0.9999988947840429
0.9999989643667365
0.9999990364373826
0.9999991108222269
0.9999991873419763
0.9999992658122293
0.9999993460439170
0.9999994278437550
0.9999995110147056
0.9999995953564542
0.9999996806658875
0.9999997667375778
0.9999998533642771
0.9999999403374122
1.0000000274475842
1.0000001144850696
1.0000002012403226
1.0000002875044776
1.0000003730698495
1.0000004577304309
1.0000005412823842
1.0000006235245307
1.0000007042588328
1.0000007832908673
1.0000008604302910
1.0000009354912980
1.0000010082930626
1.0000010786601738
1.0000011464230552
1.0000012114183701
1.0000012734894148
1.0000013324864923
1.0000013882672720
1.0000014406971296
1.0000014896494693
1.0000015350060287
1.0000015766571604
1.0000016145020953
1.0000016484491856
1.0000016784161234
1.0000017043301410
1.0000017261281819
1.0000017437570534
1.0000017571735544
1.0000017663445779
1.0000017712471934
1.0000017718687002
1.0000017682066609
1.0000017602689051
1.0000017480735126
1.0000017316487704
1.0000017110331045
1.0000016862749901
1.0000016574328361
1.0000016245748453
1.0000015877788522
1.0000015471321351
1.0000015027312121
1.0000014546816065
1.0000014030975986
1.0000013481019518
1.0000012898256208
1.0000012284074358
1.0000011639937720
1.0000010967382007
1.0000010268011208
1.0000009543493777
1.0000008795558637
1.0000008025991056
1.0000007236628365
1.0000006429355590
1.0000005606100912
1.0000004768831099
1.0000003919546787
1.0000003060277705
1.0000002193077806
1.0000001320020377
1.0000000443193067
0.9999999564692903
0.9999998686621293
0.9999997811078988
0.9999996940161040
0.9999996075951827
0.9999995220520058
0.9999994375913814
0.9999993544155662
0.9999992727237801
0.9999991927117304
0.9999991145711452
0.9999990384893143
0.9999989646486409
0.9999988932262056
0.9999988243933419
0.9999987583152282
0.9999986951504894
0.9999986350508195
0.9999985781606178
0.9999985246166441
0.9999984745476916
0.9999984280742767
0.9999983853083518
0.9999983463530370
0.9999983113023713
0.9999982802410899
0.9999982532444205
0.9999982303779019
0.9999982116972272
0.9999981972481109
0.9999981870661780
0.9999981811768784
0.9999981795954243
0.9999981823267551
0.9999981893655242
0.9999982006961100
0.9999982162926530
0.9999982361191191
0.9999982601293829
0.9999982882673372
0.9999983204670264
0.9999983566528043
0.9999983967395129
0.9999984406326856
0.9999984882287732
0.9999985394153892
0.9999985940715783
0.9999986520681047
0.9999987132677598
0.9999987775256894
0.9999988446897395
0.9999989146008181
0.9999989870932767
0.9999990619953028
0.9999991391293318
0.9999992183124706
0.9999992993569329
0.9999993820704878
0.9999994662569184
0.9999995517164879
0.9999996382464185
0.9999997256413754
0.9999998136939557
0.9999999021951842
0.9999999909350109
1.0000000797028119
1.0000001682878927
1.0000002564799912
1.0000003440697793
1.0000004308493633
1.0000005166127777
1.0000006011564790
1.0000006842798308
1.0000007657855798
1.0000008454803291
1.0000009231749989
1.0000009986852783
1.0000010718320655
1.0000011424418944
1.0000012103473486
1.0000012753874599
1.0000013374080921
1.0000013962623100
1.0000014518107287
1.0000015039218464
1.0000015524723571
1.0000015973474452
1.0000016384410602
1.0000016756561683
1.0000017089049846
1.0000017381091826
1.0000017632000813
1.0000017841188065
1.0000018008164298
1.0000018132540867
1.0000018214030695
1.0000018252448928
1.0000018247713394
1.0000018199844796
1.0000018108966651
1.0000017975304998
1.0000017799187846
1.0000017581044391
1.0000017321403980
1.0000017020894816
