1.0000000930055692
1.0000000919303280
1.0000000906423312
1.0000000891447582
1.0000000874412838
1.0000000855360700
1.0000000834337552
1.0000000811394465
1.0000000786587049
1.0000000759975334
1.0000000731623606
1.0000000701600280
1.0000000669977724
1.0000000636832085
1.0000000602243093
1.0000000566293876
1.0000000529070776
1.0000000490663132
1.0000000451163065
1.0000000410665260
1.0000000369266724
1.0000000327066580
1.0000000284165829
1.0000000240667086
1.0000000196674357
1.0000000152292781
1.0000000107628380
1.0000000062787808
1.0000000017878081
0.9999999973006338
0.9999999928279574
0.9999999883804394
0.9999999839686756
0.9999999796031714
0.9999999752943154
0.9999999710523579
0.9999999668873840
0.9999999628092894
0.9999999588277586
0.9999999549522399
0.9999999511919231
0.9999999475557190
0.9999999440522371
0.9999999406897663
0.9999999374762524
0.9999999344192817
0.9999999315260608
0.9999999288034014
0.9999999262577042
0.9999999238949426
0.9999999217206488
0.9999999197399015
0.9999999179573122
0.9999999163770151
0.9999999150026567
0.9999999138373873
0.9999999128838540
0.9999999121441949
0.9999999116200334
0.9999999113124731
0.9999999112220990
0.9999999113489724
0.9999999116926328
0.9999999122520965
0.9999999130258612
0.9999999140119115
0.9999999152077211
0.9999999166102624
0.9999999182160095
0.9999999200209483
0.9999999220205864
0.9999999242099641
0.9999999265836657
0.9999999291358322
0.9999999318601782
0.9999999347500035
0.9999999377982125
0.9999999409973280
0.9999999443395116
0.9999999478165801
0.9999999514200273
0.9999999551410441
0.9999999589705406
0.9999999628991669
0.9999999669173347
0.9999999710152400
0.9999999751828890
0.9999999794101204
0.9999999836866307
0.9999999880019976
0.9999999923457070
0.9999999967071773
1.0000000010757852
1.0000000054408891
1.0000000097918571
1.0000000141180923
1.0000000184090574
1.0000000226543011
1.0000000268434817
1.0000000309663921
1.0000000350129858
1.0000000389733998
1.0000000428379792
1.0000000465972996
1.0000000502421893
1.0000000537637519
1.0000000571533869
1.0000000604028116
1.0000000635040809
1.0000000664496080
1.0000000692321798
1.0000000718449744
1.0000000742815787
1.0000000765360038
1.0000000786026988
1.0000000804765645
1.0000000821529642
1.0000000836277370
1.0000000848972082
1.0000000859581972
1.0000000868080254
1.0000000874445221
1.0000000878660291
1.0000000880714044
1.0000000880600266
1.0000000878317981
1.0000000873871413
1.0000000867270000
1.0000000858528373
1.0000000847666322
1.0000000834708751
1.0000000819685613
1.0000000802631841
1.0000000783587271
1.0000000762596530
1.0000000739708956
1.0000000714978448
1.0000000688463369
1.0000000660226396
1.0000000630334358
1.0000000598858085
1.0000000565872236
1.0000000531455140
1.0000000495688592
1.0000000458657659
1.0000000420450474
1.0000000381158036
1.0000000340873962
1.0000000299694305
1.0000000257717299
1.0000000215043128
1.0000000171773693
1.0000000128012374
1.0000000083863774
1.0000000039433476
0.9999999994827790
0.9999999950153482
0.9999999905517539
0.9999999861026906
0.9999999816788224
0.9999999772907577
0.9999999729490227
0.9999999686640388
0.9999999644460975
0.9999999603053341
0.9999999562517031
0.9999999522949574
0.9999999484446225
0.9999999447099729
0.9999999411000113
0.9999999376234469
0.9999999342886745
0.9999999311037556
0.9999999280763968
0.9999999252139313
0.9999999225233031
0.9999999200110488
0.9999999176832833
0.9999999155456848
0.9999999136034804
0.9999999118614357
0.9999999103238419
0.9999999089945050
0.9999999078767353
0.9999999069733401
0.9999999062866182
0.9999999058183537
0.9999999055698121
0.9999999055417375
0.9999999057343494
0.9999999061473429
0.9999999067798904
0.9999999076306417
0.9999999086977293
0.9999999099787695
0.9999999114708715
0.9999999131706422
0.9999999150741931
0.9999999171771501
0.9999999194746657
0.9999999219614294
0.9999999246316797
0.9999999274792178
0.9999999304974239
0.9999999336792721
0.9999999370173460
0.9999999405038574
0.9999999441306647
0.9999999478892927
0.9999999517709505
0.9999999557665552
0.9999999598667525
0.9999999640619380
0.9999999683422816
0.9999999726977492
0.9999999771181277
0.9999999815930489
0.9999999861120141
0.9999999906644210
0.9999999952395855
0.9999999998267686
1.0000000044152022
1.0000000089941163
1.0000000135527629
1.0000000180804416
1.0000000225665253
1.0000000270004841
1.0000000313719128
1.0000000356705538
1.0000000398863229
1.0000000440093317
1.0000000480299125
1.0000000519386405
1.0000000557263558
1.0000000593841851
1.0000000629035666
1.0000000662762665
1.0000000694944007
1.0000000725504516
1.0000000754372860
1.0000000781481726
1.0000000806767975
1.0000000830172806
1.0000000851641879
1.0000000871125450
1.0000000888578500
1.0000000903960820
1.0000000917237124
1.0000000928377144
1.0000000937355684
1.0000000944152676
1.0000000948753223
1.0000000951147643
1.0000000951331487
1.0000000949305556
1.0000000945075895
1.0000000938653779
1.0000000930055692
1.0000000919303280
1.0000000906423312
1.0000000891447582
