1.0004050790537500
1.0003999656296110
1.0003938986903673
1.0003868927414796
1.0003789645279715
1.0003701329946841
1.0003604192413023
1.0003498464722627
1.0003384399416584
1.0003262268932656
1.0003132364958354
1.0002994997737971
1.0002850495335378
1.0002699202854317
1.0002541481617939
1.0002377708309607
1.0002208274076896
1.0002033583600891
1.0001854054132999
1.0001670114501537
1.0001482204090424
1.0001290771792379
1.0001096274939092
1.0000899178210891
1.0000699952528491
1.0000499073929430
1.0000297022431885
1.0000094280888576
0.9999891333833456
0.9999688666323951
0.9999486762781485
0.9999286105833134
0.9999087175157061
0.9998890446334632
0.9998696389711880
0.9998505469273082
0.9998318141529206
0.9998134854423856
0.9997956046259361
0.9997782144645592
0.9997613565474119
0.9997450711920156
0.9997293973474687
0.9997143725009182
0.9997000325875149
0.9996864119040727
0.9996735430266452
0.9996614567322150
0.9996501819246940
0.9996397455654107
0.9996301726082554
0.9996214859396473
0.9996137063234675
0.9996068523510894
0.9996009403966363
0.9995959845775712
0.9995919967207199
0.9995889863338060
0.9995869605825742
0.9995859242735526
0.9995858798424994
0.9995868273485613
0.9995887644741579
0.9995916865305945
0.9995955864693860
0.9996004548992693
0.9996062801088555
0.9996130480948696
0.9996207425959102
0.9996293451316407
0.9996388350473213
0.9996491895635674
0.9996603838312152
0.9996723909911576
0.9996851822390046
0.9996987268944116
0.9997129924749019
0.9997279447740031
0.9997435479435093
0.9997597645796643
0.9997765558130572
0.9997938814020105
0.9998116998292356
0.9998299684015179
0.9998486433521901
0.9998676799461454
0.9998870325871360
0.9999066549270955
0.9999264999772246
0.9999465202205677
0.9999666677258136
0.9999868942620436
1.0000071514141542
1.0000273906986712
1.0000475636796879
1.0000676220846432
1.0000875179196611
1.0001072035841825
1.0001266319846143
1.0001457566467284
1.0001645318265362
1.0001829126193833
1.0002008550670050
1.0002183162622864
1.0002352544514852
1.0002516291336727
1.0002674011571597
1.0002825328126799
1.0002969879231136
1.0003107319295412
1.0003237319734295
1.0003359569747510
1.0003473777058549
1.0003579668609224
1.0003676991208426
1.0003765512133558
1.0003845019683271
1.0003915323680188
1.0003976255922473
1.0004027670583204
1.0004069444556587
1.0004101477750251
1.0004123693322904
1.0004136037866853
1.0004138481534888
1.0004131018111315
1.0004113665026919
1.0004086463317865
1.0004049477528603
1.0004002795559006
1.0003946528456091
1.0003880810150823
1.0003805797140586
1.0003721668118102
1.0003628623547605
1.0003526885189273
1.0003416695573024
1.0003298317422906
1.0003172033033378
1.0003038143599023
1.0002896968499178
1.0002748844539135
1.0002594125149749
1.0002433179547259
1.0002266391855352
1.0002094160191475
1.0001916895719534
1.0001735021671252
1.0001548972338445
1.0001359192038586
1.0001166134056119
1.0000970259562010
1.0000772036514047
1.0000571938540592
1.0000370443810338
1.0000168033890788
0.9999965192598181
0.9999762404841579
0.9999560155463900
0.9999358928082647
0.9999159203933088
0.9998961460716717
0.9998766171457690
0.9998573803370046
0.9998384816738387
0.9998199663814776
0.9998018787734447
0.9997842621452984
0.9997671586707561
0.9997506093004751
0.9997346536637325
0.9997193299732472
0.9997046749333722
0.9996907236518847
0.9996775095555887
0.9996650643099345
0.9996534177428512
0.9996425977729804
0.9996326303424846
0.9996235393546016
0.9996153466160864
0.9996080717846969
0.9996017323218386
0.9995963434504916
0.9995919181185242
0.9995884669674815
0.9995859983069254
0.9995845180943896
0.9995840299210010
0.9995845350028010
0.9995860321777875
0.9995885179086861
0.9995919862914455
0.9995964290694327
0.9996018356532936
0.9996081931464320
0.9996154863760423
0.9996236979296201
0.9996328081968648
0.9996427954168627
0.9996536357304426
0.9996653032375692
0.9996777700596389
0.9996910064065201
0.9997049806481756
0.9997196593906931
0.9997350075565337
0.9997509884688069
0.9997675639393681
0.9997846943605121
0.9998023388000518
0.9998204550995432
0.9998389999754235
0.9998579291228096
0.9998771973217132
0.9998967585454098
0.9999165660707015
0.9999365725898077
0.9999567303236144
0.9999769911360076
0.9999973066490170
1.0000176283584932
1.0000379077500428
1.0000580964149421
1.0000781461657562
1.0000980091513823
1.0001176379712451
1.0001369857883777
1.0001560064411106
1.0001746545531127
1.0001928856415185
1.0002106562228879
1.0002279239167482
1.0002446475464748
1.0002607872372722
1.0002763045110250
1.0002911623777986
1.0003053254237722
1.0003187598954006
1.0003314337796065
1.0003433168798155
1.0003543808876567
1.0003645994501644
1.0003739482323233
1.0003824049748078
1.0003899495467854
1.0003965639936609
1.0004022325796516
1.0004069418250909
1.0004106805383777
1.0004134398424951
1.0004152131960391
1.0004159964087054
1.0004157876512030
1.0004145874595682
1.0004123987338720
1.0004092267313172
1.0004050790537500
1.0003999656296110
1.0003938986903673
1.0003868927414796
