1.0000000186378886
1.0000000184362126
1.0000000181927742
1.0000000179081880
1.0000000175831656
1.0000000172185124
1.0000000168151288
1.0000000163740059
1.0000000158962237
1.0000000153829478
1.0000000148354278
1.0000000142549941
1.0000000136430534
1.0000000130010860
1.0000000123306432
1.0000000116333423
1.0000000109108635
1.0000000101649458
1.0000000093973822
1.0000000086100158
1.0000000078047362
1.0000000069834731
1.0000000061481937
1.0000000053008982
1.0000000044436137
1.0000000035783878
1.0000000027072853
1.0000000018323842
1.0000000009557701
1.0000000000795304
0.9999999992057493
0.9999999983365057
0.9999999974738659
0.9999999966198780
0.9999999957765676
0.9999999949459335
0.9999999941299429
0.9999999933305261
0.9999999925495727
0.9999999917889277
0.9999999910503851
0.9999999903356849
0.9999999896465092
0.9999999889844772
0.9999999883511427
0.9999999877479888
0.9999999871764256
0.9999999866377852
0.9999999861333199
0.9999999856641981
0.9999999852315017
0.9999999848362253
0.9999999844792734
0.9999999841614570
0.9999999838834935
0.9999999836460036
0.9999999834495092
0.9999999832944338
0.9999999831810999
0.9999999831097300
0.9999999830804456
0.9999999830932655
0.9999999831481071
0.9999999832447870
0.9999999833830199
0.9999999835624197
0.9999999837825015
0.9999999840426835
0.9999999843422869
0.9999999846805372
0.9999999850565676
0.9999999854694195
0.9999999859180481
0.9999999864013205
0.9999999869180195
0.9999999874668474
0.9999999880464303
0.9999999886553196
0.9999999892919966
0.9999999899548756
0.9999999906423083
0.9999999913525864
0.9999999920839492
0.9999999928345845
0.9999999936026333
0.9999999943861937
0.9999999951833259
0.9999999959920584
0.9999999968103925
0.9999999976363078
0.9999999984677642
0.9999999993027081
1.0000000001390790
1.0000000009748131
1.0000000018078481
1.0000000026361286
1.0000000034576106
1.0000000042702668
1.0000000050720899
1.0000000058610998
1.0000000066353480
1.0000000073929225
1.0000000081319498
1.0000000088506016
1.0000000095470989
1.0000000102197160
1.0000000108667837
1.0000000114866954
1.0000000120779098
1.0000000126389559
1.0000000131684363
1.0000000136650307
1.0000000141274958
1.0000000145546719
1.0000000149454844
1.0000000152989461
1.0000000156141606
1.0000000158903242
1.0000000161267280
1.0000000163227591
1.0000000164779019
1.0000000165917400
1.0000000166639567
1.0000000166943366
1.0000000166827649
1.0000000166292293
1.0000000165338168
1.0000000163967173
1.0000000162182219
1.0000000159987203
1.0000000157387026
1.0000000154387558
1.0000000150995643
1.0000000147219077
1.0000000143066594
1.0000000138547835
1.0000000133673339
1.0000000128454511
1.0000000122903590
1.0000000117033623
1.0000000110858434
1.0000000104392601
1.0000000097651403
1.0000000090650796
1.0000000083407370
1.0000000075938320
1.0000000068261390
1.0000000060394836
1.0000000052357367
1.0000000044168136
1.0000000035846666
1.0000000027412821
1.0000000018886746
1.0000000010288816
1.0000000001639604
0.9999999992959816
0.9999999984270257
0.9999999975591761
0.9999999966945153
0.9999999958351200
0.9999999949830575
0.9999999941403781
0.9999999933091100
0.9999999924912550
0.9999999916887853
0.9999999909036377
0.9999999901377096
0.9999999893928544
0.9999999886708761
0.9999999879735252
0.9999999873024944
0.9999999866594154
0.9999999860458529
0.9999999854633038
0.9999999849131928
0.9999999843968687
0.9999999839156012
0.9999999834705779
0.9999999830629009
0.9999999826935841
0.9999999823635506
0.9999999820736307
0.9999999818245597
0.9999999816169766
0.9999999814514213
0.9999999813283365
0.9999999812480633
0.9999999812108415
0.9999999812168097
0.9999999812660042
0.9999999813583587
0.9999999814937054
0.9999999816717745
0.9999999818921949
0.9999999821544945
0.9999999824581031
0.9999999828023510
0.9999999831864723
0.9999999836096060
0.9999999840708002
0.9999999845690127
0.9999999851031135
0.9999999856718857
0.9999999862740315
0.9999999869081734
0.9999999875728584
0.9999999882665607
0.9999999889876858
0.9999999897345736
0.9999999905055018
0.9999999912986914
0.9999999921123096
0.9999999929444753
0.9999999937932638
0.9999999946567122
0.9999999955328220
0.9999999964195637
0.9999999973148828
0.9999999982167049
0.9999999991229402
1.0000000000314877
1.0000000009402412
1.0000000018470938
1.0000000027499427
1.0000000036466936
1.0000000045352671
1.0000000054136033
1.0000000062796657
1.0000000071314477
1.0000000079669771
1.0000000087843188
1.0000000095815815
1.0000000103569200
1.0000000111085421
1.0000000118347117
1.0000000125337525
1.0000000132040514
1.0000000138440630
1.0000000144523142
1.0000000150274078
1.0000000155680244
1.0000000160729265
1.0000000165409610
1.0000000169710628
1.0000000173622563
1.0000000177136570
1.0000000180244759
1.0000000182940201
1.0000000185216937
1.0000000187070002
1.0000000188495410
1.0000000189490212
1.0000000190052467
1.0000000190181255
1.0000000189876672
1.0000000189139822
1.0000000187972842
1.0000000186378886
1.0000000184362126
1.0000000181927742
1.0000000179081880
