1.0000000000849272
1.0000000000846165
1.0000000000841578
1.0000000000835525
1.0000000000828013
1.0000000000819060
1.0000000000808704
1.0000000000796987
1.0000000000783944
1.0000000000769609
1.0000000000754024
1.0000000000737224
1.0000000000719256
1.0000000000700171
1.0000000000680020
1.0000000000658857
1.0000000000636728
1.0000000000613691
1.0000000000589806
1.0000000000565124
1.0000000000539704
1.0000000000513605
1.0000000000486895
1.0000000000459646
1.0000000000431930
1.0000000000403808
1.0000000000375355
1.0000000000346634
1.0000000000317713
1.0000000000288665
1.0000000000259563
1.0000000000230465
1.0000000000201430
1.0000000000172522
1.0000000000143796
1.0000000000115321
1.0000000000087161
1.0000000000059379
1.0000000000032039
1.0000000000005211
0.9999999999978938
0.9999999999953284
0.9999999999928313
0.9999999999904092
0.9999999999880679
0.9999999999858133
0.9999999999836504
0.9999999999815828
0.9999999999796141
0.9999999999777469
0.9999999999759849
0.9999999999743308
0.9999999999727875
0.9999999999713579
0.9999999999700441
0.9999999999688481
0.9999999999677721
0.9999999999668174
0.9999999999659868
0.9999999999652812
0.9999999999647019
0.9999999999642486
0.9999999999639211
0.9999999999637191
0.9999999999636424
0.9999999999636908
0.9999999999638632
0.9999999999641578
0.9999999999645716
0.9999999999651010
0.9999999999657427
0.9999999999664945
0.9999999999673531
0.9999999999683149
0.9999999999693762
0.9999999999705321
0.9999999999717787
0.9999999999731124
0.9999999999745294
0.9999999999760247
0.9999999999775943
0.9999999999792322
0.9999999999809328
0.9999999999826907
0.9999999999845008
0.9999999999863580
0.9999999999882568
0.9999999999901921
0.9999999999921578
0.9999999999941470
0.9999999999961537
0.9999999999981710
1.0000000000001921
1.0000000000022109
1.0000000000042202
1.0000000000062137
1.0000000000081861
1.0000000000101317
1.0000000000120439
1.0000000000139182
1.0000000000157485
1.0000000000175293
1.0000000000192548
1.0000000000209202
1.0000000000225209
1.0000000000240521
1.0000000000255085
1.0000000000268867
1.0000000000281823
1.0000000000293923
1.0000000000305129
1.0000000000315410
1.0000000000324729
1.0000000000333056
1.0000000000340361
1.0000000000346612
1.0000000000351785
1.0000000000355871
1.0000000000358862
1.0000000000360738
1.0000000000361475
1.0000000000361067
1.0000000000359495
1.0000000000356761
1.0000000000352860
1.0000000000347793
1.0000000000341567
1.0000000000334197
1.0000000000325704
1.0000000000316100
1.0000000000305398
1.0000000000293605
1.0000000000280738
1.0000000000266818
1.0000000000251879
1.0000000000235953
1.0000000000219085
1.0000000000201308
1.0000000000182645
1.0000000000163125
1.0000000000142790
1.0000000000121694
1.0000000000099882
1.0000000000077400
1.0000000000054297
1.0000000000030624
1.0000000000006446
0.9999999999981819
0.9999999999956812
0.9999999999931485
0.9999999999905894
0.9999999999880107
0.9999999999854180
0.9999999999828163
0.9999999999802118
0.9999999999776109
0.9999999999750212
0.9999999999724489
0.9999999999699013
0.9999999999673849
0.9999999999649042
0.9999999999624636
0.9999999999600681
0.9999999999577235
0.9999999999554353
0.9999999999532099
0.9999999999510532
0.9999999999489719
0.9999999999469724
0.9999999999450613
0.9999999999432443
0.9999999999415251
0.9999999999399073
0.9999999999383947
0.9999999999369914
0.9999999999357012
0.9999999999345283
0.9999999999334758
0.9999999999325468
0.9999999999317444
0.9999999999310722
0.9999999999305326
0.9999999999301274
0.9999999999298579
0.9999999999297244
0.9999999999297284
0.9999999999298729
0.9999999999301592
0.9999999999305879
0.9999999999311596
0.9999999999318744
0.9999999999327308
0.9999999999337276
0.9999999999348635
0.9999999999361373
0.9999999999375463
0.9999999999390879
0.9999999999407603
0.9999999999425612
0.9999999999444876
0.9999999999465364
0.9999999999487039
0.9999999999509850
0.9999999999533751
0.9999999999558706
0.9999999999584678
0.9999999999611628
0.9999999999639499
0.9999999999668251
0.9999999999697822
0.9999999999728156
0.9999999999759198
0.9999999999790894
0.9999999999823179
0.9999999999855989
0.9999999999889264
0.9999999999922936
0.9999999999956928
0.9999999999991175
1.0000000000025613
1.0000000000060181
1.0000000000094811
1.0000000000129428
1.0000000000163962
1.0000000000198344
1.0000000000232496
1.0000000000266360
1.0000000000299853
1.0000000000332905
1.0000000000365445
1.0000000000397409
1.0000000000428733
1.0000000000459346
1.0000000000489189
1.0000000000518192
1.0000000000546305
1.0000000000573470
1.0000000000599645
1.0000000000624776
1.0000000000648812
1.0000000000671709
1.0000000000693416
1.0000000000713880
1.0000000000733056
1.0000000000750906
1.0000000000767382
1.0000000000782456
1.0000000000796097
1.0000000000808273
1.0000000000818958
1.0000000000828131
1.0000000000835776
1.0000000000841882
1.0000000000846445
1.0000000000849461
1.0000000000850928
1.0000000000850864
1.0000000000849272
1.0000000000846165
1.0000000000841578
1.0000000000835525
