1.0000000000156242
1.0000000000156666
1.0000000000156921
1.0000000000157006
1.0000000000156901
1.0000000000156595
1.0000000000156073
1.0000000000155325
1.0000000000154352
1.0000000000153164
1.0000000000151779
1.0000000000150198
1.0000000000148421
1.0000000000146461
1.0000000000144338
1.0000000000142060
1.0000000000139631
1.0000000000137046
1.0000000000134308
1.0000000000131419
1.0000000000128384
1.0000000000125207
1.0000000000121902
1.0000000000118476
1.0000000000114933
1.0000000000111273
1.0000000000107501
1.0000000000103619
1.0000000000099651
1.0000000000095619
1.0000000000091531
1.0000000000087388
1.0000000000083193
1.0000000000078955
1.0000000000074685
1.0000000000070410
1.0000000000066145
1.0000000000061888
1.0000000000057649
1.0000000000053435
1.0000000000049254
1.0000000000045133
1.0000000000041092
1.0000000000037135
1.0000000000033271
1.0000000000029516
1.0000000000025879
1.0000000000022367
1.0000000000018980
1.0000000000015696
1.0000000000012506
1.0000000000009419
1.0000000000006442
1.0000000000003579
1.0000000000000842
0.9999999999998248
0.9999999999995817
0.9999999999993561
0.9999999999991479
0.9999999999989572
0.9999999999987842
0.9999999999986284
0.9999999999984892
0.9999999999983669
0.9999999999982611
0.9999999999981708
0.9999999999980963
0.9999999999980375
0.9999999999979946
0.9999999999979666
0.9999999999979535
0.9999999999979549
0.9999999999979705
0.9999999999979998
0.9999999999980419
0.9999999999980964
0.9999999999981628
0.9999999999982413
0.9999999999983323
0.9999999999984354
0.9999999999985502
0.9999999999986753
0.9999999999988101
0.9999999999989527
0.9999999999991017
0.9999999999992570
0.9999999999994182
0.9999999999995850
0.9999999999997571
0.9999999999999329
1.0000000000001130
1.0000000000002960
1.0000000000004812
1.0000000000006690
1.0000000000008591
1.0000000000010509
1.0000000000012437
1.0000000000014360
1.0000000000016263
1.0000000000018132
1.0000000000019962
1.0000000000021745
1.0000000000023468
1.0000000000025118
1.0000000000026676
1.0000000000028137
1.0000000000029501
1.0000000000030780
1.0000000000031979
1.0000000000033096
1.0000000000034122
1.0000000000035052
1.0000000000035878
1.0000000000036597
1.0000000000037208
1.0000000000037701
1.0000000000038087
1.0000000000038352
1.0000000000038491
1.0000000000038507
1.0000000000038405
1.0000000000038187
1.0000000000037852
1.0000000000037403
1.0000000000036835
1.0000000000036147
1.0000000000035336
1.0000000000034397
1.0000000000033322
1.0000000000032101
1.0000000000030735
1.0000000000029232
1.0000000000027602
1.0000000000025859
1.0000000000024007
1.0000000000022045
1.0000000000019973
1.0000000000017792
1.0000000000015519
1.0000000000013161
1.0000000000010725
1.0000000000008220
1.0000000000005651
1.0000000000003031
1.0000000000000360
0.9999999999997631
0.9999999999994836
0.9999999999991984
0.9999999999989084
0.9999999999986151
0.9999999999983197
0.9999999999980231
0.9999999999977274
0.9999999999974327
0.9999999999971403
0.9999999999968519
0.9999999999965677
0.9999999999962884
0.9999999999960136
0.9999999999957433
0.9999999999954783
0.9999999999952184
0.9999999999949629
0.9999999999947123
0.9999999999944674
0.9999999999942302
0.9999999999940010
0.9999999999937819
0.9999999999935740
0.9999999999933780
0.9999999999931932
0.9999999999930210
0.9999999999928618
0.9999999999927155
0.9999999999925825
0.9999999999924628
0.9999999999923574
0.9999999999922676
0.9999999999921938
0.9999999999921360
0.9999999999920943
0.9999999999920690
0.9999999999920602
0.9999999999920691
0.9999999999920965
0.9999999999921422
0.9999999999922061
0.9999999999922886
0.9999999999923906
0.9999999999925124
0.9999999999926524
0.9999999999928098
0.9999999999929829
0.9999999999931724
0.9999999999933773
0.9999999999935976
0.9999999999938330
0.9999999999940830
0.9999999999943475
0.9999999999946269
0.9999999999949206
0.9999999999952287
0.9999999999955507
0.9999999999958861
0.9999999999962327
0.9999999999965899
0.9999999999969568
0.9999999999973326
0.9999999999977178
0.9999999999981126
0.9999999999985175
0.9999999999989327
0.9999999999993577
0.9999999999997917
1.0000000000002343
1.0000000000006839
1.0000000000011404
1.0000000000016045
1.0000000000020752
1.0000000000025520
1.0000000000030331
1.0000000000035176
1.0000000000040041
1.0000000000044915
1.0000000000049778
1.0000000000054630
1.0000000000059472
1.0000000000064304
1.0000000000069111
1.0000000000073874
1.0000000000078586
1.0000000000083231
1.0000000000087801
1.0000000000092286
1.0000000000096669
1.0000000000100933
1.0000000000105076
1.0000000000109108
1.0000000000113023
1.0000000000116813
1.0000000000120466
1.0000000000123974
1.0000000000127327
1.0000000000130513
1.0000000000133522
1.0000000000136353
1.0000000000139020
1.0000000000141522
1.0000000000143852
1.0000000000146001
1.0000000000147959
1.0000000000149727
1.0000000000151308
1.0000000000152693
1.0000000000153875
1.0000000000154854
1.0000000000155640
1.0000000000156242
1.0000000000156666
1.0000000000156921
1.0000000000157006
