1.0487863848008763
1.0482022612107322
1.0475089013337189
1.0467076122581482
1.0457999096471291
1.0447875171819143
1.0436723658854390
1.0424565933092742
1.0411425425651852
1.0397327611804508
1.0382299997541016
1.0366372103892687
1.0349575448749084
1.0331943525883225
1.0313511780881250
1.0294317583656405
1.0274400197212199
1.0253800742305950
1.0232562157652463
1.0210729155298655
1.0188348170793498
1.0165467307774949
1.0142136276596188
1.0118406326618596
1.0094330171808812
1.0069961909292333
1.0045356930537099
1.0020571824867928
0.9995664275046829
0.9970692944695708
0.9945717357386954
0.9920797767284644
0.9895995021284076
0.9871370412670625
0.9846985526400225
0.9822902076192920
0.9799181733727125
0.9775885950325136
0.9753075771628954
0.9730811645878318
0.9709153226518799
0.9688159169984980
0.9667886929620421
0.9648392546809997
0.9629730440509183
0.9611953196456328
0.9595111357445555
0.9579253216116994
0.9564424611785234
0.9550668732873769
0.9538025926550555
0.9526533517166114
0.9516225635078889
0.9507133057412316
0.9499283062223415
0.9492699297473840
0.9487401666081964
0.9483406228199665
0.9480725121702286
0.9479366501706745
0.9479334499744256
0.9480629203013616
0.9483246653932593
0.9487178869992169
0.9492413883705590
0.9498935802235448
0.9506724886081065
0.9515757646019383
0.9526006957318254
0.9537442190084972
0.9550029354477072
0.9563731259388983
0.9578507683138143
0.9594315554608561
0.9611109143268336
0.9628840256459983
0.9647458442367676
0.9666911197091981
0.9687144174308713
0.9708101396052025
0.9729725463240170
0.9751957764653629
0.9774738683176322
0.9798007798219259
0.9821704083359807
0.9845766098346246
0.9870132174734538
0.9894740594540312
0.9919529761401974
0.9944438363859760
0.9969405530458499
0.9994370976478520
1.0019275142188631
1.0044059322596639
1.0068665788746587
1.0093037900677306
1.0117120212214381
1.0140858567816891
1.0164200191742301
1.0187093769827271
1.0209489524209725
1.0231339281338978
1.0252596533636031
1.0273216495176256
1.0293156151771921
1.0312374305833032
1.0330831616382221
1.0348490634593219
1.0365315835213629
1.0381273644221227
1.0396332463049707
1.0410462689704516
1.0423636737073070
1.0435829048715983
1.0447016112407326
1.0457176471672864
1.0466290735555563
1.0474341586817542
1.0481313788767479
1.0487194190882028
1.0491971733369390
1.0495637450802651
1.0498184474930050
1.0499608036748918
1.0499905467909669
1.0499076201495869
1.0497121772206035
1.0494045815942683
1.0489854068793751
1.0484554365371259
1.0478156636451774
1.0470672905842839
1.0462117286379180
1.0452505974931954
1.0441857246293902
1.0430191445782750
1.0417530980384757
1.0403900308239906
1.0389325926250172
1.0373836355572215
1.0357462124736543
1.0340235750116231
1.0322191713450086
1.0303366436108032
1.0283798249770550
1.0263527363179550
1.0242595824605625
1.0221047479666208
1.0198927924121490
1.0176284451270319
1.0153165993567148
1.0129623058084032
1.0105707655449061
1.0081473221905060
1.0056974534150549
1.0032267616648953
1.0007409641123013
0.9982458817989012
0.9957474279530885
0.9932515954667297
0.9907644435226024
0.9882920833709222
0.9858406632610657
0.9834163525431294
0.9810253249632532
0.9786737411866260
0.9763677305926801
0.9741133723980819
0.9719166761746136
0.9697835618407126
0.9677198392171863
0.9657311872491797
0.9638231330076593
0.9620010305942372
0.9602700400828508
0.9586351066403870
0.9571009399755260
0.9556719942706617
0.9543524487554806
0.9531461890824813
0.9520567896641837
0.9510874971289328
0.9502412150469276
0.9495204900704016
0.9489274996217808
0.9484640412512235
0.9481315237703926
0.9479309602527944
0.9478629629728592
0.9479277403364006
0.9481250958345618
0.9484544290322278
0.9489147385805184
0.9495046272218303
0.9502223087353443
0.9510656167513585
0.9520320153445846
0.9531186112999951
0.9543221679301909
0.9556391203107786
0.9570655917900807
0.9585974116217240
0.9602301335633193
0.9619590552815298
0.9637792384032289
0.9656855290540950
0.9676725787296540
0.9697348653493149
0.9718667143510962
0.9740623196932755
0.9763157646388496
0.9786210422092454
0.9809720752048839
0.9833627357017664
0.9857868639449756
0.9882382865716876
0.9907108341077704
0.9931983576931566
0.9956947450017931
0.9981939353319667
1.0006899338521231
1.0031768249958433
1.0056487850074121
1.0081000936463715
1.0105251450655874
1.0129184578826897
1.0152746844693024
1.0175886194862827
1.0198552076962872
1.0220695510874125
1.0242269153434824
1.0263227356978200
1.0283526222080885
1.0303123644900951
1.0321979359483442
1.0340054975406769
1.0357314011135641
1.0373721923436019
1.0389246133195060
1.0403856047974707
1.0417523081611626
1.0430220671159145
1.0441924291448665
1.0452611467529136
1.0462261785223750
1.0470856900023156
1.0478380544514283
1.0484818534523543
1.0490158774132701
1.0494391259705265
1.0497508083040781
1.0499503433753918
1.0500373600954882
1.0500116974287277
1.0498734044359266
1.0496227402583660
1.0492601740422145
1.0487863848008763
1.0482022612107322
1.0475089013337189
1.0467076122581482
