1.0024035530391204
1.0023732012990769
1.0023371986065335
1.0022956301605763
1.0022485943292281
1.0021962024246134
1.0021385784483319
1.0020758588075342
1.0020081920022661
1.0019357382847009
1.0018586692909461
1.0017771676461558
1.0016914265437546
1.0016016492996282
1.0015080488821935
1.0014108474193228
1.0013102756831489
1.0012065725538277
1.0010999844634036
1.0009907648209562
1.0008791734202684
1.0007654758313074
1.0006499427768467
1.0005328494956176
1.0004144750934043
1.0002951018835531
1.0001750147183863
1.0000545003130716
0.9999338465635054
0.9998133418598067
0.9996932743970484
0.9995739314848695
0.9994555988576287
0.9993385599867752
0.9992230953971252
0.9991094819887296
0.9989979923660294
0.9988888941759859
0.9987824494568618
0.9986789139993200
0.9985785367214898
0.9984815590596170
0.9983882143758979
0.9982987273850523
0.9982133136011652
0.9981321788062631
0.9980555185420642
0.9979835176262646
0.9979163496946827
0.9978541767705121
0.9977971488618644
0.9977454035887093
0.9976990658402544
0.9976582474637069
0.9976230469852930
0.9975935493643155
0.9975698257809364
0.9975519334582850
0.9975399155193929
0.9975338008793594
0.9975336041730550
0.9975393257185641
0.9975509515164698
0.9975684532849889
0.9975917885308528
0.9976209006557358
0.9976557190979246
0.9976961595088344
0.9977421239638746
0.9977935012070641
0.9978501669287158
0.9979119840754073
0.9979788031913736
0.9980504627903759
0.9981267897570146
0.9982075997763747
0.9982926977908321
0.9983818784827623
0.9984749267818492
0.9985716183956139
0.9986717203617437
0.9987749916207391
0.9988811836073705
0.9989900408593740
0.9991013016418018
0.9992146985853987
0.9993299593373651
0.9994468072228369
0.9995649619154037
0.9996841401149825
0.9998040562313508
0.9999244230716495
1.0000449525301673
1.0001653562787343
1.0002853464560604
1.0004046363543690
1.0005229411017100
1.0006399783383484
1.0007554688856588
1.0008691374059928
1.0009807130520116
1.0010899301040217
1.0011965285938840
1.0013002549141252
1.0014008624109043
1.0014981119595494
1.0015917725214241
1.0016816216809339
1.0017674461615351
1.0018490423196607
1.0019262166155372
1.0019987860599142
1.0020665786357932
1.0021294336942947
1.0021872023238623
1.0022397476920615
1.0022869453592904
1.0023286835637766
1.0023648634772966
1.0023953994311154
1.0024202191117042
1.0024392637258519
1.0024524881348480
1.0024598609574806
1.0024613646416449
1.0024569955044249
1.0024467637405683
1.0024306933993461
1.0024088223298326
1.0023812020947165
1.0023478978528078
1.0023089882104692
1.0022645650422606
1.0022147332811475
1.0021596106786823
1.0020993275356285
1.0020340264035621
1.0019638617580391
1.0018889996439817
1.0018096172939925
1.0017259027203711
1.0016380542816552
1.0015462802245756
1.0014507982023695
1.0013518347704473
1.0012496248604743
1.0011444112339709
1.0010364439165946
1.0009259796143173
1.0008132811127612
1.0006986166610079
1.0005822593412310
1.0004644864255654
1.0003455787216440
1.0002258199082954
1.0001054958629161
0.9999848939820715
0.9998643024969119
0.9997440097850109
0.9996243036802610
0.9995054707824804
0.9993877957684024
0.9992715607057280
0.9991570443719302
0.9990445215795036
0.9989342625093506
0.9988265320539859
0.9987215891722334
0.9986196862570756
0.9985210685182868
0.9984259733814594
0.9983346299050037
0.9982472582166635
0.9981640689710480
0.9980852628296301
0.9980110299646116
0.9979415495880060
0.9978769895072166
0.9978175057083315
0.9977632419682805
0.9977143294969266
0.9976708866100866
0.9976330184343888
0.9976008166447977
0.9975743592355389
0.9975537103250691
0.9975389199956407
0.9975300241679121
0.9975270445109630
0.9975299883879636
0.9975388488376573
0.9975536045917053
0.9975742201278449
0.9976006457587139
0.9976328177560854
0.9976706585101608
0.9977140767234772
0.9977629676388764
0.9978172133008976
0.9978766828498594
0.9979412328478124
0.9980107076354484
0.9980849397189806
0.9981637501859187
0.9982469491485991
0.9983343362142544
0.9984257009803392
0.9985208235537696
0.9986194750926777
0.9987214183692297
0.9988264083520094
0.9989341928064246
0.9990445129115583
0.9991571038918610
0.9992716956620499
0.9993880134835542
0.9995057786308327
0.9996247090658850
0.9997445201192641
0.9998649251758979
0.9999856363640308
1.0001063652456028
1.0002268235063960
1.0003467236442929
1.0004657796540162
1.0005837077067334
1.0007002268229448
1.0008150595371019
1.0009279325524316
1.0010385773844852
1.0011467309919666
1.0012521363934377
1.0013545432685400
1.0014537085424253
1.0015493969521201
1.0016413815936140
1.0017294444485112
1.0018133768891337
1.0018929801610155
1.0019680658417913
1.0020384562755325
1.0021039849816391
1.0021644970374648
1.0022198494338965
1.0022699114031806
1.0023145647183398
1.0023537039635888
1.0023872367752122
1.0024150840524353
1.0024371801378731
1.0024534729672077
1.0024639241878017
1.0024685092460204
1.0024672174430842
1.0024600519593561
1.0024470298470136
1.0024281819911114
1.0024035530391204
1.0023732012990769
1.0023371986065335
1.0022956301605763
