1.0000000174487893
1.0000000172606636
1.0000000170334842
1.0000000167678249
1.0000000164643510
1.0000000161238149
1.0000000157470574
1.0000000153350037
1.0000000148886627
1.0000000144091252
1.0000000138975593
1.0000000133552085
1.0000000127833886
1.0000000121834829
1.0000000115569414
1.0000000109052760
1.0000000102300577
1.0000000095329113
1.0000000088155114
1.0000000080795810
1.0000000073268853
1.0000000065592278
1.0000000057784468
1.0000000049864115
1.0000000041850166
1.0000000033761769
1.0000000025618228
1.0000000017438961
1.0000000009243455
1.0000000001051241
0.9999999992881826
0.9999999984754637
0.9999999976688979
0.9999999968704005
0.9999999960818652
0.9999999953051615
0.9999999945421292
0.9999999937945737
0.9999999930642622
0.9999999923529188
0.9999999916622209
0.9999999909937953
0.9999999903492134
0.9999999897299885
0.9999999891375728
0.9999999885733526
0.9999999880386454
0.9999999875346955
0.9999999870626733
0.9999999866236724
0.9999999862187064
0.9999999858487056
0.9999999855145151
0.9999999852168939
0.9999999849565134
0.9999999847339537
0.9999999845497037
0.9999999844041593
0.9999999842976229
0.9999999842303030
0.9999999842023137
0.9999999842136740
0.9999999842643077
0.9999999843540437
0.9999999844826167
0.9999999846496660
0.9999999848547401
0.9999999850972943
0.9999999853766941
0.9999999856922148
0.9999999860430453
0.9999999864282896
0.9999999868469706
0.9999999872980292
0.9999999877803294
0.9999999882926589
0.9999999888337343
0.9999999894022035
0.9999999899966471
0.9999999906155839
0.9999999912574725
0.9999999919207166
0.9999999926036696
0.9999999933046364
0.9999999940218793
0.9999999947536223
0.9999999954980542
0.9999999962533325
0.9999999970175887
0.9999999977889330
0.9999999985654584
0.9999999993452465
1.0000000001263711
1.0000000009069028
1.0000000016849135
1.0000000024584808
1.0000000032256928
1.0000000039846537
1.0000000047334887
1.0000000054703475
1.0000000061934082
1.0000000069008825
1.0000000075910207
1.0000000082621141
1.0000000089125010
1.0000000095405694
1.0000000101447624
1.0000000107235798
1.0000000112755822
1.0000000117993957
1.0000000122937138
1.0000000127573017
1.0000000131889983
1.0000000135877196
1.0000000139524610
1.0000000142822998
1.0000000145763988
1.0000000148340071
1.0000000150544621
1.0000000152371922
1.0000000153817150
1.0000000154876427
1.0000000155546789
1.0000000155826205
1.0000000155713595
1.0000000155208826
1.0000000154312720
1.0000000153027049
1.0000000151354522
1.0000000149298798
1.0000000146864449
1.0000000144056971
1.0000000140882765
1.0000000137349132
1.0000000133464237
1.0000000129237112
1.0000000124677619
1.0000000119796413
1.0000000114604930
1.0000000109115363
1.0000000103340636
1.0000000097294377
1.0000000090990877
1.0000000084445060
1.0000000077672428
1.0000000070689072
1.0000000063511585
1.0000000056157030
1.0000000048642910
1.0000000040987118
1.0000000033207908
1.0000000025323839
1.0000000017353743
1.0000000009316667
1.0000000001231835
0.9999999993118605
0.9999999984996422
0.9999999976884765
0.9999999968803097
0.9999999960770832
0.9999999952807279
0.9999999944931595
0.9999999937162736
0.9999999929519422
0.9999999922020089
0.9999999914682838
0.9999999907525410
0.9999999900565125
0.9999999893818843
0.9999999887302935
0.9999999881033222
0.9999999875024961
0.9999999869292795
0.9999999863850714
0.9999999858712033
0.9999999853889364
0.9999999849394570
0.9999999845238743
0.9999999841432176
0.9999999837984328
0.9999999834903820
0.9999999832198404
0.9999999829874950
0.9999999827939440
0.9999999826396936
0.9999999825251574
0.9999999824506548
0.9999999824164105
0.9999999824225534
0.9999999824691173
0.9999999825560386
0.9999999826831597
0.9999999828502266
0.9999999830568912
0.9999999833027124
0.9999999835871569
0.9999999839096000
0.9999999842693267
0.9999999846655330
0.9999999850973276
0.9999999855637347
0.9999999860636971
0.9999999865960771
0.9999999871596608
0.9999999877531596
0.9999999883752144
0.9999999890243997
0.9999999896992243
0.9999999903981371
0.9999999911195292
0.9999999918617369
0.9999999926230470
0.9999999934017011
0.9999999941958991
0.9999999950038045
0.9999999958235499
0.9999999966532381
0.9999999974909480
0.9999999983347400
0.9999999991826583
1.0000000000327369
1.0000000008830054
1.0000000017314929
1.0000000025762328
1.0000000034152674
1.0000000042466528
1.0000000050684630
1.0000000058787941
1.0000000066757690
1.0000000074575428
1.0000000082223057
1.0000000089682892
1.0000000096937680
1.0000000103970665
1.0000000110765621
1.0000000117306873
1.0000000123579362
1.0000000129568660
1.0000000135260998
1.0000000140643306
1.0000000145703238
1.0000000150429214
1.0000000154810440
1.0000000158836959
1.0000000162499640
1.0000000165790219
1.0000000168701317
1.0000000171226449
1.0000000173360037
1.0000000175097432
1.0000000176434929
1.0000000177369761
1.0000000177900115
1.0000000178025126
1.0000000177744885
1.0000000177060437
1.0000000175973789
1.0000000174487893
1.0000000172606636
1.0000000170334842
1.0000000167678249
