1.0000001714316922
1.0000001694155001
1.0000001670049765
1.0000001642060348
1.0000001610255107
1.0000001574711466
1.0000001535515726
1.0000001492762847
1.0000001446556210
1.0000001397007385
1.0000001344235863
1.0000001288368758
1.0000001229540523
1.0000001167892627
1.0000001103573208
1.0000001036736716
1.0000000967543541
1.0000000896159615
1.0000000822756043
1.0000000747508702
1.0000000670597782
1.0000000592207394
1.0000000512525107
1.0000000431741511
1.0000000350049745
1.0000000267645039
1.0000000184724249
1.0000000101485405
1.0000000018127218
0.9999999934848628
0.9999999851848312
0.9999999769324204
0.9999999687473015
0.9999999606489776
0.9999999526567386
0.9999999447896140
0.9999999370663235
0.9999999295052370
0.9999999221243299
0.9999999149411406
0.9999999079727269
0.9999999012356270
0.9999998947458203
0.9999998885186887
0.9999998825689786
0.9999998769107666
0.9999998715574275
0.9999998665215998
0.9999998618151558
0.9999998574491744
0.9999998534339155
0.9999998497787949
0.9999998464923628
0.9999998435822818
0.9999998410553086
0.9999998389172782
0.9999998371730908
0.9999998358267010
0.9999998348811077
0.9999998343383447
0.9999998341994791
0.9999998344646066
0.9999998351328535
0.9999998362023774
0.9999998376703719
0.9999998395330749
0.9999998417857765
0.9999998444228312
0.9999998474376709
0.9999998508228214
0.9999998545699197
0.9999998586697348
0.9999998631121904
0.9999998678863872
0.9999998729806302
0.9999998783824563
0.9999998840786638
0.9999998900553461
0.9999998962979255
0.9999999027911853
0.9999999095193076
0.9999999164659128
0.9999999236140967
0.9999999309464723
0.9999999384452114
0.9999999460920880
0.9999999538685214
0.9999999617556206
0.9999999697342281
0.9999999777849686
0.9999999858882944
0.9999999940245340
1.0000000021739379
1.0000000103167244
1.0000000184331279
1.0000000265034474
1.0000000345080948
1.0000000424276401
1.0000000502428581
1.0000000579347743
1.0000000654847105
1.0000000728743303
1.0000000800856819
1.0000000871012422
1.0000000939039593
1.0000001004772923
1.0000001068052509
1.0000001128724352
1.0000001186640730
1.0000001241660545
1.0000001293649656
1.0000001342481206
1.0000001388035917
1.0000001430202381
1.0000001468877331
1.0000001503965883
1.0000001535381775
1.0000001563047567
1.0000001586894836
1.0000001606864346
1.0000001622906181
1.0000001634979852
1.0000001643054417
1.0000001647108552
1.0000001647130587
1.0000001643118566
1.0000001635080209
1.0000001623032930
1.0000001607003783
1.0000001587029415
1.0000001563155969
1.0000001535438963
1.0000001503943141
1.0000001468742354
1.0000001429919383
1.0000001387565731
1.0000001341781422
1.0000001292674734
1.0000001240361966
1.0000001184967162
1.0000001126621803
1.0000001065464481
1.0000001001640588
1.0000000935301947
1.0000000866606458
1.0000000795717738
1.0000000722804716
1.0000000648041238
1.0000000571605643
1.0000000493680337
1.0000000414451362
1.0000000334107955
1.0000000252842092
1.0000000170848029
1.0000000088321830
1.0000000005460903
0.9999999922463538
0.9999999839528437
0.9999999756854216
0.9999999674638945
0.9999999593079667
0.9999999512371919
0.9999999432709277
0.9999999354282884
0.9999999277281008
0.9999999201888584
0.9999999128286766
0.9999999056652505
0.9999998987158125
0.9999998919970893
0.9999998855252645
0.9999998793159378
0.9999998733840881
0.9999998677440373
0.9999998624094155
0.9999998573931292
0.9999998527073305
0.9999998483633875
0.9999998443718563
0.9999998407424571
0.9999998374840509
0.9999998346046177
0.9999998321112386
0.9999998300100770
0.9999998283063629
0.9999998270043825
0.9999998261074657
0.9999998256179798
0.9999998255373227
0.9999998258659202
0.9999998266032241
0.9999998277477143
0.9999998292969023
0.9999998312473364
0.9999998335946099
0.9999998363333723
0.9999998394573395
0.9999998429593103
0.9999998468311830
0.9999998510639747
0.9999998556478429
0.9999998605721072
0.9999998658252781
0.9999998713950841
0.9999998772684979
0.9999998834317689
0.9999998898704558
0.9999998965694604
0.9999999035130646
0.9999999106849674
0.9999999180683231
0.9999999256457808
0.9999999333995278
0.9999999413113307
0.9999999493625796
0.9999999575343316
0.9999999658073545
0.9999999741621748
0.9999999825791236
0.9999999910383836
0.9999999995200360
1.0000000080041089
1.0000000164706242
1.0000000248996439
1.0000000332713184
1.0000000415659340
1.0000000497639594
1.0000000578460926
1.0000000657933070
1.0000000735868959
1.0000000812085175
1.0000000886402389
1.0000000958645787
1.0000001028645473
1.0000001096236903
1.0000001161261249
1.0000001223565793
1.0000001283004285
1.0000001339437290
1.0000001392732529
1.0000001442765187
1.0000001489418200
1.0000001532582541
1.0000001572157484
1.0000001608050844
1.0000001640179181
1.0000001668468013
1.0000001692851985
1.0000001713275024
1.0000001729690484
1.0000001742061249
1.0000001750359813
1.0000001754568337
1.0000001754678705
1.0000001750692538
1.0000001742621198
1.0000001730485752
1.0000001714316922
1.0000001694155001
1.0000001670049765
1.0000001642060348
