1.0000305050966303
1.0000301230059545
1.0000296692793551
1.0000291450065135
1.0000285514454996
1.0000278900197646
1.0000271623147363
1.0000263700740284
1.0000255151952717
1.0000245997255801
1.0000236258566542
1.0000225959195452
1.0000215123790814
1.0000203778279773
1.0000191949806374
1.0000179666666686
1.0000166958241188
1.0000153854924538
1.0000140388052936
1.0000126589829217
1.0000112493245898
1.0000098132006310
1.0000083540444051
1.0000068753440954
1.0000053806343696
1.0000038734879337
1.0000023575069905
1.0000008363146327
0.9999993135461812
0.9999977928404952
0.9999962778312770
0.9999947721383842
0.9999932793591787
0.9999918030599282
0.9999903467672807
0.9999889139598359
0.9999875080598305
0.9999861324249552
0.9999847903403302
0.9999834850106547
0.9999822195525435
0.9999809969870787
0.9999798202325868
0.9999786920976639
0.9999776152744612
0.9999765923322512
0.9999756257112865
0.9999747177169673
0.9999738705143310
0.9999730861228763
0.9999723664117387
0.9999717130952246
0.9999711277287147
0.9999706117049484
0.9999701662506948
0.9999697924238237
0.9999694911107805
0.9999692630244702
0.9999691087025560
0.9999690285061765
0.9999690226190893
0.9999690910472333
0.9999692336187236
0.9999694499842635
0.9999697396179873
0.9999701018187227
0.9999705357116733
0.9999710402505146
0.9999716142199035
0.9999722562383890
0.9999729647617233
0.9999737380865602
0.9999745743545364
0.9999754715567200
0.9999764275384198
0.9999774400043437
0.9999785065240956
0.9999796245379929
0.9999807913631945
0.9999820042001216
0.9999832601391584
0.9999845561676156
0.9999858891769390
0.9999872559701510
0.9999886532694997
0.9999900777243028
0.9999915259189656
0.9999929943811512
0.9999944795900907
0.9999959779850051
0.9999974859736250
0.9999989999407841
1.0000005162570684
1.0000020312874982
1.0000035414002237
1.0000050429752121
1.0000065324129064
1.0000080061428349
1.0000094606321512
1.0000108923940847
1.0000122979962798
1.0000136740690022
1.0000150173132012
1.0000163245083977
1.0000175925203869
1.0000188183087364
1.0000199989340552
1.0000211315650238
1.0000222134851626
1.0000232420993311
1.0000242149399323
1.0000251296728164
1.0000259841028627
1.0000267761792279
1.0000275040002513
1.0000281658180041
1.0000287600424720
1.0000292852453563
1.0000297401634930
1.0000301237018741
1.0000304349362670
1.0000306731154291
1.0000308376629061
1.0000309281784154
1.0000309444388045
1.0000308863985885
1.0000307541900615
1.0000305481229852
1.0000302686838527
1.0000299165347297
1.0000294925116784
1.0000289976227625
1.0000284330456402
1.0000278001247558
1.0000271003681309
1.0000263354437635
1.0000255071756448
1.0000246175394047
1.0000236686575945
1.0000226627946178
1.0000216023513215
1.0000204898592624
1.0000193279746594
1.0000181194720499
1.0000168672376597
1.0000155742625081
1.0000142436352626
1.0000128785348590
1.0000114822229065
1.0000100580358922
1.0000086093772085
1.0000071397090202
1.0000056525439909
1.0000041514368883
1.0000026399760866
1.0000011217749900
0.9999996004633956
0.9999980796788165
0.9999965630577855
0.9999950542271642
0.9999935567954711
0.9999920743442544
0.9999906104195282
0.9999891685232923
0.9999877521051597
0.9999863645541066
0.9999850091903683
0.9999836892574976
0.9999824079146088
0.9999811682288209
0.9999799731679232
0.9999788255932731
0.9999777282529523
0.9999766837751933
0.9999756946620910
0.9999747632836175
0.9999738918719493
0.9999730825161268
0.9999723371570536
0.9999716575828514
0.9999710454245810
0.9999705021523372
0.9999700290717284
0.9999696273207481
0.9999692978670510
0.9999690415056347
0.9999688588569338
0.9999687503653311
0.9999687162980904
0.9999687567447101
0.9999688716167067
0.9999690606478200
0.9999693233946474
0.9999696592376988
0.9999700673828711
0.9999705468633441
0.9999710965418859
0.9999717151135680
0.9999724011088813
0.9999731528972461
0.9999739686909056
0.9999748465491959
0.9999757843831812
0.9999767799606436
0.9999778309114153
0.9999789347330419
0.9999800887967577
0.9999812903537705
0.9999825365418265
0.9999838243920488
0.9999851508360302
0.9999865127131640
0.9999879067781967
0.9999893297089801
0.9999907781144090
0.9999922485425206
0.9999937374887432
0.9999952414042688
0.9999967567045295
0.9999982797777618
0.9999998069936332
1.0000013347119152
1.0000028592911805
1.0000043770974985
1.0000058845131152
1.0000073779450966
1.0000088538339089
1.0000103086619185
1.0000117389617946
1.0000131413247901
1.0000145124088822
1.0000158489467541
1.0000171477535960
1.0000184057347077
1.0000196198928895
1.0000207873356006
1.0000219052818631
1.0000229710689017
1.0000239821585000
1.0000249361430611
1.0000258307513552
1.0000266638539386
1.0000274334682375
1.0000281377632807
1.0000287750640675
1.0000293438555647
1.0000298427863210
1.0000302706716901
1.0000306264966590
1.0000309094182667
1.0000311187676121
1.0000312540514495
1.0000313149533622
1.0000313013345155
1.0000312132339835
1.0000310508686516
1.0000308146326946
1.0000305050966303
1.0000301230059545
1.0000296692793551
1.0000291450065135
