1.0000000002717668
1.0000000002701355
1.0000000002679896
1.0000000002653362
1.0000000002621821
1.0000000002585354
1.0000000002544052
1.0000000002498013
1.0000000002447356
1.0000000002392211
1.0000000002332723
1.0000000002269052
1.0000000002201370
1.0000000002129850
1.0000000002054670
1.0000000001976019
1.0000000001894105
1.0000000001809115
1.0000000001721241
1.0000000001630696
1.0000000001537690
1.0000000001442446
1.0000000001345193
1.0000000001246159
1.0000000001145577
1.0000000001043676
1.0000000000940692
1.0000000000836866
1.0000000000732445
1.0000000000627676
1.0000000000522815
1.0000000000418110
1.0000000000313802
1.0000000000210134
1.0000000000107341
1.0000000000005667
0.9999999999905351
0.9999999999806627
0.9999999999709723
0.9999999999614857
0.9999999999522243
0.9999999999432092
0.9999999999344606
0.9999999999259981
0.9999999999178403
0.9999999999100044
0.9999999999025069
0.9999999998953645
0.9999999998885923
0.9999999998822042
0.9999999998762125
0.9999999998706293
0.9999999998654654
0.9999999998607308
0.9999999998564352
0.9999999998525870
0.9999999998491936
0.9999999998462621
0.9999999998437962
0.9999999998417999
0.9999999998402759
0.9999999998392247
0.9999999998386471
0.9999999998385417
0.9999999998389064
0.9999999998397362
0.9999999998410266
0.9999999998427725
0.9999999998449668
0.9999999998476014
0.9999999998506675
0.9999999998541540
0.9999999998580483
0.9999999998623388
0.9999999998670127
0.9999999998720552
0.9999999998774514
0.9999999998831841
0.9999999998892362
0.9999999998955900
0.9999999999022279
0.9999999999091309
0.9999999999162790
0.9999999999236515
0.9999999999312262
0.9999999999389817
0.9999999999468969
0.9999999999549504
0.9999999999631206
0.9999999999713851
0.9999999999797216
0.9999999999881067
0.9999999999965176
1.0000000000049289
1.0000000000133182
1.0000000000216607
1.0000000000299336
1.0000000000381137
1.0000000000461786
1.0000000000541061
1.0000000000618743
1.0000000000694622
1.0000000000768496
1.0000000000840161
1.0000000000909401
1.0000000000976002
1.0000000001039773
1.0000000001100542
1.0000000001158145
1.0000000001212428
1.0000000001263232
1.0000000001310410
1.0000000001353828
1.0000000001393357
1.0000000001428875
1.0000000001460263
1.0000000001487424
1.0000000001510259
1.0000000001528688
1.0000000001542642
1.0000000001552047
1.0000000001556852
1.0000000001557026
1.0000000001552558
1.0000000001543445
1.0000000001529696
1.0000000001511327
1.0000000001488361
1.0000000001460818
1.0000000001428750
1.0000000001392229
1.0000000001351337
1.0000000001306157
1.0000000001256788
1.0000000001203333
1.0000000001145910
1.0000000001084643
1.0000000001019671
1.0000000000951128
1.0000000000879163
1.0000000000803944
1.0000000000725628
1.0000000000644387
1.0000000000560409
1.0000000000473883
1.0000000000385014
1.0000000000294009
1.0000000000201077
1.0000000000106433
1.0000000000010294
0.9999999999912899
0.9999999999814480
0.9999999999715269
0.9999999999615506
0.9999999999515438
0.9999999999415305
0.9999999999315360
0.9999999999215844
0.9999999999116992
0.9999999999019045
0.9999999998922245
0.9999999998826843
0.9999999998733070
0.9999999998641158
0.9999999998551320
0.9999999998463777
0.9999999998378752
0.9999999998296468
0.9999999998217137
0.9999999998140970
0.9999999998068165
0.9999999997998916
0.9999999997933413
0.9999999997871829
0.9999999997814322
0.9999999997761031
0.9999999997712106
0.9999999997667692
0.9999999997627924
0.9999999997592915
0.9999999997562771
0.9999999997537578
0.9999999997517415
0.9999999997502341
0.9999999997492411
0.9999999997487671
0.9999999997488157
0.9999999997493899
0.9999999997504919
0.9999999997521224
0.9999999997542813
0.9999999997569670
0.9999999997601754
0.9999999997639003
0.9999999997681341
0.9999999997728691
0.9999999997780979
0.9999999997838105
0.9999999997899951
0.9999999997966400
0.9999999998037328
0.9999999998112603
0.9999999998192083
0.9999999998275612
0.9999999998363029
0.9999999998454172
0.9999999998548849
0.9999999998646858
0.9999999998747985
0.9999999998851998
0.9999999998958663
0.9999999999067744
0.9999999999179002
0.9999999999292206
0.9999999999407114
0.9999999999523493
0.9999999999641106
0.9999999999759717
0.9999999999879076
0.9999999999998945
1.0000000000119085
1.0000000000239235
1.0000000000359135
1.0000000000478528
1.0000000000597162
1.0000000000714777
1.0000000000831122
1.0000000000945950
1.0000000001059013
1.0000000001170064
1.0000000001278870
1.0000000001385208
1.0000000001488849
1.0000000001589582
1.0000000001687186
1.0000000001781455
1.0000000001872194
1.0000000001959215
1.0000000002042337
1.0000000002121390
1.0000000002196212
1.0000000002266645
1.0000000002332556
1.0000000002393823
1.0000000002450331
1.0000000002501970
1.0000000002548630
1.0000000002590232
1.0000000002626703
1.0000000002657987
1.0000000002684037
1.0000000002704807
1.0000000002720262
1.0000000002730378
1.0000000002735159
1.0000000002734619
1.0000000002728775
1.0000000002717668
1.0000000002701355
1.0000000002679896
1.0000000002653362
