1.0000000000051801
1.0000000000052107
1.0000000000052345
1.0000000000052509
1.0000000000052598
1.0000000000052602
1.0000000000052514
1.0000000000052329
1.0000000000052058
1.0000000000051716
1.0000000000051306
1.0000000000050837
1.0000000000050315
1.0000000000049738
1.0000000000049107
1.0000000000048426
1.0000000000047695
1.0000000000046927
1.0000000000046121
1.0000000000045282
1.0000000000044407
1.0000000000043487
1.0000000000042522
1.0000000000041518
1.0000000000040474
1.0000000000039397
1.0000000000038296
1.0000000000037181
1.0000000000036053
1.0000000000034914
1.0000000000033762
1.0000000000032594
1.0000000000031415
1.0000000000030225
1.0000000000029028
1.0000000000027831
1.0000000000026632
1.0000000000025442
1.0000000000024272
1.0000000000023128
1.0000000000022007
1.0000000000020901
1.0000000000019820
1.0000000000018767
1.0000000000017757
1.0000000000016795
1.0000000000015885
1.0000000000015032
1.0000000000014238
1.0000000000013491
1.0000000000012783
1.0000000000012104
1.0000000000011442
1.0000000000010796
1.0000000000010172
1.0000000000009586
1.0000000000009037
1.0000000000008544
1.0000000000008098
1.0000000000007696
1.0000000000007330
1.0000000000006997
1.0000000000006690
1.0000000000006404
1.0000000000006137
1.0000000000005891
1.0000000000005664
1.0000000000005467
1.0000000000005305
1.0000000000005169
1.0000000000005065
1.0000000000004992
1.0000000000004954
1.0000000000004940
1.0000000000004958
1.0000000000005009
1.0000000000005087
1.0000000000005191
1.0000000000005320
1.0000000000005465
1.0000000000005624
1.0000000000005793
1.0000000000005962
1.0000000000006126
1.0000000000006277
1.0000000000006417
1.0000000000006541
1.0000000000006655
1.0000000000006763
1.0000000000006877
1.0000000000006997
1.0000000000007123
1.0000000000007248
1.0000000000007367
1.0000000000007478
1.0000000000007572
1.0000000000007638
1.0000000000007676
1.0000000000007685
1.0000000000007667
1.0000000000007632
1.0000000000007574
1.0000000000007490
1.0000000000007379
1.0000000000007241
1.0000000000007083
1.0000000000006899
1.0000000000006701
1.0000000000006497
1.0000000000006304
1.0000000000006122
1.0000000000005953
1.0000000000005789
1.0000000000005627
1.0000000000005467
1.0000000000005309
1.0000000000005156
1.0000000000005005
1.0000000000004849
1.0000000000004683
1.0000000000004499
1.0000000000004292
1.0000000000004063
1.0000000000003806
1.0000000000003535
1.0000000000003253
1.0000000000002964
1.0000000000002671
1.0000000000002367
1.0000000000002072
1.0000000000001796
1.0000000000001550
1.0000000000001321
1.0000000000001108
1.0000000000000906
1.0000000000000713
1.0000000000000535
1.0000000000000375
1.0000000000000235
1.0000000000000111
0.9999999999999986
0.9999999999999858
0.9999999999999728
0.9999999999999589
0.9999999999999437
0.9999999999999273
0.9999999999999100
0.9999999999998928
0.9999999999998763
0.9999999999998610
0.9999999999998472
0.9999999999998348
0.9999999999998225
0.9999999999998102
0.9999999999997968
0.9999999999997816
0.9999999999997646
0.9999999999997458
0.9999999999997254
0.9999999999997042
0.9999999999996823
0.9999999999996602
0.9999999999996375
0.9999999999996135
0.9999999999995892
0.9999999999995643
0.9999999999995398
0.9999999999995163
0.9999999999994926
0.9999999999994673
0.9999999999994394
0.9999999999994081
0.9999999999993735
0.9999999999993363
0.9999999999992977
0.9999999999992593
0.9999999999992223
0.9999999999991878
0.9999999999991565
0.9999999999991284
0.9999999999991035
0.9999999999990806
0.9999999999990594
0.9999999999990387
0.9999999999990180
0.9999999999989977
0.9999999999989782
0.9999999999989601
0.9999999999989441
0.9999999999989314
0.9999999999989226
0.9999999999989171
0.9999999999989145
0.9999999999989156
0.9999999999989206
0.9999999999989300
0.9999999999989430
0.9999999999989604
0.9999999999989824
0.9999999999990089
0.9999999999990398
0.9999999999990766
0.9999999999991200
0.9999999999991701
0.9999999999992268
0.9999999999992897
0.9999999999993588
0.9999999999994346
0.9999999999995162
0.9999999999996039
0.9999999999996966
0.9999999999997938
0.9999999999998953
1.0000000000000016
1.0000000000001132
1.0000000000002307
1.0000000000003524
1.0000000000004778
1.0000000000006071
1.0000000000007399
1.0000000000008764
1.0000000000010156
1.0000000000011562
1.0000000000012974
1.0000000000014388
1.0000000000015810
1.0000000000017231
1.0000000000018650
1.0000000000020062
1.0000000000021476
1.0000000000022895
1.0000000000024323
1.0000000000025755
1.0000000000027192
1.0000000000028624
1.0000000000030036
1.0000000000031419
1.0000000000032776
1.0000000000034104
1.0000000000035412
1.0000000000036700
1.0000000000037974
1.0000000000039233
1.0000000000040463
1.0000000000041653
1.0000000000042795
1.0000000000043892
1.0000000000044944
1.0000000000045943
1.0000000000046874
1.0000000000047731
1.0000000000048517
1.0000000000049234
1.0000000000049889
1.0000000000050475
1.0000000000050988
1.0000000000051430
1.0000000000051801
1.0000000000052107
1.0000000000052345
1.0000000000052509
