1.0031847093587671
1.0031445186111259
1.0030968458000595
1.0030418033171049
1.0029795209352286
1.0029101455166438
1.0028338406817827
1.0027507864400318
1.0026611787829016
1.0025652292403913
1.0024631644013746
1.0023552253989076
1.0022416673614438
1.0021227588310027
1.0019987811494233
1.0018700278139048
1.0017368038031043
1.0015994248751507
1.0014582168389865
1.0013135148005397
1.0011656623852816
1.0010150109388076
1.0008619187071379
1.0007067499985041
1.0005498743284496
1.0003916655501259
1.0002325009717394
1.0000727604631359
0.9999128255535814
0.9997530785228268
0.9995939014876001
0.9994356754856963
0.9992787795598730
0.9991235898437895
0.9989704786522426
0.9988198135779731
0.9986719565973188
0.9985272631870021
0.9983860814543341
0.9982487512830974
0.9981156034973639
0.9979869590454726
0.9978631282063565
0.9977444098203719
0.9976310905467386
0.9975234441496302
0.9974217308149090
0.9973261964994120
0.9972370723146298
0.9971545739465274
0.9970789011131669
0.9970102370616893
0.9969487481061077
0.9968945832072620
0.9968478735961579
0.9968087324417919
0.9967772545644404
0.9967535161952605
0.9967375747829144
0.9967294688477859
0.9967292178842297
0.9967368223111370
0.9967522634709660
0.9967755036772463
0.9968064863104061
0.9968451359616455
0.9968913586244252
0.9969450419330032
0.9970060554473120
0.9970742509833409
0.9971494629880425
0.9972315089576790
0.9973201898983688
0.9974152908275108
0.9975165813146276
0.9976238160600766
0.9977367355099657
0.9978550665055357
0.9979785229651754
0.9981068065971530
0.9982396076410822
0.9983766056360834
0.9985174702135280
0.9986618619122257
0.9988094330138576
0.9989598283964307
0.9991126864035068
0.9992676397269320
0.9994243163007942
0.9995823402043180
0.9997413325714218
0.9999009125046585
1.0000606979912894
1.0002203068192486
1.0003793574907967
1.0005374701316778
1.0006942673936483
1.0008493753482814
1.0010024243699911
1.0011530500062744
1.0013008938332268
1.0014456042944420
1.0015868375214663
1.0017242581340378
1.0018575400184084
1.0019863670821165
1.0021104339836382
1.0022294468354298
1.0023431238789282
1.0024511961301583
1.0025534079946721
1.0026495178506143
1.0027392985987804
1.0028225381786102
1.0028990400491409
1.0029686236340090
1.0030311247296722
1.0030863958760914
1.0031343066891927
1.0031747441544989
1.0032076128813983
1.0032328353175921
1.0032503519233340
1.0032601213051482
1.0032621203087875
1.0032563440712643
1.0032428060318612
1.0032215379021041
1.0031925895947507
1.0031560291119186
1.0031119423925543
1.0030604331195130
1.0030016224866025
1.0029356489260026
1.0028626677965591
1.0027828510335191
1.0026963867603498
1.0026034788633573
1.0025043465298951
1.0023992237510306
1.0022883587896134
1.0021720136147541
1.0020504633038076
1.0019239954130292
1.0017929093181359
1.0016575155260923
1.0015181349595035
1.0013750982150735
1.0012287447976611
1.0010794223315262
1.0009274857504407
1.0007732964683853
1.0006172215326430
1.0004596327611341
1.0003009058659220
1.0001414195648510
0.9999815546833497
0.9998216932484701
0.9996622175772778
0.9995035093617539
0.9993459487524003
0.9991899134427701
0.9990357777571677
0.9988839117437877
0.9987346802755688
0.9985884421610456
0.9984455492674845
0.9983063456585732
0.9981711667489324
0.9980403384776848
0.9979141765032932
0.9977929854218427
0.9976770580108916
0.9975666745009762
0.9974621018767783
0.9973635932099123
0.9972713870252073
0.9971857067022796
0.9971067599140988
0.9970347381041577
0.9969698160037568
0.9969121511908001
0.9968618836913868
0.9968191356253698
0.9967840108969134
0.9967565949309680
0.9967369544564381
0.9967251373366861
0.9967211724478791
0.9967250696055306
0.9967368195394665
0.9967563939172817
0.9967837454162211
0.9968188078432690
0.9968614963030947
0.9969117074133489
0.9969693195666802
0.9970341932386906
0.9971061713409274
0.9971850796178713
0.9972707270867637
0.9973629065189871
0.9974613949616049
0.9975659542975579
0.9976763318429062
0.9977922609794186
0.9979134618207143
0.9980396419100835
0.9981704969480408
0.9983057115475924
0.9984449600151434
0.9985879071549199
0.9987342090947300
0.9988835141308552
0.9990354635898318
0.9991896927048700
0.9993458315046253
0.9995035057120438
0.9996623376509979
0.9998219471584316
0.9999819524997573
1.0001419712852477
1.0003016213852083
1.0004605218417288
1.0006182937748613
1.0007745612811048
1.0009289523221203
1.0010810996016524
1.0012306414286822
1.0013772225648931
1.0015204950545906
1.0016601190352763
1.0017957635271371
1.0019271071997884
1.0020538391146696
1.0021756594415567
1.0022922801477343
1.0024034256584418
1.0025088334872707
1.0026082548352808
1.0027014551576610
1.0027882146968448
1.0028683289810649
1.0029416092873957
1.0030078830684246
1.0030669943417498
1.0031188040415924
1.0031631903318743
1.0032000488801940
1.0032292930921998
1.0032508543059449
1.0032646819458686
1.0032707436361323
1.0032690252731082
1.0032595310568895
1.0032422834817645
1.0032173232856789
1.0031847093587671
1.0031445186111259
1.0030968458000595
1.0030418033171049
