1.0003344113638646
1.0003301913422633
1.0003251841980139
1.0003194019082629
1.0003128582993692
1.0003055690140406
1.0002975514741534
1.0002888248393393
1.0002794099614352
1.0002693293349045
1.0002586070433472
1.0002472687022210
1.0002353413979079
1.0002228536232729
1.0002098352098550
1.0001963172568644
1.0001823320571426
1.0001679130202608
1.0001530945929411
1.0001379121769867
1.0001224020449109
1.0001066012534687
1.0000905475552957
1.0000742793088577
1.0000578353869314
1.0000412550838280
1.0000245780215828
1.0000078440553342
0.9999910931781154
0.9999743654252862
0.9999577007788349
0.9999411390717799
0.9999247198928931
0.9999084824919822
0.9998924656859548
0.9998767077658902
0.9998612464053409
0.9998461185700888
0.9998313604295672
0.9998170072701714
0.9998030934106616
0.9997896521198620
0.9997767155368591
0.9997643145938876
0.9997524789420994
0.9997412368803890
0.9997306152874497
0.9997206395572252
0.9997113335379185
0.9997027194747045
0.9996948179562833
0.9996876478654062
0.9996812263334967
0.9996755686994790
0.9996706884729114
0.9996665973015110
0.9996633049431591
0.9996608192424528
0.9996591461118517
0.9996582895174806
0.9996582514696079
0.9996590320178323
0.9996606292509904
0.9996630393017765
0.9996662563560742
0.9996702726669711
0.9996750785734196
0.9996806625235056
0.9996870111022613
0.9996941090639587
0.9997019393688001
0.9997104832239209
0.9997197201285987
0.9997296279235623
0.9997401828442789
0.9997513595780885
0.9997631313250489
0.9997754698623382
0.9997883456120621
0.9998017277122999
0.9998155840912134
0.9998298815440434
0.9998445858128031
0.9998596616684745
0.9998750729955140
0.9998907828784583
0.9999067536904197
0.9999229471832651
0.9999393245792487
0.9999558466638877
0.9999724738798562
0.9999891664216681
1.0000058843309221
1.0000225875918847
1.0000392362271791
1.0000557903933516
1.0000722104760869
1.0000884571848441
1.0001044916466943
1.0001202754991292
1.0001357709816208
1.0001509410257199
1.0001657493434781
1.0001801605139815
1.0001941400677941
1.0002076545691096
1.0002206716954183
1.0002331603145025
1.0002450905585776
1.0002564338954063
1.0002671631962174
1.0002772528002708
1.0002866785759146
1.0002954179779961
1.0003034501014905
1.0003107557312174
1.0003173173875390
1.0003231193679196
1.0003281477842612
1.0003323905959234
1.0003358376383480
1.0003384806472286
1.0003403132781585
1.0003413311217222
1.0003415317139890
1.0003409145423849
1.0003394810469315
1.0003372346168433
1.0003341805825003
1.0003303262028094
1.0003256806479803
1.0003202549777626
1.0003140621151905
1.0003071168158990
1.0002994356330830
1.0002910368781786
1.0002819405773611
1.0002721684239584
1.0002617437268908
1.0002506913552636
1.0002390376792343
1.0002268105072978
1.0002140390201353
1.0002007537011806
1.0001869862640718
1.0001727695771523
1.0001581375852004
1.0001431252285757
1.0001277683599690
1.0001121036589509
1.0000961685445273
1.0000800010859048
1.0000636399116718
1.0000471241176221
1.0000304931734298
1.0000137868284042
0.9999970450165458
0.9999803077611260
0.9999636150790279
0.9999470068850670
0.9999305228965253
0.9999142025381269
0.9998980848476837
0.9998822083826381
0.9998666111277242
0.9998513304039698
0.9998364027792662
0.9998218639807133
0.9998077488089518
0.9997940910546975
0.9997809234176716
0.9997682774281261
0.9997561833711549
0.9997446702139751
0.9997337655363580
0.9997234954643728
0.9997138846076100
0.9997049560000321
0.9996967310446012
0.9996892294618172
0.9996824692422895
0.9996764666034628
0.9996712359505966
0.9996667898421018
0.9996631389593116
0.9996602920807662
0.9996582560610732
0.9996570358143940
0.9996566343025967
0.9996570525281083
0.9996582895314776
0.9996603423936583
0.9996632062430065
0.9996668742669769
0.9996713377284872
0.9996765859869098
0.9996826065236400
0.9996893849721815
0.9996969051526686
0.9997051491107457
0.9997140971607092
0.9997237279328042
0.9997340184245604
0.9997449440560444
0.9997564787288881
0.9997685948889551
0.9997812635924876
0.9997944545755763
0.9998081363267854
0.9998222761627492
0.9998368403065632
0.9998517939687802
0.9998671014308066
0.9998827261305078
0.9998986307498074
0.9999147773040719
0.9999311272330659
0.9999476414932603
0.9999642806512670
0.9999810049781732
0.9999977745445575
1.0000145493159540
1.0000312892485381
1.0000479543848020
1.0000645049489956
1.0000809014421004
1.0000971047361149
1.0001130761674237
1.0001287776290311
1.0001441716614350
1.0001592215419319
1.0001738913721385
1.0001881461635234
1.0002019519207477
1.0002152757226148
1.0002280858004420
1.0002403516136666
1.0002520439225140
1.0002631348575484
1.0002735979859518
1.0002834083743681
1.0002925426481724
1.0003009790470201
1.0003086974765487
1.0003156795561143
1.0003219086624466
1.0003273699691233
1.0003320504817692
1.0003359390689008
1.0003390264883443
1.0003413054091621
1.0003427704290437
1.0003434180871134
1.0003432468721276
1.0003422572260439
1.0003404515429486
1.0003378341633529
1.0003344113638646
1.0003301913422633
1.0003251841980139
1.0003194019082629
