1.0040065520455896
1.0039560279188875
1.0038960984224892
1.0038269042882302
1.0037486080249345
1.0036613935583500
1.0035654658230559
1.0034610503070163
1.0033483925495543
1.0032277575936082
1.0030994293932121
1.0029637101772360
1.0028209197705162
1.0026713948735873
1.0025154883023284
1.0023535681889244
1.0021860171456320
1.0020132313929391
1.0018356198537997
1.0016536032157120
1.0014676129625089
1.0012780903778113
1.0010854855221996
1.0008902561862252
1.0006928668214949
1.0004937874521260
1.0002934925689582
1.0000924600089900
0.9998911698225750
0.9996901031309817
0.9994897409769889
0.9992905631712458
0.9990930471371791
0.9988976667572729
0.9987048912235914
0.9985151838954343
0.9983290011670496
0.9981467913483406
0.9979689935615011
0.9977960366565218
0.9976283381484844
0.9974663031795482
0.9973103235084867
0.9971607765305984
0.9970180243307577
0.9968824127722972
0.9967542706243564
0.9966339087302158
0.9965216192190640
0.9964176747635204
0.9963223278851281
0.9962358103098968
0.9961583323758380
0.9960900824942919
0.9960312266666960
0.9959819080582671
0.9959422466299205
0.9959123388295529
0.9958922573436603
0.9958820509100533
0.9958817441922583
0.9958913377159907
0.9959108078679100
0.9959401069566470
0.9959791633359228
0.9960278815893708
0.9960861427764857
0.9961538047389399
0.9962307024663100
0.9963166485200875
0.9964114335146635
0.9965148266538154
0.9966265763210569
0.9967464107220573
0.9968740385771969
0.9970091498621714
0.9971514165944494
0.9973004936632591
0.9974560197006653
0.9976176179912135
0.9977848974175141
0.9979574534390796
0.9981348691016463
0.9983167160741635
0.9985025557105903
0.9986919401335987
0.9988844133372634
0.9990795123058027
0.9992767681454274
0.9994757072263645
0.9996758523321321
0.9998767238131719
1.0000778407419650
1.0002787220668041
1.0004788877614421
1.0006778599678818
1.0008751641296330
1.0010703301128316
1.0012628933126746
1.0014523957427075
1.0016383871045778
1.0018204258359387
1.0019980801342858
1.0021709289545797
1.0023385629786117
1.0025005855541524
1.0026566136020107
1.0028062784892287
1.0029492268667319
1.0030851214698369
1.0032136418801234
1.0033344852472705
1.0034473669695345
1.0035520213316542
1.0036482020990563
1.0037356830673125
1.0038142585659078
1.0038837439154518
1.0039439758375610
1.0039948128167215
1.0040361354135341
1.0040678465288191
1.0040898716181492
1.0041021588564611
1.0041046792524737
1.0040974267127312
1.0040804180551639
1.0040536929721491
1.0040173139431272
1.0039713660969161
1.0039159570239449
1.0038512165387186
1.0037772963928955
1.0036943699394534
1.0036026317485027
1.0035022971753855
1.0033936018817895
1.0032768013106881
1.0031521701160149
1.0030200015480581
1.0028806067956590
1.0027343142863880
1.0025814689459536
1.0024224314182053
1.0022575772471798
1.0020872960227243
1.0019119904913356
1.0017320756339378
1.0015479777124234
1.0013601332868645
1.0011689882053969
1.0009749965688688
1.0007786196724320
1.0005803249263385
1.0003805847582961
1.0001798754998001
0.9999786762589470
0.9997774677823033
0.9995767313084734
0.9993769474160592
0.9991785948687759
0.9989821494605243
0.9987880828632754
0.9985968614806429
0.9984089453100602
0.9982247868164885
0.9980448298205977
0.9978695084043604
0.9976992458369844
0.9975344535241061
0.9973755299831210
0.9972228598474968
0.9970768129028668
0.9969377431576324
0.9968059879507403
0.9966818670992128
0.9965656820879157
0.9964577153039547
0.9963582293179630
0.9962674662144378
0.9961856469731265
0.9961129709033439
0.9960496151329431
0.9959957341534988
0.9959514594231058
0.9959168990280123
0.9958921374041426
0.9958772351193749
0.9958722287172452
0.9958771306225724
0.9958919291092910
0.9959165883305993
0.9959510484113248
0.9959952256022190
0.9960490124956998
0.9961122783023724
0.9961848691874648
0.9962666086661398
0.9963572980564596
0.9964567169886153
0.9965646239688566
0.9966807569964081
0.9968048342315050
0.9969365547125336
0.9970755991201392
0.9972216305860316
0.9973742955441092
0.9975332246214152
0.9976980335663503
0.9978683242114847
0.9980436854682344
0.9982236943506126
0.9984079170252117
0.9985959098845336
0.9987872206407600
0.9989813894370251
0.9991779499732570
0.9993764306436461
0.9995763556828116
0.9997772463177537
0.9999786219227089
1.0001800011740585
1.0003809032024791
1.0005808487395831
1.0007793612563431
1.0009759680906574
1.0011702015614827
1.0013616000670333
1.0015497091646102
1.0017340826297221
1.0019142834922230
1.0020898850472892
1.0022604718391406
1.0024256406155030
1.0025850012508966
1.0027381776369271
1.0028848085378583
1.0030245484098197
1.0031570681821109
1.0032820559991504
1.0033992179217124
1.0035082785861880
1.0036089818206917
1.0037010912169346
1.0037843906568675
1.0038586847931887
1.0039237994829009
1.0039795821731836
1.0040259022389397
1.0040626512714563
1.0040897433177018
1.0041071150698757
1.0041147260048922
1.0041125584735766
1.0041006177394309
1.0040789319669010
1.0040475521591721
1.0040065520455896
1.0039560279188875
1.0038960984224892
1.0038269042882302
