1.0000000000234543
1.0000000000234588
1.0000000000234210
1.0000000000233416
1.0000000000232216
1.0000000000230627
1.0000000000228657
1.0000000000226326
1.0000000000223648
1.0000000000220637
1.0000000000217300
1.0000000000213649
1.0000000000209703
1.0000000000205473
1.0000000000200970
1.0000000000196199
1.0000000000191169
1.0000000000185898
1.0000000000180400
1.0000000000174694
1.0000000000168798
1.0000000000162736
1.0000000000156526
1.0000000000150184
1.0000000000143734
1.0000000000137195
1.0000000000130578
1.0000000000123901
1.0000000000117177
1.0000000000110421
1.0000000000103642
1.0000000000096854
1.0000000000090075
1.0000000000083333
1.0000000000076634
1.0000000000069988
1.0000000000063414
1.0000000000056923
1.0000000000050535
1.0000000000044271
1.0000000000038145
1.0000000000032176
1.0000000000026381
1.0000000000020766
1.0000000000015332
1.0000000000010081
1.0000000000005027
1.0000000000000182
0.9999999999995561
0.9999999999991174
0.9999999999987020
0.9999999999983108
0.9999999999979428
0.9999999999975974
0.9999999999972748
0.9999999999969768
0.9999999999967039
0.9999999999964569
0.9999999999962368
0.9999999999960437
0.9999999999958776
0.9999999999957390
0.9999999999956275
0.9999999999955428
0.9999999999954837
0.9999999999954505
0.9999999999954430
0.9999999999954593
0.9999999999954989
0.9999999999955612
0.9999999999956444
0.9999999999957483
0.9999999999958717
0.9999999999960143
0.9999999999961761
0.9999999999963559
0.9999999999965534
0.9999999999967681
0.9999999999969993
0.9999999999972456
0.9999999999975063
0.9999999999977803
0.9999999999980671
0.9999999999983655
0.9999999999986738
0.9999999999989910
0.9999999999993154
0.9999999999996459
0.9999999999999813
1.0000000000003200
1.0000000000006608
1.0000000000010019
1.0000000000013423
1.0000000000016802
1.0000000000020151
1.0000000000023448
1.0000000000026672
1.0000000000029814
1.0000000000032874
1.0000000000035849
1.0000000000038736
1.0000000000041529
1.0000000000044222
1.0000000000046814
1.0000000000049289
1.0000000000051643
1.0000000000053864
1.0000000000055931
1.0000000000057836
1.0000000000059577
1.0000000000061144
1.0000000000062532
1.0000000000063738
1.0000000000064762
1.0000000000065596
1.0000000000066225
1.0000000000066636
1.0000000000066811
1.0000000000066747
1.0000000000066456
1.0000000000065943
1.0000000000065219
1.0000000000064282
1.0000000000063134
1.0000000000061766
1.0000000000060183
1.0000000000058382
1.0000000000056366
1.0000000000054139
1.0000000000051701
1.0000000000049047
1.0000000000046181
1.0000000000043103
1.0000000000039830
1.0000000000036369
1.0000000000032725
1.0000000000028906
1.0000000000024902
1.0000000000020721
1.0000000000016374
1.0000000000011866
1.0000000000007205
1.0000000000002403
0.9999999999997469
0.9999999999992421
0.9999999999987288
0.9999999999982089
0.9999999999976837
0.9999999999971545
0.9999999999966208
0.9999999999960834
0.9999999999955432
0.9999999999950014
0.9999999999944580
0.9999999999939145
0.9999999999933730
0.9999999999928348
0.9999999999923017
0.9999999999917747
0.9999999999912543
0.9999999999907414
0.9999999999902378
0.9999999999897453
0.9999999999892661
0.9999999999888021
0.9999999999883546
0.9999999999879254
0.9999999999875155
0.9999999999871251
0.9999999999867543
0.9999999999864032
0.9999999999860723
0.9999999999857626
0.9999999999854755
0.9999999999852114
0.9999999999849714
0.9999999999847557
0.9999999999845648
0.9999999999843998
0.9999999999842623
0.9999999999841525
0.9999999999840712
0.9999999999840197
0.9999999999839990
0.9999999999840092
0.9999999999840508
0.9999999999841234
0.9999999999842262
0.9999999999843587
0.9999999999845212
0.9999999999847136
0.9999999999849362
0.9999999999851891
0.9999999999854727
0.9999999999857868
0.9999999999861308
0.9999999999865045
0.9999999999869077
0.9999999999873396
0.9999999999877990
0.9999999999882848
0.9999999999887963
0.9999999999893328
0.9999999999898934
0.9999999999904778
0.9999999999910864
0.9999999999917180
0.9999999999923718
0.9999999999930458
0.9999999999937388
0.9999999999944492
0.9999999999951757
0.9999999999959180
0.9999999999966757
0.9999999999974477
0.9999999999982334
0.9999999999990316
0.9999999999998398
1.0000000000006559
1.0000000000014777
1.0000000000023042
1.0000000000031337
1.0000000000039646
1.0000000000047948
1.0000000000056237
1.0000000000064511
1.0000000000072762
1.0000000000080977
1.0000000000089149
1.0000000000097271
1.0000000000105329
1.0000000000113318
1.0000000000121214
1.0000000000128995
1.0000000000136624
1.0000000000144067
1.0000000000151303
1.0000000000158318
1.0000000000165095
1.0000000000171614
1.0000000000177871
1.0000000000183851
1.0000000000189535
1.0000000000194922
1.0000000000200009
1.0000000000204783
1.0000000000209235
1.0000000000213347
1.0000000000217106
1.0000000000220506
1.0000000000223546
1.0000000000226219
1.0000000000228531
1.0000000000230480
1.0000000000232063
1.0000000000233271
1.0000000000234099
1.0000000000234543
1.0000000000234588
1.0000000000234210
1.0000000000233416
