1.1471083770247794
1.1455485916070240
1.1436942222799096
1.1415471764018299
1.1391096836994794
1.1363843038662564
1.1333739352507541
1.1300818246477990
1.1265115782042603
1.1226671734508740
1.1185529724694903
1.1141737362023061
1.1095346399055852
1.1046412897448807
1.0994997405216522
1.0941165145121052
1.0884986213877836
1.0826535791735936
1.0765894361821338
1.0703147938430546
1.0638388303222472
1.0571713247974788
1.0503226822242047
1.0433039583871790
1.0361268849897236
1.0288038944826636
1.0213481442786465
1.0137735399345980
1.0060947568153973
0.9983272596756181
0.9904873195139435
0.9825920269674587
0.9746593014219685
0.9667078949217763
0.9587573898708501
0.9508281894306835
0.9429414994430934
0.9351193006443779
0.9273843098975331
0.9197599291593623
0.9122701809280528
0.9049396289934247
0.8977932834460655
0.8908564891019397
0.8841547967735871
0.8777138171731481
0.8715590576683273
0.8657157426274643
0.8602086186758940
0.8550617468277181
0.8502982841326244
0.8459402581567895
0.8420083382638550
0.8385216082351680
0.8354973452241791
0.8329508103353191
0.8308950562150133
0.8293407569131308
0.8282960649016182
0.8277664995239686
0.8277548703130798
0.8282612375921704
0.8292829116155658
0.8308144902769132
0.8328479341815446
0.8353726767172787
0.8383757657278705
0.8418420325480291
0.8457542835354286
0.8500935088527047
0.8548391031125449
0.8599690925867919
0.8654603639678530
0.8712888901201887
0.8774299488285725
0.8838583311943990
0.8905485370100934
0.8974749551180332
0.9046120274043609
0.9119343956669265
0.9194170311150363
0.9270353466981454
0.9347652928183842
0.9425834372597615
0.9504670303704102
0.9583940566710055
0.9663432741414616
0.9742942424686822
0.9822273415298055
0.9901237813467965
0.9979656046872667
1.0057356834098827
1.0134177095664108
1.0209961821810787
1.0284563905352164
1.0357843946939500
1.0429670039241279
1.0499917535701679
1.0568468808780012
1.0635213001873172
1.0700045778490477
1.0762869071684626
1.0823590836241028
1.0882124805687574
1.0938390255803427
1.0992311775974379
1.1043819049458434
1.1092846643384322
1.1139333809102452
1.1183224293338636
1.1224466160460820
1.1263011626055213
1.1298816901916764
1.1331842052486678
1.1362050862714232
1.1389410717279012
1.1413892491080635
1.1435470450884375
1.1454122168000855
1.1469828441875394
1.1482573234465663
1.1492343615294540
1.1499129717077266
1.1502924701837423
1.1503724737444128
1.1501528984522571
1.1496339593711105
1.1488161713259597
1.1477003506985699
1.1462876182626989
1.1445794030647536
1.1425774473576387
1.1402838125972401
1.1377008865123925
1.1348313912602312
1.1316783926794456
1.1282453106540091
1.1245359305993805
1.1205544160817784
1.1163053225788386
1.1117936123865113
1.1070246706723292
1.1020043226689074
1.0967388519934684
1.0912350200690404
1.0855000866104405
1.0795418311228515
1.0733685753423630
1.0669892065258209
1.0604132014713006
1.0536506511199915
1.0467122855547590
1.0396094991696903
1.0323543757380613
1.0249597130529844
1.0174390467552348
1.0098066728962400
1.0020776687109967
0.9942679109961016
0.9863940914028265
0.9784737278653995
0.9705251712921140
0.9625676065539887
0.9546210467157417
0.9467063193709423
0.9388450438726132
0.9310595981985361
0.9233730741644209
0.9158092197062582
0.9083923670046791
0.9011473453284986
0.8940993776412003
0.8872739602514599
0.8806967251037214
0.8743932847012640
0.8683890601321292
0.8627090932224027
0.8573778444600860
0.8524189789974180
0.8478551437238139
0.8437077390722372
0.8399966898395507
0.8367402198230474
0.8339546354570231
0.8316541238339048
0.8298505704802054
0.8285534020059289
0.8277694582492567
0.8275028978060913
0.8277551398940497
0.8285248443975176
0.8298079307330718
0.8315976349307452
0.8338846031173213
0.8366570184810816
0.8399007578521774
0.8435995732942305
0.8477352935991674
0.8522880403187576
0.8572364529456715
0.8625579180519136
0.8682287975695738
0.8742246519171861
0.8805204542905976
0.8870907931069811
0.8939100602750331
0.9009526236299692
0.9081929824922541
0.9156059058651331
0.9231665532662021
0.9308505785869942
0.9386342176917214
0.9464943607057562
0.9544086101128907
0.9623553258863875
0.9703136589316871
0.9782635741278966
0.9861858642299275
0.9940621558417546
1.0018749086011085
1.0096074086332867
1.0172437572419328
1.0247688557117780
1.0321683870057468
1.0394287950489607
1.0465372622067659
1.0534816854841602
1.0602506519005945
1.0668334134274202
1.0732198618152955
1.0794005035855134
1.0853664354121675
1.0911093200809472
1.0966213631746988
1.1018952906052193
1.1069243270845917
1.1117021756072534
1.1162229979954499
1.1204813965453335
1.1244723967983656
1.1281914314524688
1.1316343254192553
1.1347972820273431
1.1376768703669882
1.1402700137678026
1.1425739793989778
1.1445863689800362
1.1463051105895190
1.1477284515590669
1.1488549524409495
1.1496834820381452
1.1502132134874596
1.1504436213878619
1.1503744799681175
1.1500058622898284
1.1493381404841536
1.1483719870226383
1.1471083770247794
1.1455485916070240
1.1436942222799096
1.1415471764018299
