1.0000000000155229
1.0000000000155660
1.0000000000155871
1.0000000000155858
1.0000000000155627
1.0000000000155183
1.0000000000154523
1.0000000000153648
1.0000000000152562
1.0000000000151277
1.0000000000149800
1.0000000000148139
1.0000000000146305
1.0000000000144296
1.0000000000142113
1.0000000000139755
1.0000000000137226
1.0000000000134535
1.0000000000131688
1.0000000000128701
1.0000000000125586
1.0000000000122351
1.0000000000119005
1.0000000000115556
1.0000000000112004
1.0000000000108360
1.0000000000104639
1.0000000000100846
1.0000000000096996
1.0000000000093099
1.0000000000089155
1.0000000000085181
1.0000000000081186
1.0000000000077176
1.0000000000073155
1.0000000000069127
1.0000000000065106
1.0000000000061104
1.0000000000057132
1.0000000000053191
1.0000000000049281
1.0000000000045406
1.0000000000041560
1.0000000000037750
1.0000000000033997
1.0000000000030318
1.0000000000026725
1.0000000000023235
1.0000000000019871
1.0000000000016636
1.0000000000013534
1.0000000000010567
1.0000000000007723
1.0000000000005000
1.0000000000002398
0.9999999999999939
0.9999999999997637
0.9999999999995484
0.9999999999993479
0.9999999999991612
0.9999999999989884
0.9999999999988290
0.9999999999986834
0.9999999999985536
0.9999999999984408
0.9999999999983451
0.9999999999982665
0.9999999999982049
0.9999999999981600
0.9999999999981301
0.9999999999981138
0.9999999999981103
0.9999999999981203
0.9999999999981432
0.9999999999981785
0.9999999999982254
0.9999999999982853
0.9999999999983581
0.9999999999984429
0.9999999999985383
0.9999999999986429
0.9999999999987559
0.9999999999988772
0.9999999999990069
0.9999999999991436
0.9999999999992862
0.9999999999994343
0.9999999999995873
0.9999999999997456
0.9999999999999082
1.0000000000000748
1.0000000000002440
1.0000000000004150
1.0000000000005873
1.0000000000007603
1.0000000000009333
1.0000000000011060
1.0000000000012779
1.0000000000014471
1.0000000000016132
1.0000000000017746
1.0000000000019309
1.0000000000020817
1.0000000000022278
1.0000000000023679
1.0000000000025020
1.0000000000026290
1.0000000000027474
1.0000000000028548
1.0000000000029512
1.0000000000030362
1.0000000000031108
1.0000000000031746
1.0000000000032274
1.0000000000032698
1.0000000000033014
1.0000000000033220
1.0000000000033324
1.0000000000033344
1.0000000000033284
1.0000000000033136
1.0000000000032896
1.0000000000032567
1.0000000000032145
1.0000000000031626
1.0000000000031015
1.0000000000030314
1.0000000000029523
1.0000000000028635
1.0000000000027645
1.0000000000026548
1.0000000000025353
1.0000000000024070
1.0000000000022693
1.0000000000021221
1.0000000000019647
1.0000000000017968
1.0000000000016183
1.0000000000014306
1.0000000000012348
1.0000000000010312
1.0000000000008207
1.0000000000006042
1.0000000000003810
1.0000000000001525
0.9999999999999182
0.9999999999996786
0.9999999999994358
0.9999999999991903
0.9999999999989433
0.9999999999986940
0.9999999999984421
0.9999999999981870
0.9999999999979288
0.9999999999976676
0.9999999999974044
0.9999999999971401
0.9999999999968753
0.9999999999966118
0.9999999999963518
0.9999999999960977
0.9999999999958497
0.9999999999956072
0.9999999999953706
0.9999999999951413
0.9999999999949215
0.9999999999947111
0.9999999999945106
0.9999999999943207
0.9999999999941422
0.9999999999939760
0.9999999999938217
0.9999999999936788
0.9999999999935471
0.9999999999934264
0.9999999999933171
0.9999999999932190
0.9999999999931323
0.9999999999930579
0.9999999999929964
0.9999999999929486
0.9999999999929158
0.9999999999928988
0.9999999999928978
0.9999999999929127
0.9999999999929424
0.9999999999929867
0.9999999999930449
0.9999999999931178
0.9999999999932055
0.9999999999933080
0.9999999999934251
0.9999999999935569
0.9999999999937031
0.9999999999938639
0.9999999999940387
0.9999999999942267
0.9999999999944288
0.9999999999946462
0.9999999999948797
0.9999999999951292
0.9999999999953947
0.9999999999956759
0.9999999999959737
0.9999999999962876
0.9999999999966173
0.9999999999969617
0.9999999999973188
0.9999999999976883
0.9999999999980693
0.9999999999984609
0.9999999999988634
0.9999999999992770
0.9999999999997027
1.0000000000001408
1.0000000000005900
1.0000000000010496
1.0000000000015172
1.0000000000019911
1.0000000000024691
1.0000000000029503
1.0000000000034330
1.0000000000039155
1.0000000000043969
1.0000000000048765
1.0000000000053533
1.0000000000058269
1.0000000000062967
1.0000000000067628
1.0000000000072253
1.0000000000076839
1.0000000000081362
1.0000000000085818
1.0000000000090197
1.0000000000094484
1.0000000000098677
1.0000000000102767
1.0000000000106761
1.0000000000110663
1.0000000000114464
1.0000000000118154
1.0000000000121718
1.0000000000125140
1.0000000000128402
1.0000000000131499
1.0000000000134426
1.0000000000137179
1.0000000000139766
1.0000000000142182
1.0000000000144416
1.0000000000146461
1.0000000000148310
1.0000000000149962
1.0000000000151419
1.0000000000152676
1.0000000000153733
1.0000000000154583
1.0000000000155229
1.0000000000155660
1.0000000000155871
1.0000000000155858
