1.0002019640857691
1.0001994180711800
1.0001963968058076
1.0001929075238680
1.0001889585765806
1.0001845594122689
1.0001797205538465
1.0001744535737431
1.0001687710663292
1.0001626866179045
1.0001562147743184
1.0001493710062994
1.0001421716725816
1.0001346339809076
1.0001267759470036
1.0001186163516200
1.0001101746957484
1.0001014711541092
1.0000925265270277
1.0000833621908105
1.0000740000467390
1.0000644624688018
1.0000547722502890
1.0000449525493793
1.0000350268338434
1.0000250188250011
1.0000149524410626
1.0000048517399855
0.9999947408619928
0.9999846439718776
0.9999745852012432
0.9999645885908104
0.9999546780329326
0.9999448772144542
0.9999352095600507
0.9999256981761850
0.9999163657958159
0.9999072347239906
0.9998983267844546
0.9998896632674018
0.9998812648784974
0.9998731516892897
0.9998653430891362
0.9998578577387561
0.9998507135255207
0.9998439275205918
0.9998375159380115
0.9998314940958432
0.9998258763794560
0.9998206762070401
0.9998159059974399
0.9998115771403815
0.9998076999691654
0.9998042837358923
0.9998013365892789
0.9997988655551230
0.9997968765194605
0.9997953742144579
0.9997943622070719
0.9997938428905054
0.9997938174784825
0.9997942860023544
0.9997952473110393
0.9997966990738020
0.9997986377858648
0.9998010587768376
0.9998039562219457
0.9998073231560241
0.9998111514902491
0.9998154320315658
0.9998201545047625
0.9998253075771409
0.9998308788857198
0.9998368550669069
0.9998432217885701
0.9998499637844278
0.9998570648906732
0.9998645080847458
0.9998722755261593
0.9998803485992823
0.9998887079579700
0.9998973335719407
0.9999062047747820
0.9999153003134760
0.9999245983993199
0.9999340767601211
0.9999437126935395
0.9999534831214502
0.9999633646451968
0.9999733336015990
0.9999833661195855
0.9999934381773118
1.0000035256596269
1.0000136044157537
1.0000236503170425
1.0000336393146605
1.0000435474970777
1.0000533511472183
1.0000630267991324
1.0000725512940585
1.0000819018357412
1.0000910560448730
1.0000999920125335
1.0001086883524954
1.0001171242522715
1.0001252795227873
1.0001331346465565
1.0001406708242495
1.0001478700195374
1.0001547150021164
1.0001611893887974
1.0001672776825783
1.0001729653095914
1.0001782386538520
1.0001830850897184
1.0001874930119905
1.0001914518635706
1.0001949521606275
1.0001979855152019
1.0002005446552014
1.0002026234417338
1.0002042168837422
1.0002053211499049
1.0002059335777747
1.0002060526801326
1.0002056781485462
1.0002048108541175
1.0002034528454229
1.0002016073436468
1.0001992787349279
1.0001964725599266
1.0001931955006442
1.0001894553645221
1.0001852610658606
1.0001806226045982
1.0001755510425052
1.0001700584768438
1.0001641580115608
1.0001578637260746
1.0001511906417369
1.0001441546860443
1.0001367726546870
1.0001290621715189
1.0001210416465498
1.0001127302320572
1.0001041477769201
1.0000953147792839
1.0000862523376683
1.0000769821006330
1.0000675262151237
1.0000579072736171
1.0000481482601942
1.0000382724956669
1.0000283035818898
1.0000182653453900
1.0000081817804489
0.9999980769917729
0.9999879751368875
0.9999779003683928
0.9999678767762211
0.9999579283300296
0.9999480788218750
0.9999383518092937
0.9999287705589355
0.9999193579908831
0.9999101366237890
0.9999011285209642
0.9998923552375470
0.9998838377688770
0.9998755965002022
0.9998676511578375
0.9998600207618944
0.9998527235806957
0.9998457770869826
0.9998391979160248
0.9998330018257300
0.9998272036588527
0.9998218173073902
0.9998168556792553
0.9998123306673056
0.9998082531208048
0.9998046328193824
0.9998014784495586
0.9997987975838882
0.9997965966627750
0.9997948809790049
0.9997936546650295
0.9997929206830335
0.9997926808178091
0.9997929356724553
0.9997936846669125
0.9997949260393396
0.9997966568503216
0.9997988729899052
0.9998015691874453
0.9998047390242317
0.9998083749488718
0.9998124682953879
0.9998170093039934
0.9998219871444834
0.9998273899421969
0.9998332048064773
0.9998394178615689
0.9998460142798726
0.9998529783174782
0.9998602933518901
0.9998679419218540
0.9998759057691896
0.9998841658825252
0.9998927025428310
0.9999014953706423
0.9999105233748540
0.9999197650029764
0.9999291981927209
0.9999388004248019
0.9999485487768209
0.9999584199781067
0.9999683904653784
0.9999784364390980
0.9999885339203792
0.9999986588083106
1.0000087869375598
1.0000188941361234
1.0000289562830813
1.0000389493662167
1.0000488495393658
1.0000586331793617
1.0000682769424321
1.0000777578199198
1.0000870531931940
1.0000961408876199
1.0001049992254580
1.0001136070775729
1.0001219439138187
1.0001299898519933
1.0001377257052351
1.0001451330277547
1.0001521941587945
1.0001588922647111
1.0001652113790820
1.0001711364407371
1.0001766533296292
1.0001817489004590
1.0001864110139738
1.0001906285658684
1.0001943915132161
1.0001976908983716
1.0002005188702885
1.0002028687031970
1.0002047348126020
1.0002061127685664
1.0002069993062437
1.0002073923336348
1.0002072909365556
1.0002066953807975
1.0002056071114815
1.0002040287496008
1.0002019640857691
1.0001994180711800
1.0001963968058076
1.0001929075238680
