1.0114925475801115
1.0113487941100134
1.0111782685061681
1.0109813571672754
1.0107585066084157
1.0105102226158962
1.0102370692855489
1.0099396679446591
1.0096186959577891
1.0092748854168443
1.0089090217158359
1.0085219420109153
1.0081145335664041
1.0076877319877082
1.0072425193421901
1.0067799221692859
1.0063010093813813
1.0058068900572301
1.0052987111299614
1.0047776549720391
1.0042449368798594
1.0037018024610100
1.0031495249276032
1.0025894022994657
1.0020227545213904
1.0014509204990620
1.0008752550587199
1.0002971258360631
0.9997179101003525
0.9991389915201448
0.9985617568775367
0.9979875927382669
0.9974178820854795
0.9968540009253931
0.9962973148735498
0.9957491757307277
0.9952109180579860
0.9946838557606605
0.9941692786914615
0.9936684492830992
0.9931825992210997
0.9927129261676714
0.9922605905476174
0.9918267124073771
0.9914123683582978
0.9910185886152030
0.9906463541412200
0.9902965939096576
0.9899701822934898
0.9896679365926858
0.9893906147092585
0.9891389129794570
0.9889134641720174
0.9887148356608069
0.9885435277795596
0.9883999723657145
0.9882845314996116
0.9881974964445064
0.9881390867920244
0.9881094498168086
0.9881086600431933
0.9881367190258279
0.9881935553452122
0.9882790248181718
0.9883929109223366
0.9885349254327552
0.9887047092678365
0.9889018335409158
0.9891258008128507
0.9893760465402339
0.9896519407129855
0.9899527896743602
0.9902778381156896
0.9906262712375541
0.9909972170684894
0.9913897489318240
0.9918028880508027
0.9922356062817580
0.9926868289647885
0.9931554378811649
0.9936402743065018
0.9941401421486381
0.9946538111591140
0.9951800202071686
0.9957174806052512
0.9962648794751855
0.9968208831443064
0.9973841405611330
0.9979532867204151
0.9985269460877209
0.9991037360140793
0.9996822701315677
1.0002611617211647
1.0008390270445948
1.0014144886323462
1.0019861785204889
1.0025527414293929
1.0031128378778988
1.0036651472269573
1.0042083706472118
1.0047412340054516
1.0052624906652876
1.0057709241978392
1.0062653509986248
1.0067446228072336
1.0072076291267269
1.0076532995400747
1.0080806059212524
1.0084885645389263
1.0088762380509460
1.0092427373881048
1.0095872235258831
1.0099089091430817
1.0102070601664475
1.0104809972005695
1.0107300968424549
1.0109537928803269
1.0111515773762898
1.0113230016325998
1.0114676770413495
1.0115852758174286
1.0116755316146711
1.0117382400251325
1.0117732589614679
1.0117805089223857
1.0117599731411711
1.0117116976172735
1.0116357910309615
1.0115324245410366
1.0114018314656188
1.0112443068460046
1.0110602068936290
1.0108499483201672
1.0106140075508481
1.0103529198210788
1.0100672781565467
1.0097577322370146
1.0094249871441114
1.0090698019935191
1.0086929884520655
1.0082954091403691
1.0078779759218426
1.0074416480790322
1.0069874303784683
1.0065163710254326
1.0060295595102857
1.0055281243482626
1.0050132307149484
1.0044860779799556
1.0039478971416536
1.0033999481661775
1.0028435172343046
1.0022799139002019
1.0017104681664477
1.0011365274801751
1.0005594536556184
0.9999806197288013
0.9994014067505652
0.9988232005245934
0.9982473882975613
0.9976753554089864
0.9971084819088158
0.9965481391512122
0.9959956863734314
0.9954524672690775
0.9949198065653876
0.9943990066145447
0.9938913440093143
0.9933980662335651
0.9929203883584490
0.9924594897951782
0.9920165111154492
0.9915925509506245
0.9911886629807661
0.9908058530245508
0.9904450762409541
0.9901072344533863
0.9897931736066977
0.9895036813671160
0.9892394848747765
0.9890012486580203
0.9887895727180984
0.9886049907923057
0.9884479688029028
0.9883189034984671
0.9882181212935298
0.9881458773115465
0.9881023546353838
0.9880876637686190
0.9881018423100282
0.9881448548426953
0.9882165930382399
0.9883168759756961
0.9884454506736351
0.9886019928331826
0.9887861077886623
0.9889973316617096
0.9892351327138320
0.9894989128915812
0.9897880095577194
0.9901016974010437
0.9904391905168594
0.9907996446494867
0.9911821595876360
0.9915857817030118
0.9920095066220836
0.9924522820206227
0.9929130105303303
0.9933905527466691
0.9938837303268790
0.9943913291670792
0.9949121026473494
0.9954447749337368
0.9959880443262489
0.9965405866420490
0.9971010586232892
0.9976681013592799
0.9982403437129881
0.9988164057422009
0.9993949021060550
0.9999744454480408
1.0005536497469913
1.0011311336280186
1.0017055236258026
1.0022754573930979
1.0028395868477837
1.0033965812522505
1.0039451302193685
1.0044839466397459
1.0050117695254241
1.0055273667655837
1.0060295377902528
1.0065171161384205
1.0069889719273186
1.0074440142200085
1.0078811932887428
1.0082995027718880
1.0086979817224893
1.0090757165468234
1.0094318428315334
1.0097655470581686
1.0100760682041370
1.0103626992292687
1.0106247884473389
1.0108617407820373
1.0110730189069801
1.0112581442694637
1.0114166979977355
1.0115483216916259
1.0116527180964354
1.0117296516600049
1.0117789489729287
1.0118004990918876
1.0117942537460922
1.0117602274268360
1.0116984973601566
1.0116092033626023
1.0114925475801115
1.0113487941100134
1.0111782685061681
1.0109813571672754
