1.0000001135635184
1.0000001122426996
1.0000001106615934
1.0000001088240946
1.0000001067347055
1.0000001043985245
1.0000001018212361
1.0000000990090951
1.0000000959689139
1.0000000927080441
1.0000000892343597
1.0000000855562372
1.0000000816825374
1.0000000776225832
1.0000000733861372
1.0000000689833779
1.0000000644248774
1.0000000597215735
1.0000000548847447
1.0000000499259845
1.0000000448571700
1.0000000396904374
1.0000000344381503
1.0000000291128730
1.0000000237273381
1.0000000182944160
1.0000000128270863
1.0000000073384039
1.0000000018414696
0.9999999963493980
0.9999999908752861
0.9999999854321829
0.9999999800330585
0.9999999746907721
0.9999999694180418
0.9999999642274130
0.9999999591312296
0.9999999541416033
0.9999999492703867
0.9999999445291443
0.9999999399291252
0.9999999354812362
0.9999999311960162
0.9999999270836083
0.9999999231537384
0.9999999194156914
0.9999999158782882
0.9999999125498654
0.9999999094382572
0.9999999065507746
0.9999999038941867
0.9999999014747074
0.9999998992979769
0.9999998973690520
0.9999998956923934
0.9999998942718549
0.9999998931106731
0.9999998922114605
0.9999998915762014
0.9999998912062434
0.9999998911022966
0.9999998912644305
0.9999998916920768
0.9999998923840300
0.9999998933384470
0.9999998945528564
0.9999998960241619
0.9999998977486504
0.9999998997220022
0.9999999019392980
0.9999999043950329
0.9999999070831291
0.9999999099969519
0.9999999131293260
0.9999999164725507
0.9999999200184198
0.9999999237582411
0.9999999276828569
0.9999999317826661
0.9999999360476461
0.9999999404673788
0.9999999450310739
0.9999999497275973
0.9999999545454963
0.9999999594730273
0.9999999644981842
0.9999999696087273
0.9999999747922135
0.9999999800360239
0.9999999853273956
0.9999999906534526
0.9999999960012353
1.0000000013577339
1.0000000067099171
1.0000000120447656
1.0000000173493002
1.0000000226106172
1.0000000278159173
1.0000000329525354
1.0000000380079717
1.0000000429699223
1.0000000478263080
1.0000000525653046
1.0000000571753702
1.0000000616452722
1.0000000659641153
1.0000000701213672
1.0000000741068842
1.0000000779109355
1.0000000815242276
1.0000000849379245
1.0000000881436706
1.0000000911336107
1.0000000939004072
1.0000000964372611
1.0000000987379267
1.0000001007967256
1.0000001026085605
1.0000001041689282
1.0000001054739296
1.0000001065202793
1.0000001073053157
1.0000001078270069
1.0000001080839533
1.0000001080753913
1.0000001078011975
1.0000001072618867
1.0000001064586121
1.0000001053931633
1.0000001040679600
1.0000001024860468
1.0000001006510864
1.0000000985673521
1.0000000962397182
1.0000000936736466
1.0000000908751749
1.0000000878509017
1.0000000846079704
1.0000000811540504
1.0000000774973217
1.0000000736464532
1.0000000696105842
1.0000000653993011
1.0000000610226132
1.0000000564909322
1.0000000518150465
1.0000000470060946
1.0000000420755384
1.0000000370351367
1.0000000318969169
1.0000000266731439
1.0000000213762927
1.0000000160190174
1.0000000106141238
1.0000000051745381
0.9999999997132747
0.9999999942434050
0.9999999887780264
0.9999999833302303
0.9999999779130717
0.9999999725395389
0.9999999672225213
0.9999999619747781
0.9999999568089087
0.9999999517373227
0.9999999467722080
0.9999999419255042
0.9999999372088736
0.9999999326336717
0.9999999282109217
0.9999999239512873
0.9999999198650472
0.9999999159620702
0.9999999122517920
0.9999999087431936
0.9999999054447798
0.9999999023645576
0.9999998995100162
0.9999998968881102
0.9999998945052414
0.9999998923672456
0.9999998904793778
0.9999998888462988
0.9999998874720648
0.9999998863601186
0.9999998855132787
0.9999998849337334
0.9999998846230359
0.9999998845821008
0.9999998848112018
0.9999998853099711
0.9999998860773994
0.9999998871118383
0.9999998884110042
0.9999998899719841
0.9999998917912408
0.9999998938646237
0.9999998961873763
0.9999998987541495
0.9999999015590146
0.9999999045954749
0.9999999078564810
0.9999999113344497
0.9999999150212818
0.9999999189083801
0.9999999229866704
0.9999999272466227
0.9999999316782748
0.9999999362712547
0.9999999410148065
0.9999999458978163
0.9999999509088383
0.9999999560361201
0.9999999612676331
0.9999999665910985
0.9999999719940180
0.9999999774637057
0.9999999829873155
0.9999999885518727
0.9999999941443043
0.9999999997514704
1.0000000053601952
1.0000000109572977
1.0000000165296250
1.0000000220640819
1.0000000275476633
1.0000000329674845
1.0000000383108119
1.0000000435650931
1.0000000487179870
1.0000000537573930
1.0000000586714792
1.0000000634487114
1.0000000680778813
1.0000000725481339
1.0000000768489909
1.0000000809703764
1.0000000849026398
1.0000000886365790
1.0000000921634655
1.0000000954750641
1.0000000985636501
1.0000001014220288
1.0000001040435527
1.0000001064221360
1.0000001085522707
1.0000001104290390
1.0000001120481261
1.0000001134058287
1.0000001144990645
1.0000001153253792
1.0000001158829530
1.0000001161706036
1.0000001161877889
1.0000001159346097
1.0000001154118097
1.0000001146207724
1.0000001135635184
1.0000001122426996
1.0000001106615934
1.0000001088240946
