1.0011477725938709
1.0011332707038449
1.0011160675654194
1.0010962041425115
1.0010737277255664
1.0010486918208605
1.0010211560252107
1.0009911858863640
1.0009588527493745
1.0009242335893034
1.0008874108306116
1.0008484721536495
1.0008075102886633
1.0007646227977827
1.0007199118454762
1.0006734839579854
1.0006254497722824
1.0005759237751064
1.0005250240326833
1.0004728719117331
1.0004195917924024
1.0003653107737787
1.0003101583726657
1.0002542662163119
1.0001977677298088
1.0001407978188808
1.0000834925488109
1.0000259888202598
0.9999684240427346
0.9999109358064886
0.9998536615536304
0.9997967382492240
0.9997403020531735
0.9996844879936848
0.9996294296430909
0.9995752587968323
0.9995221051563755
0.9994700960168452
0.9994193559601396
0.9993700065542900
0.9993221660598073
0.9992759491437512
0.9992314666022318
0.9991888250920439
0.9991481268721032
0.9991094695553479
0.9990729458717236
0.9990386434428622
0.9990066445690228
0.9989770260288415
0.9989498588924038
0.9989252083481173
0.9989031335438322
0.9988836874426210
0.9988669166935835
0.9988528615180176
0.9988415556112479
0.9988330260603707
0.9988272932781220
0.9988243709530461
0.9988242660160941
0.9988269786237345
0.9988325021576260
0.9988408232408484
0.9988519217706530
0.9988657709676436
0.9988823374412656
0.9989015812714274
0.9989234561060444
0.9989479092742526
0.9989748819149974
0.9990043091206663
0.9990361200953933
0.9990702383276293
0.9991065817765294
0.9991450630716812
0.9991855897256643
0.9992280643588950
0.9992723849361838
0.9993184450144047
0.9993661340006502
0.9994153374202165
0.9994659371937465
0.9995178119228357
0.9995708371833851
0.9996248858259714
0.9996798282824904
0.9997355328783126
0.9997918661491834
0.9998486931620896
0.9999058778393146
0.9999632832848833
1.0000207721126173
1.0000782067750029
1.0001354498920829
1.0001923645795865
1.0002488147755160
1.0003046655644197
1.0003597834985800
1.0004140369153707
1.0004672962500332
1.0005194343431489
1.0005703267420889
1.0006198519957521
1.0006678919419119
1.0007143319865097
1.0007590613742658
1.0008019734499862
1.0008429659099778
1.0008819410430034
1.0009188059602381
1.0009534728137082
1.0009858590027287
1.0010158873678792
1.0010434863720863
1.0010685902684147
1.0010911392541950
1.0011110796111500
1.0011283638312114
1.0011429507277514
1.0011548055319832
1.0011638999743258
1.0011702123505513
1.0011737275725694
1.0011744372037443
1.0011723394786596
1.0011674393072922
1.0011597482635886
1.0011492845584626
1.0011360729972787
1.0011201449219072
1.0011015381374850
1.0010802968240344
1.0010564714331367
1.0010301185698871
1.0010013008603871
1.0009700868050639
1.0009365506181440
1.0009007720536287
1.0008628362181595
1.0008228333711855
1.0007808587128815
1.0007370121602792
1.0006913981121244
1.0006441252029752
1.0005953060471029
1.0005450569727721
1.0004934977474977
1.0004407512949101
1.0003869434038699
1.0003322024305010
1.0002766589938319
1.0002204456657457
1.0001636966559599
1.0001065474927684
1.0000491347002964
0.9999915954730287
0.9999340673483780
0.9998766878780714
0.9998195942991391
0.9997629232052950
0.9997068102194973
0.9996513896684804
0.9995967942600511
0.9995431547639286
0.9994905996969188
0.9994392550131879
0.9993892438004038
0.9993406859824981
0.9992936980297852
0.9992483926771656
0.9992048786511150
0.9991632604061454
0.9991236378714100
0.9990861062080838
0.9990507555781385
0.9990176709251041
0.9989869317673713
0.9989586120045668
0.9989327797374978
0.9989094971021276
0.9988888201180101
0.9988707985515729
0.9988554757946085
0.9988428887582806
0.9988330677829249
0.9988260365638786
0.9988218120935286
0.9988204046197331
0.9988218176207210
0.9988260477965367
0.9988330850770512
0.9988429126465191
0.9988555069846194
0.9988708379238697
0.9988888687232681
0.9989095561579695
0.9989328506247647
0.9989586962630860
0.9989870310912303
0.9990177871574434
0.9990508907054769
0.9990862623541934
0.9991238172907562
0.9991634654769055
0.9992051118677988
0.9992486566428525
0.9992939954480000
0.9993410196487509
0.9993896165934077
0.9994396698857826
0.9994910596667231
0.9995436629037449
0.9995973536880475
0.9996520035381755
0.9997074817095727
0.9997636555092630
0.9998203906148884
0.9998775513973219
0.9999350012460690
0.9999926028966686
1.0000502187593014
1.0001077112478152
1.0001649431083799
1.0002217777469864
1.0002780795550166
1.0003337142321089
1.0003885491055629
1.0004424534455347
1.0004952987752869
1.0005469591757692
1.0005973115838316
1.0006462360833801
1.0006936161888074
1.0007393391200508
1.0007832960686520
1.0008253824542164
1.0008654981706893
1.0009035478218995
1.0009394409458419
1.0009730922271949
1.0010044216976017
1.0010333549232711
1.0010598231794801
1.0010837636115957
1.0011051193822587
1.0011238398044100
1.0011398804598617
1.0011532033031598
1.0011637767505071
1.0011715757535535
1.0011765818578955
1.0011787832461538
1.0011781747655368
1.0011747579398336
1.0011685409658018
1.0011595386939669
1.0011477725938709
1.0011332707038449
1.0011160675654194
1.0010962041425115
