1.0090597936613876
1.0089461583036043
1.0088113643838426
1.0086557209023856
1.0084795848496639
1.0082833604933474
1.0080674985682145
1.0078324953693680
1.0075788917494686
1.0073072720207665
1.0070182627628250
1.0067125315369707
1.0063907855086496
1.0060537699790162
1.0057022668272659
1.0053370928653858
1.0049590981072147
1.0045691639538985
1.0041682012980575
1.0037571485492081
1.0033369695832439
1.0029086516190238
1.0024732030253862
1.0020316510621987
1.0015850395593182
1.0011344265376503
1.0006808817767765
1.0002254843339276
0.9997693200193755
0.9993134788336221
0.9988590523720533
0.9984071312030227
0.9979588022256032
0.9975151460135159
0.9970772341520067
0.9966461265746717
0.9962228689074493
0.9958084898271994
0.9954039984424592
0.9950103817040984
0.9946286018537140
0.9942595939176820
0.9939042632548204
0.9935634831656277
0.9932380925710173
0.9929288937684053
0.9926366502728778
0.9923620847510040
0.9921058770546686
0.9918686623620359
0.9916510294324709
0.9914535189819134
0.9912766221848165
0.9911207793083617
0.9909863784841939
0.9908737546224526
0.9907831884723370
0.9907149058329097
0.9906690769172581
0.9906458158725514
0.9906451804579055
0.9906671718813436
0.9907117347965105
0.9907787574591556
0.9908680720427531
0.9909794551119985
0.9911126282522902
0.9912672588526963
0.9914429610392989
0.9916392967552458
0.9918557769832855
0.9920918631060400
0.9923469683987797
0.9926204596490206
0.9929116588968410
0.9932198452894387
0.9935442570431148
0.9938840935055816
0.9942385173112378
0.9946066566218447
0.9949876074448839
0.9953804360217454
0.9957841812778288
0.9961978573265915
0.9966204560195836
0.9970509495345554
0.9974882929937924
0.9979314271049463
0.9983792808167641
0.9988307739822913
0.9992848200223207
0.9997403285820686
1.0001962081743072
1.0006513688024243
1.0011047245571612
1.0015551961810496
1.0020017135948704
1.0024432183807448
1.0028786662167593
1.0033070292583477
1.0037272984619343
1.0041384858466464
1.0045396266902000
1.0049297816553460
1.0053080388435367
1.0056735157727557
1.0060253612766943
1.0063627573227238
1.0066849207463326
1.0069911048999327
1.0072806012141369
1.0075527406698221
1.0078068951794612
1.0080424788763842
1.0082589493107863
1.0084558085514455
1.0086326041922407
1.0087889302626916
1.0089244280418419
1.0090387867749098
1.0091317442922287
1.0092030875300748
1.0092526529530577
1.0092803268778219
1.0092860456978625
1.0092697960093300
1.0092316146377505
1.0091715885656483
1.0090898547611045
1.0089865999073546
1.0088620600335783
1.0087165200470987
1.0085503131672813
1.0083638202614795
1.0081574690834731
1.0079317334149163
1.0076871321104086
1.0074242280469223
1.0071436269784155
1.0068459762965958
1.0065319636989432
1.0062023157652367
1.0058577964440090
1.0054992054505161
1.0051273765780089
1.0047431759242926
1.0043475000357718
1.0039412739714162
1.0035254492893175
1.0031010019587654
1.0026689302010270
1.0022302522622952
1.0017860041225515
1.0013372371443747
1.0008850156660278
1.0004304145434495
0.9999745166460792
0.9995184103117450
0.9990631867661421
0.9986099375127219
0.9981597516990988
0.9977137134663578
0.9972728992879019
0.9968383753047338
0.9964111946642961
0.9959923948701869
0.9955829951502664
0.9951839938508181
0.9947963658645576
0.9944210601003677
0.9940589970027149
0.9937110661287051
0.9933781237907358
0.9930609907726404
0.9927604501271211
0.9924772450621288
0.9922120769236673
0.9919656032822685
0.9917384361301155
0.9915311401954833
0.9913442313808016
0.9911781753302631
0.9910333861324532
0.9909102251630203
0.9908090000718868
0.9907299639189823
0.9906733144619086
0.9906391935983690
0.9906276869655767
0.9906388236982516
0.9906725763461690
0.9907288609515924
0.9908075372862843
0.9909084092471357
0.9910312254088393
0.9911756797313972
0.9913414124196550
0.9915280109314635
0.9917350111305144
0.9919618985793595
0.9922081099676026
0.9924730346698103
0.9927560164272302
0.9930563551470163
0.9933733088123106
0.9937060954962113
0.9940538954723844
0.9944158534148491
0.9947910806792859
0.9951786576580752
0.9955776362011718
0.9959870420948617
0.9964058775904384
0.9968331239748506
0.9972677441754355
0.9977086853909433
0.9981548817411847
0.9986052569277878
0.9990587268987320
0.9995142025095363
0.9999705921741996
1.0004268044992426
1.0008817508944690
1.0013343481543271
1.0017835210040433
1.0022282046049928
1.0026673470140706
1.0030999115921215
1.0035248793568030
1.0039412512755335
1.0043480504944877
1.0047443244998862
1.0051291472081108
1.0055016209814478
1.0058608785665277
1.0062060849527843
1.0065364391484906
1.0068511758721699
1.0071495671573867
1.0074309238691315
1.0076945971302003
1.0079399796561488
1.0081665069975634
1.0083736586885410
1.0085609593004183
1.0087279793998956
1.0088743364108450
1.0089996953791742
1.0091037696402181
1.0091863213882293
1.0092471621476031
1.0092861531455515
1.0093032055860067
1.0092982808245954
1.0092713904445858
1.0092225962337651
1.0091520100622628
1.0090597936613876
1.0089461583036043
1.0088113643838426
1.0086557209023856
