1.0228517832078374
1.0225696835196616
1.0222349834121172
1.0218484009151743
1.0214107666740979
1.0209230227745760
1.0203862213956811
1.0198015232870661
1.0191701960664881
1.0184936123334953
1.0177732475949024
1.0170106779975225
1.0162075778635444
1.0153657170239101
1.0144869579451044
1.0135732526449019
1.0126266393928267
1.0116492391913878
1.0106432520345516
1.0096109529404107
1.0085546877556124
1.0074768687298099
1.0063799698592200
1.0052665219992956
1.0041391077475579
1.0030003560987737
1.0018529368759210
1.0006995549417470
0.9995429441971734
0.9983858613743626
0.9972310796338889
0.9960813819771736
0.9949395544871040
0.9938083794115975
0.9926906281066985
0.9915890538576794
0.9905063845984721
0.9894453155515841
0.9884085018124407
0.9873985509038004
0.9864180153275010
0.9854693851422753
0.9845550805977140
0.9836774448556078
0.9828387368308599
0.9820411241849067
0.9812866765050573
0.9805773587034069
0.9799150246689112
0.9793014112058744
0.9787381322914398
0.9782266736837220
0.9777683879109454
0.9773644896703730
0.9770160516639327
0.9767240008952879
0.9764891154506591
0.9763120217830273
0.9761931925164576
0.9761329447841711
0.9761314391107594
0.9761886788455643
0.9763045101507892
0.9764786225444226
0.9767105499945524
0.9769996725582053
0.9773452185544675
0.9777462672583872
0.9782017520990611
0.9787104643423983
0.9792710572363620
0.9798820505940504
0.9805418357877975
0.9812486811255768
0.9820007375794176
0.9827960448342405
0.9836325376245570
0.9845080523258077
0.9854203337667484
0.9863670422292422
0.9873457606020111
0.9883540016553968
0.9893892154048957
0.9904487965321889
0.9915300918335335
0.9926304076667134
0.9937470173692229
0.9948771686219624
0.9960180907344270
0.9971670018291505
0.9983211159049954
0.9994776497607419
1.0006338297622934
1.0017868984386660
1.0029341208937499
1.0040727910226175
1.0052002375228486
1.0063138296929925
1.0074109830118414
1.0084891644936522
1.0095458978158114
1.0105787682166962
1.0115854271626470
1.0125635967839917
1.0135110740810021
1.0144257349014811
1.0153055376923841
1.0161485270284913
1.0169528369216470
1.0177166939144857
1.0184384199628722
1.0191164351115041
1.0197492599672573
1.0203355179749098
1.0208739374998639
1.0213633537223936
1.0218027103478022
1.0221910611366563
1.0225275712590134
1.0228115184762534
1.0230422941537745
1.0232194041074374
1.0233424692862272
1.0234112262931661
1.0234255277460509
1.0233853424791208
1.0232907555862722
1.0231419683059531
1.0229392977473710
1.0226831764571687
1.0223741518252347
1.0220128853278585
1.0216001516059827
1.0211368373758847
1.0206239401692225
1.0200625668990027
1.0194539322477167
1.0187993568735949
1.0181002654307003
1.0173581843983976
1.0165747397156122
1.0157516542152356
1.0148907448540567
1.0139939197336763
1.0130631749080481
1.0121005909735357
1.0111083294377397
1.0100886288637902
1.0090438007873548
1.0079762254042612
1.0068883470274010
1.0057826693124443
1.0046617502528863
1.0035281969460335
1.0023846601327384
1.0012338285150004
1.0000784228569592
0.9989211898763223
0.9977648959348522
0.9966123205382231
0.9954662496572974
0.9943294688846754
0.9932047564422110
0.9920948760570432
0.9910025697255667
0.9899305503866082
0.9888814945268934
0.9878580347436339
0.9868627522907248
0.9858981696365992
0.9849667430631931
0.9840708553367290
0.9832128084820806
0.9823948166933399
0.9816189994138181
0.9808873746190712
0.9802018523366267
0.9795642284358962
0.9789761787212419
0.9784392533603711
0.9779548716791103
0.9775243173521767
0.9771487340178374
0.9768291213423208
0.9765663315575359
0.9763610664930977
0.9762138751208506
0.9761251516270878
0.9760951340244793
0.9761239033124058
0.9762113831909801
0.9763573403305544
0.9765613851950165
0.9768229734136886
0.9771414076932294
0.9775158402576134
0.9779452758010856
0.9784285749359765
0.9789644581144555
0.9795515100007419
0.9801881842679657
0.9808728087918420
0.9816035912115904
0.9823786248270790
0.9831958948000529
0.9840532846264913
0.9849485828466267
0.9858794899589426
0.9868436255045635
0.9878385352887816
0.9888616987070924
0.9899105361439360
0.9909824164134143
0.9920746642124912
0.9931845675585844
0.9943093851850184
0.9954463538694577
0.9965926956721893
0.9977456250629346
0.9989023559167187
1.0000601083611891
1.0012161154596435
1.0023676297158670
1.0035119293886734
1.0046463246057991
1.0057681632684694
1.0068748367395648
1.0079637853098122
1.0090325034378527
1.0100785447613370
1.0110995268774110
1.0120931358920502
1.0130571307386771
1.0139893472673862
1.0148877021068488
1.0157501963016382
1.0165749187282691
1.0173600492936850
1.0181038619202989
1.0188047273219427
1.0194611155752602
1.0200715984911759
1.0206348517910795
1.0211496570923211
1.0216149037074818
1.0220295902617174
1.0223928261322281
1.0227038327136300
1.0229619445126723
1.0231666100753876
1.0233173927493560
1.0234139712833450
1.0234561402661406
1.0234438104059114
1.0233770086509737
1.0232558781523367
1.0230806780679202
1.0228517832078374
1.0225696835196616
1.0222349834121172
1.0218484009151743
