1.0000087979555754
1.0000086885409212
1.0000085585148353
1.0000084081903695
1.0000082379289990
1.0000080481397573
1.0000078392782576
1.0000076118456032
1.0000073663871871
1.0000071034913900
1.0000068237881714
1.0000065279475632
1.0000062166780670
1.0000058907249598
1.0000055508685126
1.0000051979221254
1.0000048327303825
1.0000044561670329
1.0000040691328989
1.0000036725537249
1.0000032673779660
1.0000028545745197
1.0000024351304078
1.0000020100484184
1.0000015803447091
1.0000011470463770
1.0000007111890048
1.0000002738141847
0.9999998359670282
0.9999993986936685
0.9999989630387605
0.9999985300429856
0.9999981007405622
0.9999976761567739
0.9999972573055207
0.9999968451868960
0.9999964407847959
0.9999960450645686
0.9999956589707059
0.9999952834245877
0.9999949193222795
0.9999945675323908
0.9999942288940008
0.9999939042146513
0.9999935942684202
0.9999932997940701
0.9999930214932845
0.9999927600289916
0.9999925160237804
0.9999922900584154
0.9999920826704493
0.9999918943529372
0.9999917255532609
0.9999915766720595
0.9999914480622741
0.9999913400283087
0.9999912528253010
0.9999911866585151
0.9999911416828526
0.9999911180024842
0.9999911156706019
0.9999911346892947
0.9999911750095452
0.9999912365313500
0.9999913191039607
0.9999914225262453
0.9999915465471727
0.9999916908664149
0.9999918551350659
0.9999920389564799
0.9999922418872224
0.9999924634381319
0.9999927030754912
0.9999929602223049
0.9999932342596827
0.9999935245283211
0.9999938303300826
0.9999941509296677
0.9999944855563729
0.9999948334059384
0.9999951936424731
0.9999955654004555
0.9999959477868042
0.9999963398830164
0.9999967407473664
0.9999971494171586
0.9999975649110315
0.9999979862313076
0.9999984123663805
0.9999988422931374
0.9999992749794057
0.9999997093864224
1.0000001444713202
1.0000005791896232
1.0000010124977452
1.0000014433554900
1.0000018707285387
1.0000022935909247
1.0000027109274887
1.0000031217363090
1.0000035250310972
1.0000039198435589
1.0000043052257102
1.0000046802521456
1.0000050440222541
1.0000053956623740
1.0000057343278812
1.0000060592052142
1.0000063695138195
1.0000066645080199
1.0000069434787970
1.0000072057554910
1.0000074507074039
1.0000076777453097
1.0000078863228654
1.0000080759379171
1.0000082461337043
1.0000083964999520
1.0000085266738550
1.0000086363409482
1.0000087252358569
1.0000087931429351
1.0000088398967819
1.0000088653826409
1.0000088695366731
1.0000088523461119
1.0000088138492955
1.0000087541355771
1.0000086733451132
1.0000085716685305
1.0000084493464714
1.0000083066690209
1.0000081439750130
1.0000079616512239
1.0000077601314479
1.0000075398954631
1.0000073014678836
1.0000070454169088
1.0000067723529660
1.0000064829272517
1.0000061778301761
1.0000058577897155
1.0000055235696708
1.0000051759678454
1.0000048158141348
1.0000044439685460
1.0000040613191432
1.0000036687799252
1.0000032672886401
1.0000028578045455
1.0000024413061166
1.0000020187887060
1.0000015912621654
1.0000011597484317
1.0000007252790855
1.0000002888928821
0.9999998516332705
0.9999994145458986
0.9999989786761140
0.9999985450664656
0.9999981147542096
0.9999976887688290
0.9999972681295730
0.9999968538430196
0.9999964469006701
0.9999960482765770
0.9999956589250154
0.9999952797782005
0.9999949117440592
0.9999945557040579
0.9999942125110934
0.9999938829874541
0.9999935679228525
0.9999932680725359
0.9999929841554785
0.9999927168526624
0.9999924668054490
0.9999922346140450
0.9999920208360631
0.9999918259851901
0.9999916505299541
0.9999914948926046
0.9999913594481015
0.9999912445232170
0.9999911503957517
0.9999910772938707
0.9999910253955548
0.9999909948281728
0.9999909856681750
0.9999909979409086
0.9999910316205552
0.9999910866301899
0.9999911628419630
0.9999912600774038
0.9999913781078462
0.9999915166549719
0.9999916753914740
0.9999918539418373
0.9999920518832327
0.9999922687465260
0.9999925040173984
0.9999927571375720
0.9999930275061438
0.9999933144810180
0.9999936173804381
0.9999939354846153
0.9999942680374473
0.9999946142483230
0.9999949732940108
0.9999953443206231
0.9999957264456535
0.9999961187600860
0.9999965203305660
0.9999969302016263
0.9999973473979693
0.9999977709267965
0.9999981997801793
0.9999986329374656
0.9999990693677158
0.9999995080321677
0.9999999478867138
1.0000003878843948
1.0000008269779010
1.0000012641220717
1.0000016982763922
1.0000021284074776
1.0000025534915404
1.0000029725168338
1.0000033844860692
1.0000037884187973
1.0000041833537483
1.0000045683511263
1.0000049424948541
1.0000053048947606
1.0000056546887059
1.0000059910446402
1.0000063131625883
1.0000066202765590
1.0000069116563735
1.0000071866094091
1.0000074444822524
1.0000076846622594
1.0000079065790171
1.0000081097057043
1.0000082935603489
1.0000084577069774
1.0000086017566550
1.0000087253684136
1.0000088282500643
1.0000089101588927
1.0000089709022373
1.0000090103379484
1.0000090283747241
1.0000090249723304
1.0000090001416948
1.0000089539448764
1.0000088864949184
1.0000087979555754
1.0000086885409212
1.0000085585148353
1.0000084081903695
