1.0000002034150772
1.0000002010126758
1.0000001981417364
1.0000001948092929
1.0000001910234757
1.0000001867934907
1.0000001821295972
1.0000001770430866
1.0000001715462510
1.0000001656523554
1.0000001593756054
1.0000001527311151
1.0000001457348719
1.0000001384036965
1.0000001307552000
1.0000001228077442
1.0000001145803967
1.0000001060928858
1.0000000973655534
1.0000000884193061
1.0000000792755659
1.0000000699562195
1.0000000604835639
1.0000000508802553
1.0000000411692529
1.0000000313737663
1.0000000215171985
1.0000000116230898
1.0000000017150630
0.9999999918167655
0.9999999819518131
0.9999999721437317
0.9999999624159047
0.9999999527915158
0.9999999432934920
0.9999999339444512
0.9999999247666466
0.9999999157819146
0.9999999070116224
0.9999998984766170
0.9999998901971747
0.9999998821929533
0.9999998744829438
0.9999998670854281
0.9999998600179316
0.9999998532971850
0.9999998469390821
0.9999998409586436
0.9999998353699807
0.9999998301862600
0.9999998254196741
0.9999998210814124
0.9999998171816347
0.9999998137294467
0.9999998107328761
0.9999998081988551
0.9999998061332046
0.9999998045406190
0.9999998034246557
0.9999998027877277
0.9999998026310993
0.9999998029548801
0.9999998037580260
0.9999998050383423
0.9999998067924876
0.9999998090159836
0.9999998117032268
0.9999998148475013
0.9999998184409938
0.9999998224748136
0.9999998269390132
0.9999998318226129
0.9999998371136271
0.9999998427990927
0.9999998488651004
0.9999998552968277
0.9999998620785757
0.9999998691938060
0.9999998766251821
0.9999998843546092
0.9999998923632786
0.9999999006317137
0.9999999091398146
0.9999999178669060
0.9999999267917875
0.9999999358927859
0.9999999451478062
0.9999999545343858
0.9999999640297470
0.9999999736108515
0.9999999832544557
0.9999999929371675
1.0000000026355023
1.0000000123259380
1.0000000219849736
1.0000000315891842
1.0000000411152778
1.0000000505401494
1.0000000598409373
1.0000000689950790
1.0000000779803633
1.0000000867749868
1.0000000953576047
1.0000001037073809
1.0000001118040385
1.0000001196279091
1.0000001271599810
1.0000001343819427
1.0000001412762278
1.0000001478260578
1.0000001540154793
1.0000001598294044
1.0000001652536474
1.0000001702749604
1.0000001748810625
1.0000001790606712
1.0000001828035281
1.0000001861004242
1.0000001889432220
1.0000001913248753
1.0000001932394438
1.0000001946821107
1.0000001956491924
1.0000001961381495
1.0000001961475911
1.0000001956772784
1.0000001947281261
1.0000001933022000
1.0000001914027130
1.0000001890340160
1.0000001862015886
1.0000001829120282
1.0000001791730317
1.0000001749933778
1.0000001703829045
1.0000001653524866
1.0000001599140105
1.0000001540803454
1.0000001478653122
1.0000001412836526
1.0000001343509932
1.0000001270838079
1.0000001194993773
1.0000001116157484
1.0000001034516923
1.0000000950266568
1.0000000863607221
1.0000000774745530
1.0000000683893491
1.0000000591267937
1.0000000497090027
1.0000000401584721
1.0000000304980223
1.0000000207507449
1.0000000109399478
1.0000000010890997
0.9999999912217719
0.9999999813615841
0.9999999715321483
0.9999999617570099
0.9999999520595914
0.9999999424631392
0.9999999329906658
0.9999999236648962
0.9999999145082128
0.9999999055426011
0.9999998967895978
0.9999998882702411
0.9999998800050180
0.9999998720138149
0.9999998643158726
0.9999998569297383
0.9999998498732203
0.9999998431633460
0.9999998368163214
0.9999998308474918
0.9999998252713054
0.9999998201012785
0.9999998153499640
0.9999998110289207
0.9999998071486852
0.9999998037187471
0.9999998007475258
0.9999997982423524
0.9999997962094510
0.9999997946539217
0.9999997935797292
0.9999997929896925
0.9999997928854787
0.9999997932675988
0.9999997941354076
0.9999997954871032
0.9999997973197319
0.9999997996291959
0.9999998024102607
0.9999998056565690
0.9999998093606570
0.9999998135139704
0.9999998181068851
0.9999998231287288
0.9999998285678074
0.9999998344114325
0.9999998406459526
0.9999998472567851
0.9999998542284496
0.9999998615446054
0.9999998691880913
0.9999998771409663
0.9999998853845518
0.9999998938994763
0.9999999026657207
0.9999999116626670
0.9999999208691461
0.9999999302634900
0.9999999398235826
0.9999999495269122
0.9999999593506249
0.9999999692715800
0.9999999792664022
0.9999999893115395
0.9999999993833211
1.0000000094580093
1.0000000195118590
1.0000000295211751
1.0000000394623669
1.0000000493120069
1.0000000590468829
1.0000000686440569
1.0000000780809186
1.0000000873352370
1.0000000963852145
1.0000001052095391
1.0000001137874361
1.0000001220987167
1.0000001301238262
1.0000001378438901
1.0000001452407608
1.0000001522970585
1.0000001589962144
1.0000001653225081
1.0000001712611075
1.0000001767981026
1.0000001819205384
1.0000001866164463
1.0000001908748726
1.0000001946859036
1.0000001980406887
1.0000002009314619
1.0000002033515616
1.0000002052954466
1.0000002067587088
1.0000002077380816
1.0000002082314494
1.0000002082378519
1.0000002077574868
1.0000002067917069
1.0000002053430188
1.0000002034150772
1.0000002010126758
1.0000001981417364
1.0000001948092929
