1.0000000003563179
1.0000000003539933
1.0000000003509804
1.0000000003472889
1.0000000003429297
1.0000000003379148
1.0000000003322578
1.0000000003259724
1.0000000003190745
1.0000000003115810
1.0000000003035094
1.0000000002948801
1.0000000002857143
1.0000000002760348
1.0000000002658669
1.0000000002552343
1.0000000002441618
1.0000000002326754
1.0000000002208020
1.0000000002085705
1.0000000001960105
1.0000000001831542
1.0000000001700324
1.0000000001566776
1.0000000001431213
1.0000000001293947
1.0000000001155294
1.0000000001015577
1.0000000000875116
1.0000000000734235
1.0000000000593261
1.0000000000452527
1.0000000000312372
1.0000000000173133
1.0000000000035136
0.9999999999898703
0.9999999999764135
0.9999999999631739
0.9999999999501823
0.9999999999374690
0.9999999999250642
0.9999999999129970
0.9999999999012956
0.9999999998899864
0.9999999998790953
0.9999999998686456
0.9999999998586596
0.9999999998491595
0.9999999998401657
0.9999999998316967
0.9999999998237702
0.9999999998164038
0.9999999998096131
0.9999999998034111
0.9999999997978103
0.9999999997928211
0.9999999997884532
0.9999999997847131
0.9999999997816059
0.9999999997791357
0.9999999997773048
0.9999999997761142
0.9999999997755622
0.9999999997756468
0.9999999997763651
0.9999999997777115
0.9999999997796785
0.9999999997822580
0.9999999997854410
0.9999999997892166
0.9999999997935717
0.9999999997984922
0.9999999998039638
0.9999999998099710
0.9999999998164983
0.9999999998235265
0.9999999998310349
0.9999999998390011
0.9999999998474026
0.9999999998562147
0.9999999998654122
0.9999999998749691
0.9999999998848598
0.9999999998950559
0.9999999999055285
0.9999999999162484
0.9999999999271857
0.9999999999383093
0.9999999999495887
0.9999999999609931
0.9999999999724913
0.9999999999840525
0.9999999999956458
1.0000000000072391
1.0000000000188003
1.0000000000302964
1.0000000000416969
1.0000000000529707
1.0000000000640876
1.0000000000750171
1.0000000000857299
1.0000000000961962
1.0000000001063876
1.0000000001162752
1.0000000001258307
1.0000000001350278
1.0000000001438420
1.0000000001522495
1.0000000001602274
1.0000000001677529
1.0000000001748044
1.0000000001813616
1.0000000001874052
1.0000000001929170
1.0000000001978804
1.0000000002022789
1.0000000002060989
1.0000000002093283
1.0000000002119569
1.0000000002139757
1.0000000002153768
1.0000000002161535
1.0000000002163019
1.0000000002158194
1.0000000002147051
1.0000000002129599
1.0000000002105853
1.0000000002075846
1.0000000002039611
1.0000000001997214
1.0000000001948739
1.0000000001894280
1.0000000001833962
1.0000000001767917
1.0000000001696290
1.0000000001619225
1.0000000001536893
1.0000000001449465
1.0000000001357128
1.0000000001260090
1.0000000001158573
1.0000000001052809
1.0000000000943030
1.0000000000829485
1.0000000000712441
1.0000000000592189
1.0000000000469016
1.0000000000343210
1.0000000000215059
1.0000000000084872
0.9999999999952964
0.9999999999819645
0.9999999999685232
0.9999999999550050
0.9999999999414431
0.9999999999278714
0.9999999999143226
0.9999999999008299
0.9999999998874256
0.9999999998741425
0.9999999998610121
0.9999999998480660
0.9999999998353362
0.9999999998228543
0.9999999998106510
0.9999999997987574
0.9999999997872028
0.9999999997760154
0.9999999997652240
0.9999999997548561
0.9999999997449394
0.9999999997354982
0.9999999997265586
0.9999999997181448
0.9999999997102795
0.9999999997029836
0.9999999996962768
0.9999999996901767
0.9999999996846994
0.9999999996798593
0.9999999996756688
0.9999999996721395
0.9999999996692822
0.9999999996671073
0.9999999996656235
0.9999999996648374
0.9999999996647547
0.9999999996653791
0.9999999996667130
0.9999999996687569
0.9999999996715097
0.9999999996749673
0.9999999996791239
0.9999999996839721
0.9999999996895041
0.9999999996957112
0.9999999997025820
0.9999999997101037
0.9999999997182614
0.9999999997270393
0.9999999997364195
0.9999999997463829
0.9999999997569101
0.9999999997679792
0.9999999997795673
0.9999999997916500
0.9999999998042027
0.9999999998171999
0.9999999998306148
0.9999999998444190
0.9999999998585840
0.9999999998730797
0.9999999998878745
0.9999999999029351
0.9999999999182276
0.9999999999337191
0.9999999999493762
0.9999999999651663
0.9999999999810570
0.9999999999970156
1.0000000000130083
1.0000000000289999
1.0000000000449549
1.0000000000608391
1.0000000000766178
1.0000000000922578
1.0000000001077252
1.0000000001229874
1.0000000001380118
1.0000000001527671
1.0000000001672218
1.0000000001813445
1.0000000001951053
1.0000000002084743
1.0000000002214227
1.0000000002339233
1.0000000002459501
1.0000000002574778
1.0000000002684823
1.0000000002789413
1.0000000002888336
1.0000000002981393
1.0000000003068390
1.0000000003149154
1.0000000003223521
1.0000000003291343
1.0000000003352489
1.0000000003406844
1.0000000003454317
1.0000000003494818
1.0000000003528273
1.0000000003554630
1.0000000003573857
1.0000000003585936
1.0000000003590876
1.0000000003588707
1.0000000003579459
1.0000000003563179
1.0000000003539933
1.0000000003509804
1.0000000003472889
