1.0000815831048102
1.0000805572555858
1.0000793395784358
1.0000779329932403
1.0000763408708560
1.0000745670250639
1.0000726157034603
1.0000704915773135
1.0000681997304084
1.0000657456469033
1.0000631351982363
1.0000603746291030
1.0000574705425449
1.0000544298841791
1.0000512599256108
1.0000479682470664
1.0000445627192911
1.0000410514847489
1.0000374429381733
1.0000337457065172
1.0000299686283436
1.0000261207327088
1.0000222112175945
1.0000182494279306
1.0000142448332672
1.0000102070051478
1.0000061455942360
1.0000020703072539
0.9999979908837801
0.9999939170729747
0.9999898586102742
0.9999858251941219
0.9999818264627812
0.9999778719712956
0.9999739711686411
0.9999701333751344
0.9999663677601480
0.9999626833201815
0.9999590888573491
0.9999555929583264
0.9999522039738161
0.9999489299985732
0.9999457788520419
0.9999427580596545
0.9999398748348267
0.9999371360617049
0.9999345482786943
0.9999321176628216
0.9999298500149537
0.9999277507459220
0.9999258248635772
0.9999240769608121
0.9999225112045734
0.9999211313258939
0.9999199406109682
0.9999189418932950
0.9999181375469008
0.9999175294806636
0.9999171191337534
0.9999169074721955
0.9999168949865670
0.9999170816908298
0.9999174671223068
0.9999180503428003
0.9999188299408474
0.9999198040351108
0.9999209702788932
0.9999223258657632
0.9999238675362856
0.9999255915858349
0.9999274938734758
0.9999295698318861
0.9999318144783000
0.9999342224264469
0.9999367878994539
0.9999395047436850
0.9999423664434810
0.9999453661367655
0.9999484966314739
0.9999517504227784
0.9999551197110571
0.9999585964205679
0.9999621722187801
0.9999658385363214
0.9999695865874916
0.9999734073912876
0.9999772917928978
0.9999812304856117
0.9999852140330866
0.9999892328919261
0.9999932774345113
0.9999973379720338
1.0000014047776700
1.0000054681098463
1.0000095182355404
1.0000135454535537
1.0000175401177112
1.0000214926599260
1.0000253936130772
1.0000292336336407
1.0000330035240290
1.0000366942545749
1.0000402969851154
1.0000438030861210
1.0000472041593178
1.0000504920577615
1.0000536589053013
1.0000566971154048
1.0000595994092827
1.0000623588332820
1.0000649687754986
1.0000674229815754
1.0000697155696445
1.0000718410443783
1.0000737943101201
1.0000755706830591
1.0000771659024181
1.0000785761406348
1.0000797980125087
1.0000808285832889
1.0000816653756865
1.0000823063757980
1.0000827500379190
1.0000829952882435
1.0000830415274329
1.0000828886320547
1.0000825369548847
1.0000819873240725
1.0000812410411741
1.0000802998780505
1.0000791660726469
1.0000778423236580
1.0000763317840937
1.0000746380537580
1.0000727651706627
1.0000707176013954
1.0000685002304626
1.0000661183486357
1.0000635776403257
1.0000608841700165
1.0000580443677916
1.0000550650139841
1.0000519532229928
1.0000487164262963
1.0000453623547121
1.0000418990199371
1.0000383346954165
1.0000346778965830
1.0000309373605234
1.0000271220251087
1.0000232410076424
1.0000193035830820
1.0000153191618759
1.0000112972674813
1.0000072475136084
1.0000031795812439
0.9999991031955126
0.9999950281024342
0.9999909640456259
0.9999869207430071
0.9999829078635657
0.9999789350042398
0.9999750116669665
0.9999711472359603
0.9999673509552680
0.9999636319066560
0.9999599989878861
0.9999564608914289
0.9999530260836670
0.9999497027846360
0.9999464989483544
0.9999434222437880
0.9999404800364950
0.9999376793709946
0.9999350269539039
0.9999325291378821
0.9999301919064201
0.9999280208595134
0.9999260212002526
0.9999241977223612
0.9999225547987152
0.9999210963708669
0.9999198259396026
0.9999187465565522
0.9999178608168768
0.9999171708530455
0.9999166783297226
0.9999163844397747
0.9999162899014040
0.9999163949564204
0.9999166993696547
0.9999172024295092
0.9999179029496538
0.9999187992718541
0.9999198892699329
0.9999211703548505
0.9999226394808920
0.9999242931529476
0.9999261274348711
0.9999281379588910
0.9999303199360541
0.9999326681676776
0.9999351770577835
0.9999378406264778
0.9999406525242542
0.9999436060471780
0.9999466941529185
0.9999499094775871
0.9999532443533501
0.9999566908267622
0.9999602406777838
0.9999638854394359
0.9999676164180421
0.9999714247140127
0.9999753012431198
0.9999792367582120
0.9999832218713196
0.9999872470760923
0.9999913027705204
0.9999953792798786
0.9999994668798455
1.0000035558197404
1.0000076363458192
1.0000116987245782
1.0000157332660025
1.0000197303467167
1.0000236804329676
1.0000275741033957
1.0000314020715355
1.0000351552079900
1.0000388245622289
1.0000424013839579
1.0000458771440095
1.0000492435547030
1.0000524925896279
1.0000556165028018
1.0000586078471583
1.0000614594923147
1.0000641646415909
1.0000667168482260
1.0000691100307590
1.0000713384875368
1.0000733969103168
1.0000752803969271
1.0000769844629578
1.0000785050524588
1.0000798385476084
1.0000809817773393
1.0000819320248990
1.0000826870343260
1.0000832450158228
1.0000836046500201
1.0000837650911170
1.0000837259688917
1.0000834873895770
1.0000830499355986
1.0000824146641800
1.0000815831048102
1.0000805572555858
1.0000793395784358
1.0000779329932403
