1.0000000007655876
1.0000000007596457
1.0000000007521426
1.0000000007431007
1.0000000007325445
1.0000000007205030
1.0000000007070071
1.0000000006920906
1.0000000006757905
1.0000000006581478
1.0000000006392060
1.0000000006190113
1.0000000005976133
1.0000000005750653
1.0000000005514231
1.0000000005267455
1.0000000005010934
1.0000000004745297
1.0000000004471201
1.0000000004189316
1.0000000003900322
1.0000000003604925
1.0000000003303831
1.0000000002997749
1.0000000002687408
1.0000000002373550
1.0000000002056924
1.0000000001738276
1.0000000001418363
1.0000000001097937
1.0000000000777747
1.0000000000458533
1.0000000000141049
0.9999999999826042
0.9999999999514246
0.9999999999206396
0.9999999998903217
0.9999999998605421
0.9999999998313694
0.9999999998028705
0.9999999997751109
0.9999999997481547
0.9999999997220627
0.9999999996968951
0.9999999996727087
0.9999999996495580
0.9999999996274948
0.9999999996065690
0.9999999995868259
0.9999999995683087
0.9999999995510573
0.9999999995351089
0.9999999995204971
0.9999999995072542
0.9999999994954075
0.9999999994849814
0.9999999994759952
0.9999999994684653
0.9999999994624047
0.9999999994578234
0.9999999994547253
0.9999999994531122
0.9999999994529819
0.9999999994543286
0.9999999994571437
0.9999999994614144
0.9999999994671251
0.9999999994742582
0.9999999994827918
0.9999999994926991
0.9999999995039498
0.9999999995165093
0.9999999995303404
0.9999999995454040
0.9999999995616581
0.9999999995790568
0.9999999995975508
0.9999999996170892
0.9999999996376187
0.9999999996590834
0.9999999996814262
0.9999999997045875
0.9999999997285079
0.9999999997531234
0.9999999997783671
0.9999999998041710
0.9999999998304656
0.9999999998571805
0.9999999998842448
0.9999999999115863
0.9999999999391331
0.9999999999668123
0.9999999999945518
1.0000000000222766
1.0000000000499141
1.0000000000773910
1.0000000001046347
1.0000000001315741
1.0000000001581388
1.0000000001842593
1.0000000002098668
1.0000000002348952
1.0000000002592786
1.0000000002829519
1.0000000003058507
1.0000000003279128
1.0000000003490790
1.0000000003692924
1.0000000003884988
1.0000000004066463
1.0000000004236853
1.0000000004395693
1.0000000004542553
1.0000000004677037
1.0000000004798775
1.0000000004907419
1.0000000005002661
1.0000000005084211
1.0000000005151808
1.0000000005205230
1.0000000005244289
1.0000000005268854
1.0000000005278826
1.0000000005274141
1.0000000005254768
1.0000000005220719
1.0000000005172034
1.0000000005108789
1.0000000005031093
1.0000000004939091
1.0000000004832965
1.0000000004712921
1.0000000004579206
1.0000000004432104
1.0000000004271947
1.0000000004099088
1.0000000003913911
1.0000000003716827
1.0000000003508285
1.0000000003288760
1.0000000003058762
1.0000000002818827
1.0000000002569509
1.0000000002311380
1.0000000002045051
1.0000000001771159
1.0000000001490355
1.0000000001203304
1.0000000000910685
1.0000000000613187
1.0000000000311515
1.0000000000006373
0.9999999999698486
0.9999999999388591
0.9999999999077438
0.9999999998765786
0.9999999998454392
0.9999999998144015
0.9999999997835399
0.9999999997529293
0.9999999997226444
0.9999999996927590
0.9999999996633462
0.9999999996344766
0.9999999996062204
0.9999999995786464
0.9999999995518222
0.9999999995258149
0.9999999995006891
0.9999999994765082
0.9999999994533334
0.9999999994312231
0.9999999994102338
0.9999999993904192
0.9999999993718310
0.9999999993545161
0.9999999993385189
0.9999999993238798
0.9999999993106365
0.9999999992988252
0.9999999992884788
0.9999999992796268
0.9999999992722954
0.9999999992665076
0.9999999992622820
0.9999999992596333
0.9999999992585726
0.9999999992591074
0.9999999992612421
0.9999999992649765
0.9999999992703065
0.9999999992772257
0.9999999992857229
0.9999999992957836
0.9999999993073897
0.9999999993205186
0.9999999993351451
0.9999999993512400
0.9999999993687713
0.9999999993877032
0.9999999994079980
0.9999999994296139
0.9999999994525056
0.9999999994766245
0.9999999995019201
0.9999999995283386
0.9999999995558242
0.9999999995843176
0.9999999996137582
0.9999999996440813
0.9999999996752205
0.9999999997071084
0.9999999997396761
0.9999999997728528
0.9999999998065652
0.9999999998407398
0.9999999998753026
0.9999999999101777
0.9999999999452884
0.9999999999805571
1.0000000000159068
1.0000000000512608
1.0000000000865410
1.0000000001216696
1.0000000001565681
1.0000000001911591
1.0000000002253655
1.0000000002591127
1.0000000002923279
1.0000000003249383
1.0000000003568723
1.0000000003880611
1.0000000004184366
1.0000000004479319
1.0000000004764822
1.0000000005040246
1.0000000005304996
1.0000000005558498
1.0000000005800209
1.0000000006029617
1.0000000006246241
1.0000000006449632
1.0000000006639360
1.0000000006815022
1.0000000006976244
1.0000000007122694
1.0000000007254073
1.0000000007370113
1.0000000007470584
1.0000000007555305
1.0000000007624132
1.0000000007676952
1.0000000007713690
1.0000000007734304
1.0000000007738790
1.0000000007727166
1.0000000007699494
1.0000000007655876
1.0000000007596457
1.0000000007521426
1.0000000007431007
