1.0000000025901905
1.0000000025661819
1.0000000025366285
1.0000000025016105
1.0000000024612210
1.0000000024155635
1.0000000023647531
1.0000000023089182
1.0000000022481970
1.0000000021827389
1.0000000021127065
1.0000000020382729
1.0000000019596214
1.0000000018769444
1.0000000017904433
1.0000000017003299
1.0000000016068231
1.0000000015101491
1.0000000014105419
1.0000000013082422
1.0000000012034949
1.0000000010965513
1.0000000009876668
1.0000000008771015
1.0000000007651209
1.0000000006519911
1.0000000005379805
1.0000000004233598
1.0000000003084004
1.0000000001933762
1.0000000000785609
0.9999999999642278
0.9999999998506487
0.9999999997380938
0.9999999996268281
0.9999999995171138
0.9999999994092088
0.9999999993033654
0.9999999991998318
0.9999999990988503
0.9999999990006549
0.9999999989054736
0.9999999988135265
0.9999999987250248
0.9999999986401715
0.9999999985591609
0.9999999984821777
0.9999999984093974
0.9999999983409853
0.9999999982770970
0.9999999982178762
0.9999999981634563
0.9999999981139572
0.9999999980694850
0.9999999980301343
0.9999999979959882
0.9999999979671169
0.9999999979435771
0.9999999979254128
0.9999999979126556
0.9999999979053237
0.9999999979034222
0.9999999979069426
0.9999999979158634
0.9999999979301489
0.9999999979497517
0.9999999979746120
0.9999999980046556
0.9999999980397958
0.9999999980799336
0.9999999981249581
0.9999999981747473
0.9999999982291666
0.9999999982880713
0.9999999983513055
0.9999999984187018
0.9999999984900840
0.9999999985652662
0.9999999986440523
0.9999999987262376
0.9999999988116093
0.9999999988999466
0.9999999989910218
0.9999999990846018
0.9999999991804477
0.9999999992783137
0.9999999993779495
0.9999999994790999
0.9999999995815070
0.9999999996849098
0.9999999997890443
0.9999999998936450
0.9999999999984455
1.0000000001031781
1.0000000002075760
1.0000000003113731
1.0000000004143053
1.0000000005161092
1.0000000006165253
1.0000000007152967
1.0000000008121717
1.0000000009069043
1.0000000009992533
1.0000000010889822
1.0000000011758612
1.0000000012596668
1.0000000013401851
1.0000000014172084
1.0000000014905388
1.0000000015599873
1.0000000016253736
1.0000000016865274
1.0000000017432875
1.0000000017955049
1.0000000018430411
1.0000000018857695
1.0000000019235755
1.0000000019563557
1.0000000019840203
1.0000000020064910
1.0000000020237021
1.0000000020356012
1.0000000020421476
1.0000000020433140
1.0000000020390873
1.0000000020294677
1.0000000020144679
1.0000000019941151
1.0000000019684485
1.0000000019375206
1.0000000019013959
1.0000000018601516
1.0000000018138784
1.0000000017626789
1.0000000017066686
1.0000000016459745
1.0000000015807351
1.0000000015111021
1.0000000014372368
1.0000000013593104
1.0000000012775037
1.0000000011920067
1.0000000011030188
1.0000000010107482
1.0000000009154124
1.0000000008172363
1.0000000007164518
1.0000000006132974
1.0000000005080181
1.0000000004008638
1.0000000002920888
1.0000000001819509
1.0000000000707132
0.9999999999586408
0.9999999998460021
0.9999999997330684
0.9999999996201119
0.9999999995074041
0.9999999993952168
0.9999999992838197
0.9999999991734818
0.9999999990644710
0.9999999989570524
0.9999999988514873
0.9999999987480322
0.9999999986469397
0.9999999985484572
0.9999999984528251
0.9999999983602771
0.9999999982710412
0.9999999981853380
0.9999999981033787
0.9999999980253670
0.9999999979514965
0.9999999978819520
0.9999999978169078
0.9999999977565268
0.9999999977009630
0.9999999976503600
0.9999999976048499
0.9999999975645520
0.9999999975295728
0.9999999975000065
0.9999999974759335
0.9999999974574216
0.9999999974445264
0.9999999974372897
0.9999999974357414
0.9999999974398981
0.9999999974497616
0.9999999974653220
0.9999999974865555
0.9999999975134251
0.9999999975458812
0.9999999975838604
0.9999999976272855
0.9999999976760671
0.9999999977301034
0.9999999977892801
0.9999999978534708
0.9999999979225379
0.9999999979963317
0.9999999980746910
0.9999999981574436
0.9999999982444070
0.9999999983353888
0.9999999984301868
0.9999999985285902
0.9999999986303794
0.9999999987353263
0.9999999988431961
0.9999999989537474
0.9999999990667325
0.9999999991818991
0.9999999992989885
0.9999999994177369
0.9999999995378775
0.9999999996591402
0.9999999997812512
0.9999999999039356
1.0000000000269174
1.0000000001499194
1.0000000002726637
1.0000000003948719
1.0000000005162670
1.0000000006365750
1.0000000007555252
1.0000000008728505
1.0000000009882855
1.0000000011015688
1.0000000012124453
1.0000000013206631
1.0000000014259791
1.0000000015281565
1.0000000016269661
1.0000000017221875
1.0000000018136086
1.0000000019010256
1.0000000019842441
1.0000000020630797
1.0000000021373578
1.0000000022069153
1.0000000022715989
1.0000000023312663
1.0000000023857873
1.0000000024350437
1.0000000024789313
1.0000000025173570
1.0000000025502407
1.0000000025775153
1.0000000025991276
1.0000000026150364
1.0000000026252158
1.0000000026296534
1.0000000026283504
1.0000000026213198
1.0000000026085871
1.0000000025901905
1.0000000025661819
1.0000000025366285
1.0000000025016105
