1.0000000000129523
1.0000000000129874
1.0000000000129978
1.0000000000129849
1.0000000000129505
1.0000000000128957
1.0000000000128213
1.0000000000127283
1.0000000000126168
1.0000000000124878
1.0000000000123419
1.0000000000121803
1.0000000000120033
1.0000000000118112
1.0000000000116052
1.0000000000113867
1.0000000000111553
1.0000000000109117
1.0000000000106575
1.0000000000103930
1.0000000000101190
1.0000000000098359
1.0000000000095450
1.0000000000092470
1.0000000000089426
1.0000000000086331
1.0000000000083187
1.0000000000079994
1.0000000000076761
1.0000000000073497
1.0000000000070213
1.0000000000066929
1.0000000000063654
1.0000000000060405
1.0000000000057185
1.0000000000054008
1.0000000000050879
1.0000000000047802
1.0000000000044780
1.0000000000041818
1.0000000000038927
1.0000000000036107
1.0000000000033356
1.0000000000030669
1.0000000000028049
1.0000000000025495
1.0000000000023013
1.0000000000020601
1.0000000000018274
1.0000000000016029
1.0000000000013882
1.0000000000011839
1.0000000000009901
1.0000000000008069
1.0000000000006335
1.0000000000004698
1.0000000000003157
1.0000000000001714
1.0000000000000371
0.9999999999999123
0.9999999999997971
0.9999999999996918
0.9999999999995969
0.9999999999995131
0.9999999999994404
0.9999999999993776
0.9999999999993237
0.9999999999992787
0.9999999999992428
0.9999999999992173
0.9999999999992030
0.9999999999991996
0.9999999999992063
0.9999999999992216
0.9999999999992459
0.9999999999992791
0.9999999999993219
0.9999999999993734
0.9999999999994335
0.9999999999995010
0.9999999999995755
0.9999999999996557
0.9999999999997417
0.9999999999998311
0.9999999999999228
1.0000000000000153
1.0000000000001079
1.0000000000002001
1.0000000000002915
1.0000000000003826
1.0000000000004734
1.0000000000005629
1.0000000000006513
1.0000000000007379
1.0000000000008231
1.0000000000009057
1.0000000000009863
1.0000000000010649
1.0000000000011409
1.0000000000012150
1.0000000000012876
1.0000000000013580
1.0000000000014266
1.0000000000014928
1.0000000000015554
1.0000000000016140
1.0000000000016691
1.0000000000017202
1.0000000000017666
1.0000000000018090
1.0000000000018479
1.0000000000018829
1.0000000000019136
1.0000000000019389
1.0000000000019593
1.0000000000019744
1.0000000000019844
1.0000000000019900
1.0000000000019911
1.0000000000019877
1.0000000000019800
1.0000000000019675
1.0000000000019504
1.0000000000019287
1.0000000000019014
1.0000000000018687
1.0000000000018303
1.0000000000017857
1.0000000000017344
1.0000000000016767
1.0000000000016118
1.0000000000015403
1.0000000000014626
1.0000000000013782
1.0000000000012872
1.0000000000011893
1.0000000000010845
1.0000000000009737
1.0000000000008571
1.0000000000007352
1.0000000000006080
1.0000000000004752
1.0000000000003366
1.0000000000001932
1.0000000000000469
0.9999999999998993
0.9999999999997505
0.9999999999996012
0.9999999999994509
0.9999999999992996
0.9999999999991463
0.9999999999989917
0.9999999999988356
0.9999999999986793
0.9999999999985230
0.9999999999983668
0.9999999999982110
0.9999999999980552
0.9999999999978992
0.9999999999977440
0.9999999999975903
0.9999999999974388
0.9999999999972899
0.9999999999971448
0.9999999999970042
0.9999999999968681
0.9999999999967371
0.9999999999966116
0.9999999999964925
0.9999999999963808
0.9999999999962770
0.9999999999961808
0.9999999999960907
0.9999999999960058
0.9999999999959250
0.9999999999958482
0.9999999999957763
0.9999999999957101
0.9999999999956509
0.9999999999955994
0.9999999999955553
0.9999999999955191
0.9999999999954908
0.9999999999954704
0.9999999999954593
0.9999999999954574
0.9999999999954653
0.9999999999954828
0.9999999999955106
0.9999999999955496
0.9999999999956000
0.9999999999956614
0.9999999999957344
0.9999999999958198
0.9999999999959186
0.9999999999960303
0.9999999999961557
0.9999999999962943
0.9999999999964437
0.9999999999966025
0.9999999999967711
0.9999999999969494
0.9999999999971373
0.9999999999973347
0.9999999999975419
0.9999999999977592
0.9999999999979855
0.9999999999982206
0.9999999999984653
0.9999999999987200
0.9999999999989838
0.9999999999992557
0.9999999999995355
0.9999999999998231
1.0000000000001186
1.0000000000004214
1.0000000000007323
1.0000000000010518
1.0000000000013800
1.0000000000017168
1.0000000000020621
1.0000000000024154
1.0000000000027762
1.0000000000031442
1.0000000000035181
1.0000000000038975
1.0000000000042819
1.0000000000046692
1.0000000000050571
1.0000000000054436
1.0000000000058265
1.0000000000062053
1.0000000000065805
1.0000000000069518
1.0000000000073193
1.0000000000076825
1.0000000000080411
1.0000000000083937
1.0000000000087399
1.0000000000090798
1.0000000000094122
1.0000000000097358
1.0000000000100489
1.0000000000103513
1.0000000000106428
1.0000000000109228
1.0000000000111902
1.0000000000114433
1.0000000000116800
1.0000000000118994
1.0000000000121008
1.0000000000122831
1.0000000000124460
1.0000000000125886
1.0000000000127112
1.0000000000128133
1.0000000000128939
1.0000000000129523
1.0000000000129874
1.0000000000129978
1.0000000000129849
