1.0159982790726232
1.0157992003165992
1.0155630290906159
1.0152902891110926
1.0149815858384357
1.0146376054468935
1.0142591136491692
1.0138469543748141
1.0134020483013966
1.0129253912374394
1.0124180523561446
1.0118811722789793
1.0113159610083096
1.0107236957083818
1.0101057183341575
1.0094634331077124
1.0087983038421899
1.0081118511136034
1.0074056492811543
1.0066813233571485
1.0059405457280488
1.0051850327287166
1.0044165410724541
1.0036368641400777
1.0028478281318918
1.0020512880871475
1.0012491237762950
1.0004432354721302
0.9996355396067327
0.9988279643219317
0.9980224449219010
0.9972209192373547
0.9964253229116916
0.9956375846203271
0.9948596212353144
0.9940933329482201
0.9933405983650461
0.9926032695877771
0.9918831672978788
0.9911820758577582
0.9905017384468164
0.9898438522492649
0.9892100637113178
0.9886019638857447
0.9880210838819993
0.9874688904402800
0.9869467816478902
0.9864560828161451
0.9859980425358279
0.9855738289288103
0.9851845261129276
0.9848311308965488
0.9845145497184807
0.9842355958479169
0.9839949868580883
0.9837933423860954
0.9836311821901110
0.9835089245137626
0.9834268847660046
0.9833852745232491
0.9833842008588819
0.9834236660036385
0.9835035673385922
0.9836236977207981
0.9837837461399018
0.9839832987023308
0.9842218399379936
0.9844987544228031
0.9848133287087679
0.9851647535519126
0.9855521264268968
0.9859744543159066
0.9864306567582052
0.9869195691456810
0.9874399462487853
0.9879904659564589
0.9885697332129761
0.9891762841341131
0.9898085902846546
0.9904650630989930
0.9911440584264547
0.9918438811830018
0.9925627900910742
0.9932990024895826
0.9940506991964196
0.9948160294062907
0.9955931156072125
0.9963800584996346
0.9971749419028360
0.9979758376339672
0.9987808103459257
0.9995879223110551
1.0003952381385242
1.0012008294141108
1.0020027792520030
1.0027991867491055
1.0035881713332118
1.0043678769972710
1.0051364764128050
1.0058921749163472
1.0066332143635557
1.0073578768463911
1.0080644882694456
1.0087514217821740
1.0094171010643873
1.0100600034629266
1.0106786629779583
1.0112716730977880
1.0118376894815113
1.0123754324891776
1.0128836895594755
1.0133613174352092
1.0138072442370571
1.0142204713862968
1.0146000753773026
1.0149452094007414
1.0152551048184393
1.0155290724909278
1.0157665039586738
1.0159668724779627
1.0161297339123523
1.0162547274805234
1.0163415763612618
1.0163900881561854
1.0164001552106994
1.0163717547935192
1.0163049491349532
1.0161998853239878
1.0160567950640533
1.0158759942872149
1.0156578826263691
1.0154029427449018
1.0151117395231350
1.0147849191007741
1.0144232077744788
1.0140274107496170
1.0135984107452056
1.0131371664510220
1.0126447108358922
1.0121221493061885
1.0115706577136683
1.0109914802118884
1.0103859269605913
1.0097553716776688
1.0091012490385429
1.0084250519231059
1.0077283285106966
1.0070126792239791
1.0062797535230323
1.0055312465514417
1.0047688956367233
1.0039944766480002
1.0032098002144789
1.0024167078089554
1.0016170677012939
1.0008127707875902
1.0000057263015187
0.9991978574151856
0.9983910967376659
0.9975873817202654
0.9967886499784288
0.9959968345410992
0.9952138590392112
0.9944416328458634
0.9936820461815667
0.9929369651987707
0.9922082270606408
0.9914976350297726
0.9908069535831890
0.9901379035705425
0.9894921574329375
0.9888713345001999
0.9882769963847140
0.9877106424901403
0.9871737056534065
0.9866675479382983
0.9861934565988028
0.9857526402300381
0.9853462251241457
0.9849752518479389
0.9846406720583560
0.9843433455709205
0.9840840376954059
0.9838634168517860
0.9836820524783209
0.9835404132422816
0.9834388655623801
0.9833776724504456
0.9833569926782958
0.9833768802740990
0.9834372843508281
0.9835380492676995
0.9836789151237529
0.9838595185810243
0.9840793940130559
0.9843379749728522
0.9846345959727769
0.9849684945673733
0.9853388137286414
0.9857446045019621
0.9861848289296204
0.9866583632277587
0.9871640012015916
0.9877004578828484
0.9882663733726746
0.9888603168726319
0.9894807908859697
0.9901262355710310
0.9907950332284640
0.9914855129038461
0.9921959550874134
0.9929245964927577
0.9936696348966613
0.9944292340226388
0.9952015284512483
0.9959846285408156
0.9967766253428597
0.9975755954972306
0.9983796060927299
0.9991867194798044
0.9999949980227366
1.0008025087796231
1.0016073280993163
1.0024075461253827
1.0032012711980129
1.0039866341456811
1.0047617924592123
1.0055249343417272
1.0062742826287427
1.0070080985734604
1.0077246854929922
1.0084223922719584
1.0090996167205266
1.0097548087845452
1.0103864736059640
1.0109931744322216
1.0115735353737279
1.0121262440089505
1.0126500538369587
1.0131437865775761
1.0136063343195365
1.0140366615172445
1.0144338068368919
1.0147968848528119
1.0151250875950311
1.0154176859490158
1.0156740309086330
1.0158935546833145
1.0160757716603868
1.0162202792234296
1.0163267584274704
1.0163949745316812
1.0164247773901318
1.0164161017010267
1.0163689671146836
1.0162834782003853
1.0161598242720620
1.0159982790726232
1.0157992003165992
1.0155630290906159
1.0152902891110926
