1.0000000000249194
1.0000000000249214
1.0000000000248797
1.0000000000247953
1.0000000000246692
1.0000000000245008
1.0000000000242917
1.0000000000240419
1.0000000000237528
1.0000000000234253
1.0000000000230618
1.0000000000226634
1.0000000000222331
1.0000000000217717
1.0000000000212812
1.0000000000207627
1.0000000000202176
1.0000000000196470
1.0000000000190523
1.0000000000184350
1.0000000000177962
1.0000000000171392
1.0000000000164668
1.0000000000157812
1.0000000000150850
1.0000000000143805
1.0000000000136697
1.0000000000129534
1.0000000000122320
1.0000000000115070
1.0000000000107809
1.0000000000100557
1.0000000000093325
1.0000000000086127
1.0000000000078988
1.0000000000071931
1.0000000000064972
1.0000000000058111
1.0000000000051363
1.0000000000044735
1.0000000000038243
1.0000000000031908
1.0000000000025746
1.0000000000019769
1.0000000000013991
1.0000000000008433
1.0000000000003120
0.9999999999998052
0.9999999999993224
0.9999999999988624
0.9999999999984257
0.9999999999980137
0.9999999999976270
0.9999999999972665
0.9999999999969327
0.9999999999966271
0.9999999999963508
0.9999999999961042
0.9999999999958864
0.9999999999956968
0.9999999999955361
0.9999999999954042
0.9999999999952996
0.9999999999952204
0.9999999999951651
0.9999999999951334
0.9999999999951263
0.9999999999951438
0.9999999999951859
0.9999999999952529
0.9999999999953441
0.9999999999954590
0.9999999999955976
0.9999999999957585
0.9999999999959400
0.9999999999961405
0.9999999999963582
0.9999999999965925
0.9999999999968426
0.9999999999971070
0.9999999999973855
0.9999999999976770
0.9999999999979803
0.9999999999982935
0.9999999999986154
0.9999999999989446
0.9999999999992798
0.9999999999996210
0.9999999999999675
1.0000000000003180
1.0000000000006710
1.0000000000010252
1.0000000000013787
1.0000000000017291
1.0000000000020757
1.0000000000024181
1.0000000000027558
1.0000000000030869
1.0000000000034091
1.0000000000037206
1.0000000000040208
1.0000000000043094
1.0000000000045877
1.0000000000048554
1.0000000000051112
1.0000000000053533
1.0000000000055793
1.0000000000057883
1.0000000000059792
1.0000000000061524
1.0000000000063072
1.0000000000064437
1.0000000000065612
1.0000000000066600
1.0000000000067395
1.0000000000067983
1.0000000000068352
1.0000000000068494
1.0000000000068401
1.0000000000068074
1.0000000000067510
1.0000000000066718
1.0000000000065705
1.0000000000064484
1.0000000000063041
1.0000000000061369
1.0000000000059461
1.0000000000057321
1.0000000000054949
1.0000000000052367
1.0000000000049587
1.0000000000046629
1.0000000000043505
1.0000000000040214
1.0000000000036757
1.0000000000033129
1.0000000000029314
1.0000000000025309
1.0000000000021114
1.0000000000016740
1.0000000000012201
1.0000000000007512
1.0000000000002669
0.9999999999997683
0.9999999999992574
0.9999999999987355
0.9999999999982037
0.9999999999976628
0.9999999999971134
0.9999999999965574
0.9999999999959955
0.9999999999954302
0.9999999999948637
0.9999999999942967
0.9999999999937306
0.9999999999931665
0.9999999999926054
0.9999999999920482
0.9999999999914978
0.9999999999909561
0.9999999999904232
0.9999999999899004
0.9999999999893883
0.9999999999888882
0.9999999999884015
0.9999999999879295
0.9999999999874738
0.9999999999870360
0.9999999999866174
0.9999999999862190
0.9999999999858418
0.9999999999854877
0.9999999999851574
0.9999999999848507
0.9999999999845676
0.9999999999843096
0.9999999999840778
0.9999999999838730
0.9999999999836954
0.9999999999835449
0.9999999999834213
0.9999999999833251
0.9999999999832577
0.9999999999832202
0.9999999999832127
0.9999999999832352
0.9999999999832894
0.9999999999833746
0.9999999999834913
0.9999999999836416
0.9999999999838268
0.9999999999840475
0.9999999999843034
0.9999999999845934
0.9999999999849171
0.9999999999852733
0.9999999999856619
0.9999999999860812
0.9999999999865296
0.9999999999870067
0.9999999999875133
0.9999999999880490
0.9999999999886132
0.9999999999892044
0.9999999999898211
0.9999999999904632
0.9999999999911298
0.9999999999918188
0.9999999999925289
0.9999999999932594
0.9999999999940079
0.9999999999947744
0.9999999999955581
0.9999999999963575
0.9999999999971709
0.9999999999979976
0.9999999999988358
0.9999999999996850
1.0000000000005440
1.0000000000014111
1.0000000000022851
1.0000000000031644
1.0000000000040474
1.0000000000049325
1.0000000000058171
1.0000000000066989
1.0000000000075766
1.0000000000084490
1.0000000000093145
1.0000000000101719
1.0000000000110199
1.0000000000118570
1.0000000000126814
1.0000000000134912
1.0000000000142850
1.0000000000150620
1.0000000000158205
1.0000000000165590
1.0000000000172762
1.0000000000179707
1.0000000000186413
1.0000000000192855
1.0000000000199021
1.0000000000204898
1.0000000000210474
1.0000000000215727
1.0000000000220644
1.0000000000225215
1.0000000000229439
1.0000000000233296
1.0000000000236766
1.0000000000239830
1.0000000000242479
1.0000000000244693
1.0000000000246472
1.0000000000247820
1.0000000000248728
1.0000000000249194
1.0000000000249214
1.0000000000248797
1.0000000000247953
