1.0000000129639917
1.0000000128265922
1.0000000126603288
1.0000000124656252
1.0000000122429706
1.0000000119929195
1.0000000117160912
1.0000000114131675
1.0000000110848919
1.0000000107320679
1.0000000103555560
1.0000000099562727
1.0000000095351882
1.0000000090933232
1.0000000086317467
1.0000000081515739
1.0000000076539628
1.0000000071401125
1.0000000066112578
1.0000000060686682
1.0000000055136464
1.0000000049475231
1.0000000043716553
1.0000000037874215
1.0000000031962193
1.0000000025994600
1.0000000019985669
1.0000000013949739
1.0000000007901184
1.0000000001854408
0.9999999995823786
0.9999999989823668
0.9999999983868304
0.9999999977971835
0.9999999972148254
0.9999999966411356
0.9999999960774709
0.9999999955251632
0.9999999949855156
0.9999999944598001
0.9999999939492540
0.9999999934550765
0.9999999929784277
0.9999999925204258
0.9999999920821440
0.9999999916646050
0.9999999912687806
0.9999999908955910
0.9999999905459018
0.9999999902205206
0.9999999899201943
0.9999999896456090
0.9999999893973888
0.9999999891760940
0.9999999889822205
0.9999999888161980
0.9999999886783889
0.9999999885690865
0.9999999884885155
0.9999999884368307
0.9999999884141179
0.9999999884203925
0.9999999884555998
0.9999999885196137
0.9999999886122390
0.9999999887332095
0.9999999888821929
0.9999999890587906
0.9999999892625363
0.9999999894928991
0.9999999897492828
0.9999999900310269
0.9999999903374112
0.9999999906676557
0.9999999910209227
0.9999999913963199
0.9999999917929010
0.9999999922096703
0.9999999926455828
0.9999999930995478
0.9999999935704311
0.9999999940570566
0.9999999945582121
0.9999999950726495
0.9999999955990881
0.9999999961362190
0.9999999966827070
0.9999999972371949
0.9999999977983067
0.9999999983646507
0.9999999989348224
0.9999999995074088
1.0000000000809910
1.0000000006541463
1.0000000012254531
1.0000000017934936
1.0000000023568607
1.0000000029141567
1.0000000034639995
1.0000000040050263
1.0000000045358950
1.0000000050552882
1.0000000055619165
1.0000000060545213
1.0000000065318781
1.0000000069928006
1.0000000074361397
1.0000000078607894
1.0000000082656875
1.0000000086498213
1.0000000090122290
1.0000000093520023
1.0000000096682871
1.0000000099602850
1.0000000102272573
1.0000000104685227
1.0000000106834630
1.0000000108715248
1.0000000110322207
1.0000000111651302
1.0000000112698986
1.0000000113462404
1.0000000113939378
1.0000000114128438
1.0000000114028813
1.0000000113640428
1.0000000112963900
1.0000000112000540
1.0000000110752358
1.0000000109222049
1.0000000107412990
1.0000000105329234
1.0000000102975495
1.0000000100357156
1.0000000097480248
1.0000000094351449
1.0000000090978038
1.0000000087367902
1.0000000083529497
1.0000000079471834
1.0000000075204449
1.0000000070737389
1.0000000066081198
1.0000000061246883
1.0000000056245881
1.0000000051090043
1.0000000045791604
1.0000000040363168
1.0000000034817655
1.0000000029168263
1.0000000023428461
1.0000000017611947
1.0000000011732622
1.0000000005804546
0.9999999999841895
0.9999999993858936
0.9999999987870002
0.9999999981889459
0.9999999975931667
0.9999999970010951
0.9999999964141567
0.9999999958337653
0.9999999952613187
0.9999999946981972
0.9999999941457617
0.9999999936053464
0.9999999930782588
0.9999999925657759
0.9999999920691413
0.9999999915895621
0.9999999911282045
0.9999999906861928
0.9999999902646061
0.9999999898644762
0.9999999894867848
0.9999999891324609
0.9999999888023779
0.9999999884973531
0.9999999882181432
0.9999999879654455
0.9999999877398948
0.9999999875420615
0.9999999873724517
0.9999999872315051
0.9999999871195936
0.9999999870370213
0.9999999869840229
0.9999999869607628
0.9999999869673344
0.9999999870037617
0.9999999870699975
0.9999999871659241
0.9999999872913534
0.9999999874460279
0.9999999876296205
0.9999999878417364
0.9999999880819127
0.9999999883496197
0.9999999886442626
0.9999999889651834
0.9999999893116613
0.9999999896829148
0.9999999900781036
0.9999999904963298
0.9999999909366424
0.9999999913980374
0.9999999918794606
0.9999999923798110
0.9999999928979417
0.9999999934326653
0.9999999939827540
0.9999999945469425
0.9999999951239321
0.9999999957123926
0.9999999963109681
0.9999999969182787
0.9999999975329235
0.9999999981534846
0.9999999987785307
0.9999999994066179
1.0000000000362950
1.0000000006661069
1.0000000012945993
1.0000000019203206
1.0000000025418256
1.0000000031576788
1.0000000037664569
1.0000000043667530
1.0000000049571807
1.0000000055363776
1.0000000061030079
1.0000000066557653
1.0000000071933770
1.0000000077146054
1.0000000082182507
1.0000000087031551
1.0000000091682058
1.0000000096123367
1.0000000100345312
1.0000000104338229
1.0000000108093001
1.0000000111601088
1.0000000114854526
1.0000000117845944
1.0000000120568591
1.0000000123016357
1.0000000125183783
1.0000000127066073
1.0000000128659090
1.0000000129959383
1.0000000130964191
1.0000000131671445
1.0000000132079789
1.0000000132188576
1.0000000131997864
1.0000000131508415
1.0000000130721707
1.0000000129639917
1.0000000128265922
1.0000000126603288
1.0000000124656252
