1.0006967460394531
1.0006879449704120
1.0006775037794979
1.0006654473881937
1.0006518045660142
1.0006366078625903
1.0006198935308168
1.0006017014412338
1.0005820749878402
1.0005610609855529
1.0005387095595448
1.0005150740267155
1.0004902107695619
1.0004641791027418
1.0004370411326324
1.0004088616102127
1.0003797077776011
1.0003496492086079
1.0003187576436701
1.0002871068195494
1.0002547722941917
1.0002218312671514
1.0001883623960075
1.0001544456091940
1.0001201619156874
1.0000855932119974
1.0000508220869162
1.0000159316244892
0.9999810052056747
0.9999461263091642
0.9999113783118366
0.9998768442893238
0.9998426068171652
0.9998087477730311
0.9997753481404895
0.9997424878147884
0.9997102454111303
0.9996786980758978
0.9996479213012947
0.9996179887438521
0.9995889720472453
0.9995609406698538
0.9995339617174873
0.9995080997816935
0.9994834167840418
0.9994599718267747
0.9994378210501897
0.9994170174971100
0.9993976109847805
0.9993796479845055
0.9993631715093323
0.9993482210100595
0.9993348322798284
0.9993230373675396
0.9993128645003079
0.9993043380151549
0.9992974783001080
0.9992923017448540
0.9992888207010755
0.9992870434525629
0.9992869741951821
0.9992886130267452
0.9992919559468132
0.9992969948664290
0.9993037176277559
0.9993121080335776
0.9993221458865734
0.9993338070382819
0.9993470634476264
0.9993618832488502
0.9993782308286946
0.9993960669126264
0.9994153486598990
0.9994360297672067
0.9994580605806709
0.9994813882158882
0.9995059566857285
0.9995317070355720
0.9995585774856477
0.9995865035801180
0.9996154183425454
0.9996452524373483
0.9996759343368540
0.9997073904935345
0.9997395455170031
0.9997723223553381
0.9998056424802899
0.9998394260759181
0.9998735922301981
0.9999080591291372
0.9999427442529244
0.9999775645736467
1.0000124367540852
1.0000472773471238
1.0000820029952862
1.0001165306299238
1.0001507776695819
1.0001846622170723
1.0002181032547850
1.0002510208377786
1.0002833362841885
1.0003149723625082
1.0003458534753042
1.0003759058389374
1.0004050576588646
1.0004332393001178
1.0004603834525614
1.0004864252905434
1.0005113026265782
1.0005349560586947
1.0005573291111223
1.0005783683679830
1.0005980235996867
1.0006162478817413
1.0006329977057014
1.0006482330820048
1.0006619176344658
1.0006740186862051
1.0006845073368225
1.0006933585306341
1.0007005511158311
1.0007060678944142
1.0007098956627927
1.0007120252429611
1.0007124515041750
1.0007111733750855
1.0007081938462985
1.0007035199633578
1.0006971628101642
1.0006891374828712
1.0006794630543110
1.0006681625290352
1.0006552627890768
1.0006407945305458
1.0006247921912101
1.0006072938692205
1.0005883412331675
1.0005679794236730
1.0005462569467463
1.0005232255591372
1.0004989401459574
1.0004734585908477
1.0004468416389842
1.0004191527532440
1.0003904579638558
1.0003608257118881
1.0003303266869288
1.0002990336593423
1.0002670213074836
1.0002343660402764
1.0002011458155693
1.0001674399546920
1.0001333289536469
1.0000988942913827
1.0000642182355965
1.0000293836465302
0.9999944737792168
0.9999595720846537
0.9999247620103722
0.9998901268008831
0.9998557492984738
0.9998217117448311
0.9997880955839757
0.9997549812669767
0.9997224480589221
0.9996905738486135
0.9996594349614421
0.9996291059759116
0.9995996595442472
0.9995711662175368
0.9995436942758300
0.9995173095636137
0.9994920753310687
0.9994680520815010
0.9994452974253289
0.9994238659409779
0.9994038090430406
0.9993851748580230
0.9993680081079874
0.9993523500023841
0.9993382381383420
0.9993257064096661
0.9993147849247745
0.9993054999337757
0.9992978737648709
0.9992919247702429
0.9992876672815674
0.9992851115752539
0.9992842638475099
0.9992851261992892
0.9992876966311638
0.9992919690481283
0.9992979332743268
0.9993055750776668
0.9993148762042561
0.9993258144225754
0.9993383635772769
0.9993524936524746
0.9993681708443666
0.9993853576430045
0.9994040129230072
0.9994240920429891
0.9994455469534611
0.9994683263129238
0.9994923756118703
0.9995176373043871
0.9995440509470299
0.9995715533446203
0.9996000787026115
0.9996295587856407
0.9996599230818755
0.9996910989727504
0.9997230119076802
0.9997555855833123
0.9997887421268901
0.9998224022832684
0.9998564856051353
0.9998909106459688
0.9999255951552656
0.9999604562755701
0.9999954107408261
1.0000303750755739
1.0000652657945155
1.0000999996019717
1.0001344935907515
1.0001686654399635
1.0002024336112965
1.0002357175433074
1.0002684378432563
1.0003005164760350
1.0003318769497496
1.0003624444975139
1.0003921462550420
1.0004209114336140
1.0004486714880170
1.0004753602790695
1.0005009142303587
1.0005252724788209
1.0005483770188228
1.0005701728394096
1.0005906080544109
1.0006096340250938
1.0006272054750942
1.0006432805973606
1.0006578211528674
1.0006707925608680
1.0006821639804875
1.0006919083834669
1.0007000026178998
1.0007064274628075
1.0007111676734344
1.0007142120171635
1.0007155532999661
1.0007151883833285
1.0007131181916187
1.0007093477098705
1.0007038859719966
1.0006967460394531
1.0006879449704120
1.0006775037794979
1.0006654473881937
