1.0000034052895579
1.0000033632676093
1.0000033132884947
1.0000032554728600
1.0000031899600321
1.0000031169076873
1.0000030364914720
1.0000029489045832
1.0000028543573052
1.0000027530765077
1.0000026453051036
1.0000025313014669
1.0000024113388142
1.0000022857045521
1.0000021546995890
1.0000020186376155
1.0000018778443536
1.0000017326567785
1.0000015834223137
1.0000014304980007
1.0000012742496434
1.0000011150509363
1.0000009532825676
1.0000007893313108
1.0000006235891006
1.0000004564520959
1.0000002883197336
1.0000001195937742
0.9999999506773405
0.9999997819739523
0.9999996138865642
0.9999994468166020
0.9999992811630033
0.9999991173212630
0.9999989556824894
0.9999987966324687
0.9999986405507449
0.9999984878097120
0.9999983387737237
0.9999981937982243
0.9999980532288989
0.9999979174008468
0.9999977866377819
0.9999976612512593
0.9999975415399300
0.9999974277888281
0.9999973202686911
0.9999972192353132
0.9999971249289338
0.9999970375736642
0.9999969573769530
0.9999968845290920
0.9999968192027591
0.9999967615526101
0.9999967117149080
0.9999966698071974
0.9999966359280249
0.9999966101567043
0.9999965925531303
0.9999965831576346
0.9999965819908904
0.9999965890538642
0.9999966043278146
0.9999966277743372
0.9999966593354580
0.9999966989337745
0.9999967464726414
0.9999968018364004
0.9999968648906613
0.9999969354826224
0.9999970134414390
0.9999970985786309
0.9999971906885348
0.9999972895487990
0.9999973949209153
0.9999975065507904
0.9999976241693517
0.9999977474931941
0.9999978762252606
0.9999980100555527
0.9999981486618713
0.9999982917105892
0.9999984388574501
0.9999985897483937
0.9999987440204032
0.9999989013023738
0.9999990612160014
0.9999992233766876
0.9999993873944619
0.9999995528749142
0.9999997194201395
0.9999998866296905
1.0000000541015348
1.0000002214330188
1.0000003882218311
1.0000005540669665
1.0000007185696858
1.0000008813344694
1.0000010419699632
1.0000012000899177
1.0000013553141109
1.0000015072692603
1.0000016555899136
1.0000017999193260
1.0000019399103146
1.0000020752260879
1.0000022055410538
1.0000023305415982
1.0000024499268356
1.0000025634093297
1.0000026707157805
1.0000027715876803
1.0000028657819322
1.0000029530714334
1.0000030332456196
1.0000031061109680
1.0000031714914615
1.0000032292290086
1.0000032791838258
1.0000033212347710
1.0000033552796335
1.0000033812353812
1.0000033990383574
1.0000034086444345
1.0000034100291215
1.0000034031876250
1.0000033881348585
1.0000033649054085
1.0000033335534546
1.0000032941526396
1.0000032467958939
1.0000031915952143
1.0000031286813966
1.0000030582037243
1.0000029803296109
1.0000028952441999
1.0000028031499246
1.0000027042660233
1.0000025988280190
1.0000024870871564
1.0000023693098006
1.0000022457768014
1.0000021167828226
1.0000019826356363
1.0000018436553879
1.0000017001738331
1.0000015525335433
1.0000014010870872
1.0000012461961885
1.0000010882308605
1.0000009275685224
1.0000007645930982
1.0000005996940988
1.0000004332656909
1.0000002657057545
1.0000000974149319
0.9999999287956708
0.9999997602512619
0.9999995921848733
0.9999994249985887
0.9999992590924447
0.9999990948634750
0.9999989327047610
0.9999987730044901
0.9999986161450294
0.9999984625020101
0.9999983124434298
0.9999981663287743
0.9999980245081537
0.9999978873214681
0.9999977550975924
0.9999976281535901
0.9999975067939560
0.9999973913098877
0.9999972819785884
0.9999971790626029
0.9999970828091891
0.9999969934497281
0.9999969111991703
0.9999968362555192
0.9999967687993584
0.9999967089934161
0.9999966569821774
0.9999966128915381
0.9999965768285016
0.9999965488809233
0.9999965291173003
0.9999965175866046
0.9999965143181673
0.9999965193216062
0.9999965325868018
0.9999965540839223
0.9999965837634905
0.9999966215565034
0.9999966673745948
0.9999967211102454
0.9999967826370376
0.9999968518099589
0.9999969284657464
0.9999970124232745
0.9999971034839882
0.9999972014323752
0.9999973060364811
0.9999974170484611
0.9999975342051719
0.9999976572287993
0.9999977858275221
0.9999979196962075
0.9999980585171387
0.9999982019607740
0.9999983496865310
0.9999985013436012
0.9999986565717878
0.9999988150023654
0.9999989762589602
0.9999991399584468
0.9999993057118630
0.9999994731253364
0.9999996418010273
0.9999998113380775
0.9999999813335677
1.0000001513834782
1.0000003210836534
1.0000004900307664
1.0000006578232825
1.0000008240624183
1.0000009883530911
1.0000011503048645
1.0000013095328781
1.0000014656587672
1.0000016183115674
1.0000017671285966
1.0000019117563230
1.0000020518512078
1.0000021870805256
1.0000023171231571
1.0000024416703579
1.0000025604264953
1.0000026731097515
1.0000027794527970
1.0000028792034270
1.0000029721251629
1.0000030579978176
1.0000031366180222
1.0000032077997101
1.0000032713745586
1.0000033271923923
1.0000033751215407
1.0000034150491512
1.0000034468814585
1.0000034705440064
1.0000034859818252
1.0000034931595636
1.0000034920615719
1.0000034826919377
1.0000034650744749
1.0000034392526662
1.0000034052895579
1.0000033632676093
1.0000033132884947
1.0000032554728600
