1.0014516588053202
1.0014333180151187
1.0014115615153651
1.0013864410330757
1.0013580162855180
1.0013263548412275
1.0012915319626730
1.0012536304309139
1.0012127403526223
1.0011689589498838
1.0011223903332327
1.0010731452584116
1.0010213408673838
1.0009671004141594
1.0009105529760389
1.0008518331509073
1.0007910807412466
1.0007284404255676
1.0006640614179907
1.0005980971167419
1.0005307047423506
1.0004620449663693
1.0003922815314596
1.0003215808637116
1.0002501116780866
1.0001780445778985
1.0001055516492583
1.0000328060514354
0.9999599816040932
0.9998872523723789
0.9998147922508469
0.9997427745472154
0.9996713715669525
0.9996007541997004
0.9995310915085360
0.9994625503230739
0.9993952948374100
0.9993294862139009
0.9992652821937588
0.9992028367154316
0.9991422995417262
0.9990838158966130
0.9990275261126293
0.9989735652897745
0.9989220629667747
0.9988731428055493
0.9988269222897002
0.9987835124377935
0.9987430175321793
0.9987055348640552
0.9986711544954382
0.9986399590386632
0.9986120234539894
0.9985874148658479
0.9985661923982129
0.9985484070295294
0.9985341014675828
0.9985233100446416
0.9985160586331497
0.9985123645821934
0.9985122366749127
0.9985156751069707
0.9985226714861336
0.9985332088529659
0.9985472617225892
0.9985647961473859
0.9985857698004881
0.9986101320798236
0.9986378242324498
0.9986687794988426
0.9987029232767592
0.9987401733042410
0.9987804398612761
0.9988236259895902
0.9988696277299937
0.9989183343766571
0.9989696287476592
0.9990233874711008
0.9990794812860448
0.9991377753575035
0.9991981296046649
0.9992603990415176
0.9993244341290043
0.9993900811378085
0.9994571825208614
0.9995255772946268
0.9995951014282103
0.9996655882393205
0.9997368687961040
0.9998087723238592
0.9998811266156298
0.9999537584456778
1.0000264939848305
1.0000991592166952
1.0001715803537441
1.0002435842522757
1.0003149988252653
1.0003856534521256
1.0004553793844202
1.0005240101465798
1.0005913819306880
1.0006573339844271
1.0007217089912892
1.0007843534421850
1.0008451179976059
1.0009038578395204
1.0009604330122128
1.0010147087512966
1.0010665558001772
1.0011158507132583
1.0011624761452214
1.0012063211257436
1.0012472813190543
1.0012852592677641
1.0013201646204359
1.0013519143424039
1.0013804329093901
1.0014056524834969
1.0014275130712067
1.0014459626630421
1.0014609573545954
1.0014724614486621
1.0014804475382688
1.0014848965704146
1.0014857978903944
1.0014831492666068
1.0014769568957955
1.0014672353887153
1.0014540077362479
1.0014373052560461
1.0014171675198105
1.0013936422613583
1.0013667852656809
1.0013366602392249
1.0013033386616677
1.0012668996195122
1.0012274296218515
1.0011850223986991
1.0011397786823222
1.0010918059720437
1.0010412182830302
1.0009881358796060
1.0009326849936815
1.0008749975289075
1.0008152107512096
1.0007534669663876
1.0006899131854927
1.0006247007787350
1.0005579851186948
1.0004899252136445
1.0004206833318099
1.0003504246174255
1.0002793166994710
1.0002075292939823
1.0001352338008651
1.0000626028961466
0.9999898101206214
0.9999170294658616
0.9998444349585710
0.9997722002442739
0.9997004981713378
0.9996295003763278
0.9995593768717048
0.9994902956368631
0.9994224222135121
0.9993559193064022
0.9992909463903780
0.9992276593247351
0.9991662099758519
0.9991067458490357
0.9990494097305131
0.9989943393404742
0.9989416669980554
0.9988915192991129
0.9988440168076180
0.9987992737614664
0.9987573977934600
0.9987184896681898
0.9986826430355028
0.9986499442011983
0.9986204719155479
0.9985942971802013
0.9985714830739835
0.9985520845980416
0.9985361485407496
0.9985237133627310
0.9985148091023049
0.9985094573016025
0.9985076709535533
0.9985094544698837
0.9985148036702055
0.9985237057922324
0.9985361395230908
0.9985520750516463
0.9985714741417032
0.9985942902258834
0.9986204685199388
0.9986499461571889
0.9986826523427315
0.9987185085270180
0.9987574285983366
0.9987993190936960
0.9988440794275559
0.9988916021378066
0.9989417731483523
0.9989944720476188
0.9990495723822624
0.9991069419653164
0.9991664431979840
0.9992279334042548
0.9992912651774836
0.9993562867380543
0.9994228423012228
0.9994907724542061
0.9995599145415741
0.9996301030579768
0.9997011700472396
0.9997729455068293
0.9998452577966979
0.9999179340515053
0.9999908005952127
1.0000636833570462
1.0001364082878299
1.0002088017756823
1.0002806910600952
1.0003519046434082
1.0004222726987091
1.0004916274732101
1.0005598036861527
1.0006266389203240
1.0006919740062794
1.0007556533983937
1.0008175255418796
1.0008774432299492
1.0009352639503017
1.0009908502201683
1.0010440699091634
1.0010947965492272
1.0011429096309685
1.0011882948857600
1.0012308445529639
1.0012704576317115
1.0013070401166808
1.0013405052173623
1.0013707735603488
1.0013977733742021
1.0014214406565081
1.0014417193227587
1.0014585613367422
1.0014719268221663
1.0014817841552781
1.0014881100382815
1.0014908895533980
1.0014901161974561
1.0014857918969340
1.0014779270034271
1.0014665402695502
1.0014516588053202
1.0014333180151187
1.0014115615153651
1.0013864410330757
