1.0000000002294855
1.0000000002281897
1.0000000002264680
1.0000000002243268
1.0000000002217715
1.0000000002188083
1.0000000002154446
1.0000000002116882
1.0000000002075466
1.0000000002030298
1.0000000001981493
1.0000000001929181
1.0000000001873497
1.0000000001814575
1.0000000001752560
1.0000000001687612
1.0000000001619902
1.0000000001549607
1.0000000001476896
1.0000000001401952
1.0000000001324951
1.0000000001246074
1.0000000001165501
1.0000000001083420
1.0000000001000025
1.0000000000915508
1.0000000000830076
1.0000000000743925
1.0000000000657259
1.0000000000570286
1.0000000000483216
1.0000000000396247
1.0000000000309568
1.0000000000223381
1.0000000000137892
1.0000000000053311
0.9999999999969831
0.9999999999887655
0.9999999999806981
0.9999999999727981
0.9999999999650830
0.9999999999575696
0.9999999999502752
0.9999999999432158
0.9999999999364060
0.9999999999298603
0.9999999999235921
0.9999999999176148
0.9999999999119411
0.9999999999065826
0.9999999999015503
0.9999999998968558
0.9999999998925087
0.9999999998885193
0.9999999998848961
0.9999999998816456
0.9999999998787731
0.9999999998762834
0.9999999998741798
0.9999999998724649
0.9999999998711402
0.9999999998702060
0.9999999998696617
0.9999999998695063
0.9999999998697371
0.9999999998703512
0.9999999998713455
0.9999999998727159
0.9999999998744561
0.9999999998765589
0.9999999998790157
0.9999999998818178
0.9999999998849559
0.9999999998884198
0.9999999998921977
0.9999999998962766
0.9999999999006439
0.9999999999052877
0.9999999999101945
0.9999999999153505
0.9999999999207395
0.9999999999263457
0.9999999999321524
0.9999999999381435
0.9999999999443019
0.9999999999506104
0.9999999999570520
0.9999999999636080
0.9999999999702595
0.9999999999769863
0.9999999999837689
0.9999999999905868
0.9999999999974211
1.0000000000042526
1.0000000000110625
1.0000000000178315
1.0000000000245421
1.0000000000311771
1.0000000000377174
1.0000000000441449
1.0000000000504412
1.0000000000565892
1.0000000000625715
1.0000000000683720
1.0000000000739739
1.0000000000793621
1.0000000000845208
1.0000000000894362
1.0000000000940932
1.0000000000984783
1.0000000001025784
1.0000000001063807
1.0000000001098732
1.0000000001130447
1.0000000001158846
1.0000000001183833
1.0000000001205340
1.0000000001223308
1.0000000001237674
1.0000000001248397
1.0000000001255425
1.0000000001258733
1.0000000001258293
1.0000000001254088
1.0000000001246110
1.0000000001234357
1.0000000001218825
1.0000000001199532
1.0000000001176506
1.0000000001149789
1.0000000001119425
1.0000000001085469
1.0000000001047997
1.0000000001007106
1.0000000000962881
1.0000000000915412
1.0000000000864790
1.0000000000811120
1.0000000000754521
1.0000000000695120
1.0000000000633047
1.0000000000568443
1.0000000000501454
1.0000000000432234
1.0000000000360949
1.0000000000287763
1.0000000000212852
1.0000000000136386
1.0000000000058551
0.9999999999979527
0.9999999999899505
0.9999999999818667
0.9999999999737200
0.9999999999655308
0.9999999999573187
0.9999999999491037
0.9999999999409066
0.9999999999327469
0.9999999999246447
0.9999999999166198
0.9999999999086909
0.9999999999008776
0.9999999998932000
0.9999999998856779
0.9999999998783294
0.9999999998711715
0.9999999998642208
0.9999999998574953
0.9999999998510125
0.9999999998447897
0.9999999998388424
0.9999999998331854
0.9999999998278337
0.9999999998228012
0.9999999998181019
0.9999999998137502
0.9999999998097593
0.9999999998061412
0.9999999998029064
0.9999999998000646
0.9999999997976242
0.9999999997955917
0.9999999997939738
0.9999999997927761
0.9999999997920045
0.9999999997916622
0.9999999997917518
0.9999999997922753
0.9999999997932340
0.9999999997946281
0.9999999997964573
0.9999999997987197
0.9999999998014117
0.9999999998045299
0.9999999998080693
0.9999999998120243
0.9999999998163885
0.9999999998211547
0.9999999998263137
0.9999999998318559
0.9999999998377712
0.9999999998440487
0.9999999998506768
0.9999999998576418
0.9999999998649292
0.9999999998725245
0.9999999998804123
0.9999999998885764
0.9999999998969998
0.9999999999056650
0.9999999999145535
0.9999999999236467
0.9999999999329255
0.9999999999423700
0.9999999999519598
0.9999999999616750
0.9999999999714952
0.9999999999814001
0.9999999999913687
1.0000000000013805
1.0000000000114140
1.0000000000214482
1.0000000000314619
1.0000000000414337
1.0000000000513416
1.0000000000611642
1.0000000000708815
1.0000000000804727
1.0000000000899179
1.0000000000991973
1.0000000001082916
1.0000000001171820
1.0000000001258496
1.0000000001342750
1.0000000001424409
1.0000000001503315
1.0000000001579301
1.0000000001652207
1.0000000001721880
1.0000000001788181
1.0000000001850988
1.0000000001910172
1.0000000001965612
1.0000000002017202
1.0000000002064837
1.0000000002108422
1.0000000002147871
1.0000000002183100
1.0000000002214049
1.0000000002240659
1.0000000002262890
1.0000000002280718
1.0000000002294120
1.0000000002303098
1.0000000002307645
1.0000000002307774
1.0000000002303500
1.0000000002294855
1.0000000002281897
1.0000000002264680
1.0000000002243268
