1.0000001002569248
1.0000000990951838
1.0000000977039285
1.0000000960865891
1.0000000942471317
1.0000000921900487
1.0000000899203478
1.0000000874435411
1.0000000847656310
1.0000000818930965
1.0000000788328767
1.0000000755923542
1.0000000721793390
1.0000000686020472
1.0000000648690828
1.0000000609894164
1.0000000569723644
1.0000000528275665
1.0000000485649632
1.0000000441947701
1.0000000397274569
1.0000000351737177
1.0000000305444494
1.0000000258507260
1.0000000211037696
1.0000000163149265
1.0000000114956376
1.0000000066574104
1.0000000018117923
0.9999999969703428
0.9999999921446068
0.9999999873460861
0.9999999825862139
0.9999999778763261
0.9999999732276330
0.9999999686511938
0.9999999641578895
0.9999999597583976
0.9999999554631661
0.9999999512823885
0.9999999472259822
0.9999999433035625
0.9999999395244180
0.9999999358974910
0.9999999324313568
0.9999999291341993
0.9999999260137951
0.9999999230774935
0.9999999203322002
0.9999999177843591
0.9999999154399384
0.9999999133044163
0.9999999113827689
0.9999999096794573
0.9999999081984159
0.9999999069430422
0.9999999059161906
0.9999999051201655
0.9999999045567162
0.9999999042270353
0.9999999041317521
0.9999999042709321
0.9999999046440774
0.9999999052501271
0.9999999060874613
0.9999999071539039
0.9999999084467264
0.9999999099626579
0.9999999116978915
0.9999999136480954
0.9999999158084211
0.9999999181735150
0.9999999207375316
0.9999999234941481
0.9999999264365794
0.9999999295575934
0.9999999328495300
0.9999999363043188
0.9999999399134993
0.9999999436682410
0.9999999475593623
0.9999999515773552
0.9999999557124096
0.9999999599544358
0.9999999642930866
0.9999999687177822
0.9999999732177365
0.9999999777819842
0.9999999823994064
0.9999999870587556
0.9999999917486841
0.9999999964577715
1.0000000011745531
1.0000000058875451
1.0000000105852738
1.0000000152563031
1.0000000198892618
1.0000000244728695
1.0000000289959661
1.0000000334475356
1.0000000378167357
1.0000000420929227
1.0000000462656753
1.0000000503248223
1.0000000542604659
1.0000000580630042
1.0000000617231568
1.0000000652319860
1.0000000685809183
1.0000000717617654
1.0000000747667419
1.0000000775884861
1.0000000802200761
1.0000000826550479
1.0000000848874100
1.0000000869116576
1.0000000887227882
1.0000000903163109
1.0000000916882581
1.0000000928351960
1.0000000937542302
1.0000000944430165
1.0000000948997654
1.0000000951232455
1.0000000951127870
1.0000000948682817
1.0000000943901850
1.0000000936795135
1.0000000927378447
1.0000000915673126
1.0000000901706025
1.0000000885509466
1.0000000867121137
1.0000000846584018
1.0000000823946273
1.0000000799261133
1.0000000772586763
1.0000000743986122
1.0000000713526820
1.0000000681280961
1.0000000647324978
1.0000000611739430
1.0000000574608812
1.0000000536021367
1.0000000496068884
1.0000000454846469
1.0000000412452308
1.0000000368987427
1.0000000324555463
1.0000000279262413
1.0000000233216397
1.0000000186527376
1.0000000139306902
1.0000000091667851
1.0000000043724158
0.9999999995590529
0.9999999947382180
0.9999999899214551
0.9999999851203030
0.9999999803462687
0.9999999756107990
0.9999999709252532
0.9999999663008770
0.9999999617487751
0.9999999572798849
0.9999999529049488
0.9999999486344893
0.9999999444787842
0.9999999404478429
0.9999999365513800
0.9999999327987946
0.9999999291991455
0.9999999257611318
0.9999999224930699
0.9999999194028744
0.9999999164980385
0.9999999137856171
0.9999999112722096
0.9999999089639435
0.9999999068664607
0.9999999049849041
0.9999999033239045
0.9999999018875692
0.9999999006794709
0.9999998997026416
0.9999998989595633
0.9999998984521629
0.9999998981818076
0.9999998981493002
0.9999998983548790
0.9999998987982177
0.9999998994784258
0.9999999003940477
0.9999999015430676
0.9999999029229146
0.9999999045304696
0.9999999063620714
0.9999999084135267
0.9999999106801177
0.9999999131566155
0.9999999158372906
0.9999999187159285
0.9999999217858417
0.9999999250398868
0.9999999284704830
0.9999999320696304
0.9999999358289285
0.9999999397395944
0.9999999437924845
0.9999999479781160
0.9999999522866894
0.9999999567081113
0.9999999612320203
0.9999999658478099
0.9999999705446562
0.9999999753115401
0.9999999801372753
0.9999999850105363
0.9999999899198824
0.9999999948537873
0.9999999998006671
1.0000000047489044
1.0000000096868777
1.0000000146029910
1.0000000194857004
1.0000000243235416
1.0000000291051554
1.0000000338193156
1.0000000384549561
1.0000000430011975
1.0000000474473718
1.0000000517830492
1.0000000559980611
1.0000000600825258
1.0000000640268722
1.0000000678218626
1.0000000714586126
1.0000000749286144
1.0000000782237564
1.0000000813363417
1.0000000842591070
1.0000000869852406
1.0000000895083976
1.0000000918227161
1.0000000939228313
1.0000000958038864
1.0000000974615464
1.0000000988920075
1.0000001000920040
1.0000001010588171
1.0000001017902806
1.0000001022847878
1.0000001025412943
1.0000001025593235
1.0000001023389642
1.0000001018808717
1.0000001011862656
1.0000001002569248
1.0000000990951838
1.0000000977039285
1.0000000960865891
