1.0000000200102106
1.0000000197928680
1.0000000195306382
1.0000000192241829
1.0000000188742675
1.0000000184817597
1.0000000180476272
1.0000000175729351
1.0000000170588452
1.0000000165066107
1.0000000159175757
1.0000000152931690
1.0000000146349022
1.0000000139443663
1.0000000132232276
1.0000000124732247
1.0000000116961647
1.0000000108939189
1.0000000100684163
1.0000000092216392
1.0000000083556191
1.0000000074724327
1.0000000065741959
1.0000000056630587
1.0000000047411990
1.0000000038108194
1.0000000028741416
1.0000000019334006
1.0000000009908387
1.0000000000487019
0.9999999991092325
0.9999999981746650
0.9999999972472206
0.9999999963291023
0.9999999954224896
0.9999999945295333
0.9999999936523489
0.9999999927930132
0.9999999919535572
0.9999999911359626
0.9999999903421591
0.9999999895740170
0.9999999888333436
0.9999999881218808
0.9999999874412985
0.9999999867931888
0.9999999861790659
0.9999999856003616
0.9999999850584218
0.9999999845545038
0.9999999840897733
0.9999999836653004
0.9999999832820567
0.9999999829409150
0.9999999826426450
0.9999999823879125
0.9999999821772788
0.9999999820111989
0.9999999818900197
0.9999999818139790
0.9999999817832060
0.9999999817977214
0.9999999818574372
0.9999999819621558
0.9999999821115696
0.9999999823052638
0.9999999825427173
0.9999999828233027
0.9999999831462885
0.9999999835108407
0.9999999839160256
0.9999999843608112
0.9999999848440710
0.9999999853645870
0.9999999859210512
0.9999999865120698
0.9999999871361657
0.9999999877917823
0.9999999884772851
0.9999999891909684
0.9999999899310601
0.9999999906957232
0.9999999914830627
0.9999999922911275
0.9999999931179178
0.9999999939613888
0.9999999948194552
0.9999999956899960
0.9999999965708620
0.9999999974598787
0.9999999983548518
0.9999999992535730
1.0000000001538252
1.0000000010533880
1.0000000019500430
1.0000000028415783
1.0000000037257950
1.0000000046005122
1.0000000054635738
1.0000000063128511
1.0000000071462489
1.0000000079617102
1.0000000087572203
1.0000000095308130
1.0000000102805739
1.0000000110046476
1.0000000117012386
1.0000000123686206
1.0000000130051365
1.0000000136092040
1.0000000141793186
1.0000000147140595
1.0000000152120918
1.0000000156721680
1.0000000160931328
1.0000000164739247
1.0000000168135788
1.0000000171112295
1.0000000173661145
1.0000000175775747
1.0000000177450541
1.0000000178681037
1.0000000179463826
1.0000000179796573
1.0000000179678032
1.0000000179108053
1.0000000178087582
1.0000000176618651
1.0000000174704382
1.0000000172348973
1.0000000169557695
1.0000000166336855
1.0000000162693801
1.0000000158636912
1.0000000154175570
1.0000000149320154
1.0000000144081993
1.0000000138473346
1.0000000132507378
1.0000000126198119
1.0000000119560428
1.0000000112609968
1.0000000105363160
1.0000000097837152
1.0000000090049783
1.0000000082019551
1.0000000073765545
1.0000000065307397
1.0000000056665248
1.0000000047859701
1.0000000038911765
1.0000000029842786
1.0000000020674433
1.0000000011428618
1.0000000002127467
0.9999999992793247
0.9999999983448319
0.9999999974115085
0.9999999964815934
0.9999999955573198
0.9999999946409072
0.9999999937345597
0.9999999928404593
0.9999999919607592
0.9999999910975811
0.9999999902530077
0.9999999894290796
0.9999999886277905
0.9999999878510809
0.9999999871008354
0.9999999863788755
0.9999999856869561
0.9999999850267610
0.9999999843998995
0.9999999838079027
0.9999999832522216
0.9999999827342219
0.9999999822551798
0.9999999818162797
0.9999999814186111
0.9999999810631659
0.9999999807508373
0.9999999804824176
0.9999999802585947
0.9999999800799515
0.9999999799469635
0.9999999798599974
0.9999999798193111
0.9999999798250536
0.9999999798772637
0.9999999799758708
0.9999999801206930
0.9999999803114400
0.9999999805477134
0.9999999808290059
0.9999999811547029
0.9999999815240846
0.9999999819363290
0.9999999823905122
0.9999999828856121
0.9999999834205089
0.9999999839939875
0.9999999846047408
0.9999999852513727
0.9999999859324022
0.9999999866462680
0.9999999873913293
0.9999999881658709
0.9999999889681083
0.9999999897961913
0.9999999906482090
0.9999999915221923
0.9999999924161205
0.9999999933279266
0.9999999942555010
0.9999999951966950
0.9999999961493269
0.9999999971111867
0.9999999980800431
0.9999999990536479
1.0000000000297415
1.0000000010060603
1.0000000019803390
1.0000000029503155
1.0000000039137387
1.0000000048683724
1.0000000058120015
1.0000000067424375
1.0000000076575217
1.0000000085551324
1.0000000094331898
1.0000000102896613
1.0000000111225649
1.0000000119299739
1.0000000127100221
1.0000000134609075
1.0000000141808960
1.0000000148683268
1.0000000155216160
1.0000000161392615
1.0000000167198462
1.0000000172620400
1.0000000177646027
1.0000000182263875
1.0000000186463445
1.0000000190235239
1.0000000193570777
1.0000000196462608
1.0000000198904329
1.0000000200890591
1.0000000202417130
1.0000000203480766
1.0000000204079422
1.0000000204212118
1.0000000203878969
1.0000000203081194
1.0000000201821106
1.0000000200102106
1.0000000197928680
1.0000000195306382
1.0000000192241829
