1.0077844103700047
1.0076866336818013
1.0075706529871344
1.0074367357800067
1.0072851910599143
1.0071163686978104
1.0069306587160936
1.0067284904833125
1.0065103318243822
1.0062766880472198
1.0060281008868284
1.0057651473679896
1.0054884385878573
1.0051986184198944
1.0048963621407556
1.0045823749818636
1.0042573906076258
1.0039221695223970
1.0035774974084961
1.0032241833977800
1.0028630582794824
1.0024949726472459
1.0021207949884803
1.0017414097194146
1.0013577151694362
1.0009706215185401
1.0005810486919418
1.0001899242161401
0.9997981810409534
0.9994067553322722
0.9990165842404906
0.9986286036498053
0.9982437459137660
0.9978629375826652
0.9974870971285323
0.9971171326736616
0.9967539397287613
0.9963983989469364
0.9960513738998309
0.9957137088823381
0.9953862267523510
0.9950697268120650
0.9947649827373477
0.9944727405616669
0.9941937167210210
0.9939285961662322
0.9936780305488424
0.9934426364867022
0.9932229939151710
0.9930196445296207
0.9928330903247012
0.9926637922355354
0.9925121688857153
0.9923785954466250
0.9922634026122504
0.9921668756932519
0.9920892538336518
0.9920307293530584
0.9919914472168905
0.9919715046366007
0.9919709508013977
0.9919897867424923
0.9920279653303772
0.9920853914051532
0.9921619220394059
0.9922573669326412
0.9923714889357875
0.9925040047037961
0.9926545854738891
0.9928228579665581
0.9930084054059751
0.9932107686560558
0.9934294474680364
0.9936639018350454
0.9939135534488204
0.9941777872534060
0.9944559530903947
0.9947473674300228
0.9950513151822109
0.9953670515814699
0.9956938041394291
0.9960307746586367
0.9963771413011920
0.9967320607057143
0.9970946701461363
0.9974640897258092
0.9978394246004435
0.9982197672234754
0.9986041996075234
0.9989917955957213
0.9993816231368329
0.9997727465582138
1.0001642288308388
1.0005551338208072
1.0009445285219294
1.0013314852641975
1.0017150838931674
1.0020944139154955
1.0024685766061026
1.0028366870726664
1.0031978762733731
1.0035512929841006
1.0038961057114273
1.0042315045480901
1.0045567029677429
1.0048709395560842
1.0051734796756342
1.0054636170616471
1.0057406753468496
1.0060040095128773
1.0062530072664673
1.0064870903386471
1.0067057157053034
1.0069083767276941
1.0070946042115934
1.0072639673839101
1.0074160747857417
1.0075505750809539
1.0076671577794820
1.0077655538746593
1.0078455363939784
1.0079069208627864
1.0079495656804986
1.0079733724090032
1.0079782859730100
1.0079642947721703
1.0079314307048746
1.0078797691037045
1.0078094285825969
1.0077205707958456
1.0076134001091472
1.0074881631829760
1.0073451484686489
1.0071846856175359
1.0070071448039568
1.0068129359624054
1.0066025079398402
1.0063763475638929
1.0061349786279628
1.0058789607942926
1.0056088884162482
1.0053253892811715
1.0050291232753232
1.0047207809725960
1.0044010821488445
1.0040707742238526
1.0037306306331495
1.0033814491320829
1.0030240500347509
1.0026592743906124
1.0022879821018080
1.0019110499844444
1.0015293697773224
1.0011438461018185
1.0007553943768663
1.0003649386932032
0.9999734096512956
0.9995817421675722
0.9991908732538284
0.9988017397748787
0.9984152761897500
0.9980324122819040
0.9976540708841687
0.9972811656042351
0.9969145985567293
0.9965552581080225
0.9962040166400424
0.9958617283394697
0.9955292270187625
0.9952073239755077
0.9948968058966173
0.9945984328138774
0.9943129361173327
0.9940410166329031
0.9937833427705470
0.9935405487491394
0.9933132329040747
0.9931019560834066
0.9929072401381024
0.9927295665117311
0.9925693749346050
0.9924270622270844
0.9923029812163869
0.9921974397708707
0.9921106999553621
0.9920429773106605
0.9919944402599178
0.9919652096441206
0.9919553583884257
0.9919649113006097
0.9919938450023944
0.9920420879939150
0.9921095208510772
0.9921959765550580
0.9923012409527080
0.9924250533461146
0.9925671072091140
0.9927270510280702
0.9929044892637967
0.9930989834310658
0.9933100532917535
0.9935371781572754
0.9937797982956291
0.9940373164380266
0.9943090993798069
0.9945944796700571
0.9948927573841352
0.9952032019731019
0.9955250541838793
0.9958575280438414
0.9961998129034367
0.9965510755303609
0.9969104622487771
0.9972771011170608
0.9976501041375778
0.9980285694920352
0.9984115837960412
0.9987982243665905
0.9991875614963189
0.9995786607285082
0.9999705851269807
1.0003623975352038
1.0007531628191038
1.0011419500882968
1.0015278348906498
1.0019099013753057
1.0022872444195354
1.0026589717150007
1.0030242058092473
1.0033820860984830
1.0037317707679256
1.0040724386762305
1.0044032911807388
1.0047235539005097
1.0050324784143139
1.0053293438909743
1.0056134586496484
1.0058841616478307
1.0061408238950500
1.0063828497904097
1.0066096783822909
1.0068207845486916
1.0070156800968357
1.0071939147808182
1.0073550772361899
1.0074987958305119
1.0076247394290296
1.0077326180747146
1.0078221835820369
1.0078932300439218
1.0079455942514357
1.0079791560258335
1.0079938384626839
1.0079896080878585
1.0079664749252626
1.0079244924762449
1.0078637576107075
1.0077844103700047
1.0076866336818013
1.0075706529871344
1.0074367357800067
