1.0000000000009910
1.0000000000009936
1.0000000000009861
1.0000000000009703
1.0000000000009466
1.0000000000009155
1.0000000000008780
1.0000000000008364
1.0000000000007925
1.0000000000007467
1.0000000000006999
1.0000000000006517
1.0000000000006022
1.0000000000005518
1.0000000000005012
1.0000000000004505
1.0000000000004006
1.0000000000003519
1.0000000000003042
1.0000000000002565
1.0000000000002096
1.0000000000001643
1.0000000000001217
1.0000000000000817
1.0000000000000451
1.0000000000000115
0.9999999999999811
0.9999999999999537
0.9999999999999294
0.9999999999999077
0.9999999999998902
0.9999999999998767
0.9999999999998667
0.9999999999998604
0.9999999999998574
0.9999999999998572
0.9999999999998601
0.9999999999998659
0.9999999999998741
0.9999999999998841
0.9999999999998953
0.9999999999999067
0.9999999999999185
0.9999999999999306
0.9999999999999423
0.9999999999999543
0.9999999999999664
0.9999999999999784
0.9999999999999895
0.9999999999999991
1.0000000000000071
1.0000000000000124
1.0000000000000167
1.0000000000000211
1.0000000000000271
1.0000000000000364
1.0000000000000480
1.0000000000000613
1.0000000000000755
1.0000000000000895
1.0000000000001041
1.0000000000001195
1.0000000000001352
1.0000000000001503
1.0000000000001641
1.0000000000001756
1.0000000000001854
1.0000000000001945
1.0000000000002049
1.0000000000002174
1.0000000000002320
1.0000000000002476
1.0000000000002627
1.0000000000002758
1.0000000000002862
1.0000000000002935
1.0000000000002975
1.0000000000002984
1.0000000000002964
1.0000000000002929
1.0000000000002884
1.0000000000002840
1.0000000000002809
1.0000000000002796
1.0000000000002787
1.0000000000002776
1.0000000000002756
1.0000000000002711
1.0000000000002642
1.0000000000002549
1.0000000000002438
1.0000000000002298
1.0000000000002129
1.0000000000001938
1.0000000000001728
1.0000000000001492
1.0000000000001239
1.0000000000000975
1.0000000000000697
1.0000000000000415
1.0000000000000138
0.9999999999999875
0.9999999999999623
0.9999999999999373
0.9999999999999124
0.9999999999998875
0.9999999999998631
0.9999999999998401
0.9999999999998187
0.9999999999997990
0.9999999999997813
0.9999999999997659
0.9999999999997524
0.9999999999997413
0.9999999999997322
0.9999999999997241
0.9999999999997169
0.9999999999997098
0.9999999999997021
0.9999999999996936
0.9999999999996846
0.9999999999996761
0.9999999999996688
0.9999999999996632
0.9999999999996583
0.9999999999996549
0.9999999999996527
0.9999999999996515
0.9999999999996511
0.9999999999996535
0.9999999999996592
0.9999999999996676
0.9999999999996775
0.9999999999996881
0.9999999999996998
0.9999999999997127
0.9999999999997271
0.9999999999997415
0.9999999999997561
0.9999999999997700
0.9999999999997831
0.9999999999997956
0.9999999999998069
0.9999999999998173
0.9999999999998265
0.9999999999998346
0.9999999999998416
0.9999999999998480
0.9999999999998546
0.9999999999998616
0.9999999999998690
0.9999999999998761
0.9999999999998838
0.9999999999998916
0.9999999999999009
0.9999999999999121
0.9999999999999257
0.9999999999999418
0.9999999999999599
0.9999999999999796
1.0000000000000000
1.0000000000000202
1.0000000000000397
1.0000000000000584
1.0000000000000742
1.0000000000000870
1.0000000000000968
1.0000000000001039
1.0000000000001099
1.0000000000001161
1.0000000000001239
1.0000000000001319
1.0000000000001392
1.0000000000001454
1.0000000000001501
1.0000000000001528
1.0000000000001543
1.0000000000001552
1.0000000000001552
1.0000000000001537
1.0000000000001505
1.0000000000001465
1.0000000000001417
1.0000000000001354
1.0000000000001281
1.0000000000001195
1.0000000000001097
1.0000000000000995
1.0000000000000895
1.0000000000000806
1.0000000000000728
1.0000000000000655
1.0000000000000566
1.0000000000000457
1.0000000000000326
1.0000000000000182
1.0000000000000020
0.9999999999999847
0.9999999999999678
0.9999999999999525
0.9999999999999392
0.9999999999999283
0.9999999999999197
0.9999999999999132
0.9999999999999079
0.9999999999999044
0.9999999999999026
0.9999999999999006
0.9999999999998977
0.9999999999998932
0.9999999999998868
0.9999999999998790
0.9999999999998711
0.9999999999998632
0.9999999999998560
0.9999999999998488
0.9999999999998419
0.9999999999998364
0.9999999999998329
0.9999999999998326
0.9999999999998351
0.9999999999998408
0.9999999999998493
0.9999999999998613
0.9999999999998762
0.9999999999998938
0.9999999999999142
0.9999999999999365
0.9999999999999610
0.9999999999999877
1.0000000000000155
1.0000000000000440
1.0000000000000726
1.0000000000001019
1.0000000000001315
1.0000000000001612
1.0000000000001914
1.0000000000002227
1.0000000000002556
1.0000000000002909
1.0000000000003288
1.0000000000003701
1.0000000000004143
1.0000000000004607
1.0000000000005087
1.0000000000005573
1.0000000000006051
1.0000000000006515
1.0000000000006968
1.0000000000007414
1.0000000000007854
1.0000000000008278
1.0000000000008680
1.0000000000009039
1.0000000000009353
1.0000000000009608
1.0000000000009797
1.0000000000009910
1.0000000000009936
1.0000000000009861
1.0000000000009703
