1.0000079336270469
1.0000078350339343
1.0000077178588500
1.0000075823839747
1.0000074289351413
1.0000072578810573
1.0000070696324213
1.0000068646409401
1.0000066433982475
1.0000064064347298
1.0000061543182555
1.0000058876528179
1.0000056070770920
1.0000053132629052
1.0000050069136319
1.0000046887625116
1.0000043595708936
1.0000040201264202
1.0000036712411413
1.0000033137495741
1.0000029485067081
1.0000025763859610
1.0000021982770901
1.0000018150840673
1.0000014277229170
1.0000010371195269
1.0000006442074334
1.0000002499255922
0.9999998552161331
0.9999994610221077
0.9999990682852362
0.9999986779436576
0.9999982909296858
0.9999979081675806
0.9999975305713391
0.9999971590425137
0.9999967944680568
0.9999964377182015
0.9999960896443814
0.9999957510771957
0.9999954228244248
0.9999951056690990
0.9999948003676287
0.9999945076479978
0.9999942282080236
0.9999939627136903
0.9999937117975587
0.9999934760572535
0.9999932560540361
0.9999930523114637
0.9999928653141417
0.9999926955065646
0.9999925432920548
0.9999924090318000
0.9999922930439916
0.9999921956030658
0.9999921169390477
0.9999920572370029
0.9999920166366009
0.9999919952317797
0.9999919930705252
0.9999920101547578
0.9999920464403277
0.9999921018371239
0.9999921762092909
0.9999922693755559
0.9999923811096635
0.9999925111409202
0.9999926591548431
0.9999928247939150
0.9999930076584400
0.9999932073075013
0.9999934232600177
0.9999936549958964
0.9999939019572788
0.9999941635498762
0.9999944391443922
0.9999947280780296
0.9999950296560778
0.9999953431535755
0.9999956678170491
0.9999960028663137
0.9999963474963411
0.9999967008791866
0.9999970621659693
0.9999974304889058
0.9999978049633862
0.9999981846900925
0.9999985687571501
0.9999989562423107
0.9999993462151585
0.9999997377393383
1.0000001298747936
1.0000005216800190
1.0000009122143112
1.0000013005400228
1.0000016857248037
1.0000020668438303
1.0000024429820216
1.0000028132362275
1.0000031767173907
1.0000035325526750
1.0000038798875526
1.0000042178878485
1.0000045457417379
1.0000048626616886
1.0000051678863469
1.0000054606823578
1.0000057403461211
1.0000060062054770
1.0000062576213113
1.0000064939890891
1.0000067147402998
1.0000069193438157
1.0000071073071655
1.0000072781777123
1.0000074315437382
1.0000075670354314
1.0000076843257715
1.0000077831313137
1.0000078632128651
1.0000079243760611
1.0000079664718295
1.0000079893967511
1.0000079930933048
1.0000079775500106
1.0000079428014574
1.0000078889282222
1.0000078160566777
1.0000077243586920
1.0000076140512202
1.0000074853957863
1.0000073386978605
1.0000071743061287
1.0000069926116617
1.0000067940469808
1.0000065790850250
1.0000063482380219
1.0000061020562647
1.0000058411267974
1.0000055660720137
1.0000052775481700
1.0000049762438168
1.0000046628781527
1.0000043381993062
1.0000040029825497
1.0000036580284470
1.0000033041609391
1.0000029422253756
1.0000025730864941
1.0000021976263540
1.0000018167422295
1.0000014313444623
1.0000010423542876
1.0000006507016310
1.0000002573228872
0.9999998631586802
0.9999994691516149
0.9999990762440222
0.9999986853757084
0.9999982974817075
0.9999979134900475
0.9999975343195295
0.9999971608775318
0.9999967940578394
0.9999964347385067
0.9999960837797581
0.9999957420219298
0.9999954102834614
0.9999950893589383
0.9999947800171898
0.9999944829994523
0.9999941990175957
0.9999939287524205
0.9999936728520283
0.9999934319302715
0.9999932065652836
0.9999929972980974
0.9999928046313515
0.9999926290280829
0.9999924709106209
0.9999923306595763
0.9999922086129281
0.9999921050652164
0.9999920202668355
0.9999919544234335
0.9999919076954183
0.9999918801975733
0.9999918719987805
0.9999918831218549
0.9999919135434877
0.9999919631942983
0.9999920319589992
0.9999921196766711
0.9999922261411435
0.9999923511014859
0.9999924942626063
0.9999926552859536
0.9999928337903262
0.9999930293527795
0.9999932415096363
0.9999934697575937
0.9999937135549221
0.9999939723227580
0.9999942454464863
0.9999945322772055
0.9999948321332801
0.9999951443019646
0.9999954680411066
0.9999958025809186
0.9999961471258162
0.9999965008563163
0.9999968629309931
0.9999972324884897
0.9999976086495731
0.9999979905192331
0.9999983771888211
0.9999987677382189
0.9999991612380338
0.9999995567518177
0.9999999533383060
1.0000003500536638
1.0000007459537386
1.0000011400963158
1.0000015315433686
1.0000019193632961
1.0000023026331497
1.0000026804408360
1.0000030518872947
1.0000034160886448
1.0000037721782948
1.0000041193090123
1.0000044566549482
1.0000047834136054
1.0000050988077558
1.0000054020872957
1.0000056925310363
1.0000059694484245
1.0000062321811920
1.0000064801049271
1.0000067126305630
1.0000069292057867
1.0000071293163559
1.0000073124873252
1.0000074782841788
1.0000076263138680
1.0000077562257463
1.0000078677124076
1.0000079605104195
1.0000080344009521
1.0000080892102967
1.0000081248102786
1.0000081411185640
1.0000081380988548
1.0000081157609746
1.0000080741608410
1.0000080134003337
1.0000079336270469
1.0000078350339343
1.0000077178588500
1.0000075823839747
