1.0170217079570902
1.0168101451672880
1.0165591595880952
1.0162693050540221
1.0159412219074333
1.0155756359366939
1.0151733571638009
1.0147352784801893
1.0142623741293446
1.0137556980348155
1.0132163819722186
1.0126456335838718
1.0120447342347638
1.0114150367086963
1.0107579627436043
1.0100750004052719
1.0093677012989397
1.0086376776186157
1.0078865990342778
1.0071161894176017
1.0063282234073225
1.0055245228158929
1.0047069528797066
1.0038774183558075
1.0030378594687226
1.0021902477118267
1.0013365815084483
1.0004788817387973
0.9996191871396856
0.9987595495849536
0.9979020292554684
0.9970486897085479
0.9962015928576654
0.9953627938742885
0.9945343360246941
0.9937182454555938
0.9929165259433544
0.9921311536225096
0.9913640717101332
0.9906171852434453
0.9898923558487580
0.9891913965605128
0.9885160667097108
0.9878680669014780
0.9872490341018326
0.9866605368539122
0.9861040706439766
0.9855810534374151
0.9850928214047437
0.9846406248571914
0.9842256244109180
0.9838488873982063
0.9835113845430953
0.9832139869179195
0.9829574631960415
0.9827424772147684
0.9825695858610105
0.9824392372906804
0.9823517694911844
0.9823074091946006
0.9823062711473206
0.9823483577400507
0.9824335590001522
0.9825616529463658
0.9827323063040221
0.9829450755769262
0.9831994084702188
0.9834946456566983
0.9838300228773298
0.9842046733650053
0.9846176305790723
0.9850678312366935
0.9855541186258033
0.9860752461832479
0.9866298813206794
0.9872166094799015
0.9878339383986430
0.9884803025671871
0.9891540678558830
0.9898535362933133
0.9905769509748066
0.9913225010810326
0.9920883269865927
0.9928725254388556
0.9936731547877092
0.9944882402474511
0.9953157791726791
0.9961537463307784
0.9970000991543956
0.9978527829581622
0.9987097361048424
0.9995688951070286
1.0004281996514959
1.0012855975343156
1.0021390494958342
1.0029865339456159
1.0038260515684394
1.0046556298033871
1.0054733271890244
1.0062772375685409
1.0070654941496087
1.0078362734145125
1.0085877988768834
1.0093183446820784
1.0100262390489130
1.0107098675510557
1.0113676762369481
1.0119981745875959
1.0125999383120319
1.0131716119806071
1.0137119114966135
1.0142196264069967
1.0146936220531475
1.0151328415629326
1.0155363076852377
1.0159031244683956
1.0162324787838946
1.0165236416967769
1.0167759696840963
1.0169889057027390
1.0171619801078258
1.0172948114227884
1.0173871069620721
1.0174386633072665
1.0174493666372859
1.0174191929130383
1.0173482079168306
1.0172365671465626
1.0170845155645649
1.0168923872007360
1.0166606046094477
1.0163896781795121
1.0160802052963334
1.0157328693552172
1.0153484386246814
1.0149277649585029
1.0144717823551608
1.0139815053632748
1.0134580273316318
1.0129025185024041
1.0123162239462293
1.0117004613379121
1.0110566185716632
1.0103861512149808
1.0096905798005280
1.0089714869556501
1.0082305143695314
1.0074693595983910
1.0066897727095838
1.0058935527659938
1.0050825441526778
1.0042586327483487
1.0034237419449867
1.0025798285195866
1.0017288783628593
1.0008729020705338
1.0000139304037867
0.9991540096262459
0.9982951967259656
0.9974395545317413
0.9965891467341281
0.9957460328225283
0.9949122629507042
0.9940898727440818
0.9932808780631628
0.9924872697383059
0.9917110082920354
0.9909540186658654
0.9902181849694097
0.9895053452702256
0.9888172864434472
0.9881557391007635
0.9875223726186693
0.9869187902861827
0.9863465245923448
0.9858070326738021
0.9853016919426107
0.9848317959140862
0.9843985502540407
0.9840030690641303
0.9836463714232395
0.9833293782018900
0.9830529091655709
0.9828176803816455
0.9826243019431192
0.9824732760210622
0.9823649952558655
0.9822997414958055
0.9822776848896023
0.9822988833378067
0.9823632823059393
0.9824707150003853
0.9826209029060973
0.9828134566832357
0.9830478774179697
0.9833235582208036
0.9836397861640067
0.9839957445480111
0.9843905154850314
0.9848230827866677
0.9852923351408647
0.9857970695623739
0.9863359950997563
0.9869077367810207
0.9875108397792055
0.9881437737785648
0.9888049375215582
0.9894926635165101
0.9902052228856359
0.9909408303331254
0.9916976492130849
0.9924737966773926
0.9932673488839086
0.9940763462459696
0.9948987987046962
0.9957326910063244
0.9965759879675548
0.9974266397127338
0.9982825868675843
0.9991417656951290
1.0000021131604360
1.0008615719117839
1.0017180951668643
1.0025696514936233
1.0034142294763497
1.0042498422585870
1.0050745319553978
1.0058863739284245
1.0066834809180805
1.0074640070280330
1.0082261515579427
1.0089681626811595
1.0096883409647632
1.0103850427299794
1.0110566832515653
1.0117017397952903
1.0123187544930989
1.0129063370559490
1.0134631673246703
1.0139879976594866
1.0144796551690924
1.0149370437803693
1.0153591461499722
1.0157450254191196
1.0160938268129840
1.0164047790860966
1.0166771958151641
1.0169104765406416
1.0171041077583367
1.0172576637622013
1.0173708073393504
1.0174432903181834
1.0174749539703272
1.0174657292669418
1.0174156369897285
1.0173247876968035
1.0171933815433911
1.0170217079570902
1.0168101451672880
1.0165591595880952
1.0162693050540221
