1.0000000900394685
1.0000000889995768
1.0000000877537767
1.0000000863051441
1.0000000846572350
1.0000000828140774
1.0000000807801612
1.0000000785604286
1.0000000761602621
1.0000000735854706
1.0000000708422756
1.0000000679372976
1.0000000648775396
1.0000000616703695
1.0000000583235022
1.0000000548449832
1.0000000512431668
1.0000000475266981
1.0000000437044911
1.0000000397857072
1.0000000357797347
1.0000000316961670
1.0000000275447773
1.0000000233354971
1.0000000190783906
1.0000000147836317
1.0000000104614781
1.0000000061222489
1.0000000017762987
0.9999999974339949
0.9999999931056918
0.9999999888017046
0.9999999845322866
0.9999999803076035
0.9999999761377096
0.9999999720325238
0.9999999680018054
0.9999999640551304
0.9999999602018698
0.9999999564511673
0.9999999528119173
0.9999999492927439
0.9999999459019789
0.9999999426476424
0.9999999395374236
0.9999999365786637
0.9999999337783375
0.9999999311430385
0.9999999286789619
0.9999999263918879
0.9999999242871692
0.9999999223697188
0.9999999206439997
0.9999999191140119
0.9999999177832856
0.9999999166548708
0.9999999157313294
0.9999999150147301
0.9999999145066443
0.9999999142081417
0.9999999141197883
0.9999999142416445
0.9999999145732654
0.9999999151137023
0.9999999158615037
0.9999999168147202
0.9999999179709079
0.9999999193271341
0.9999999208799867
0.9999999226255825
0.9999999245595748
0.9999999266771639
0.9999999289731104
0.9999999314417467
0.9999999340769905
0.9999999368723580
0.9999999398209816
0.9999999429156251
0.9999999461487027
0.9999999495122986
0.9999999529981831
0.9999999565978324
0.9999999603024505
0.9999999641029901
0.9999999679901735
0.9999999719545157
0.9999999759863474
0.9999999800758352
0.9999999842130078
0.9999999883877798
0.9999999925899768
0.9999999968093599
1.0000000010356496
1.0000000052585505
1.0000000094677757
1.0000000136530702
1.0000000178042387
1.0000000219111689
1.0000000259638555
1.0000000299524234
1.0000000338671511
1.0000000376984943
1.0000000414371111
1.0000000450738824
1.0000000485999327
1.0000000520066543
1.0000000552857253
1.0000000584291315
1.0000000614291855
1.0000000642785467
1.0000000669702345
1.0000000694976485
1.0000000718545830
1.0000000740352422
1.0000000760342560
1.0000000778466893
1.0000000794680568
1.0000000808943328
1.0000000821219612
1.0000000831478639
1.0000000839694478
1.0000000845846122
1.0000000849917523
1.0000000851897650
1.0000000851780506
1.0000000849565143
1.0000000845255654
1.0000000838861178
1.0000000830395879
1.0000000819878923
1.0000000807334410
1.0000000792791328
1.0000000776283477
1.0000000757849410
1.0000000737532311
1.0000000715379918
1.0000000691444386
1.0000000665782192
1.0000000638453979
1.0000000609524424
1.0000000579062067
1.0000000547139161
1.0000000513831502
1.0000000479218247
1.0000000443381722
1.0000000406407221
1.0000000368382800
1.0000000329399050
1.0000000289548914
1.0000000248927448
1.0000000207631603
1.0000000165760006
1.0000000123412702
1.0000000080690927
1.0000000037696846
0.9999999994533323
0.9999999951303687
0.9999999908111470
0.9999999865060157
0.9999999822252945
0.9999999779792489
0.9999999737780667
0.9999999696318318
0.9999999655505017
0.9999999615438840
0.9999999576216124
0.9999999537931243
0.9999999500676361
0.9999999464541219
0.9999999429612937
0.9999999395975788
0.9999999363711003
0.9999999332896553
0.9999999303606998
0.9999999275913287
0.9999999249882612
0.9999999225578241
0.9999999203059361
0.9999999182380921
0.9999999163593513
0.9999999146743231
0.9999999131871592
0.9999999119015398
0.9999999108206670
0.9999999099472572
0.9999999092835350
0.9999999088312282
0.9999999085915624
0.9999999085652571
0.9999999087525251
0.9999999091530726
0.9999999097660979
0.9999999105902951
0.9999999116238559
0.9999999128644742
0.9999999143093504
0.9999999159551994
0.9999999177982578
0.9999999198342918
0.9999999220586085
0.9999999244660676
0.9999999270510926
0.9999999298076848
0.9999999327294370
0.9999999358095486
0.9999999390408428
0.9999999424157829
0.9999999459264900
0.9999999495647612
0.9999999533220911
0.9999999571896900
0.9999999611585043
0.9999999652192393
0.9999999693623806
0.9999999735782188
0.9999999778568712
0.9999999821883053
0.9999999865623623
0.9999999909687807
0.9999999953972217
0.9999999998372932
1.0000000042785737
1.0000000087106389
1.0000000131230862
1.0000000175055599
1.0000000218477747
1.0000000261395412
1.0000000303707908
1.0000000345315978
1.0000000386122021
1.0000000426030338
1.0000000464947376
1.0000000502781936
1.0000000539445379
1.0000000574851859
1.0000000608918511
1.0000000641565649
1.0000000672716953
1.0000000702299658
1.0000000730244731
1.0000000756487037
1.0000000780965477
1.0000000803623137
1.0000000824407433
1.0000000843270229
1.0000000860167961
1.0000000875061741
1.0000000887917422
1.0000000898705688
1.0000000907402129
1.0000000913987313
1.0000000918446821
1.0000000920771288
1.0000000920956400
1.0000000919002927
1.0000000914916707
1.0000000908708646
1.0000000900394685
1.0000000889995768
1.0000000877537767
1.0000000863051441
