1.0000838679012967
1.0000828132262605
1.0000815613452596
1.0000801152600673
1.0000784784360772
1.0000766547940230
1.0000746487006158
1.0000724649581172
1.0000701087928714
1.0000675858428250
1.0000649021440626
1.0000620641163933
1.0000590785480195
1.0000559525793271
1.0000526936858347
1.0000493096603389
1.0000458085943031
1.0000421988585335
1.0000384890831835
1.0000346881371414
1.0000308051068427
1.0000268492745665
1.0000228300962573
1.0000187571789370
1.0000146402577481
1.0000104891726909
1.0000063138451114
1.0000021242539914
0.9999979304120987
0.9999937423420562
0.9999895700523841
0.9999854235135767
0.9999813126342656
0.9999772472375336
0.9999732370374264
0.9999692916157262
0.9999654203990399
0.9999616326362579
0.9999579373764359
0.9999543434471510
0.9999508594333891
0.9999474936570107
0.9999442541568447
0.9999411486694587
0.9999381846106530
0.9999353690577198
0.9999327087325137
0.9999302099853701
0.9999278787799116
0.9999257206787813
0.9999237408303348
0.9999219439563226
0.9999203343405957
0.9999189158188579
0.9999176917694907
0.9999166651054736
0.9999158382674189
0.9999152132177350
0.9999147914359383
0.9999145739151203
0.9999145611595779
0.9999147531836161
0.9999151495115248
0.9999157491787256
0.9999165507340916
0.9999175522434324
0.9999187512941367
0.9999201450009566
0.9999217300129285
0.9999235025214032
0.9999254582691772
0.9999275925606956
0.9999299002733026
0.9999323758695150
0.9999350134102877
0.9999378065692424
0.9999407486478202
0.9999438325913257
0.9999470510058207
0.9999503961758314
0.9999538600828202
0.9999574344243868
0.9999611106341422
0.9999648799022172
0.9999687331963484
0.9999726612834960
0.9999766547519437
0.9999807040338194
0.9999847994279899
0.9999889311232711
0.9999930892219004
0.9999972637632161
1.0000014447474828
1.0000056221598099
1.0000097859941033
1.0000139262769929
1.0000180330916839
1.0000220966016669
1.0000261070742373
1.0000300549037635
1.0000339306346497
1.0000377249839363
1.0000414288634882
1.0000450334017152
1.0000485299647757
1.0000519101772081
1.0000551659419465
1.0000582894596686
1.0000612732474297
1.0000641101565433
1.0000667933896594
1.0000693165170040
1.0000716734917390
1.0000738586644100
1.0000758667964418
1.0000776930726518
1.0000793331127564
1.0000807829818350
1.0000820391997320
1.0000830987493738
1.0000839590839754
1.0000846181331284
1.0000850743077527
1.0000853265038943
1.0000853741053708
1.0000852169852501
1.0000848555061594
1.0000842905194287
1.0000835233630669
1.0000825558585762
1.0000813903066095
1.0000800294814898
1.0000784766245931
1.0000767354366193
1.0000748100687649
1.0000727051128204
1.0000704255902171
1.0000679769400425
1.0000653650060634
1.0000625960227807
1.0000596766005507
1.0000566137098075
1.0000534146644211
1.0000500871042399
1.0000466389768494
1.0000430785185968
1.0000394142349243
1.0000356548800557
1.0000318094360909
1.0000278870915511
1.0000238972194306
1.0000198493548060
1.0000157531720539
1.0000116184617385
1.0000074551072144
1.0000032730610093
0.9999990823210376
0.9999948929067020
0.9999907148349441
0.9999865580962963
0.9999824326309963
0.9999783483052181
0.9999743148874792
0.9999703420252797
0.9999664392220279
0.9999626158143068
0.9999588809495408
0.9999552435641107
0.9999517123619728
0.9999482957938314
0.9999450020369158
0.9999418389754092
0.9999388141815777
0.9999359348976447
0.9999332080184539
0.9999306400749632
0.9999282372186078
0.9999260052065708
0.9999239493879954
0.9999220746911737
0.9999203856117409
0.9999188862019073
0.9999175800607462
0.9999164703255714
0.9999155596644181
0.9999148502696477
0.9999143438526888
0.9999140416399330
0.9999139443697862
0.9999140522908937
0.9999143651615332
0.9999148822501844
0.9999156023372706
0.9999165237180695
0.9999176442067845
0.9999189611417673
0.9999204713918788
0.9999221713639750
0.9999240570114992
0.9999261238441571
0.9999283669386552
0.9999307809504743
0.9999333601266520
0.9999360983195418
0.9999389890015139
0.9999420252805695
0.9999451999168215
0.9999485053398082
0.9999519336665952
0.9999554767206275
0.9999591260512807
0.9999628729540664
0.9999667084914459
0.9999706235141982
0.9999746086832901
0.9999786544922024
0.9999827512896522
0.9999868893026608
0.9999910586599121
0.9999952494153435
0.9999994515719118
1.0000036551054818
1.0000078499887766
1.0000120262153336
1.0000161738234095
1.0000202829197742
1.0000243437033418
1.0000283464885782
1.0000322817286305
1.0000361400381246
1.0000399122155763
1.0000435892653594
1.0000471624191798
1.0000506231570094
1.0000539632274215
1.0000571746672831
1.0000602498207611
1.0000631813575940
1.0000659622905816
1.0000685859922571
1.0000710462106974
1.0000733370844379
1.0000754531564571
1.0000773893871906
1.0000791411665506
1.0000807043249196
1.0000820751430926
1.0000832503611456
1.0000842271862072
1.0000850032991124
1.0000855768599284
1.0000859465123382
1.0000861113868700
1.0000860711029633
1.0000858257698677
1.0000853759863753
1.0000847228393841
1.0000838679012967
1.0000828132262605
1.0000815613452596
1.0000801152600673
