1.0000000000093172
1.0000000000093410
1.0000000000093436
1.0000000000093257
1.0000000000092899
1.0000000000092379
1.0000000000091711
1.0000000000090910
1.0000000000089986
1.0000000000088933
1.0000000000087748
1.0000000000086429
1.0000000000084988
1.0000000000083438
1.0000000000081792
1.0000000000080056
1.0000000000078249
1.0000000000076379
1.0000000000074460
1.0000000000072509
1.0000000000070528
1.0000000000068523
1.0000000000066493
1.0000000000064428
1.0000000000062330
1.0000000000060207
1.0000000000058076
1.0000000000055937
1.0000000000053797
1.0000000000051659
1.0000000000049523
1.0000000000047387
1.0000000000045262
1.0000000000043148
1.0000000000041041
1.0000000000038944
1.0000000000036853
1.0000000000034761
1.0000000000032676
1.0000000000030607
1.0000000000028562
1.0000000000026554
1.0000000000024589
1.0000000000022671
1.0000000000020803
1.0000000000018998
1.0000000000017262
1.0000000000015592
1.0000000000013973
1.0000000000012412
1.0000000000010911
1.0000000000009479
1.0000000000008120
1.0000000000006841
1.0000000000005651
1.0000000000004550
1.0000000000003522
1.0000000000002571
1.0000000000001701
1.0000000000000913
1.0000000000000200
0.9999999999999551
0.9999999999998965
0.9999999999998443
0.9999999999998000
0.9999999999997637
0.9999999999997359
0.9999999999997167
0.9999999999997061
0.9999999999997039
0.9999999999997093
0.9999999999997219
0.9999999999997404
0.9999999999997632
0.9999999999997904
0.9999999999998205
0.9999999999998531
0.9999999999998886
0.9999999999999275
0.9999999999999697
1.0000000000000149
1.0000000000000628
1.0000000000001141
1.0000000000001681
1.0000000000002236
1.0000000000002798
1.0000000000003357
1.0000000000003906
1.0000000000004436
1.0000000000004938
1.0000000000005407
1.0000000000005851
1.0000000000006286
1.0000000000006724
1.0000000000007172
1.0000000000007609
1.0000000000008029
1.0000000000008431
1.0000000000008802
1.0000000000009135
1.0000000000009430
1.0000000000009703
1.0000000000009959
1.0000000000010201
1.0000000000010418
1.0000000000010605
1.0000000000010747
1.0000000000010842
1.0000000000010902
1.0000000000010942
1.0000000000010965
1.0000000000010973
1.0000000000010962
1.0000000000010929
1.0000000000010878
1.0000000000010802
1.0000000000010694
1.0000000000010554
1.0000000000010389
1.0000000000010199
1.0000000000009981
1.0000000000009750
1.0000000000009506
1.0000000000009255
1.0000000000008984
1.0000000000008704
1.0000000000008402
1.0000000000008082
1.0000000000007747
1.0000000000007403
1.0000000000007041
1.0000000000006661
1.0000000000006264
1.0000000000005855
1.0000000000005440
1.0000000000005018
1.0000000000004576
1.0000000000004101
1.0000000000003586
1.0000000000003033
1.0000000000002462
1.0000000000001883
1.0000000000001303
1.0000000000000711
1.0000000000000102
0.9999999999999476
0.9999999999998830
0.9999999999998169
0.9999999999997490
0.9999999999996796
0.9999999999996090
0.9999999999995378
0.9999999999994660
0.9999999999993923
0.9999999999993165
0.9999999999992386
0.9999999999991576
0.9999999999990743
0.9999999999989897
0.9999999999989051
0.9999999999988206
0.9999999999987373
0.9999999999986555
0.9999999999985749
0.9999999999984946
0.9999999999984132
0.9999999999983310
0.9999999999982490
0.9999999999981688
0.9999999999980911
0.9999999999980151
0.9999999999979409
0.9999999999978676
0.9999999999977953
0.9999999999977249
0.9999999999976561
0.9999999999975894
0.9999999999975248
0.9999999999974627
0.9999999999974042
0.9999999999973501
0.9999999999973003
0.9999999999972554
0.9999999999972171
0.9999999999971853
0.9999999999971605
0.9999999999971426
0.9999999999971315
0.9999999999971284
0.9999999999971336
0.9999999999971475
0.9999999999971703
0.9999999999972017
0.9999999999972423
0.9999999999972917
0.9999999999973486
0.9999999999974118
0.9999999999974806
0.9999999999975561
0.9999999999976393
0.9999999999977317
0.9999999999978347
0.9999999999979492
0.9999999999980754
0.9999999999982124
0.9999999999983592
0.9999999999985163
0.9999999999986823
0.9999999999988557
0.9999999999990352
0.9999999999992203
0.9999999999994108
0.9999999999996069
0.9999999999998088
1.0000000000000153
1.0000000000002272
1.0000000000004445
1.0000000000006666
1.0000000000008931
1.0000000000011244
1.0000000000013616
1.0000000000016052
1.0000000000018547
1.0000000000021088
1.0000000000023663
1.0000000000026266
1.0000000000028895
1.0000000000031550
1.0000000000034219
1.0000000000036897
1.0000000000039582
1.0000000000042266
1.0000000000044953
1.0000000000047646
1.0000000000050338
1.0000000000053024
1.0000000000055691
1.0000000000058338
1.0000000000060965
1.0000000000063560
1.0000000000066112
1.0000000000068616
1.0000000000071063
1.0000000000073441
1.0000000000075739
1.0000000000077929
1.0000000000079980
1.0000000000081892
1.0000000000083662
1.0000000000085285
1.0000000000086768
1.0000000000088118
1.0000000000089333
1.0000000000090412
1.0000000000091347
1.0000000000092126
1.0000000000092739
1.0000000000093172
1.0000000000093410
1.0000000000093436
1.0000000000093257
