1.0097232750745295
1.0096014084870295
1.0094568494746279
1.0092899283761443
1.0091010268592475
1.0088905771691403
1.0086590612744748
1.0084070099109850
1.0081350015234165
1.0078436611064343
1.0075336589453088
1.0072057092573252
1.0068605687349892
1.0064990349922738
1.0061219449153225
1.0057301729192218
1.0053246291126574
1.0049062573724907
1.0044760333305403
1.0040349622750961
1.0035840769699722
1.0031244353941726
1.0026571184055584
1.0021832273321971
1.0017038814953994
1.0012202156687702
1.0007333774779434
1.0002445247459928
0.9997548227898673
0.9992654416735286
0.9987775534238167
0.9982923292153872
0.9978109365314050
0.9973345363069763
0.9968642800626096
0.9964013070352730
0.9959467413148702
0.9955016889941979
0.9950672353406471
0.9946444419980902
0.9942343442275358
0.9938379481952302
0.9934562283169645
0.9930901246673449
0.9927405404627851
0.9924083396268896
0.9920943444467940
0.9917993333288554
0.9915240386618688
0.9912691447957314
0.9910352861431514
0.9908230454116362
0.9906329519725851
0.9904654803738634
0.9903210490017221
0.9902000188973956
0.9901026927331306
0.9900293139517911
0.9899800660735401
0.9899550721724354
0.9899543945250858
0.9899780344328144
0.9900259322180651
0.9900979673950674
0.9901939590140559
0.9903136661776272
0.9904567887271157
0.9906229680961828
0.9908117883281414
0.9910227772529028
0.9912554078188184
0.9915090995741072
0.9917832202920196
0.9920770877333931
0.9923899715397871
0.9927210952499749
0.9930696384322134
0.9934347389243844
0.9938154951738376
0.9942109686685503
0.9946201864510474
0.9950421437064074
0.9954758064156084
0.9959201140654457
0.9963739824062691
0.9968363062488453
0.9973059622917689
0.9977818119709704
0.9982627043230395
0.9987474788543081
0.9992349684078450
0.9997240020207900
1.0002134077647216
1.0007020155620610
1.0011886599718167
1.0016721829383068
1.0021514364968185
1.0026252854305162
1.0030926098732347
1.0035523078531383
1.0040032977725772
1.0044445208197876
1.0048749433084223
1.0052935589412069
1.0056993909943330
1.0060914944194914
1.0064689578607289
1.0068309055835882
1.0071764993142378
1.0075049399865430
1.0078154693952519
1.0081073717536735
1.0083799751544278
1.0086326529320149
1.0088648249261138
1.0090759586446756
1.0092655703259881
1.0094332258990371
1.0095785418415741
1.0097011859353981
1.0098008779184522
1.0098773900334042
1.0099305474724436
1.0099602287180953
1.0099663657798930
1.0099489443268144
1.0099080037154213
1.0098436369136916
1.0097559903205686
1.0096452634813136
1.0095117086987755
1.0093556305407567
1.0091773852436989
1.0089773800129873
1.0087560722202302
1.0085139684979556
1.0082516237322552
1.0079696399540061
1.0076686651294104
1.0073493918507208
1.0070125559281584
1.0066589348841843
1.0062893463514506
1.0059046463759442
1.0055057276270352
1.0050935175163564
1.0046689762276755
1.0042330946601603
1.0037868922877085
1.0033314149372785
1.0028677324894626
1.0023969365048264
1.0019201377798683
1.0014384638367648
1.0009530563513989
1.0004650685245060
0.9999756624011201
0.9994860061438251
0.9989972712656775
0.9985106298289832
0.9980272516164507
0.9975483012815625
0.9970749354853062
0.9966083000267024
0.9961495269748303
0.9956997318103028
0.9952600105843622
0.9948314371039546
0.9944150601513086
0.9940119007466549
0.9936229494628177
0.9932491638004396
0.9928914656326179
0.9925507387276683
0.9922278263586445
0.9919235290080993
0.9916386021763886
0.9913737543015735
0.9911296447986778
0.9909068822257344
0.9907060225836514
0.9905275677565082
0.9903719640984060
0.9902396011724728
0.9901308106470745
0.9900458653536789
0.9899849785101981
0.9899483031129754
0.9899359314999111
0.9899478950865189
0.9899841642760047
0.9900446485437359
0.9901291966957555
0.9902375973002695
0.9903695792903376
0.9905248127352922
0.9907029097777399
0.9909034257323365
0.9911258603419103
0.9913696591858997
0.9916342152355165
0.9919188705495302
0.9922229181040791
0.9925456037494816
0.9928861282866347
0.9932436496552458
0.9936172852258479
0.9940061141873098
0.9944091800213629
0.9948254930555160
0.9952540330856395
0.9956937520594532
0.9961435768121488
0.9966024118454183
0.9970691421412419
0.9975426360019194
0.9980217479079735
0.9985053213857464
0.9989921918767406
0.9994811896009866
0.9999711424069990
1.0004608786011691
1.0009492297497424
1.0014350334468585
1.0019171360424453
1.0023943953241106
1.0028656831475027
1.0033298880099535
1.0037859175625632
1.0042327010562206
1.0046691917173733
1.0050943690497001
1.0055072410581449
1.0059068463920628
1.0062922564045378
1.0066625771251936
1.0070169511440901
1.0073545594045361
1.0076746229028859
1.0079764042936041
1.0082592093980833
1.0085223886158754
1.0087653382371784
1.0089875016555669
1.0091883704800970
1.0093674855460397
1.0095244378236097
1.0096588692241588
1.0097704733033901
1.0098589958612338
1.0099242354380844
1.0099660437071738
1.0099843257629011
1.0099790403049980
1.0099501997184528
1.0098978700491592
1.0098221708753012
1.0097232750745295
1.0096014084870295
1.0094568494746279
1.0092899283761443
