1.0000000005009839
1.0000000004974381
1.0000000004928991
1.0000000004873795
1.0000000004808955
1.0000000004734653
1.0000000004651093
1.0000000004558491
1.0000000004457090
1.0000000004347136
1.0000000004228888
1.0000000004102625
1.0000000003968659
1.0000000003827325
1.0000000003678979
1.0000000003523997
1.0000000003362757
1.0000000003195644
1.0000000003023062
1.0000000002845426
1.0000000002663156
1.0000000002476697
1.0000000002286489
1.0000000002092981
1.0000000001896632
1.0000000001697895
1.0000000001497240
1.0000000001295144
1.0000000001092080
1.0000000000888531
1.0000000000684977
1.0000000000481886
1.0000000000279734
1.0000000000078997
0.9999999999880149
0.9999999999683661
0.9999999999489982
0.9999999999299560
0.9999999999112835
0.9999999998930237
0.9999999998752184
0.9999999998579083
0.9999999998411341
0.9999999998249335
0.9999999998093425
0.9999999997943970
0.9999999997801307
0.9999999997665764
0.9999999997537651
0.9999999997417253
0.9999999997304823
0.9999999997200583
0.9999999997104739
0.9999999997017469
0.9999999996938930
0.9999999996869285
0.9999999996808678
0.9999999996757224
0.9999999996715011
0.9999999996682107
0.9999999996658557
0.9999999996644384
0.9999999996639588
0.9999999996644158
0.9999999996658028
0.9999999996681108
0.9999999996713294
0.9999999996754459
0.9999999996804453
0.9999999996863105
0.9999999996930232
0.9999999997005635
0.9999999997089092
0.9999999997180351
0.9999999997279149
0.9999999997385197
0.9999999997498187
0.9999999997617802
0.9999999997743719
0.9999999997875598
0.9999999998013079
0.9999999998155766
0.9999999998303254
0.9999999998455137
0.9999999998610994
0.9999999998770398
0.9999999998932918
0.9999999999098124
0.9999999999265574
0.9999999999434824
0.9999999999605429
0.9999999999776931
0.9999999999948874
1.0000000000120799
1.0000000000292237
1.0000000000462714
1.0000000000631772
1.0000000000798961
1.0000000000963827
1.0000000001125928
1.0000000001284832
1.0000000001440119
1.0000000001591374
1.0000000001738185
1.0000000001880145
1.0000000002016853
1.0000000002147929
1.0000000002273011
1.0000000002391753
1.0000000002503839
1.0000000002608957
1.0000000002706821
1.0000000002797163
1.0000000002879728
1.0000000002954275
1.0000000003020575
1.0000000003078420
1.0000000003127634
1.0000000003168070
1.0000000003199601
1.0000000003222114
1.0000000003235521
1.0000000003239766
1.0000000003234801
1.0000000003220597
1.0000000003197163
1.0000000003164518
1.0000000003122698
1.0000000003071767
1.0000000003011813
1.0000000002942950
1.0000000002865317
1.0000000002779073
1.0000000002684399
1.0000000002581491
1.0000000002470575
1.0000000002351903
1.0000000002225748
1.0000000002092411
1.0000000001952203
1.0000000001805449
1.0000000001652489
1.0000000001493676
1.0000000001329374
1.0000000001159968
1.0000000000985851
1.0000000000807430
1.0000000000625118
1.0000000000439351
1.0000000000250568
1.0000000000059226
0.9999999999865775
0.9999999999670670
0.9999999999474368
0.9999999999277346
0.9999999999080078
0.9999999998883037
0.9999999998686697
0.9999999998491536
0.9999999998298034
0.9999999998106667
0.9999999997917910
0.9999999997732225
0.9999999997550078
0.9999999997371910
0.9999999997198160
0.9999999997029254
0.9999999996865626
0.9999999996707689
0.9999999996555844
0.9999999996410472
0.9999999996271944
0.9999999996140607
0.9999999996016797
0.9999999995900838
0.9999999995793032
0.9999999995693679
0.9999999995603057
0.9999999995521412
0.9999999995448965
0.9999999995385916
0.9999999995332445
0.9999999995288710
0.9999999995254866
0.9999999995231026
0.9999999995217278
0.9999999995213692
0.9999999995220317
0.9999999995237172
0.9999999995264259
0.9999999995301542
0.9999999995348949
0.9999999995406398
0.9999999995473784
0.9999999995550987
0.9999999995637882
0.9999999995734321
0.9999999995840126
0.9999999995955102
0.9999999996079028
0.9999999996211651
0.9999999996352693
0.9999999996501855
0.9999999996658820
0.9999999996823254
0.9999999996994813
0.9999999997173142
0.9999999997357869
0.9999999997548611
0.9999999997744957
0.9999999997946483
0.9999999998152743
0.9999999998363297
0.9999999998577683
0.9999999998795432
0.9999999999016072
0.9999999999239121
0.9999999999464108
0.9999999999690556
0.9999999999917977
1.0000000000145877
1.0000000000373763
1.0000000000601146
1.0000000000827527
1.0000000001052418
1.0000000001275333
1.0000000001495797
1.0000000001713325
1.0000000001927438
1.0000000002137677
1.0000000002343581
1.0000000002544702
1.0000000002740610
1.0000000002930887
1.0000000003115128
1.0000000003292939
1.0000000003463945
1.0000000003627785
1.0000000003784117
1.0000000003932608
1.0000000004072940
1.0000000004204823
1.0000000004327969
1.0000000004442131
1.0000000004547085
1.0000000004642622
1.0000000004728560
1.0000000004804737
1.0000000004871015
1.0000000004927274
1.0000000004973417
1.0000000005009366
1.0000000005035068
1.0000000005050491
1.0000000005055640
1.0000000005050547
1.0000000005035257
1.0000000005009839
1.0000000004974381
1.0000000004928991
1.0000000004873795
