1.0438844906666218
1.0433560011411755
1.0427287337526892
1.0420039009133319
1.0411829078934203
1.0402673520331318
1.0392590218083058
1.0381598957359881
1.0369721411037034
1.0356981125048008
1.0343403501606268
1.0329015780087316
1.0313847015348643
1.0297928053251242
1.0281291503133632
1.0263971706977879
1.0246004704997158
1.0227428197366175
1.0208281501809553
1.0188605506759483
1.0168442619792784
1.0147836711059288
1.0126833051418764
1.0105478245012376
1.0083820156007806
1.0061907829274601
1.0039791404768539
1.0017522025431209
0.9995151738443838
0.9972733389712722
0.9950320511508055
0.9927967203227941
0.9905728005315642
0.9883657766419947
0.9861811503956058
0.9840244258297328
0.9819010940905512
0.9798166176788922
0.9777764141762619
0.9757858395071989
0.9738501708029113
0.9719745889399467
0.9701641608362731
0.9684238215954480
0.9667583565973772
0.9651723836413049
0.9636703352529737
0.9622564412731820
0.9609347118490524
0.9597089209520868
0.9585825905483403
0.9575589755457266
0.9566410496414436
0.9558314921887557
0.9551326761968385
0.9545466575701242
0.9540751656846224
0.9537195953881413
0.9534810004993453
0.9533600888672819
0.9533572190386905
0.9534723985652229
0.9537052839669613
0.9540551823526014
0.9545210546806115
0.9551015206299392
0.9557948650336221
0.9565990458142747
0.9575117033470962
0.9585301711639754
0.9596514879016563
0.9608724103878925
0.9621894277521690
0.9635987764419681
0.9650964560217187
0.9666782456294699
0.9683397209659359
0.9700762716917481
0.9718831191114456
0.9737553340267703
0.9756878546470602
0.9776755044508066
0.9797130098995362
0.9817950179129755
0.9839161130227417
0.9860708341304164
0.9882536908046654
0.9904591790608758
0.9926817965755139
0.9949160572958901
0.9971565054141993
0.9993977286824791
1.0016343710524285
1.0038611446308039
1.0060728409473203
1.0082643415376467
1.0104306278490987
1.0125667904811122
1.0146680377764283
1.0167297037822387
1.0187472556032993
1.0207163001712596
1.0226325904562394
1.0244920311479895
1.0262906838348860
1.0280247717095485
1.0296906838300661
1.0312849789657115
1.0328043890556442
1.0342458223085054
1.0356063659699901
1.0368832887844897
1.0380740431757560
1.0391762671702776
1.0401877860856723
1.0411066140049494
1.0419309550559501
1.0426592045136858
1.0432899497416610
1.0438219709865866
1.0442542420391954
1.0445859307721410
1.0448163995642417
1.0449452056185695
1.0449721011801432
1.0448970336572168
1.0447201456483974
1.0444417748760668
1.0440624540248125
1.0435829104818177
1.0430040659743938
1.0423270360980859
1.0415531297270324
1.0406838482965097
1.0397208849458737
1.0386661235083892
1.0375216373327525
1.0362896879194492
1.0349727233534742
1.0335733765133686
1.0320944630350264
1.0305389790072963
1.0289100983750727
1.0272111700243609
1.0254457145227163
1.0236174204875568
1.0217301405541119
1.0197878869142745
1.0177948263973604
1.0157552750638192
1.0136736922832796
1.0115546742690185
1.0094029470420360
1.0072233587994430
1.0050208716638498
1.0028005527929313
1.0005675648313530
0.9983271556908055
0.9960846476480357
0.9938454257554984
0.9916149255645589
0.9893986201671027
0.9872020065678970
0.9850305914070702
0.9828898760596132
0.9807853411467795
0.9787224305026111
0.9767065346474295
0.9747429738289316
0.9728369807003610
0.9709936827139690
0.9692180843164753
0.9675150490413281
0.9658892816000704
0.9643453100818580
0.9628874683760005
0.9615198789370925
0.9602464360157462
0.9590707894799565
0.9579963293525906
0.9570261711893341
0.9561631424185152
0.9554097697595731
0.9547682678305162
0.9542405290465658
0.9538281149023955
0.9535322487190455
0.9533538099239101
0.9532933299183350
0.9533509895725402
0.9535266183720837
0.9538196952241276
0.9542293509156869
0.9547543722000944
0.9553932074723772
0.9561439739794165
0.9570044664968607
0.9579721673920402
0.9590442579807782
0.9602176310761460
0.9614889046190263
0.9628544362738690
0.9643103388683225
0.9658524965524731
0.9674765815522010
0.9691780713915918
0.9709522664613209
0.9727943078133231
0.9746991950667411
0.9766618043159222
0.9786769059379619
0.9807391822047817
0.9828432446127967
0.9849836508517179
0.9871549213427808
0.9893515552855094
0.9915680461609333
0.9937988966478029
0.9960386329166939
0.9982818182748827
1.0005230661424191
1.0027570523468738
1.0049785267307279
1.0071823240713145
1.0093633743185531
1.0115167121604656
1.0136374859306210
1.0157209658752302
1.0177625518006443
1.0197577801245021
1.0217023303557782
1.0235920310305093
1.0254228651310933
1.0271909750177499
1.0288926669011125
1.0305244148849482
1.0320828646077478
1.0335648365114420
1.0349673287647823
1.0362875198679995
1.0375227709643065
1.0386706278825868
1.0397288229342840
1.0406952764860853
1.0415680983284981
1.0423455888588400
1.0430262400955561
1.0436087365391067
1.0440919558929955
1.0444749696567870
1.0447570436012303
1.0449376381338777
1.0450164085618254
1.0449932052564486
1.0448680737232512
1.0446412545781836
1.0443131834300192
1.0438844906666218
1.0433560011411755
1.0427287337526892
1.0420039009133319
