1.0003455670538335
1.0003412060052270
1.0003360315664411
1.0003300561138553
1.0003232939346993
1.0003157611931024
1.0003074758916775
1.0002984578287379
1.0002887285512398
1.0002783113035607
1.0002672309722345
1.0002555140267739
1.0002431884567156
1.0002302837050383
1.0002168305981090
1.0002028612723204
1.0001884090975925
1.0001735085979175
1.0001581953691379
1.0001425059941460
1.0001264779557069
1.0001101495471132
1.0000935597808833
1.0000767482957140
1.0000597552619122
1.0000426212855260
1.0000253873114071
1.0000080945254328
0.9999907842561210
0.9999734978758732
0.9999562767020806
0.9999391618983293
0.9999221943759418
0.9999054146960906
0.9998888629727182
0.9998725787764990
0.9998566010400721
0.9998409679647716
0.9998257169290826
0.9998108843990465
0.9997965058408236
0.9997826156356328
0.9997692469972697
0.9997564318924060
0.9997442009638630
0.9997325834570450
0.9997216071497139
0.9997112982852724
0.9997016815097204
0.9996927798124388
0.9996846144709460
0.9996772049997589
0.9996705691034873
0.9996647226342733
0.9996596795536845
0.9996554518991473
0.9996520497550088
0.9996494812282952
0.9996477524292290
0.9996468674565472
0.9996468283876626
0.9996476352736874
0.9996492861393361
0.9996517769877057
0.9996551018099186
0.9996592525996083
0.9996642193722135
0.9996699901890287
0.9996765511859528
0.9996838866068696
0.9996919788415757
0.9997008084681627
0.9997103542997486
0.9997205934354445
0.9997315013154386
0.9997430517800513
0.9997552171326261
0.9997679682060966
0.9997812744330739
0.9997951039192791
0.9998094235201426
0.9998241989203844
0.9998393947163842
0.9998549745011358
0.9998709009515864
0.9998871359181438
0.9999036405161428
0.9999203752190388
0.9999372999531130
0.9999543741934570
0.9999715570610067
0.9999888074203905
1.0000060839783609
1.0000233453825720
1.0000405503204639
1.0000576576180187
1.0000746263381537
1.0000914158785130
1.0001079860684334
1.0001242972648461
1.0001403104468893
1.0001559873090065
1.0001712903523092
1.0001861829739911
1.0002006295545789
1.0002145955428150
1.0002280475379721
1.0002409533694074
1.0002532821731656
1.0002650044654529
1.0002760922128113
1.0002865188988241
1.0002962595871998
1.0003052909810866
1.0003135914784775
1.0003211412235773
1.0003279221540102
1.0003339180437592
1.0003391145417384
1.0003434992059062
1.0003470615328380
1.0003497929826946
1.0003516869995210
1.0003527390268379
1.0003529465184828
1.0003523089446775
1.0003508277933042
1.0003485065663968
1.0003453507718452
1.0003413679103350
1.0003365674575557
1.0003309608417170
1.0003245614164269
1.0003173844289892
1.0003094469842027
1.0003007680037395
1.0002913681812027
1.0002812699329617
1.0002704973448873
1.0002590761151036
1.0002470334928961
1.0002343982139179
1.0002212004318416
1.0002074716466232
1.0001932446295421
1.0001785533451950
1.0001634328706284
1.0001479193117941
1.0001320497175328
1.0001158619912818
1.0000993948007175
1.0000826874855504
1.0000657799636841
1.0000487126359650
1.0000315262897497
1.0000142620015136
0.9999969610387405
0.9999796647613217
0.9999624145226960
0.9999452515709767
0.9999282169502965
0.9999113514026057
0.9998946952701617
0.9998782883989429
0.9998621700432179
0.9998463787715034
0.9998309523741353
0.9998159277726749
0.9998013409313690
0.9997872267708836
0.9997736190845128
0.9997605504570705
0.9997480521866624
0.9997361542095227
0.9997248850281052
0.9997142716426020
0.9997043394860552
0.9996951123632194
0.9996866123933253
0.9996788599568852
0.9996718736466687
0.9996656702229708
0.9996602645732796
0.9996556696764419
0.9996518965714203
0.9996489543307108
0.9996468500384885
0.9996455887735398
0.9996451735970170
0.9996456055450456
0.9996468836262065
0.9996490048238974
0.9996519641035654
0.9996557544247955
0.9996603667582270
0.9996657901072545
0.9996720115344568
0.9996790161926936
0.9996867873607915
0.9996953064837336
0.9997045532172534
0.9997145054767229
0.9997251394902162
0.9997364298556165
0.9997483496016337
0.9997608702525775
0.9997739618967290
0.9997875932581454
0.9998017317717207
0.9998163436613254
0.9998313940208273
0.9998468468978029
0.9998626653797366
0.9998788116824926
0.9998952472408501
0.9999119328008855
0.9999288285139745
0.9999458940321855
0.9999630886048428
0.9999803711760200
0.9999977004827298
1.0000150351535784
1.0000323338076478
1.0000495551533686
1.0000666580871431
1.0000836017914905
1.0001003458324729
1.0001168502561777
1.0001330756840225
1.0001489834066579
1.0001645354762436
1.0001796947968851
1.0001944252130088
1.0002086915954731
1.0002224599252092
1.0002356973741944
1.0002483723835722
1.0002604547387310
1.0002719156411641
1.0002827277769464
1.0002928653816654
1.0003023043016521
1.0003110220513740
1.0003189978668514
1.0003262127549717
1.0003326495385929
1.0003382928973252
1.0003431294038962
1.0003471475560168
1.0003503378036727
1.0003526925717789
1.0003542062781443
1.0003548753467022
1.0003546982159779
1.0003536753427757
1.0003518092010757
1.0003491042761377
1.0003455670538335
1.0003412060052270
1.0003360315664411
1.0003300561138553
