1.0000008031496253
1.0000007934106609
1.0000007818057950
1.0000007683632075
1.0000007531154533
1.0000007360993819
1.0000007173560501
1.0000006969306254
1.0000006748722756
1.0000006512340518
1.0000006260727623
1.0000005994488350
1.0000005714261746
1.0000005420720086
1.0000005114567270
1.0000004796537134
1.0000004467391703
1.0000004127919360
1.0000003778932973
1.0000003421267936
1.0000003055780167
1.0000002683344069
1.0000002304850446
1.0000001921204369
1.0000001533323020
1.0000001142133479
1.0000000748570526
1.0000000353574396
0.9999999958088547
0.9999999563057387
0.9999999169424024
0.9999998778128020
0.9999998390103126
0.9999998006275080
0.9999997627559377
0.9999997254859080
0.9999996889062676
0.9999996531041956
0.9999996181649907
0.9999995841718696
0.9999995512057666
0.9999995193451406
0.9999994886657899
0.9999994592406688
0.9999994311397151
0.9999994044296834
0.9999993791739848
0.9999993554325345
0.9999993332616099
0.9999993127137159
0.9999992938374594
0.9999992766774363
0.9999992612741218
0.9999992476637776
0.9999992358783617
0.9999992259454549
0.9999992178881931
0.9999992117252150
0.9999992074706154
0.9999992051339123
0.9999992047200243
0.9999992062292609
0.9999992096573205
0.9999992149953028
0.9999992222297307
0.9999992313425825
0.9999992423113350
0.9999992551090168
0.9999992697042733
0.9999992860614437
0.9999993041406456
0.9999993238978723
0.9999993452850950
0.9999993682503816
0.9999993927380195
0.9999994186886497
0.9999994460394106
0.9999994747240859
0.9999995046732645
0.9999995358145072
0.9999995680725212
0.9999996013693399
0.9999996356245099
0.9999996707552836
0.9999997066768176
0.9999997433023770
0.9999997805435415
0.9999998183104191
0.9999998565118595
0.9999998950556740
0.9999999338488549
0.9999999727977995
1.0000000118085344
1.0000000507869400
1.0000000896389769
1.0000001282709108
1.0000001665895377
1.0000002045024066
1.0000002419180385
1.0000002787461493
1.0000003148978664
1.0000003502859400
1.0000003848249521
1.0000004184315221
1.0000004510245037
1.0000004825251825
1.0000005128574632
1.0000005419480515
1.0000005697266312
1.0000005961260325
1.0000006210823926
1.0000006445353091
1.0000006664279839
1.0000006867073601
1.0000007053242497
1.0000007222334508
1.0000007373938575
1.0000007507685567
1.0000007623249185
1.0000007720346749
1.0000007798739836
1.0000007858234896
1.0000007898683700
1.0000007919983702
1.0000007922078296
1.0000007904956945
1.0000007868655212
1.0000007813254683
1.0000007738882761
1.0000007645712388
1.0000007533961606
1.0000007403893063
1.0000007255813370
1.0000007090072376
1.0000006907062353
1.0000006707217035
1.0000006491010589
1.0000006258956493
1.0000006011606304
1.0000005749548342
1.0000005473406288
1.0000005183837688
1.0000004881532401
1.0000004567210936
1.0000004241622735
1.0000003905544361
1.0000003559777662
1.0000003205147847
1.0000002842501539
1.0000002472704728
1.0000002096640728
1.0000001715208038
1.0000001329318202
1.0000000939893641
1.0000000547865426
1.0000000154171085
0.9999999759752326
0.9999999365552787
0.9999998972515808
0.9999998581582165
0.9999998193687816
0.9999997809761677
0.9999997430723384
0.9999997057481086
0.9999996690929293
0.9999996331946711
0.9999995981394162
0.9999995640112518
0.9999995308920697
0.9999994988613690
0.9999994679960666
0.9999994383703139
0.9999994100553187
0.9999993831191744
0.9999993576266962
0.9999993336392687
0.9999993112146973
0.9999992904070668
0.9999992712666154
0.9999992538396140
0.9999992381682539
0.9999992242905471
0.9999992122402349
0.9999992020467067
0.9999991937349283
0.9999991873253822
0.9999991828340190
0.9999991802722189
0.9999991796467635
0.9999991809598203
0.9999991842089359
0.9999991893870428
0.9999991964824766
0.9999992054790012
0.9999992163558469
0.9999992290877593
0.9999992436450620
0.9999992599937243
0.9999992780954436
0.9999992979077372
0.9999993193840429
0.9999993424738284
0.9999993671227136
0.9999993932725977
0.9999994208617994
0.9999994498252045
0.9999994800944200
0.9999995115979371
0.9999995442613013
0.9999995780072898
0.9999996127560953
0.9999996484255181
0.9999996849311602
0.9999997221866268
0.9999997601037337
0.9999997985927168
0.9999998375624455
0.9999998769206390
0.9999999165740898
0.9999999564288831
0.9999999963906209
1.0000000363646480
1.0000000762562786
1.0000001159710203
1.0000001554148001
1.0000001944941905
1.0000002331166311
1.0000002711906488
1.0000003086260756
1.0000003453342643
1.0000003812283005
1.0000004162232095
1.0000004502361584
1.0000004831866536
1.0000005149967326
1.0000005455911503
1.0000005748975582
1.0000006028466766
1.0000006293724597
1.0000006544122537
1.0000006779069470
1.0000006998011084
1.0000007200431222
1.0000007385853089
1.0000007553840393
1.0000007703998379
1.0000007835974773
1.0000007949460632
1.0000008044191062
1.0000008119945858
1.0000008176550024
1.0000008213874187
1.0000008231834889
1.0000008230394803
1.0000008209562823
1.0000008169394015
1.0000008109989513
1.0000008031496253
1.0000007934106609
1.0000007818057950
1.0000007683632075
