1.0181417910600001
1.0179166001417879
1.0176494418919810
1.0173409026595974
1.0169916604528957
1.0166024838470105
1.0161742307358097
1.0157078469262872
1.0152043645736804
1.0146649004554416
1.0140906540821597
1.0134829056435366
1.0128430137875744
1.0121724132312366
1.0114726122009989
1.0107451897019133
1.0099917926140822
1.0092141326157629
1.0084139829327090
1.0075931749138134
1.0067535944336297
1.0058971781229424
1.0050259094291880
1.0041418145092562
1.0032469579579744
1.0023434383764154
1.0014333837850640
1.0005189468878324
0.9996023001939122
0.9986856310054999
0.9977711362805074
0.9968610173804879
0.9959574747151263
0.9950627022957993
0.9941788822118354
0.9933081790442394
0.9924527342327583
0.9916146604132159
0.9907960357430670
0.9899988982340682
0.9892252401118374
0.9884770022228444
0.9877560685100484
0.9870642605789473
0.9864033323762161
0.9857749650033929
0.9851807616881698
0.9846222429358134
0.9841008418830084
0.9836178998760268
0.9831746622945424
0.9827722746416516
0.9824117789197221
0.9820941103105725
0.9818200941771976
0.9815904434028009
0.9814057560812933
0.9812665135716845
0.9811730789269164
0.9811256957057289
0.9811244871740848
0.9811694559005627
0.9812604837479598
0.9813973322611446
0.9815796434490258
0.9818069409563174
0.9820786316186652
0.9823940073926352
0.9827522476500936
0.9831524218246361
0.9835934923959775
0.9840743181966106
0.9845936580235769
0.9851501745368981
0.9857424384250936
0.9863689328172613
0.9870280579204280
0.9877181358602876
0.9884374157030479
0.9891840786358745
0.9899562432833560
0.9907519711375384
0.9915692720793262
0.9924061099694675
0.9932604082878809
0.9941300558007445
0.9950129122355431
0.9959068139451328
0.9968095795428314
0.9977190154915527
0.9986329216310660
0.9995490966285676
1.0004653433388786
1.0013794740617132
1.0022893156846204
1.0031927147013142
1.0040875420962354
1.0049716980872549
1.0058431167194890
1.0066997703041902
1.0075396736976390
1.0083608884158513
1.0091615265817628
1.0099397547023388
1.0106937972737557
1.0114219402134665
1.0121225341185458
1.0127939973502289
1.0134348189450153
1.0140435613530943
1.0146188630051889
1.0151594407091786
1.0156640918780733
1.0161316965910721
1.0165612194895368
1.0169517115097790
1.0173023114545612
1.0176122474051823
1.0178808379759570
1.0181074934127852
1.0182917165373766
1.0184331035385306
1.0185313446116873
1.0185862244477653
1.0185976225720721
1.0185655135338392
1.0184899669466969
1.0183711473801522
1.0182093141018855
1.0180048206704400
1.0177581143776269
1.0174697355397613
1.0171403166366051
1.0167705812967169
1.0163613431277154
1.0159135043898275
1.0154280545109615
1.0149060684414637
1.0143487048466606
1.0137572041352754
1.0131328863218483
1.0124771487213602
1.0117914634743881
1.0110773749013107
1.0103364966843122
1.0095705088762372
1.0087811547356997
1.0079702373882853
1.0071396163141488
1.0062912036628828
1.0054269603971322
1.0045488922671286
1.0036590456190464
1.0027595030409076
1.0018523788506151
1.0009398144316370
1.0000239734228271
0.9991070367699029
0.9981911976471610
0.9972786562591039
0.9963716145327840
0.9954722707127998
0.9945828138720287
0.9937054183523146
0.9928422381504420
0.9919954012658230
0.9911670040273617
0.9903591054179453
0.9895737214159175
0.9888128193737298
0.9880783124546744
0.9873720541492221
0.9866958328929709
0.9860513668085558
0.9854402985940592
0.9848641905805021
0.9843245199808555
0.9838226743527053
0.9833599472962135
0.9829375344083436
0.9825565295134743
0.9822179211894843
0.9819225896071935
0.9816713036996656
0.9814647186763522
0.9813033738953802
0.9811876911054767
0.9811179730671103
0.9810944025604011
0.9811170417852626
0.9811858321570942
0.9813005944991462
0.9814610296304964
0.9816667193463863
0.9819171277855124
0.9822116031767781
0.9825493799559857
0.9829295812410255
0.9833512216523144
0.9838132104635473
0.9843143550662971
0.9848533647306197
0.9854288546426052
0.9860393501987930
0.9866832915364918
0.9873590382783843
0.9880648744692944
0.9887990136826847
0.9895596042743089
0.9903447347604702
0.9911524392985371
0.9919807032476906
0.9928274687883736
0.9936906405795083
0.9945680914332808
0.9954576679881003
0.9963571963612622
0.9972644877638229
0.9981773440612286
0.9990935632643380
1.0000109449365864
1.0009272955041799
1.0018404334573476
1.0027481944318211
1.0036484361608304
1.0045390432890087
1.0054179320406587
1.0062830547358663
1.0071324041489140
1.0079640177043871
1.0087759815072266
1.0095664342038038
1.0103335706718251
1.0110756455375745
1.0117909765196067
1.0124779475985679
1.0131350120133027
1.0137606950838278
1.0143535968621187
1.0149123946119467
1.0154358451192584
1.0159227868347513
1.0163721418504521
1.0167829177121703
1.0171542090697416
1.0174851991669533
1.0177751611730104
1.0180234593572943
1.0182295501090641
1.0183929828035867
1.0185134005160117
1.0185905405841167
1.0186242350208279
1.0186144107771893
1.0185610898562241
1.0184643892778789
1.0183245208949945
1.0181417910600001
1.0179166001417879
1.0176494418919810
1.0173409026595974
