1.0000000027449776
1.0000000027193763
1.0000000026878886
1.0000000026505982
1.0000000026076017
1.0000000025590094
1.0000000025049440
1.0000000024455411
1.0000000023809499
1.0000000023113313
1.0000000022368583
1.0000000021577138
1.0000000020740913
1.0000000019861968
1.0000000018942450
1.0000000017984596
1.0000000016990740
1.0000000015963291
1.0000000014904731
1.0000000013817607
1.0000000012704531
1.0000000011568173
1.0000000010411263
1.0000000009236572
1.0000000008046905
1.0000000006845104
1.0000000005634031
1.0000000004416565
1.0000000003195610
1.0000000001974065
1.0000000000754827
0.9999999999540784
0.9999999998334810
0.9999999997139757
0.9999999995958435
0.9999999994793630
0.9999999993648071
0.9999999992524442
0.9999999991425363
0.9999999990353392
0.9999999989311025
0.9999999988300686
0.9999999987324730
0.9999999986385407
0.9999999985484889
0.9999999984625249
0.9999999983808452
0.9999999983036360
0.9999999982310726
0.9999999981633196
0.9999999981005295
0.9999999980428413
0.9999999979903814
0.9999999979432638
0.9999999979015909
0.9999999978654497
0.9999999978349144
0.9999999978100464
0.9999999977908931
0.9999999977774882
0.9999999977698518
0.9999999977679883
0.9999999977718883
0.9999999977815291
0.9999999977968735
0.9999999978178690
0.9999999978444505
0.9999999978765393
0.9999999979140444
0.9999999979568610
0.9999999980048716
0.9999999980579465
0.9999999981159431
0.9999999981787069
0.9999999982460706
0.9999999983178562
0.9999999983938757
0.9999999984739316
0.9999999985578163
0.9999999986453117
0.9999999987361927
0.9999999988302241
0.9999999989271653
0.9999999990267687
0.9999999991287789
0.9999999992329334
0.9999999993389651
0.9999999994466033
0.9999999995555743
0.9999999996656004
0.9999999997764024
0.9999999998876985
0.9999999999992065
1.0000000001106426
1.0000000002217238
1.0000000003321670
1.0000000004416914
1.0000000005500178
1.0000000006568697
1.0000000007619745
1.0000000008650642
1.0000000009658774
1.0000000010641577
1.0000000011596550
1.0000000012521260
1.0000000013413337
1.0000000014270487
1.0000000015090500
1.0000000015871253
1.0000000016610739
1.0000000017307040
1.0000000017958335
1.0000000018562920
1.0000000019119213
1.0000000019625754
1.0000000020081188
1.0000000020484281
1.0000000020833935
1.0000000021129183
1.0000000021369198
1.0000000021553290
1.0000000021680913
1.0000000021751656
1.0000000021765245
1.0000000021721536
1.0000000021620523
1.0000000021462336
1.0000000021247253
1.0000000020975686
1.0000000020648194
1.0000000020265467
1.0000000019828326
1.0000000019337734
1.0000000018794775
1.0000000018200668
1.0000000017556756
1.0000000016864525
1.0000000016125568
1.0000000015341588
1.0000000014514407
1.0000000013645940
1.0000000012738210
1.0000000011793337
1.0000000010813521
1.0000000009801069
1.0000000008758372
1.0000000007687913
1.0000000006592231
1.0000000005473919
1.0000000004335632
1.0000000003180085
1.0000000002010043
1.0000000000828297
0.9999999999637672
0.9999999998441013
0.9999999997241197
0.9999999996041110
0.9999999994843641
0.9999999993651667
0.9999999992468056
0.9999999991295658
0.9999999990137308
0.9999999988995809
0.9999999987873921
0.9999999986774372
0.9999999985699831
0.9999999984652919
0.9999999983636199
0.9999999982652160
0.9999999981703230
0.9999999980791763
0.9999999979920016
0.9999999979090157
0.9999999978304250
0.9999999977564250
0.9999999976872013
0.9999999976229293
0.9999999975637731
0.9999999975098842
0.9999999974614013
0.9999999974184507
0.9999999973811453
0.9999999973495850
0.9999999973238582
0.9999999973040383
0.9999999972901844
0.9999999972823419
0.9999999972805433
0.9999999972848054
0.9999999972951309
0.9999999973115091
0.9999999973339140
0.9999999973623046
0.9999999973966283
0.9999999974368186
0.9999999974827938
0.9999999975344583
0.9999999975917033
0.9999999976544073
0.9999999977224363
0.9999999977956441
0.9999999978738712
0.9999999979569463
0.9999999980446861
0.9999999981368967
0.9999999982333743
0.9999999983339050
0.9999999984382659
0.9999999985462257
0.9999999986575433
0.9999999987719692
0.9999999988892454
0.9999999990091086
0.9999999991312891
0.9999999992555112
0.9999999993814945
0.9999999995089558
0.9999999996376078
0.9999999997671603
0.9999999998973217
1.0000000000277973
1.0000000001582907
1.0000000002885059
1.0000000004181495
1.0000000005469289
1.0000000006745535
1.0000000008007355
1.0000000009251899
1.0000000010476360
1.0000000011677981
1.0000000012854049
1.0000000014001900
1.0000000015118935
1.0000000016202653
1.0000000017250628
1.0000000018260511
1.0000000019230033
1.0000000020157032
1.0000000021039437
1.0000000021875288
1.0000000022662734
1.0000000023400033
1.0000000024085565
1.0000000024717837
1.0000000025295466
1.0000000025817191
1.0000000026281897
1.0000000026688602
1.0000000027036466
1.0000000027324780
1.0000000027552984
1.0000000027720650
1.0000000027827507
1.0000000027873415
1.0000000027858389
1.0000000027782572
1.0000000027646232
1.0000000027449776
1.0000000027193763
1.0000000026878886
1.0000000026505982
