1.0000000032686993
1.0000000032376617
1.0000000031995762
1.0000000031545433
1.0000000031026790
1.0000000030441161
1.0000000029790039
1.0000000029075060
1.0000000028298011
1.0000000027460818
1.0000000026565548
1.0000000025614399
1.0000000024609705
1.0000000023553917
1.0000000022449620
1.0000000021299507
1.0000000020106370
1.0000000018873105
1.0000000017602695
1.0000000016298209
1.0000000014962787
1.0000000013599624
1.0000000012211985
1.0000000010803187
1.0000000009376595
1.0000000007935614
1.0000000006483682
1.0000000005024245
1.0000000003560776
1.0000000002096756
1.0000000000635660
0.9999999999180949
0.9999999997736075
0.9999999996304441
0.9999999994889430
0.9999999993494378
0.9999999992122559
0.9999999990777189
0.9999999989461418
0.9999999988178329
0.9999999986930921
0.9999999985722103
0.9999999984554689
0.9999999983431387
0.9999999982354786
0.9999999981327363
0.9999999980351472
0.9999999979429351
0.9999999978563103
0.9999999977754687
0.9999999977005910
0.9999999976318439
0.9999999975693792
0.9999999975133345
0.9999999974638309
0.9999999974209735
0.9999999973848506
0.9999999973555341
0.9999999973330812
0.9999999973175315
0.9999999973089087
0.9999999973072176
0.9999999973124462
0.9999999973245653
0.9999999973435296
0.9999999973692771
0.9999999974017295
0.9999999974407930
0.9999999974863578
0.9999999975382980
0.9999999975964730
0.9999999976607266
0.9999999977308872
0.9999999978067684
0.9999999978881704
0.9999999979748804
0.9999999980666734
0.9999999981633113
0.9999999982645436
0.9999999983701072
0.9999999984797310
0.9999999985931335
0.9999999987100252
0.9999999988301087
0.9999999989530782
0.9999999990786211
0.9999999992064177
0.9999999993361425
0.9999999994674659
0.9999999996000544
0.9999999997335725
0.9999999998676795
1.0000000000020348
1.0000000001362979
1.0000000002701286
1.0000000004031870
1.0000000005351353
1.0000000006656391
1.0000000007943699
1.0000000009210022
1.0000000010452157
1.0000000011666954
1.0000000012851320
1.0000000014002235
1.0000000015116759
1.0000000016192039
1.0000000017225326
1.0000000018213970
1.0000000019155448
1.0000000020047357
1.0000000020887401
1.0000000021673408
1.0000000022403328
1.0000000023075268
1.0000000023687476
1.0000000024238331
1.0000000024726354
1.0000000025150233
1.0000000025508811
1.0000000025801090
1.0000000026026237
1.0000000026183580
1.0000000026272609
1.0000000026292983
1.0000000026244527
1.0000000026127227
1.0000000025941245
1.0000000025686913
1.0000000025364730
1.0000000024975355
1.0000000024519617
1.0000000023998499
1.0000000023413151
1.0000000022764886
1.0000000022055158
1.0000000021285576
1.0000000020457893
1.0000000019574022
1.0000000018636008
1.0000000017646042
1.0000000016606436
1.0000000015519608
1.0000000014388106
1.0000000013214596
1.0000000012001844
1.0000000010752697
1.0000000009470091
1.0000000008157057
1.0000000006816716
1.0000000005452261
1.0000000004066953
1.0000000002664098
1.0000000001247040
0.9999999999819166
0.9999999998383902
0.9999999996944692
0.9999999995504989
0.9999999994068257
0.9999999992637961
0.9999999991217543
0.9999999989810436
0.9999999988420046
0.9999999987049730
0.9999999985702810
0.9999999984382554
0.9999999983092175
0.9999999981834817
0.9999999980613552
0.9999999979431355
0.9999999978291133
0.9999999977195685
0.9999999976147720
0.9999999975149833
0.9999999974204500
0.9999999973314072
0.9999999972480771
0.9999999971706686
0.9999999970993779
0.9999999970343872
0.9999999969758649
0.9999999969239647
0.9999999968788237
0.9999999968405631
0.9999999968092861
0.9999999967850801
0.9999999967680159
0.9999999967581475
0.9999999967555127
0.9999999967601307
0.9999999967720045
0.9999999967911213
0.9999999968174512
0.9999999968509481
0.9999999968915486
0.9999999969391727
0.9999999969937243
0.9999999970550894
0.9999999971231370
0.9999999971977214
0.9999999972786822
0.9999999973658443
0.9999999974590176
0.9999999975579983
0.9999999976625674
0.9999999977724940
0.9999999978875326
0.9999999980074259
0.9999999981319055
0.9999999982606923
0.9999999983934986
0.9999999985300274
0.9999999986699724
0.9999999988130192
0.9999999989588456
0.9999999991071227
0.9999999992575161
0.9999999994096855
0.9999999995632878
0.9999999997179748
0.9999999998733962
1.0000000000292000
1.0000000001850324
1.0000000003405389
1.0000000004953664
1.0000000006491627
1.0000000008015795
1.0000000009522716
1.0000000011008983
1.0000000012471220
1.0000000013906112
1.0000000015310413
1.0000000016680950
1.0000000018014630
1.0000000019308442
1.0000000020559472
1.0000000021764903
1.0000000022922033
1.0000000024028282
1.0000000025081173
1.0000000026078339
1.0000000027017555
1.0000000027896734
1.0000000028713936
1.0000000029467357
1.0000000030155345
1.0000000030776397
1.0000000031329184
1.0000000031812535
1.0000000032225440
1.0000000032567049
1.0000000032836678
1.0000000033033816
1.0000000033158116
1.0000000033209409
1.0000000033187686
1.0000000033093122
1.0000000032926053
1.0000000032686993
1.0000000032376617
1.0000000031995762
1.0000000031545433
