1.0066080540377844
1.0065249467043120
1.0064263675970964
1.0063125453534114
1.0061837440565875
1.0060402626807226
1.0058824344604844
1.0057106261867501
1.0055252374289407
1.0053266996850183
1.0051154754602181
1.0048920572757272
1.0046569666086331
1.0044107527646042
1.0041539916849018
1.0038872846894678
1.0036112571579821
1.0033265571509340
1.0030338539729198
1.0027338366805363
1.0024272125374090
1.0021147054190724
1.0017970541705890
1.0014750109199693
1.0011493393506470
1.0008208129364229
1.0004902131424842
1.0001583275962758
0.9998259482321774
0.9994938694141049
0.9991628860403156
0.9988337916348599
0.9985073764302671
0.9981844254461888
0.9978657165688479
0.9975520186362602
0.9972440895342872
0.9969426743086689
0.9966485032982433
0.9963622902946181
0.9960847307335773
0.9958164999235185
0.9955582513161990
0.9953106148250367
0.9950741951961446
0.9948495704372026
0.9946372903091500
0.9944378748855632
0.9942518131844122
0.9940795618767191
0.9939215440764275
0.9937781482155720
0.9936497270085791
0.9935365965092600
0.9934390352637646
0.9933572835624522
0.9932915427933089
0.9932419748991929
0.9932087019408374
0.9931918057671647
0.9931913277940907
0.9932072688926096
0.9932395893865653
0.9932882091601127
0.9933530078744870
0.9934338252933040
0.9935304617152281
0.9936426785124710
0.9937701987732062
0.9939127080456339
0.9940698551810800
0.9942412532731835
0.9944264806899233
0.9946250821949305
0.9948365701542617
0.9950604258245643
0.9952961007183240
0.9955430180416868
0.9958005742001653
0.9960681403673701
0.9963450641117882
0.9966306710765114
0.9969242667067326
0.9972251380197716
0.9975325554123510
0.9978457744998243
0.9981640379820719
0.9984865775308032
0.9988126156930494
0.9991413678057007
0.9994720439160140
0.9998038507031285
1.0001359933957352
1.0004676776811661
1.0007981116013105
1.0011265074309146
1.0014520835339691
1.0017740661940626
1.0020916914147389
1.0024042066860728
1.0027108727138576
1.0030109651079655
1.0033037760266317
1.0035886157735943
1.0038648143451843
1.0041317229246474
1.0043887153211530
1.0046351893511056
1.0048705681595462
1.0050943014795886
1.0053058668279882
1.0055047706350981
1.0056905493076040
1.0058627702225682
1.0060210326514532
1.0061649686129146
1.0062942436532754
1.0064085575537143
1.0065076449633090
1.0065912759571758
1.0066592565190626
1.0067114289478378
1.0067476721874165
1.0067679020797529
1.0067720715406210
1.0067601706579978
1.0067322267129268
1.0066883041228492
1.0066285043074632
1.0065529654772523
1.0064618623449211
1.0063554057600512
1.0062338422673898
1.0060974535892733
1.0059465560327840
1.0057814998223338
1.0056026683584760
1.0054104774038559
1.0052053741973213
1.0049878364973335
1.0047583715559463
1.0045175150247452
1.0042658297942768
1.0040039047686413
1.0037323535770666
1.0034518132244332
1.0031629426828796
1.0028664214267760
1.0025629479135258
1.0022532380128202
1.0019380233871538
1.0016180498265734
1.0012940755408202
1.0009668694122014
1.0006372092127049
1.0003058797890498
0.9999736712195393
0.9996413769467550
0.9993097918902963
0.9989797105439309
0.9986519250616727
0.9983272233374444
0.9980063870831161
0.9976901899098347
0.9973793954176563
0.9970747552985920
0.9967770074582500
0.9964868741613162
0.9962050602061435
0.9959322511337541
0.9956691114765435
0.9954162830519501
0.9951743833063099
0.9949440037140427
0.9947257082372146
0.9945200318504102
0.9943274791356908
0.9941485229522604
0.9939836031852484
0.9938331255778153
0.9936974606505512
0.9935769427118565
0.9934718689627251
0.9933824986990456
0.9933090526142115
0.9932517122045003
0.9932106192793253
0.9931858755781031
0.9931775424950982
0.9931856409132365
0.9932101511474778
0.9932510129979483
0.9933081259126473
0.9933813492591428
0.9934705027042815
0.9935753667005636
0.9936956830774457
0.9938311557354826
0.9939814514408584
0.9941462007175267
0.9943249988338527
0.9945174068803492
0.9947229529348151
0.9949411333109248
0.9951714138860706
0.9954132315040484
0.9956659954479774
0.9959290889786727
0.9962018709335531
0.9964836773810352
0.9967738233252722
0.9970716044560239
0.9973762989383902
0.9976871692371210
0.9980034639702023
0.9983244197864461
0.9986492632618389
0.9989772128094645
0.9993074805978939
0.9996392744730204
0.9999717998784261
1.0003042617694859
1.0006358665165458
1.0009658237926538
1.0012933484414790
1.0016176623212070
1.0019379961203665
1.0022535911417205
1.0025637010505219
1.0028675935836118
1.0031645522160251
1.0034538777819395
1.0037348900469794
1.0040069292290763
1.0042693574652455
1.0045215602218243
1.0047629476458690
1.0049929558555848
1.0052110481678109
1.0054167162607386
1.0056094812701875
1.0057888948179043
1.0059545399704872
1.0061060321276667
1.0062430198388010
1.0063651855465556
1.0064722462568576
1.0065639541343201
1.0066400970224405
1.0067004988879662
1.0067450201889279
1.0067735581659270
1.0067860470563559
1.0067824582313110
1.0067628002550582
1.0067271188669804
1.0066754968860292
1.0066080540377844
1.0065249467043120
1.0064263675970964
1.0063125453534114
