1.0000004527328850
1.0000004472954354
1.0000004408094780
1.0000004332908117
1.0000004247576926
1.0000004152307898
1.0000004047331346
1.0000003932900652
1.0000003809291671
1.0000003676802063
1.0000003535750583
1.0000003386476328
1.0000003229337904
1.0000003064712586
1.0000002892995399
1.0000002714598186
1.0000002529948613
1.0000002339489147
1.0000002143675981
1.0000001942977972
1.0000001737875506
1.0000001528859372
1.0000001316429572
1.0000001101094098
1.0000000883367750
1.0000000663770914
1.0000000442828303
1.0000000221067704
0.9999999999018717
0.9999999777211483
0.9999999556175424
0.9999999336437970
0.9999999118523306
0.9999998902951107
0.9999998690235320
0.9999998480882921
0.9999998275392719
0.9999998074254148
0.9999997877946099
0.9999997686935778
0.9999997501677612
0.9999997322612139
0.9999997150164947
0.9999996984745684
0.9999996826747057
0.9999996676543926
0.9999996534492381
0.9999996400928894
0.9999996276169533
0.9999996160509192
0.9999996054220915
0.9999995957555212
0.9999995870739486
0.9999995793977474
0.9999995727448781
0.9999995671308446
0.9999995625686581
0.9999995590688044
0.9999995566392198
0.9999995552852714
0.9999995550097458
0.9999995558128428
0.9999995576921751
0.9999995606427733
0.9999995646571007
0.9999995697250693
0.9999995758340648
0.9999995829689764
0.9999995911122330
0.9999996002438468
0.9999996103414603
0.9999996213804002
0.9999996333337380
0.9999996461723539
0.9999996598650079
0.9999996743784120
0.9999996896773123
0.9999997057245736
0.9999997224812690
0.9999997399067709
0.9999997579588507
0.9999997765937787
0.9999997957664299
0.9999998154303908
0.9999998355380719
0.9999998560408214
0.9999998768890415
0.9999998980323074
0.9999999194194890
0.9999999409988725
0.9999999627182855
0.9999999845252220
1.0000000063669687
1.0000000281907286
1.0000000499437489
1.0000000715734478
1.0000000930275423
1.0000001142541701
1.0000001352020162
1.0000001558204350
1.0000001760595720
1.0000001958704849
1.0000002152052601
1.0000002340171261
1.0000002522605680
1.0000002698914339
1.0000002868670410
1.0000003031462796
1.0000003186897104
1.0000003334596608
1.0000003474203121
1.0000003605377885
1.0000003727802362
1.0000003841179010
1.0000003945232006
1.0000004039707893
1.0000004124376209
1.0000004199030010
1.0000004263486391
1.0000004317586906
1.0000004361197976
1.0000004394211186
1.0000004416543558
1.0000004428137750
1.0000004428962206
1.0000004419011237
1.0000004398305000
1.0000004366889494
1.0000004324836425
1.0000004272243039
1.0000004209231910
1.0000004135950631
1.0000004052571470
1.0000003959290960
1.0000003856329436
1.0000003743930499
1.0000003622360445
1.0000003491907619
1.0000003352881734
1.0000003205613137
1.0000003050452009
1.0000002887767523
1.0000002717946981
1.0000002541394881
1.0000002358531956
1.0000002169794167
1.0000001975631656
1.0000001776507679
1.0000001572897494
1.0000001365287230
1.0000001154172720
1.0000000940058318
1.0000000723455686
1.0000000504882576
1.0000000284861590
1.0000000063918952
0.9999999842583228
0.9999999621384069
0.9999999400850934
0.9999999181511831
0.9999998963892049
0.9999998748512922
0.9999998535890562
0.9999998326534648
0.9999998120947187
0.9999997919621313
0.9999997723040114
0.9999997531675483
0.9999997345986964
0.9999997166420663
0.9999996993408192
0.9999996827365615
0.9999996668692457
0.9999996517770772
0.9999996374964203
0.9999996240617128
0.9999996115053817
0.9999995998577678
0.9999995891470507
0.9999995793991830
0.9999995706378262
0.9999995628842953
0.9999995561575084
0.9999995504739396
0.9999995458475790
0.9999995422899013
0.9999995398098360
0.9999995384137463
0.9999995381054134
0.9999995388860285
0.9999995407541893
0.9999995437059024
0.9999995477345933
0.9999995528311209
0.9999995589837993
0.9999995661784254
0.9999995743983129
0.9999995836243319
0.9999995938349516
0.9999996050062965
0.9999996171122001
0.9999996301242688
0.9999996440119483
0.9999996587425957
0.9999996742815574
0.9999996905922527
0.9999997076362607
0.9999997253734118
0.9999997437618828
0.9999997627582953
0.9999997823178204
0.9999998023942862
0.9999998229402866
0.9999998439072952
0.9999998652457810
0.9999998869053255
0.9999999088347437
0.9999999309822053
0.9999999532953591
0.9999999757214559
0.9999999982074776
1.0000000207002606
1.0000000431466234
1.0000000654934940
1.0000000876880357
1.0000001096777744
1.0000001314107227
1.0000001528355038
1.0000001739014730
1.0000001945588401
1.0000002147587881
1.0000002344535899
1.0000002535967214
1.0000002721429710
1.0000002900485472
1.0000003072711836
1.0000003237702404
1.0000003395067996
1.0000003544437612
1.0000003685459293
1.0000003817800951
1.0000003941151179
1.0000004055219980
1.0000004159739457
1.0000004254464450
1.0000004339173114
1.0000004413667472
1.0000004477773856
1.0000004531343327
1.0000004574252042
1.0000004606401545
1.0000004627718986
1.0000004638157300
1.0000004637695332
1.0000004626337877
1.0000004604115649
1.0000004571085213
1.0000004527328850
1.0000004472954354
1.0000004408094780
1.0000004332908117
