1.0000000026644069
1.0000000026396305
1.0000000026091420
1.0000000025730240
1.0000000025313718
1.0000000024842930
1.0000000024319076
1.0000000023743469
1.0000000023117559
1.0000000022442899
1.0000000021721169
1.0000000020954147
1.0000000020143720
1.0000000019291868
1.0000000018400674
1.0000000017472310
1.0000000016509039
1.0000000015513191
1.0000000014487169
1.0000000013433434
1.0000000012354513
1.0000000011253001
1.0000000010131547
1.0000000008992842
1.0000000007839607
1.0000000006674592
1.0000000005500571
1.0000000004320344
1.0000000003136713
1.0000000001952492
1.0000000000770484
0.9999999999593486
0.9999999998424283
0.9999999997265629
0.9999999996120243
0.9999999994990816
0.9999999993879999
0.9999999992790404
0.9999999991724575
0.9999999990684999
0.9999999989674095
0.9999999988694214
0.9999999987747645
0.9999999986836586
0.9999999985963136
0.9999999985129298
0.9999999984336974
0.9999999983587973
0.9999999982883999
0.9999999982226642
0.9999999981617368
0.9999999981057525
0.9999999980548349
0.9999999980090938
0.9999999979686269
0.9999999979335197
0.9999999979038433
0.9999999978796569
0.9999999978610067
0.9999999978479255
0.9999999978404326
0.9999999978385341
0.9999999978422222
0.9999999978514741
0.9999999978662550
0.9999999978865161
0.9999999979121947
0.9999999979432156
0.9999999979794887
0.9999999980209118
0.9999999980673709
0.9999999981187397
0.9999999981748794
0.9999999982356400
0.9999999983008597
0.9999999983703655
0.9999999984439752
0.9999999985214979
0.9999999986027325
0.9999999986874688
0.9999999987754883
0.9999999988665632
0.9999999989604597
0.9999999990569352
0.9999999991557417
0.9999999992566257
0.9999999993593294
0.9999999994635895
0.9999999995691394
0.9999999996757100
0.9999999997830299
0.9999999998908262
0.9999999999988252
1.0000000001067524
1.0000000002143348
1.0000000003212990
1.0000000004273726
1.0000000005322862
1.0000000006357725
1.0000000007375671
1.0000000008374108
1.0000000009350496
1.0000000010302341
1.0000000011227208
1.0000000012122732
1.0000000012986616
1.0000000013816637
1.0000000014610670
1.0000000015366668
1.0000000016082669
1.0000000016756814
1.0000000017387349
1.0000000017972621
1.0000000018511090
1.0000000019001323
1.0000000019442017
1.0000000019831994
1.0000000020170199
1.0000000020455704
1.0000000020687709
1.0000000020865547
1.0000000020988680
1.0000000021056703
1.0000000021069342
1.0000000021026445
1.0000000020928015
1.0000000020774182
1.0000000020565205
1.0000000020301472
1.0000000019983528
1.0000000019612052
1.0000000019187838
1.0000000018711825
1.0000000018185076
1.0000000017608772
1.0000000016984218
1.0000000016312836
1.0000000015596164
1.0000000014835857
1.0000000014033683
1.0000000013191510
1.0000000012311294
1.0000000011395096
1.0000000010445067
1.0000000009463439
1.0000000008452530
1.0000000007414724
1.0000000006352481
1.0000000005268308
1.0000000004164789
1.0000000003044553
1.0000000001910276
1.0000000000764673
0.9999999999610484
0.9999999998450476
0.9999999997287422
0.9999999996124114
0.9999999994963353
0.9999999993807926
0.9999999992660613
0.9999999991524178
0.9999999990401383
0.9999999989294943
0.9999999988207554
0.9999999987141863
0.9999999986100473
0.9999999985085929
0.9999999984100718
0.9999999983147250
0.9999999982227865
0.9999999981344824
0.9999999980500304
0.9999999979696398
0.9999999978935107
0.9999999978218340
0.9999999977547903
0.9999999976925495
0.9999999976352705
0.9999999975830992
0.9999999975361694
0.9999999974946043
0.9999999974585148
0.9999999974279988
0.9999999974031409
0.9999999973840112
0.9999999973706670
0.9999999973631514
0.9999999973614931
0.9999999973657080
0.9999999973757979
0.9999999973917527
0.9999999974135497
0.9999999974411515
0.9999999974745066
0.9999999975135501
0.9999999975582029
0.9999999976083732
0.9999999976639544
0.9999999977248278
0.9999999977908623
0.9999999978619156
0.9999999979378338
0.9999999980184520
0.9999999981035936
0.9999999981930708
0.9999999982866860
0.9999999983842308
0.9999999984854878
0.9999999985902303
0.9999999986982246
0.9999999988092296
0.9999999989229970
0.9999999990392717
0.9999999991577935
0.9999999992782957
0.9999999994005080
0.9999999995241545
0.9999999996489560
0.9999999997746304
0.9999999999008929
1.0000000000274580
1.0000000001540388
1.0000000002803509
1.0000000004061089
1.0000000005310290
1.0000000006548289
1.0000000007772287
1.0000000008979526
1.0000000010167285
1.0000000011332892
1.0000000012473720
1.0000000013587187
1.0000000014670798
1.0000000015722130
1.0000000016738830
1.0000000017718618
1.0000000018659301
1.0000000019558779
1.0000000020415056
1.0000000021226227
1.0000000021990485
1.0000000022706126
1.0000000023371565
1.0000000023985347
1.0000000024546150
1.0000000025052769
1.0000000025504117
1.0000000025899238
1.0000000026237310
1.0000000026517644
1.0000000026739682
1.0000000026903006
1.0000000027007339
1.0000000027052540
1.0000000027038614
1.0000000026965694
1.0000000026834044
1.0000000026644069
1.0000000026396305
1.0000000026091420
1.0000000025730240
