1.0001103594371212
1.0001089704291126
1.0001073218528895
1.0001054176597721
1.0001032624112909
1.0001008612682980
1.0000982199786459
1.0000953448634728
1.0000922428021124
1.0000889212156743
1.0000853880493303
1.0000816517533495
1.0000777212629284
1.0000736059768605
1.0000693157351019
1.0000648607952787
1.0000602518081971
1.0000554997924145
1.0000506161079281
1.0000456124290480
1.0000405007165176
1.0000352931889482
1.0000300022936328
1.0000246406768134
1.0000192211534698
1.0000137566767029
1.0000082603067841
1.0000027451799463
0.9999972244769906
0.9999917113917852
0.9999862190997277
0.9999807607262481
0.9999753493154320
0.9999699977988301
0.9999647189645372
0.9999595254266120
0.9999544295949100
0.9999494436454006
0.9999445794910432
0.9999398487532881
0.9999352627342752
0.9999308323897930
0.9999265683030630
0.9999224806594168
0.9999185792219217
0.9999148733080168
0.9999113717672129
0.9999080829599125
0.9999050147374010
0.9999021744230547
0.9998995687948119
0.9998972040689490
0.9998950858852029
0.9998932192932711
0.9998916087407281
0.9998902580623827
0.9998891704711004
0.9998883485501193
0.9998877942468736
0.9998875088683390
0.9998874930779137
0.9998877468938383
0.9998882696891652
0.9998890601932720
0.9998901164949183
0.9998914360468348
0.9998930156718381
0.9998948515704530
0.9998969393300272
0.9998992739353133
0.9999018497804955
0.9999046606826274
0.9999076998964551
0.9999109601305837
0.9999144335649518
0.9999181118695720
0.9999219862244878
0.9999260473409047
0.9999302854834438
0.9999346904934613
0.9999392518133783
0.9999439585119653
0.9999487993105175
0.9999537626098614
0.9999588365181252
0.9999640088792044
0.9999692673018605
0.9999745991893765
0.9999799917697005
0.9999854321260073
0.9999909072276046
0.9999964039611040
1.0000019091617913
1.0000074096451168
1.0000128922382225
1.0000183438114432
1.0000237513096988
1.0000291017837093
1.0000343824209486
1.0000395805762698
1.0000446838021311
1.0000496798783407
1.0000545568412607
1.0000593030123923
1.0000639070262767
1.0000683578576466
1.0000726448477653
1.0000767577298886
1.0000806866537835
1.0000844222092555
1.0000879554486191
1.0000912779080680
1.0000943816278869
1.0000972591714572
1.0000999036430145
1.0001023087041121
1.0001044685887583
1.0001063781171826
1.0001080327082073
1.0001094283901846
1.0001105618104829
1.0001114302434966
1.0001120315971568
1.0001123644179304
1.0001124278942992
1.0001122218587051
1.0001117467879594
1.0001110038021148
1.0001099946618035
1.0001087217640452
1.0001071881365367
1.0001053974304375
1.0001033539116704
1.0001010624507527
1.0000985285111834
1.0000957581364154
1.0000927579354437
1.0000895350670420
1.0000860972226886
1.0000824526082173
1.0000786099242418
1.0000745783453957
1.0000703674984408
1.0000659874392899
1.0000614486290105
1.0000567619088530
1.0000519384743716
1.0000469898486939
1.0000419278550092
1.0000367645883355
1.0000315123866326
1.0000261838013336
1.0000207915673647
1.0000153485727197
1.0000098678276650
1.0000043624336534
0.9999988455520136
0.9999933303724926
0.9999878300817282
0.9999823578317207
0.9999769267083891
0.9999715497002793
0.9999662396675034
0.9999610093109786
0.9999558711420473
0.9999508374525435
0.9999459202853843
0.9999411314057539
0.9999364822729477
0.9999319840129443
0.9999276473917736
0.9999234827897442
0.9999195001765905
0.9999157090876024
0.9999121186007892
0.9999087373151393
0.9999055733300239
0.9999026342257962
0.9998999270456291
0.9998974582786408
0.9998952338443459
0.9998932590784694
0.9998915387201560
0.9998900769006109
0.9998888771331937
0.9998879423049929
0.9998872746698985
0.9998868758431941
0.9998867467976751
0.9998868878613076
0.9998872987164301
0.9998879784005029
0.9998889253084028
0.9998901371962554
0.9998916111867987
0.9998933437762633
0.9998953308427495
0.9998975676560897
0.9999000488891648
0.9999027686306502
0.9999057203991576
0.9999088971587459
0.9999122913357569
0.9999158948369389
0.9999196990688080
0.9999236949582103
0.9999278729740309
0.9999322231499950
0.9999367351085118
0.9999413980854985
0.9999462009561296
0.9999511322614444
0.9999561802357537
0.9999613328347774
0.9999665777644448
0.9999719025102892
0.9999772943673697
0.9999827404706426
0.9999882278257131
0.9999937433398944
0.9999992738534986
1.0000048061712830
1.0000103270939797
1.0000158234498300
1.0000212821260488
1.0000266901001491
1.0000320344710447
1.0000373024898594
1.0000424815903701
1.0000475594190095
1.0000525238643605
1.0000573630860674
1.0000620655430981
1.0000666200212875
1.0000710156600980
1.0000752419785366
1.0000792889001617
1.0000831467771212
1.0000868064131692
1.0000902590855991
1.0000934965660484
1.0000965111401212
1.0000992956257846
1.0001018433904916
1.0001041483669946
1.0001062050678093
1.0001080085982927
1.0001095546683083
1.0001108396024494
1.0001118603487962
1.0001126144861852
1.0001131002299724
1.0001133164362805
1.0001132626047167
1.0001129388795567
1.0001123460493921
1.0001114855452402
1.0001103594371212
1.0001089704291126
1.0001073218528895
1.0001054176597721
