1.0000038813690557
1.0000038334138315
1.0000037763853113
1.0000037104211008
1.0000036356801105
1.0000035523421751
1.0000034606076245
1.0000033606968024
1.0000032528495386
1.0000031373245761
1.0000030143989509
1.0000028843673312
1.0000027475413125
1.0000026042486703
1.0000024548325774
1.0000022996507840
1.0000021390747609
1.0000019734888128
1.0000018032891576
1.0000016288829803
1.0000014506874586
1.0000012691287665
1.0000010846410541
1.0000008976654100
1.0000007086488085
1.0000005180430405
1.0000003263036328
1.0000001338887601
0.9999999412581507
0.9999997488719865
0.9999995571898030
0.9999993666693917
0.9999991777657050
0.9999989909297703
0.9999988066076118
0.9999986252391835
0.9999984472573187
0.9999982730866965
0.9999981031428271
0.9999979378310581
0.9999977775456059
0.9999976226686161
0.9999974735692466
0.9999973306027869
0.9999971941098111
0.9999970644153648
0.9999969418281879
0.9999968266399771
0.9999967191246897
0.9999966195378898
0.9999965281161377
0.9999964450764255
0.9999963706156583
0.9999963049101872
0.9999962481153851
0.9999962003652780
0.9999961617722255
0.9999961324266542
0.9999961123968423
0.9999961017287572
0.9999961004459464
0.9999961085494821
0.9999961260179615
0.9999961528075574
0.9999961888521248
0.9999962340633616
0.9999962883310183
0.9999963515231650
0.9999964234865070
0.9999965040467539
0.9999965930090352
0.9999966901583691
0.9999967952601779
0.9999969080608492
0.9999970282883449
0.9999971556528525
0.9999972898474790
0.9999974305489879
0.9999975774185705
0.9999977301026596
0.9999978882337734
0.9999980514313977
0.9999982193028966
0.9999983914444517
0.9999985674420305
0.9999987468723752
0.9999989293040190
0.9999991142983171
0.9999993014104975
0.9999994901907252
0.9999996801851796
0.9999998709371417
1.0000000619880858
1.0000002528787766
1.0000004431503713
1.0000006323455159
1.0000008200094421
1.0000010056910527
1.0000011889440019
1.0000013693277636
1.0000015464086867
1.0000017197610329
1.0000018889679969
1.0000020536227021
1.0000022133291750
1.0000023677032956
1.0000025163737136
1.0000026589827413
1.0000027951872068
1.0000029246592770
1.0000030470872430
1.0000031621762642
1.0000032696490766
1.0000033692466577
1.0000034607288442
1.0000035438749084
1.0000036184840866
1.0000036843760589
1.0000037413913849
1.0000037893918832
1.0000038282609640
1.0000038579039094
1.0000038782480991
1.0000038892431851
1.0000038908612139
1.0000038830966942
1.0000038659666117
1.0000038395103887
1.0000038037897909
1.0000037588887807
1.0000037049133166
1.0000036419911014
1.0000035702712793
1.0000034899240782
1.0000034011404051
1.0000033041313896
1.0000031991278786
1.0000030863798874
1.0000029661560015
1.0000028387427344
1.0000027044438438
1.0000025635796064
1.0000024164860528
1.0000022635141641
1.0000021050290331
1.0000019414089945
1.0000017730447184
1.0000016003382795
1.0000014237021937
1.0000012435584325
1.0000010603374141
1.0000008744769764
1.0000006864213287
1.0000004966199914
1.0000003055267208
1.0000001135984247
0.9999999212940696
0.9999997290735829
0.9999995373967545
0.9999993467221368
0.9999991575059479
0.9999989702009829
0.9999987852555303
0.9999986031123012
0.9999984242073687
0.9999982489691256
0.9999980778172586
0.9999979111617463
0.9999977494018785
0.9999975929253022
0.9999974421070936
0.9999972973088591
0.9999971588778717
0.9999970271462404
0.9999969024301144
0.9999967850289280
0.9999966752246811
0.9999965732812681
0.9999964794438448
0.9999963939382404
0.9999963169704185
0.9999962487259835
0.9999961893697348
0.9999961390452720
0.9999960978746513
0.9999960659580925
0.9999960433737390
0.9999960301774692
0.9999960264027619
0.9999960320606157
0.9999960471395193
0.9999960716054795
0.9999961054021017
0.9999961484507205
0.9999962006505894
0.9999962618791191
0.9999963319921713
0.9999964108244012
0.9999964981896499
0.9999965938813903
0.9999966976732176
0.9999968093193886
0.9999969285554079
0.9999970550986609
0.9999971886490854
0.9999973288898883
0.9999974754883019
0.9999976280963786
0.9999977863518199
0.9999979498788411
0.9999981182890676
0.9999982911824641
0.9999984681482873
0.9999986487660675
0.9999988326066114
0.9999990192330261
0.9999992082017636
0.9999993990636771
0.9999995913650960
0.9999997846489066
0.9999999784556450
1.0000001723245924
1.0000003657948755
1.0000005584065654
1.0000007497017762
1.0000009392257587
1.0000011265279853
1.0000013111632273
1.0000014926926155
1.0000016706846879
1.0000018447164192
1.0000020143742310
1.0000021792549787
1.0000023389669153
1.0000024931306244
1.0000026413799270
1.0000027833627541
1.0000029187419890
1.0000030471962713
1.0000031684207615
1.0000032821278706
1.0000033880479446
1.0000034859299090
1.0000035755418657
1.0000036566716493
1.0000037291273307
1.0000037927376746
1.0000038473525465
1.0000038928432726
1.0000039291029454
1.0000039560466787
1.0000039736118087
1.0000039817580424
1.0000039804675545
1.0000039697450283
1.0000039496176443
1.0000039201350133
1.0000038813690557
1.0000038334138315
1.0000037763853113
1.0000037104211008
