1.0000004840537176
1.0000004782330303
1.0000004712908561
1.0000004632440986
1.0000004541122891
1.0000004439175407
1.0000004326844931
1.0000004204402551
1.0000004072143394
1.0000003930385897
1.0000003779471058
1.0000003619761604
1.0000003451641155
1.0000003275513298
1.0000003091800611
1.0000002900943672
1.0000002703399986
1.0000002499642895
1.0000002290160446
1.0000002075454220
1.0000001856038125
1.0000001632437174
1.0000001405186250
1.0000001174828810
1.0000000941915574
1.0000000707003218
1.0000000470653043
1.0000000233429647
0.9999999995899553
0.9999999758629873
0.9999999522186958
0.9999999287135022
0.9999999054034803
0.9999998823442225
0.9999998595907081
0.9999998371971703
0.9999998152169677
0.9999997937024564
0.9999997727048653
0.9999997522741729
0.9999997324589884
0.9999997133064359
0.9999996948620423
0.9999996771696291
0.9999996602712065
0.9999996442068722
0.9999996290147184
0.9999996147307368
0.9999996013887363
0.9999995890202623
0.9999995776545202
0.9999995673183072
0.9999995580359473
0.9999995498292336
0.9999995427173766
0.9999995367169574
0.9999995318418895
0.9999995281033849
0.9999995255099287
0.9999995240672593
0.9999995237783551
0.9999995246434269
0.9999995266599174
0.9999995298225073
0.9999995341231294
0.9999995395509873
0.9999995460925827
0.9999995537317475
0.9999995624496836
0.9999995722250054
0.9999995830337931
0.9999995948496491
0.9999996076437638
0.9999996213849823
0.9999996360398813
0.9999996515728480
0.9999996679461650
0.9999996851201018
0.9999997030530107
0.9999997217014250
0.9999997410201646
0.9999997609624425
0.9999997814799799
0.9999998025231197
0.9999998240409473
0.9999998459814142
0.9999998682914585
0.9999998909171344
0.9999999138037412
0.9999999368959539
0.9999999601379570
0.9999999834735767
1.0000000068464161
1.0000000301999898
1.0000000534778606
1.0000000766237749
1.0000000995817977
1.0000001222964470
1.0000001447128257
1.0000001667767517
1.0000001884348904
1.0000002096348801
1.0000002303254594
1.0000002504565901
1.0000002699795765
1.0000002888471826
1.0000003070137453
1.0000003244352820
1.0000003410695972
1.0000003568763856
1.0000003718173260
1.0000003858561755
1.0000003989588551
1.0000004110935321
1.0000004222306964
1.0000004323432301
1.0000004414064756
1.0000004493982915
1.0000004562991076
1.0000004620919720
1.0000004667625919
1.0000004702993679
1.0000004726934202
1.0000004739386124
1.0000004740315638
1.0000004729716609
1.0000004707610581
1.0000004674046732
1.0000004629101751
1.0000004572879666
1.0000004505511588
1.0000004427155389
1.0000004337995327
1.0000004238241620
1.0000004128129945
1.0000004007920866
1.0000003877899226
1.0000003738373455
1.0000003589674860
1.0000003432156803
1.0000003266193869
1.0000003092180985
1.0000002910532457
1.0000002721681014
1.0000002526076732
1.0000002324185990
1.0000002116490330
1.0000001903485314
1.0000001685679345
1.0000001463592454
1.0000001237755043
1.0000001008706645
1.0000000776994611
1.0000000543172802
1.0000000307800281
1.0000000071439983
0.9999999834657330
0.9999999598018925
0.9999999362091166
0.9999999127438917
0.9999998894624129
0.9999998664204500
0.9999998436732161
0.9999998212752343
0.9999997992802074
0.9999997777408891
0.9999997567089590
0.9999997362348980
0.9999997163678677
0.9999996971555924
0.9999996786442452
0.9999996608783375
0.9999996439006126
0.9999996277519424
0.9999996124712311
0.9999995980953218
0.9999995846589078
0.9999995721944497
0.9999995607320963
0.9999995502996134
0.9999995409223169
0.9999995326230104
0.9999995254219343
0.9999995193367147
0.9999995143823214
0.9999995105710306
0.9999995079123982
0.9999995064132352
0.9999995060775901
0.9999995069067423
0.9999995088991960
0.9999995120506823
0.9999995163541716
0.9999995217998878
0.9999995283753339
0.9999995360653205
0.9999995448520013
0.9999995547149154
0.9999995656310369
0.9999995775748277
0.9999995905182996
0.9999996044310810
0.9999996192804890
0.9999996350316069
0.9999996516473684
0.9999996690886448
0.9999996873143390
0.9999997062814834
0.9999997259453405
0.9999997462595104
0.9999997671760416
0.9999997886455465
0.9999998106173175
0.9999998330394478
0.9999998558589551
0.9999998790219072
0.9999999024735524
0.9999999261584497
0.9999999500205996
0.9999999740035787
0.9999999980506747
1.0000000221050214
1.0000000461097325
1.0000000700080387
1.0000000937434235
1.0000001172597563
1.0000001405014287
1.0000001634134843
1.0000001859417507
1.0000002080329682
1.0000002296349182
1.0000002506965460
1.0000002711680827
1.0000002910011658
1.0000003101489543
1.0000003285662389
1.0000003462095495
1.0000003630372587
1.0000003790096823
1.0000003940891729
1.0000004082402092
1.0000004214294813
1.0000004336259702
1.0000004448010213
1.0000004549284125
1.0000004639844162
1.0000004719478566
1.0000004788001586
1.0000004845253949
1.0000004891103218
1.0000004925444099
1.0000004948198704
1.0000004959316720
1.0000004958775537
1.0000004946580292
1.0000004922763870
1.0000004887386813
1.0000004840537176
1.0000004782330303
1.0000004712908561
1.0000004632440986
