1.0020154102191943
1.0019899533182979
1.0019597563930234
1.0019248910384588
1.0018854399129968
1.0018414965480040
1.0017931651323020
1.0017405602719085
1.0016838067255260
1.0016230391163206
1.0015584016205858
1.0014900476339399
1.0014181394157460
1.0013428477125070
1.0012643513610249
1.0011828368721643
1.0010984979961155
1.0010115352700826
1.0009221555493784
1.0008305715229517
1.0007370012143990
1.0006416674695713
1.0005447974319144
1.0004466220067212
1.0003473753155030
1.0002472941417249
1.0001466173691802
1.0000455854142984
0.9999444396537122
0.9998434218484327
0.9997427735659874
0.9996427356019146
0.9995435474019941
0.9994454464866181
0.9993486678787092
0.9992534435365951
0.9991600017932400
0.9990685668032366
0.9989793579989487
0.9988925895571827
0.9988084698777423
0.9987272010752052
0.9986489784852370
0.9985739901867201
0.9985024165409436
0.9984344297490726
0.9983701934290553
0.9983098622130986
0.9982535813667767
0.9982014864308019
0.9981537028864133
0.9981103458452960
0.9980715197648576
0.9980373181896460
0.9980078235196144
0.9979831068058622
0.9979632275744130
0.9979482336785173
0.9979381611798808
0.9979330342591494
0.9979328651558966
0.9979376541382828
0.9979473895024618
0.9979620476017466
0.9979815929054465
0.9980059780872138
0.9980351441426603
0.9980690205359128
0.9981075253747157
0.9981505656135853
0.9981980372844681
0.9982498257542696
0.9983058060085508
0.9983658429606230
0.9984297917852025
0.9984974982757222
0.9985687992243404
0.9986435228236289
0.9987214890888689
0.9988025102998344
0.9988863914608971
0.9989729307782438
0.9990619201529596
0.9991531456886974
0.9992463882126198
0.9993414238082812
0.9994380243590905
0.9995359581009791
0.9996349901828822
0.9997348832336330
0.9998353979338710
0.9999362935915459
1.0000373287196214
1.0001382616145713
1.0002388509342761
1.0003388562739453
1.0004380387386935
1.0005361615114294
1.0006329904147302
1.0007282944654012
1.0008218464204486
1.0009134233132198
1.0010028069784971
1.0010897845653697
1.0011741490367398
1.0012556996543620
1.0013342424483476
1.0014095906701126
1.0014815652277900
1.0015499951031699
1.0016147177492765
1.0016755794677421
1.0017324357651796
1.0017851516878067
1.0018336021336240
1.0018776721415030
1.0019172571565835
1.0019522632714357
1.0019826074424936
1.0020082176813205
1.0020290332203161
1.0020450046525315
1.0020560940453060
1.0020622750275008
1.0020635328501490
1.0020598644204057
1.0020512783087243
1.0020377947292516
1.0020194454934719
1.0019962739372019
1.0019683348210757
1.0019356942047231
1.0018984292948978
1.0018566282678596
1.0018103900663717
1.0017598241717256
1.0017050503512570
1.0016461983818750
1.0015834077501691
1.0015168273297159
1.0014466150362547
1.0013729374614553
1.0012959694860453
1.0012158938731177
1.0011329008424801
1.0010471876269575
1.0009589580116054
1.0008684218568353
1.0007757946064912
1.0006812967819647
1.0005851534634662
1.0004875937596132
1.0003888502665315
1.0002891585176918
1.0001887564257492
1.0000878837176634
0.9999867813644141
0.9998856910066486
0.9997848543776170
0.9996845127247656
0.9995849062313737
0.9994862734396377
0.9993888506765946
0.9992928714843063
0.9991985660557020
0.9991061606774836
0.9990158771814929
0.9989279324059246
0.9988425376677517
0.9987598982477138
0.9986802128891922
0.9986036733122687
0.9985304637442349
0.9984607604677799
0.9983947313880492
0.9983325356197200
0.9982743230951838
0.9982202341948965
0.9981703994008778
0.9981249389742975
0.9980839626580207
0.9980475694049187
0.9980158471326872
0.9979888725058389
0.9979667107454701
0.9979494154673201
0.9979370285485760
0.9979295800237779
0.9979270880101219
0.9979295586623642
0.9979369861574501
0.9979493527089084
0.9979666286109780
0.9979887723123337
0.9980157305192193
0.9980474383276956
0.9980838193846453
0.9981247860770854
0.9981702397492742
0.9982200709470088
0.9982741596884575
0.9983323757607822
0.9983945790417448
0.9984606198454329
0.9985303392911686
0.9986035696946121
0.9986801349800124
0.9987598511125100
0.9988425265493497
0.9989279627088087
0.9990159544556206
0.9991062906016245
0.9991987544203416
0.9992931241741634
0.9993891736527959
0.9994866727215940
0.9995853878784025
0.9996850828175093
0.9997855189993101
0.9998864562242673
0.9999876532097672
1.0000888681684657
1.0001898593867253
1.0002903858017611
1.0003902075761173
1.0004890866681215
1.0005867873969789
1.0006830770011979
1.0007777261890529
1.0008705096798323
1.0009612067346374
1.0010496016755421
1.0011354843919493
1.0012186508330234
1.0012989034851096
1.0013760518331039
1.0014499128047647
1.0015203111970159
1.0015870800833242
1.0016500612012857
1.0017091053196010
1.0017640725836672
1.0018148328390655
1.0018612659322748
1.0019032619879860
1.0019407216624485
1.0019735563723293
1.0020016884986152
1.0020250515651443
1.0020435903914073
1.0020572612193079
1.0020660318136281
1.0020698815359923
1.0020688013921870
1.0020627940527371
1.0020518738467010
1.0020360667286921
1.0020154102191943
1.0019899533182979
1.0019597563930234
1.0019248910384588
