1.0000000006669014
1.0000000006618424
1.0000000006554384
1.0000000006477083
1.0000000006386736
1.0000000006283585
1.0000000006167884
1.0000000006039917
1.0000000005899992
1.0000000005748448
1.0000000005585656
1.0000000005412029
1.0000000005228016
1.0000000005034078
1.0000000004830687
1.0000000004618337
1.0000000004397545
1.0000000004168839
1.0000000003932763
1.0000000003689882
1.0000000003440783
1.0000000003186087
1.0000000002926417
1.0000000002662395
1.0000000002394656
1.0000000002123830
1.0000000001850571
1.0000000001575520
1.0000000001299321
1.0000000001022624
1.0000000000746088
1.0000000000470353
1.0000000000196068
0.9999999999923866
0.9999999999654375
0.9999999999388223
0.9999999999126024
0.9999999998868386
0.9999999998615908
0.9999999998369175
0.9999999998128760
0.9999999997895215
0.9999999997669081
0.9999999997450880
0.9999999997241096
0.9999999997040206
0.9999999996848670
0.9999999996666911
0.9999999996495323
0.9999999996334276
0.9999999996184102
0.9999999996045132
0.9999999995917654
0.9999999995801938
0.9999999995698213
0.9999999995606695
0.9999999995527569
0.9999999995460980
0.9999999995407042
0.9999999995365842
0.9999999995337426
0.9999999995321827
0.9999999995319027
0.9999999995328975
0.9999999995351588
0.9999999995386755
0.9999999995434343
0.9999999995494194
0.9999999995566121
0.9999999995649893
0.9999999995745246
0.9999999995851895
0.9999999995969538
0.9999999996097839
0.9999999996236437
0.9999999996384931
0.9999999996542893
0.9999999996709873
0.9999999996885404
0.9999999997069003
0.9999999997260183
0.9999999997458427
0.9999999997663215
0.9999999997874003
0.9999999998090237
0.9999999998311329
0.9999999998536685
0.9999999998765714
0.9999999998997799
0.9999999999232321
0.9999999999468652
0.9999999999706164
0.9999999999944226
1.0000000000182210
1.0000000000419476
1.0000000000655385
1.0000000000889318
1.0000000001120652
1.0000000001348774
1.0000000001573082
1.0000000001792988
1.0000000002007914
1.0000000002217293
1.0000000002420568
1.0000000002617193
1.0000000002806630
1.0000000002988361
1.0000000003161893
1.0000000003326750
1.0000000003482479
1.0000000003628644
1.0000000003764840
1.0000000003890690
1.0000000004005842
1.0000000004109972
1.0000000004202785
1.0000000004284004
1.0000000004353391
1.0000000004410743
1.0000000004455887
1.0000000004488661
1.0000000004508933
1.0000000004516616
1.0000000004511655
1.0000000004494025
1.0000000004463727
1.0000000004420788
1.0000000004365275
1.0000000004297276
1.0000000004216929
1.0000000004124405
1.0000000004019907
1.0000000003903649
1.0000000003775866
1.0000000003636833
1.0000000003486857
1.0000000003326275
1.0000000003155463
1.0000000002974820
1.0000000002784764
1.0000000002585732
1.0000000002378180
1.0000000002162577
1.0000000001939413
1.0000000001709193
1.0000000001472444
1.0000000001229730
1.0000000000981630
1.0000000000728726
1.0000000000471614
1.0000000000210909
0.9999999999947241
0.9999999999681252
0.9999999999413581
0.9999999999144880
0.9999999998875791
0.9999999998606974
0.9999999998339067
0.9999999998072722
0.9999999997808587
0.9999999997547298
0.9999999997289473
0.9999999997035738
0.9999999996786706
0.9999999996542994
0.9999999996305199
0.9999999996073915
0.9999999995849725
0.9999999995633196
0.9999999995424881
0.9999999995225312
0.9999999995034992
0.9999999994854400
0.9999999994683988
0.9999999994524187
0.9999999994375418
0.9999999994238070
0.9999999994112486
0.9999999993998998
0.9999999993897911
0.9999999993809516
0.9999999993734064
0.9999999993671773
0.9999999993622835
0.9999999993587423
0.9999999993565686
0.9999999993557728
0.9999999993563621
0.9999999993583398
0.9999999993617069
0.9999999993664593
0.9999999993725904
0.9999999993800908
0.9999999993889468
0.9999999993991424
0.9999999994106588
0.9999999994234736
0.9999999994375621
0.9999999994528948
0.9999999994694392
0.9999999994871606
0.9999999995060217
0.9999999995259820
0.9999999995469993
0.9999999995690301
0.9999999995920278
0.9999999996159443
0.9999999996407292
0.9999999996663305
0.9999999996926926
0.9999999997197576
0.9999999997474671
0.9999999997757626
0.9999999998045824
0.9999999998338646
0.9999999998635454
0.9999999998935599
0.9999999999238423
0.9999999999543253
0.9999999999849417
1.0000000000156248
1.0000000000463076
1.0000000000769225
1.0000000001074016
1.0000000001376788
1.0000000001676874
1.0000000001973615
1.0000000002266365
1.0000000002554490
1.0000000002837368
1.0000000003114387
1.0000000003384948
1.0000000003648466
1.0000000003904366
1.0000000004152096
1.0000000004391116
1.0000000004620913
1.0000000004840983
1.0000000005050851
1.0000000005250065
1.0000000005438208
1.0000000005614875
1.0000000005779695
1.0000000005932324
1.0000000006072449
1.0000000006199783
1.0000000006314074
1.0000000006415106
1.0000000006502687
1.0000000006576653
1.0000000006636860
1.0000000006683210
1.0000000006715630
1.0000000006734091
1.0000000006738607
1.0000000006729219
1.0000000006705989
1.0000000006669014
1.0000000006618424
1.0000000006554384
1.0000000006477083
