1.0279082025991182
1.0275657201879658
1.0271593418595149
1.0266899181618045
1.0261584335082887
1.0255660049910051
1.0249138810137510
1.0242034397392743
1.0234361873439151
1.0226137560726114
1.0217379020867174
1.0208105030966872
1.0198335557713547
1.0188091729153124
1.0177395804057532
1.0166271138801051
1.0154742151658565
1.0142834284441744
1.0130573961392466
1.0117988545257321
1.0105106290473262
1.0091956293402133
1.0078568439561026
1.0064973347806432
1.0051202311442859
1.0037287236241037
1.0023260575366946
1.0009155261241101
0.9995004634367098
0.9980842369189968
0.9966702397067781
0.9952618826464619
0.9938625860498800
0.9924757712007312
0.9911048516315341
0.9897532241928504
0.9884242599394392
0.9871212948609255
0.9858476204874550
0.9846064744036243
0.9834010307067028
0.9822343904477262
0.9811095720964225
0.9800295020730708
0.9789970053922648
0.9780147964650784
0.9770854701073218
0.9762114928023375
0.9753951942671362
0.9746387593705541
0.9739442204514952
0.9733134500842262
0.9727481543360729
0.9722498665607452
0.9718199417679012
0.9714595516064480
0.9711696799955272
0.9709511194331494
0.9708044680080905
0.9707301271359690
0.9707283000354753
0.9707989909555589
0.9709420051590669
0.9711569496629564
0.9714432347298217
0.9718000761001627
0.9722264979496513
0.9727213365506818
0.9732832446128078
0.9739106962722756
0.9746019926968785
0.9753552682687825
0.9761684973048371
0.9770395012712539
0.9779659564473818
0.9789454019916801
0.9799752483618542
0.9810527860404930
0.9821751945174050
0.9833395514801720
0.9845428421651937
0.9857819688226636
0.9870537602504286
0.9883549813535429
0.9896823426884526
0.9910325099531193
0.9924021133869513
0.9937877570471261
0.9951860279307062
0.9965935049148388
0.9980067674902400
0.9994224042660806
1.0008370212272522
1.0022472497277979
1.0036497542069989
1.0050412396171982
1.0064184585549012
1.0077782180890036
1.0091173862821474
1.0104328984031867
1.0117217628305533
1.0129810666479411
1.0142079809351829
1.0153997657584686
1.0165537748651574
1.0176674600893771
1.0187383754753696
1.0197641811261660
1.0207426467856477
1.0216716551623730
1.0225492050037608
1.0233734139293014
1.0241425210314274
1.0248548892525524
1.0255090075465456
1.0261034928326034
1.0266370917490872
1.0271086822144333
1.0275172748017150
1.0278620139328682
1.0281421788979614
1.0283571847042234
1.0285065827588566
1.0285900613889138
1.0286074462007897
1.0285587002810939
1.0284439242399033
1.0282633560966010
1.0280173710077209
1.0277064808354397
1.0273313335545771
1.0268927124952110
1.0263915354172675
1.0258288534127347
1.0252058496304648
1.0245238378178769
1.0237842606732788
1.0229886880019623
1.0221388146687409
1.0212364583391575
1.0202835570012481
1.0192821662594513
1.0182344563920842
1.0171427091637109
1.0160093143837430
1.0148367662027569
1.0136276591382687
1.0123846838221062
1.0111106224620476
1.0098083440110985
1.0084807990386191
1.0071310142985257
1.0057620869909851
1.0043771787153646
1.0029795091137441
1.0015723492060125
1.0001590144194534
0.9987428573177984
0.9973272600369364
0.9959156264368608
0.9945113739819659
0.9931179253644318
0.9917386998882181
0.9903771046340071
0.9890365254283382
0.9877203176430935
0.9864317968544017
0.9851742293928923
0.9839508228200073
0.9827647163677348
0.9816189713815988
0.9805165618090229
0.9794603647771758
0.9784531513061243
0.9774975772044739
0.9765961741956614
0.9757513413236165
0.9749653366866320
0.9742402695479006
0.9735780928703345
0.9729805963219079
0.9724493997958962
0.9719859474879968
0.9715915025694597
0.9712671424919991
0.9710137549564903
0.9708320345732753
0.9707224802373552
0.9706853932369279
0.9707208761086430
0.9708288322477078
0.9710089662756114
0.9712607851628541
0.9715836000986957
0.9719765290946928
0.9724385003037145
0.9729682560312783
0.9735643574115160
0.9742251897158787
0.9749489682589056
0.9757337448620182
0.9765774148334254
0.9774777244198313
0.9784322786837486
0.9794385497588373
0.9804938854348230
0.9815955180231634
0.9827405734547361
0.9839260805613642
0.9851489804939609
0.9864061362314344
0.9876943421361825
0.9890103335140097
0.9903507961385590
0.9917123757028306
0.9930916871629982
0.9944853239425133
0.9958898669673487
0.9973018935061441
0.9987179857919324
1.0001347394050188
1.0015487713994233
1.0029567281580647
1.0043552929645059
1.0057411932816147
1.0071112077298812
1.0084621727603591
1.0097909890192696
1.0110946274031989
1.0123701348055405
1.0136146395563737
1.0148253565593299
1.0159995921301952
1.0171347485430078
1.0182283282902691
1.0192779380645727
1.0202812924695082
1.0212362174680913
1.0221406535772333
1.0229926588169083
1.0237904114226994
1.0245322123303124
1.0252164874404714
1.0258417896723317
1.0264068008131912
1.0269103331718510
1.0273513310424873
1.0277288719853441
1.0280421679299525
1.0282905661059365
1.0284735498057824
1.0285907389832347
1.0286418906902466
1.0286268993546452
1.0285457968999028
1.0283987527076184
1.0281860734225341
1.0279082025991182
1.0275657201879658
1.0271593418595149
1.0266899181618045
