1.0364664615530637
1.0360234413265075
1.0354976875303246
1.0348902549747556
1.0342023654438992
1.0334354066479243
1.0325909310031787
1.0316706542297520
1.0306764537549145
1.0296103669097727
1.0284745889054643
1.0272714705742656
1.0260035158601222
1.0246733790423586
1.0232838616756734
1.0218379092289969
1.0203386074054126
1.0187891781251384
1.0171929751535187
1.0155534793561487
1.0138742935636351
1.0121591370291270
1.0104118394626220
1.0086363346272276
1.0068366534840061
1.0050169168738057
1.0031813277265804
1.0013341627911378
0.9994797638810395
0.9976225286355175
0.9957669007977656
0.9939173600167944
0.9920784111832098
0.9902545733137607
0.9884503680042644
0.9866703074755528
0.9849188822422941
0.9832005484399455
0.9815197148505654
0.9798807296737212
0.9782878670941858
0.9767453137034435
0.9752571548371181
0.9738273608952194
0.9724597737164743
0.9711580930818590
0.9699258634256961
0.9687664608352301
0.9676830804213452
0.9666787241439893
0.9657561891758287
0.9649180568866461
0.9641666825289505
0.9635041857022049
0.9629324416689737
0.9624530735911784
0.9620674457485687
0.9617766577945365
0.9615815400966005
0.9614826502003784
0.9614802704467550
0.9615744067623879
0.9617647886338168
0.9620508702654019
0.9624318329112697
0.9629065883615595
0.9634737835536779
0.9641318062701401
0.9648787918760373
0.9657126310413308
0.9666309783861604
0.9676312619812258
0.9687106936301488
0.9698662798565714
0.9710948335156310
0.9723929859473756
0.9737571995886084
0.9751837809595898
0.9766688939428656
0.9782085732732166
0.9797987381602318
0.9814352059682323
0.9831137058820970
0.9848298924918867
0.9865793592339295
0.9883576516311220
0.9901602802805045
0.9919827335416314
0.9938204898847575
0.9956690298633516
0.9975238476808314
0.9993804623266570
1.0012344282619530
1.0030813456396031
1.0049168700482627
1.0067367217739227
1.0085366945765015
1.0103126639824516
1.0120605950975246
1.0137765499466329
1.0154566943502059
1.0170973043485509
1.0186947721875110
1.0202456118801895
1.0217464643606791
1.0231941022466282
1.0245854342281195
1.0259175091007193
1.0271875194607416
1.0283928050807334
1.0295308559829945
1.0305993152285644
1.0315959814385904
1.0325188110643582
1.0333659204214958
1.0341355875030176
1.0348262535849198
1.0354365246370276
1.0359651725507222
1.0364111361940229
1.0367735223033445
1.0370516062200137
1.0372448324783949
1.0373528152511973
1.0373753386562516
1.0373123569277400
1.0371639944535451
1.0369305456790763
1.0366124748765979
1.0362104157777807
1.0357251710658799
1.0351577117226500
1.0345091762238254
1.0337808695757298
1.0329742621843490
1.0320909885470038
1.0311328457555893
1.0301017917992494
1.0289999436532955
1.0278295751401931
1.0265931145475360
1.0252931419871163
1.0239323864784871
1.0225137227398302
1.0210401676684844
1.0195148764931985
1.0179411385800421
1.0163223728739705
1.0146621229583150
1.0129640517149756
1.0112319355688395
1.0094696583009748
1.0076812044164574
1.0058706520543037
1.0040421654289167
1.0021999867947240
1.0003484279283072
0.9984918611252804
0.9966347097124982
0.9947814380798430
0.9929365412398516
0.9911045339277778
0.9892899392593196
0.9874972769681541
0.9857310512505461
0.9839957382496329
0.9822957732174217
0.9806355373980549
0.9790193446813895
0.9774514280813443
0.9759359260986934
0.9744768690329452
0.9730781653125258
0.9717435879166182
0.9704767609655641
0.9692811465596449
0.9681600319482142
0.9671165171124904
0.9661535028457466
0.9652736794141028
0.9644795158795991
0.9637732501646662
0.9631568799335080
0.9626321543612932
0.9622005668564317
0.9618633487946581
0.9616214643162362
0.9614756062294059
0.9614261930543614
0.9614733672326793
0.9616169945173602
0.9618566645486661
0.9621916926108515
0.9626211225549011
0.9631437308626249
0.9637580318180715
0.9644622837433798
0.9652544962479772
0.9661324384325917
0.9670936479829778
0.9681354410825992
0.9692549230688722
0.9704489997539346
0.9717143893283278
0.9730476347644050
0.9744451166357400
0.9759030662692001
0.9774175791476644
0.9789846284834991
0.9806000788857937
0.9822597000479006
0.9839591803859347
0.9856941405634628
0.9874601468425668
0.9892527242066743
0.9910673692059585
0.9928995624816038
0.9947447809307398
0.9965985094793024
0.9984562524353994
1.0003135444009057
1.0021659607239213
1.0040091274793783
1.0058387309694155
1.0076505267391656
1.0094403481072809
1.0112041142138450
1.0129378375913034
1.0146376312666623
1.0162997154054947
1.0179204235102290
1.0194962081868257
1.0210236464952622
1.0224994449002771
1.0239204438395828
1.0252836219272712
1.0265860998104095
1.0278251436968966
1.0289981685725273
1.0301027411249231
1.0311365823915364
1.0320975701483497
1.0329837410551943
1.0337932925727911
1.0345245846657258
1.0351761413045795
1.0357466517793921
1.0362349718355215
1.0366401246418022
1.0369613015997179
1.0371978630010608
1.0373493385402957
1.0374154276865650
1.0373959999189761
1.0372910948274996
1.0371009220804943
1.0368258612585550
1.0364664615530637
1.0360234413265075
1.0354976875303246
1.0348902549747556
