1.0000000486008529
1.0000000480514830
1.0000000473917208
1.0000000466232073
1.0000000457478402
1.0000000447677704
1.0000000436853966
1.0000000425033597
1.0000000412245345
1.0000000398520252
1.0000000383891561
1.0000000368394644
1.0000000352066920
1.0000000334947776
1.0000000317078450
1.0000000298501945
1.0000000279262931
1.0000000259407629
1.0000000238983711
1.0000000218040170
1.0000000196627203
1.0000000174796093
1.0000000152599111
1.0000000130089366
1.0000000107320690
1.0000000084347498
1.0000000061224668
1.0000000038007391
1.0000000014751058
0.9999999991511109
0.9999999968342909
0.9999999945301643
0.9999999922442163
0.9999999899818852
0.9999999877485498
0.9999999855495170
0.9999999833900086
0.9999999812751481
0.9999999792099493
0.9999999771993043
0.9999999752479714
0.9999999733605642
0.9999999715415430
0.9999999697952012
0.9999999681256551
0.9999999665368355
0.9999999650324763
0.9999999636161075
0.9999999622910453
0.9999999610603855
0.9999999599269955
0.9999999588935081
0.9999999579623138
0.9999999571355572
0.9999999564151316
0.9999999558026734
0.9999999552995582
0.9999999549068976
0.9999999546255371
0.9999999544560542
0.9999999543987571
0.9999999544536845
0.9999999546206044
0.9999999548990152
0.9999999552881462
0.9999999557869609
0.9999999563941595
0.9999999571081819
0.9999999579272110
0.9999999588491757
0.9999999598717577
0.9999999609923964
0.9999999622082971
0.9999999635164363
0.9999999649135685
0.9999999663962342
0.9999999679607683
0.9999999696033083
0.9999999713198044
0.9999999731060286
0.9999999749575867
0.9999999768699279
0.9999999788383553
0.9999999808580377
0.9999999829240207
0.9999999850312403
0.9999999871745329
0.9999999893486483
0.9999999915482628
0.9999999937679911
0.9999999960024007
0.9999999982460234
1.0000000004933685
1.0000000027389371
1.0000000049772360
1.0000000072027895
1.0000000094101544
1.0000000115939303
1.0000000137487730
1.0000000158694078
1.0000000179506428
1.0000000199873800
1.0000000219746314
1.0000000239075282
1.0000000257813317
1.0000000275914449
1.0000000293334241
1.0000000310029902
1.0000000325960385
1.0000000341086495
1.0000000355370975
1.0000000368778597
1.0000000381276244
1.0000000392832993
1.0000000403420202
1.0000000413011543
1.0000000421583095
1.0000000429113394
1.0000000435583474
1.0000000440976933
1.0000000445279951
1.0000000448481343
1.0000000450572586
1.0000000451547832
1.0000000451403923
1.0000000450140414
1.0000000447759547
1.0000000444266257
1.0000000439668144
1.0000000433975493
1.0000000427201234
1.0000000419360922
1.0000000410472683
1.0000000400557167
1.0000000389637509
1.0000000377739269
1.0000000364890365
1.0000000351121017
1.0000000336463677
1.0000000320952953
1.0000000304625529
1.0000000287520072
1.0000000269677141
1.0000000251139083
1.0000000231949937
1.0000000212155331
1.0000000191802347
1.0000000170939431
1.0000000149616275
1.0000000127883721
1.0000000105793638
1.0000000083398779
1.0000000060752650
1.0000000037909380
1.0000000014923609
0.9999999991850339
0.9999999968744813
0.9999999945662378
0.9999999922658364
0.9999999899787937
0.9999999877105977
0.9999999854666952
0.9999999832524775
0.9999999810732677
0.9999999789343095
0.9999999768407531
0.9999999747976445
0.9999999728099098
0.9999999708823463
0.9999999690196103
0.9999999672262070
0.9999999655064772
0.9999999638645882
0.9999999623045235
0.9999999608300730
0.9999999594448269
0.9999999581521644
0.9999999569552458
0.9999999558570043
0.9999999548601403
0.9999999539671134
0.9999999531801385
0.9999999525011810
0.9999999519319495
0.9999999514738924
0.9999999511281948
0.9999999508957758
0.9999999507772849
0.9999999507731012
0.9999999508833327
0.9999999511078157
0.9999999514461140
0.9999999518975217
0.9999999524610641
0.9999999531355019
0.9999999539193317
0.9999999548107897
0.9999999558078571
0.9999999569082637
0.9999999581094939
0.9999999594087926
0.9999999608031704
0.9999999622894131
0.9999999638640876
0.9999999655235507
0.9999999672639570
0.9999999690812681
0.9999999709712628
0.9999999729295476
0.9999999749515667
0.9999999770326128
0.9999999791678380
0.9999999813522650
0.9999999835807980
0.9999999858482362
0.9999999881492874
0.9999999904785780
0.9999999928306662
0.9999999952000550
0.9999999975812064
0.9999999999685542
1.0000000023565176
1.0000000047395154
1.0000000071119772
1.0000000094683574
1.0000000118031485
1.0000000141108942
1.0000000163862015
1.0000000186237550
1.0000000208183286
1.0000000229647972
1.0000000250581507
1.0000000270935041
1.0000000290661102
1.0000000309713692
1.0000000328048424
1.0000000345622613
1.0000000362395387
1.0000000378327754
1.0000000393382718
1.0000000407525360
1.0000000420722934
1.0000000432944933
1.0000000444163168
1.0000000454351834
1.0000000463487555
1.0000000471549468
1.0000000478519253
1.0000000484381184
1.0000000489122167
1.0000000492731749
1.0000000495202166
1.0000000496528356
1.0000000496707966
1.0000000495741359
1.0000000493631613
1.0000000490384511
1.0000000486008529
1.0000000480514830
1.0000000473917208
1.0000000466232073
