1.0000000292956568
1.0000000289714768
1.0000000285811910
1.0000000281257766
1.0000000276063665
1.0000000270242431
1.0000000263808360
1.0000000256777204
1.0000000249166126
1.0000000240993663
1.0000000232279675
1.0000000223045287
1.0000000213312832
1.0000000203105817
1.0000000192448872
1.0000000181367679
1.0000000169888903
1.0000000158040154
1.0000000145849910
1.0000000133347433
1.0000000120562711
1.0000000107526381
1.0000000094269661
1.0000000080824263
1.0000000067222339
1.0000000053496390
1.0000000039679193
1.0000000025803724
1.0000000011903070
0.9999999998010364
0.9999999984158705
0.9999999970381066
0.9999999956710220
0.9999999943178646
0.9999999929818467
0.9999999916661387
0.9999999903738610
0.9999999891080751
0.9999999878717772
0.9999999866678910
0.9999999854992616
0.9999999843686480
0.9999999832787168
0.9999999822320348
0.9999999812310628
0.9999999802781503
0.9999999793755299
0.9999999785253118
0.9999999777294805
0.9999999769898880
0.9999999763082502
0.9999999756861432
0.9999999751249978
0.9999999746260974
0.9999999741905752
0.9999999738194127
0.9999999735134348
0.9999999732733088
0.9999999730995432
0.9999999729924871
0.9999999729523285
0.9999999729790943
0.9999999730726493
0.9999999732326978
0.9999999734587832
0.9999999737502896
0.9999999741064445
0.9999999745263183
0.9999999750088288
0.9999999755527434
0.9999999761566825
0.9999999768191214
0.9999999775383955
0.9999999783127029
0.9999999791401087
0.9999999800185494
0.9999999809458400
0.9999999819196781
0.9999999829376481
0.9999999839972294
0.9999999850958018
0.9999999862306517
0.9999999873989783
0.9999999885979018
0.9999999898244688
0.9999999910756582
0.9999999923483888
0.9999999936395277
0.9999999949458984
0.9999999962642881
0.9999999975914559
0.9999999989241399
1.0000000002590661
1.0000000015929542
1.0000000029225262
1.0000000042445158
1.0000000055556746
1.0000000068527806
1.0000000081326454
1.0000000093921240
1.0000000106281204
1.0000000118375947
1.0000000130175719
1.0000000141651475
1.0000000152774950
1.0000000163518736
1.0000000173856334
1.0000000183762214
1.0000000193211902
1.0000000202182020
1.0000000210650342
1.0000000218595853
1.0000000225998802
1.0000000232840756
1.0000000239104645
1.0000000244774787
1.0000000249836924
1.0000000254278261
1.0000000258087489
1.0000000261254836
1.0000000263772084
1.0000000265632583
1.0000000266831279
1.0000000267364717
1.0000000267231042
1.0000000266429996
1.0000000264962936
1.0000000262832833
1.0000000260044259
1.0000000256603387
1.0000000252517964
1.0000000247797309
1.0000000242452265
1.0000000236495197
1.0000000229939949
1.0000000222801808
1.0000000215097480
1.0000000206845054
1.0000000198063930
1.0000000188774798
1.0000000178999582
1.0000000168761376
1.0000000158084412
1.0000000146993988
1.0000000135516409
1.0000000123678943
1.0000000111509739
1.0000000099037758
1.0000000086292695
1.0000000073304931
1.0000000060105452
1.0000000046725774
1.0000000033197851
1.0000000019554021
1.0000000005826912
0.9999999992049378
0.9999999978254411
0.9999999964475085
0.9999999950744448
0.9999999937095450
0.9999999923560855
0.9999999910173194
0.9999999896964671
0.9999999883967082
0.9999999871211747
0.9999999858729413
0.9999999846550197
0.9999999834703512
0.9999999823218003
0.9999999812121462
0.9999999801440765
0.9999999791201827
0.9999999781429511
0.9999999772147594
0.9999999763378701
0.9999999755144258
0.9999999747464428
0.9999999740358062
0.9999999733842655
0.9999999727934311
0.9999999722647710
0.9999999717996060
0.9999999713991061
0.9999999710642885
0.9999999707960147
0.9999999705949891
0.9999999704617577
0.9999999703967059
0.9999999704000578
0.9999999704718751
0.9999999706120566
0.9999999708203381
0.9999999710962940
0.9999999714393376
0.9999999718487235
0.9999999723235495
0.9999999728627569
0.9999999734651351
0.9999999741293240
0.9999999748538178
0.9999999756369665
0.9999999764769807
0.9999999773719350
0.9999999783197743
0.9999999793183175
0.9999999803652635
0.9999999814581959
0.9999999825945889
0.9999999837718142
0.9999999849871456
0.9999999862377659
0.9999999875207738
0.9999999888331904
0.9999999901719677
0.9999999915339957
0.9999999929161083
0.9999999943150918
0.9999999957276923
0.9999999971506223
0.9999999985805699
1.0000000000142062
1.0000000014481936
1.0000000028791929
1.0000000043038715
1.0000000057189116
1.0000000071210184
1.0000000085069276
1.0000000098734128
1.0000000112172938
1.0000000125354447
1.0000000138248011
1.0000000150823665
1.0000000163052187
1.0000000174905179
1.0000000186355129
1.0000000197375480
1.0000000207940694
1.0000000218026306
1.0000000227608981
1.0000000236666593
1.0000000245178253
1.0000000253124355
1.0000000260486643
1.0000000267248255
1.0000000273393750
1.0000000278909142
1.0000000283781925
1.0000000288001107
1.0000000291557249
1.0000000294442482
1.0000000296650513
1.0000000298176672
1.0000000299017895
1.0000000299172751
1.0000000298641423
1.0000000297425726
1.0000000295529097
1.0000000292956568
1.0000000289714768
1.0000000285811910
1.0000000281257766
