1.0000000299996186
1.0000000296672791
1.0000000292672255
1.0000000288004613
1.0000000282681472
1.0000000276715970
1.0000000270122760
1.0000000262917983
1.0000000255119206
1.0000000246745395
1.0000000237816880
1.0000000228355292
1.0000000218383520
1.0000000207925643
1.0000000197006882
1.0000000185653541
1.0000000173892958
1.0000000161753417
1.0000000149264079
1.0000000136454912
1.0000000123356627
1.0000000110000626
1.0000000096418908
1.0000000082643976
1.0000000068708768
1.0000000054646578
1.0000000040490988
1.0000000026275782
1.0000000012034871
0.9999999997802185
0.9999999983611610
0.9999999969496915
0.9999999955491682
0.9999999941629212
0.9999999927942447
0.9999999914463887
0.9999999901225513
0.9999999888258696
0.9999999875594138
0.9999999863261784
0.9999999851290763
0.9999999839709331
0.9999999828544790
0.9999999817823433
0.9999999807570472
0.9999999797809968
0.9999999788564781
0.9999999779856531
0.9999999771705538
0.9999999764130773
0.9999999757149818
0.9999999750778809
0.9999999745032411
0.9999999739923788
0.9999999735464550
0.9999999731664752
0.9999999728532843
0.9999999726075661
0.9999999724298423
0.9999999723204697
0.9999999722796401
0.9999999723073805
0.9999999724035522
0.9999999725678517
0.9999999727998111
0.9999999730987990
0.9999999734640231
0.9999999738945328
0.9999999743892187
0.9999999749468177
0.9999999755659142
0.9999999762449459
0.9999999769822056
0.9999999777758474
0.9999999786238893
0.9999999795242190
0.9999999804745987
0.9999999814726689
0.9999999825159555
0.9999999836018764
0.9999999847277475
0.9999999858907879
0.9999999870881277
0.9999999883168149
0.9999999895738222
0.9999999908560542
0.9999999921603552
0.9999999934835161
0.9999999948222834
0.9999999961733647
0.9999999975334387
0.9999999988991640
1.0000000002671843
1.0000000016341384
1.0000000029966685
1.0000000043514277
1.0000000056950888
1.0000000070243515
1.0000000083359499
1.0000000096266608
1.0000000108933118
1.0000000121327886
1.0000000133420424
1.0000000145180972
1.0000000156580566
1.0000000167591117
1.0000000178185469
1.0000000188337481
1.0000000198022074
1.0000000207215303
1.0000000215894389
1.0000000224037826
1.0000000231625381
1.0000000238638154
1.0000000245058638
1.0000000250870744
1.0000000256059864
1.0000000260612905
1.0000000264518314
1.0000000267766083
1.0000000270347780
1.0000000272256591
1.0000000273487328
1.0000000274036445
1.0000000273902039
1.0000000273083867
1.0000000271583318
1.0000000269403424
1.0000000266548865
1.0000000263025961
1.0000000258842645
1.0000000254008454
1.0000000248534497
1.0000000242433418
1.0000000235719388
1.0000000228408084
1.0000000220516623
1.0000000212063533
1.0000000203068693
1.0000000193553289
1.0000000183539766
1.0000000173051786
1.0000000162114182
1.0000000150752890
1.0000000138994871
1.0000000126868052
1.0000000114401260
1.0000000101624147
1.0000000088567145
1.0000000075261386
1.0000000061738616
1.0000000048031124
1.0000000034171665
1.0000000020193374
1.0000000006129686
0.9999999992014263
0.9999999977880917
0.9999999963763518
0.9999999949695924
0.9999999935711881
0.9999999921844961
0.9999999908128488
0.9999999894595442
0.9999999881278394
0.9999999868209432
0.9999999855420070
0.9999999842941165
0.9999999830802844
0.9999999819034441
0.9999999807664444
0.9999999796720399
0.9999999786228860
0.9999999776215316
0.9999999766704130
0.9999999757718473
0.9999999749280285
0.9999999741410210
0.9999999734127570
0.9999999727450306
0.9999999721394920
0.9999999715976430
0.9999999711208361
0.9999999707102705
0.9999999703669882
0.9999999700918715
0.9999999698856425
0.9999999697488597
0.9999999696819178
0.9999999696850455
0.9999999697583053
0.9999999699015945
0.9999999701146423
0.9999999703970148
0.9999999707481119
0.9999999711671709
0.9999999716532680
0.9999999722053199
0.9999999728220863
0.9999999735021747
0.9999999742440416
0.9999999750459961
0.9999999759062056
0.9999999768226990
0.9999999777933725
0.9999999788159929
0.9999999798882038
0.9999999810075298
0.9999999821713834
0.9999999833770712
0.9999999846217992
0.9999999859026796
0.9999999872167397
0.9999999885609281
0.9999999899321222
0.9999999913271352
0.9999999927427242
0.9999999941755973
0.9999999956224208
0.9999999970798283
0.9999999985444271
1.0000000000128066
1.0000000014815482
1.0000000029472307
1.0000000044064401
1.0000000058557770
1.0000000072918669
1.0000000087113647
1.0000000101109665
1.0000000114874141
1.0000000128375039
1.0000000141580951
1.0000000154461171
1.0000000166985759
1.0000000179125639
1.0000000190852638
1.0000000202139547
1.0000000212960207
1.0000000223289556
1.0000000233103701
1.0000000242379961
1.0000000251096917
1.0000000259234485
1.0000000266773945
1.0000000273698006
1.0000000279990839
1.0000000285638122
1.0000000290627058
1.0000000294946410
1.0000000298586520
1.0000000301539347
1.0000000303798480
1.0000000305359145
1.0000000306218213
1.0000000306374219
1.0000000305827350
1.0000000304579446
1.0000000302634005
1.0000000299996186
1.0000000296672791
1.0000000292672255
1.0000000288004613
