1.0000000784234790
1.0000000775217412
1.0000000764409138
1.0000000751836697
1.0000000737530985
1.0000000721527005
1.0000000703863778
1.0000000684584260
1.0000000663735238
1.0000000641367186
1.0000000617534179
1.0000000592293750
1.0000000565706761
1.0000000537837266
1.0000000508752331
1.0000000478521875
1.0000000447218538
1.0000000414917463
1.0000000381696144
1.0000000347634230
1.0000000312813329
1.0000000277316814
1.0000000241229636
1.0000000204638106
1.0000000167629703
1.0000000130292870
1.0000000092716794
1.0000000054991185
1.0000000017206079
0.9999999979451599
0.9999999941817775
0.9999999904394301
0.9999999867270332
0.9999999830534247
0.9999999794273436
0.9999999758574116
0.9999999723521132
0.9999999689197747
0.9999999655685441
0.9999999623063712
0.9999999591409896
0.9999999560798958
0.9999999531303349
0.9999999502992808
0.9999999475934193
0.9999999450191335
0.9999999425824873
0.9999999402892134
0.9999999381446981
0.9999999361539678
0.9999999343216777
0.9999999326521021
0.9999999311491213
0.9999999298162148
0.9999999286564513
0.9999999276724840
0.9999999268665417
0.9999999262404239
0.9999999257954973
0.9999999255326931
0.9999999254525046
0.9999999255549865
0.9999999258397556
0.9999999263059899
0.9999999269524309
0.9999999277773869
0.9999999287787366
0.9999999299539342
0.9999999313000154
0.9999999328136053
0.9999999344909273
0.9999999363278104
0.9999999383197019
0.9999999404616765
0.9999999427484485
0.9999999451743850
0.9999999477335200
0.9999999504195662
0.9999999532259313
0.9999999561457346
0.9999999591718233
0.9999999622967902
0.9999999655129921
0.9999999688125668
0.9999999721874521
0.9999999756294047
0.9999999791300217
0.9999999826807578
0.9999999862729474
0.9999999898978260
0.9999999935465523
0.9999999972102286
1.0000000008799215
1.0000000045466824
1.0000000082015701
1.0000000118356731
1.0000000154401301
1.0000000190061511
1.0000000225250394
1.0000000259882127
1.0000000293872224
1.0000000327137755
1.0000000359597538
1.0000000391172323
1.0000000421784976
1.0000000451360693
1.0000000479827171
1.0000000507114779
1.0000000533156714
1.0000000557889173
1.0000000581251500
1.0000000603186325
1.0000000623639711
1.0000000642561298
1.0000000659904411
1.0000000675626171
1.0000000689687600
1.0000000702053728
1.0000000712693669
1.0000000721580704
1.0000000728692331
1.0000000734010315
1.0000000737520720
1.0000000739213963
1.0000000739084836
1.0000000737132519
1.0000000733360597
1.0000000727777036
1.0000000720394162
1.0000000711228640
1.0000000700301444
1.0000000687637793
1.0000000673267093
1.0000000657222856
1.0000000639542648
1.0000000620267977
1.0000000599444185
1.0000000577120371
1.0000000553349266
1.0000000528187096
1.0000000501693465
1.0000000473931185
1.0000000444966144
1.0000000414867147
1.0000000383705752
1.0000000351556104
1.0000000318494757
1.0000000284600479
1.0000000249954080
1.0000000214638214
1.0000000178737174
1.0000000142336687
1.0000000105523719
1.0000000068386252
1.0000000031013103
0.9999999993493710
0.9999999955917883
0.9999999918375619
0.9999999880956861
0.9999999843751317
0.9999999806848213
0.9999999770336109
0.9999999734302664
0.9999999698834431
0.9999999664016656
0.9999999629933078
0.9999999596665728
0.9999999564294731
0.9999999532898117
0.9999999502551604
0.9999999473328444
0.9999999445299242
0.9999999418531788
0.9999999393090898
0.9999999369038245
0.9999999346432218
0.9999999325327793
0.9999999305776399
0.9999999287825797
0.9999999271519942
0.9999999256898893
0.9999999243998712
0.9999999232851379
0.9999999223484711
0.9999999215922313
0.9999999210183509
0.9999999206283299
0.9999999204232303
0.9999999204036756
0.9999999205698488
0.9999999209214923
0.9999999214579078
0.9999999221779570
0.9999999230800655
0.9999999241622257
0.9999999254220011
0.9999999268565337
0.9999999284625491
0.9999999302363666
0.9999999321739050
0.9999999342706946
0.9999999365218869
0.9999999389222664
0.9999999414662610
0.9999999441479568
0.9999999469611129
0.9999999498991747
0.9999999529552901
0.9999999561223263
0.9999999593928849
0.9999999627593210
0.9999999662137611
0.9999999697481223
0.9999999733541332
0.9999999770233515
0.9999999807471830
0.9999999845169034
0.9999999883236780
0.9999999921585847
0.9999999960126331
0.9999999998767868
1.0000000037419847
1.0000000075991637
1.0000000114392789
1.0000000152533237
1.0000000190323539
1.0000000227675085
1.0000000264500304
1.0000000300712861
1.0000000336227888
1.0000000370962177
1.0000000404834377
1.0000000437765177
1.0000000469677495
1.0000000500496677
1.0000000530150657
1.0000000558570139
1.0000000585688760
1.0000000611443238
1.0000000635773543
1.0000000658623016
1.0000000679938514
1.0000000699670535
1.0000000717773341
1.0000000734205063
1.0000000748927815
1.0000000761907755
1.0000000773115179
1.0000000782524594
1.0000000790114763
1.0000000795868778
1.0000000799774089
1.0000000801822531
1.0000000802010356
1.0000000800338222
1.0000000796811208
1.0000000791438783
1.0000000784234790
1.0000000775217412
1.0000000764409138
1.0000000751836697
