1.0000000000028944
1.0000000000029119
1.0000000000029243
1.0000000000029312
1.0000000000029325
1.0000000000029292
1.0000000000029214
1.0000000000029090
1.0000000000028924
1.0000000000028719
1.0000000000028479
1.0000000000028206
1.0000000000027898
1.0000000000027556
1.0000000000027185
1.0000000000026801
1.0000000000026410
1.0000000000026015
1.0000000000025606
1.0000000000025180
1.0000000000024736
1.0000000000024263
1.0000000000023752
1.0000000000023213
1.0000000000022644
1.0000000000022051
1.0000000000021436
1.0000000000020797
1.0000000000020137
1.0000000000019453
1.0000000000018745
1.0000000000018023
1.0000000000017297
1.0000000000016582
1.0000000000015892
1.0000000000015237
1.0000000000014611
1.0000000000014004
1.0000000000013409
1.0000000000012823
1.0000000000012244
1.0000000000011677
1.0000000000011129
1.0000000000010596
1.0000000000010074
1.0000000000009579
1.0000000000009108
1.0000000000008666
1.0000000000008258
1.0000000000007885
1.0000000000007552
1.0000000000007256
1.0000000000006990
1.0000000000006746
1.0000000000006524
1.0000000000006322
1.0000000000006146
1.0000000000006006
1.0000000000005906
1.0000000000005842
1.0000000000005818
1.0000000000005840
1.0000000000005895
1.0000000000005973
1.0000000000006062
1.0000000000006160
1.0000000000006273
1.0000000000006404
1.0000000000006557
1.0000000000006726
1.0000000000006910
1.0000000000007112
1.0000000000007325
1.0000000000007543
1.0000000000007754
1.0000000000007945
1.0000000000008114
1.0000000000008265
1.0000000000008396
1.0000000000008504
1.0000000000008584
1.0000000000008629
1.0000000000008644
1.0000000000008633
1.0000000000008593
1.0000000000008524
1.0000000000008420
1.0000000000008282
1.0000000000008116
1.0000000000007920
1.0000000000007696
1.0000000000007447
1.0000000000007196
1.0000000000006946
1.0000000000006701
1.0000000000006448
1.0000000000006191
1.0000000000005935
1.0000000000005678
1.0000000000005422
1.0000000000005174
1.0000000000004934
1.0000000000004703
1.0000000000004485
1.0000000000004277
1.0000000000004079
1.0000000000003881
1.0000000000003686
1.0000000000003488
1.0000000000003293
1.0000000000003100
1.0000000000002900
1.0000000000002698
1.0000000000002498
1.0000000000002298
1.0000000000002105
1.0000000000001925
1.0000000000001756
1.0000000000001612
1.0000000000001488
1.0000000000001379
1.0000000000001297
1.0000000000001237
1.0000000000001195
1.0000000000001157
1.0000000000001121
1.0000000000001077
1.0000000000001024
1.0000000000000955
1.0000000000000870
1.0000000000000770
1.0000000000000653
1.0000000000000520
1.0000000000000391
1.0000000000000275
1.0000000000000171
1.0000000000000078
1.0000000000000013
0.9999999999999984
0.9999999999999989
1.0000000000000016
1.0000000000000047
1.0000000000000073
1.0000000000000089
1.0000000000000102
1.0000000000000113
1.0000000000000131
1.0000000000000160
1.0000000000000193
1.0000000000000229
1.0000000000000251
1.0000000000000253
1.0000000000000246
1.0000000000000240
1.0000000000000229
1.0000000000000213
1.0000000000000195
1.0000000000000171
1.0000000000000147
1.0000000000000120
1.0000000000000084
1.0000000000000042
0.9999999999999989
0.9999999999999932
0.9999999999999867
0.9999999999999781
0.9999999999999677
0.9999999999999549
0.9999999999999402
0.9999999999999228
0.9999999999999035
0.9999999999998828
0.9999999999998616
0.9999999999998405
0.9999999999998200
0.9999999999998012
0.9999999999997843
0.9999999999997696
0.9999999999997570
0.9999999999997449
0.9999999999997333
0.9999999999997213
0.9999999999997096
0.9999999999996979
0.9999999999996874
0.9999999999996771
0.9999999999996677
0.9999999999996587
0.9999999999996501
0.9999999999996421
0.9999999999996348
0.9999999999996290
0.9999999999996239
0.9999999999996199
0.9999999999996179
0.9999999999996178
0.9999999999996201
0.9999999999996250
0.9999999999996316
0.9999999999996397
0.9999999999996496
0.9999999999996617
0.9999999999996754
0.9999999999996916
0.9999999999997096
0.9999999999997294
0.9999999999997514
0.9999999999997752
0.9999999999998022
0.9999999999998330
0.9999999999998688
0.9999999999999098
0.9999999999999558
1.0000000000000064
1.0000000000000604
1.0000000000001177
1.0000000000001774
1.0000000000002387
1.0000000000003013
1.0000000000003659
1.0000000000004334
1.0000000000005032
1.0000000000005738
1.0000000000006453
1.0000000000007176
1.0000000000007900
1.0000000000008631
1.0000000000009373
1.0000000000010121
1.0000000000010889
1.0000000000011680
1.0000000000012486
1.0000000000013305
1.0000000000014133
1.0000000000014961
1.0000000000015794
1.0000000000016640
1.0000000000017486
1.0000000000018321
1.0000000000019136
1.0000000000019933
1.0000000000020712
1.0000000000021478
1.0000000000022240
1.0000000000022988
1.0000000000023710
1.0000000000024394
1.0000000000025027
1.0000000000025604
1.0000000000026130
1.0000000000026623
1.0000000000027083
1.0000000000027505
1.0000000000027884
1.0000000000028215
1.0000000000028497
1.0000000000028737
1.0000000000028944
1.0000000000029119
1.0000000000029243
1.0000000000029312
