1.0000000062726055
1.0000000062094079
1.0000000061324557
1.0000000060419476
1.0000000059381151
1.0000000058212208
1.0000000056915581
1.0000000055494496
1.0000000053952471
1.0000000052293299
1.0000000050521050
1.0000000048640068
1.0000000046654931
1.0000000044570456
1.0000000042391686
1.0000000040123898
1.0000000037772567
1.0000000035343373
1.0000000032842162
1.0000000030274974
1.0000000027647977
1.0000000024967473
1.0000000022239888
1.0000000019471746
1.0000000016669666
1.0000000013840324
1.0000000010990473
1.0000000008126904
1.0000000005256433
1.0000000002385885
0.9999999999522075
0.9999999996671800
0.9999999993841810
0.9999999991038807
0.9999999988269420
0.9999999985540179
0.9999999982857523
0.9999999980227769
0.9999999977657106
0.9999999975151567
0.9999999972717037
0.9999999970359228
0.9999999968083658
0.9999999965895641
0.9999999963800267
0.9999999961802396
0.9999999959906654
0.9999999958117411
0.9999999956438766
0.9999999954874553
0.9999999953428332
0.9999999952103369
0.9999999950902644
0.9999999949828834
0.9999999948884303
0.9999999948071104
0.9999999947390984
0.9999999946845350
0.9999999946435286
0.9999999946161549
0.9999999946024563
0.9999999946024425
0.9999999946160895
0.9999999946433391
0.9999999946841013
0.9999999947382526
0.9999999948056367
0.9999999948860675
0.9999999949793257
0.9999999950851619
0.9999999952032951
0.9999999953334143
0.9999999954751793
0.9999999956282229
0.9999999957921515
0.9999999959665442
0.9999999961509550
0.9999999963449141
0.9999999965479276
0.9999999967594798
0.9999999969790349
0.9999999972060375
0.9999999974399152
0.9999999976800784
0.9999999979259216
0.9999999981768264
0.9999999984321620
0.9999999986912861
0.9999999989535485
0.9999999992182922
0.9999999994848537
0.9999999997525656
1.0000000000207578
1.0000000002887595
1.0000000005559002
1.0000000008215117
1.0000000010849293
1.0000000013454935
1.0000000016025514
1.0000000018554582
1.0000000021035795
1.0000000023462934
1.0000000025829905
1.0000000028130775
1.0000000030359759
1.0000000032511245
1.0000000034579810
1.0000000036560233
1.0000000038447501
1.0000000040236843
1.0000000041923711
1.0000000043503809
1.0000000044973105
1.0000000046327824
1.0000000047564481
1.0000000048679876
1.0000000049671103
1.0000000050535556
1.0000000051270943
1.0000000051875284
1.0000000052346907
1.0000000052684466
1.0000000052886941
1.0000000052953644
1.0000000052884215
1.0000000052678633
1.0000000052337203
1.0000000051860569
1.0000000051249698
1.0000000050505888
1.0000000049630744
1.0000000048626190
1.0000000047494468
1.0000000046238133
1.0000000044860051
1.0000000043363388
1.0000000041751602
1.0000000040028434
1.0000000038197894
1.0000000036264254
1.0000000034232046
1.0000000032106031
1.0000000029891203
1.0000000027592775
1.0000000025216167
1.0000000022767013
1.0000000020251127
1.0000000017674477
1.0000000015043189
1.0000000012363528
1.0000000009641878
1.0000000006884742
1.0000000004098717
1.0000000001290461
0.9999999998466692
0.9999999995634169
0.9999999992799685
0.9999999989970045
0.9999999987152054
0.9999999984352488
0.9999999981578084
0.9999999978835534
0.9999999976131453
0.9999999973472371
0.9999999970864729
0.9999999968314863
0.9999999965828965
0.9999999963413085
0.9999999961073119
0.9999999958814776
0.9999999956643577
0.9999999954564845
0.9999999952583691
0.9999999950704993
0.9999999948933392
0.9999999947273270
0.9999999945728764
0.9999999944303730
0.9999999943001756
0.9999999941826144
0.9999999940779896
0.9999999939865699
0.9999999939085940
0.9999999938442682
0.9999999937937675
0.9999999937572345
0.9999999937347798
0.9999999937264812
0.9999999937323816
0.9999999937524902
0.9999999937867816
0.9999999938351979
0.9999999938976492
0.9999999939740110
0.9999999940641264
0.9999999941678060
0.9999999942848278
0.9999999944149394
0.9999999945578574
0.9999999947132684
0.9999999948808298
0.9999999950601701
0.9999999952508891
0.9999999954525591
0.9999999956647256
0.9999999958869105
0.9999999961186116
0.9999999963593048
0.9999999966084436
0.9999999968654626
0.9999999971297782
0.9999999974007895
0.9999999976778789
0.9999999979604147
0.9999999982477527
0.9999999985392375
0.9999999988342035
0.9999999991319762
0.9999999994318729
0.9999999997332056
1.0000000000352842
1.0000000003374154
1.0000000006389056
1.0000000009390646
1.0000000012372054
1.0000000015326462
1.0000000018247097
1.0000000021127275
1.0000000023960416
1.0000000026740052
1.0000000029459848
1.0000000032113592
1.0000000034695220
1.0000000037198846
1.0000000039618762
1.0000000041949459
1.0000000044185648
1.0000000046322257
1.0000000048354452
1.0000000050277633
1.0000000052087468
1.0000000053779887
1.0000000055351106
1.0000000056797613
1.0000000058116185
1.0000000059303902
1.0000000060358158
1.0000000061276673
1.0000000062057472
1.0000000062698922
1.0000000063199712
1.0000000063558860
1.0000000063775718
1.0000000063849965
1.0000000063781611
1.0000000063571004
1.0000000063218815
1.0000000062726055
1.0000000062094079
1.0000000061324557
1.0000000060419476
