1.0000421945263913
1.0000416652642250
1.0000410368687318
1.0000403108482776
1.0000394889442719
1.0000385731270045
1.0000375655909344
1.0000364687494443
1.0000352852290746
1.0000340178632448
1.0000326696854842
1.0000312439221803
1.0000297439848700
1.0000281734620882
1.0000265361107914
1.0000248358473800
1.0000230767383380
1.0000212629905185
1.0000193989410908
1.0000174890471736
1.0000155378751847
1.0000135500899301
1.0000115304434563
1.0000094837636937
1.0000074149429174
1.0000053289260549
1.0000032306988671
1.0000011252760335
0.9999990176891652
0.9999969129747811
0.9999948161622660
0.9999927322618525
0.9999906662526427
0.9999886230707067
0.9999866075972824
0.9999846246471081
0.9999826789569122
0.9999807751740896
0.9999789178455901
0.9999771114070518
0.9999753601721948
0.9999736683225084
0.9999720398972536
0.9999704787838054
0.9999689887083600
0.9999675732270268
0.9999662357173282
0.9999649793701246
0.9999638071819833
0.9999627219480165
0.9999617262552016
0.9999608224761942
0.9999600127636582
0.9999592990451218
0.9999586830183727
0.9999581661473989
0.9999577496588935
0.9999574345393276
0.9999572215325911
0.9999571111382217
0.9999571036102156
0.9999571989564259
0.9999573969385483
0.9999576970726990
0.9999580986305792
0.9999586006412222
0.9999592018933218
0.9999599009381378
0.9999606960929700
0.9999615854451889
0.9999625668568188
0.9999636379696586
0.9999647962109296
0.9999660387994377
0.9999673627522316
0.9999687648917462
0.9999702418534108
0.9999717900937030
0.9999734058986334
0.9999750853926358
0.9999768245478436
0.9999786191937279
0.9999804650270808
0.9999823576223135
0.9999842924420456
0.9999862648479647
0.9999882701119249
0.9999903034272588
0.9999923599202784
0.9999944346619359
0.9999965226796155
0.9999986189690273
1.0000007185061779
1.0000028162593906
1.0000049072013402
1.0000069863210783
1.0000090486360180
1.0000110892038481
1.0000131031343533
1.0000150856011105
1.0000170318530315
1.0000189372257231
1.0000207971526398
1.0000226071760041
1.0000243629574663
1.0000260602884785
1.0000276951003548
1.0000292634740016
1.0000307616492858
1.0000321860340284
1.0000335332125896
1.0000347999540373
1.0000359832198711
1.0000370801712870
1.0000380881759658
1.0000390048143668
1.0000398278855147
1.0000405554122633
1.0000411856460216
1.0000417170709368
1.0000421484075208
1.0000424786157132
1.0000427068973707
1.0000428326981796
1.0000428557089844
1.0000427758665313
1.0000425933536230
1.0000423085986880
1.0000419222747614
1.0000414352978830
1.0000408488249115
1.0000401642507659
1.0000393832050978
1.0000385075484037
1.0000375393675860
1.0000364809709703
1.0000353348827942
1.0000341038371823
1.0000327907716180
1.0000313988199305
1.0000299313048111
1.0000283917298756
1.0000267837712975
1.0000251112690268
1.0000233782176187
1.0000215887566912
1.0000197471610381
1.0000178578304131
1.0000159252790177
1.0000139541247186
1.0000119490780122
1.0000099149307693
1.0000078565447830
1.0000057788401506
1.0000036867835136
1.0000015853761894
0.9999994796422141
0.9999973746163348
0.9999952753319724
0.9999931868091909
0.9999911140426940
0.9999890619898858
0.9999870355590150
0.9999850395974375
0.9999830788800267
0.9999811580977558
0.9999792818464770
0.9999774546159302
0.9999756807790031
0.9999739645812721
0.9999723101308465
0.9999707213885404
0.9999692021583975
0.9999677560785887
0.9999663866127076
0.9999650970414815
0.9999638904549202
0.9999627697449225
0.9999617375983514
0.9999607964906042
0.9999599486796890
0.9999591962008157
0.9999585408615238
0.9999579842373527
0.9999575276680660
0.9999571722544426
0.9999569188556376
0.9999567680871202
0.9999567203191966
0.9999567756761186
0.9999569340357795
0.9999571950300015
0.9999575580454092
0.9999580222248904
0.9999585864696415
0.9999592494417879
0.9999600095675789
0.9999608650411455
0.9999618138288134
0.9999628536739613
0.9999639821024103
0.9999651964283377
0.9999664937606944
0.9999678710101131
0.9999693248962900
0.9999708519558222
0.9999724485504865
0.9999741108759319
0.9999758349707701
0.9999776167260432
0.9999794518950428
0.9999813361034580
0.9999832648598270
0.9999852335662711
0.9999872375294818
0.9999892719719348
0.9999913320433047
0.9999934128320556
0.9999955093771735
0.9999976166800192
0.9999997297162716
1.0000018434479305
1.0000039528353515
1.0000060528492858
1.0000081384828932
1.0000102047637005
1.0000122467654793
1.0000142596200119
1.0000162385287170
1.0000181787741107
1.0000200757310727
1.0000219248778908
1.0000237218070569
1.0000254622357911
1.0000271420162690
1.0000287571455240
1.0000303037750045
1.0000317782197621
1.0000331769672466
1.0000344966856920
1.0000357342320683
1.0000368866595810
1.0000379512247082
1.0000389253937430
1.0000398068488416
1.0000405934935552
1.0000412834578278
1.0000418751024596
1.0000423670230167
1.0000427580531794
1.0000430472675232
1.0000432339837211
1.0000433177641692
1.0000432984170275
1.0000431759966728
1.0000429508035622
1.0000426233835127
1.0000421945263913
1.0000416652642250
1.0000410368687318
1.0000403108482776
