1.0000001467331208
1.0000001450143603
1.0000001429585184
1.0000001405706467
1.0000001378565841
1.0000001348229435
1.0000001314770961
1.0000001278271529
1.0000001238819445
1.0000001196510022
1.0000001151445344
1.0000001103734015
1.0000001053490901
1.0000001000836847
1.0000000945898397
1.0000000888807488
1.0000000829701152
1.0000000768721178
1.0000000706013772
1.0000000641729196
1.0000000576021413
1.0000000509047715
1.0000000440968364
1.0000000371946203
1.0000000302146255
1.0000000231735338
1.0000000160881668
1.0000000089754451
1.0000000018523474
0.9999999947358711
0.9999999876429903
0.9999999805906161
0.9999999735955579
0.9999999666744805
0.9999999598438659
0.9999999531199730
0.9999999465187993
0.9999999400560429
0.9999999337470640
0.9999999276068479
0.9999999216499705
0.9999999158905640
0.9999999103422832
0.9999999050182732
0.9999998999311358
0.9999998950929004
0.9999998905149953
0.9999998862082214
0.9999998821827264
0.9999998784479796
0.9999998750127512
0.9999998718850904
0.9999998690723052
0.9999998665809443
0.9999998644167837
0.9999998625848129
0.9999998610892219
0.9999998599333912
0.9999998591198841
0.9999998586504419
0.9999998585259785
0.9999998587465810
0.9999998593115058
0.9999998602191817
0.9999998614672142
0.9999998630523933
0.9999998649707001
0.9999998672173146
0.9999998697866286
0.9999998726722603
0.9999998758670692
0.9999998793631724
0.9999998831519646
0.9999998872241376
0.9999998915697028
0.9999998961780152
0.9999999010377995
0.9999999061371778
0.9999999114636979
0.9999999170043625
0.9999999227456620
0.9999999286736052
0.9999999347737540
0.9999999410312567
0.9999999474308838
0.9999999539570670
0.9999999605939343
0.9999999673253490
0.9999999741349488
0.9999999810061844
0.9999999879223604
0.9999999948666727
1.0000000018222501
1.0000000087721943
1.0000000156996220
1.0000000225877042
1.0000000294197069
1.0000000361790329
1.0000000428492599
1.0000000494141805
1.0000000558578399
1.0000000621645753
1.0000000683190526
1.0000000743063058
1.0000000801117694
1.0000000857213158
1.0000000911212874
1.0000000962985298
1.0000001012404256
1.0000001059349217
1.0000001103705607
1.0000001145365069
1.0000001184225735
1.0000001220192469
1.0000001253177082
1.0000001283098547
1.0000001309883200
1.0000001333464921
1.0000001353785288
1.0000001370793712
1.0000001384447563
1.0000001394712283
1.0000001401561440
1.0000001404976842
1.0000001404948551
1.0000001401474921
1.0000001394562585
1.0000001384226449
1.0000001370489664
1.0000001353383561
1.0000001332947575
1.0000001309229172
1.0000001282283710
1.0000001252174311
1.0000001218971724
1.0000001182754159
1.0000001143607087
1.0000001101623033
1.0000001056901380
1.0000001009548114
1.0000000959675577
1.0000000907402196
1.0000000852852193
1.0000000796155313
1.0000000737446473
1.0000000676865475
1.0000000614556654
1.0000000550668553
1.0000000485353562
1.0000000418767552
1.0000000351069493
1.0000000282421084
1.0000000212986355
1.0000000142931278
1.0000000072423361
1.0000000001631264
0.9999999930724399
0.9999999859872520
0.9999999789245332
0.9999999719012052
0.9999999649341028
0.9999999580399334
0.9999999512352354
0.9999999445363418
0.9999999379593383
0.9999999315200249
0.9999999252338791
0.9999999191160176
0.9999999131811608
0.9999999074435980
0.9999999019171546
0.9999998966151571
0.9999998915504013
0.9999998867351219
0.9999998821809620
0.9999998778989473
0.9999998738994583
0.9999998701922050
0.9999998667862049
0.9999998636897611
0.9999998609104415
0.9999998584550603
0.9999998563296637
0.9999998545395137
0.9999998530890771
0.9999998519820135
0.9999998512211657
0.9999998508085544
0.9999998507453711
0.9999998510319766
0.9999998516678992
0.9999998526518363
0.9999998539816586
0.9999998556544119
0.9999998576663269
0.9999998600128276
0.9999998626885401
0.9999998656873080
0.9999998690022054
0.9999998726255541
0.9999998765489410
0.9999998807632384
0.9999998852586262
0.9999998900246132
0.9999998950500644
0.9999999003232263
0.9999999058317555
0.9999999115627485
0.9999999175027706
0.9999999236378880
0.9999999299537020
0.9999999364353848
0.9999999430677132
0.9999999498351049
0.9999999567216544
0.9999999637111724
0.9999999707872238
0.9999999779331673
0.9999999851321940
0.9999999923673681
0.9999999996216664
1.0000000068780179
1.0000000141193461
1.0000000213286104
1.0000000284888453
1.0000000355832017
1.0000000425949882
1.0000000495077099
1.0000000563051057
1.0000000629711887
1.0000000694902829
1.0000000758470611
1.0000000820265831
1.0000000880143303
1.0000000937962394
1.0000000993587363
1.0000001046887681
1.0000001097738354
1.0000001146020212
1.0000001191620194
1.0000001234431601
1.0000001274354373
1.0000001311295323
1.0000001345168352
1.0000001375894652
1.0000001403402896
1.0000001427629401
1.0000001448518292
1.0000001466021629
1.0000001480099516
1.0000001490720207
1.0000001497860167
1.0000001501504130
1.0000001501645135
1.0000001498284530
1.0000001491431985
1.0000001481105474
1.0000001467331208
1.0000001450143603
1.0000001429585184
1.0000001405706467
