1.0000010941943431
1.0000010808667594
1.0000010649933744
1.0000010466126736
1.0000010257691143
1.0000010025130157
1.0000009769004412
1.0000009489930635
1.0000009188580159
1.0000008865677315
1.0000008521997710
1.0000008158366382
1.0000007775655799
1.0000007374783773
1.0000006956711265
1.0000006522440117
1.0000006073010637
1.0000005609499105
1.0000005133015202
1.0000004644699354
1.0000004145720021
1.0000003637270876
1.0000003120567968
1.0000002596846826
1.0000002067359486
1.0000001533371510
1.0000000996158960
1.0000000457005338
0.9999999917198532
0.9999999378027709
0.9999998840780249
0.9999998306738686
0.9999997777177623
0.9999997253360703
0.9999996736537579
0.9999996227940927
0.9999995728783519
0.9999995240255306
0.9999994763520568
0.9999994299715151
0.9999993849943741
0.9999993415277237
0.9999992996750191
0.9999992595358337
0.9999992212056217
0.9999991847754904
0.9999991503319833
0.9999991179568706
0.9999990877269556
0.9999990597138925
0.9999990339840140
0.9999990105981745
0.9999989896116038
0.9999989710737770
0.9999989550282956
0.9999989415127825
0.9999989305587939
0.9999989221917446
0.9999989164308480
0.9999989132890706
0.9999989127731019
0.9999989148833364
0.9999989196138732
0.9999989269525327
0.9999989368808860
0.9999989493742989
0.9999989644019905
0.9999989819271096
0.9999990019068210
0.9999990242924109
0.9999990490294020
0.9999990760576843
0.9999991053116604
0.9999991367204020
0.9999991702078204
0.9999992056928493
0.9999992430896389
0.9999992823077622
0.9999993232524311
0.9999993658247229
0.9999994099218187
0.9999994554372507
0.9999995022611560
0.9999995502805407
0.9999995993795497
0.9999996494397426
0.9999997003403793
0.9999997519587099
0.9999998041702682
0.9999998568491708
0.9999999098684170
0.9999999631001940
1.0000000164161813
1.0000000696878593
1.0000001227868180
1.0000001755850638
1.0000002279553262
1.0000002797713634
1.0000003309082641
1.0000003812427458
1.0000004306534522
1.0000004790212429
1.0000005262294769
1.0000005721642951
1.0000006167148909
1.0000006597737761
1.0000007012370387
1.0000007410045915
1.0000007789804128
1.0000008150727770
1.0000008491944725
1.0000008812630126
1.0000009112008319
1.0000009389354718
1.0000009643997563
1.0000009875319504
1.0000010082759108
1.0000010265812196
1.0000010424033055
1.0000010557035486
1.0000010664493757
1.0000010746143388
1.0000010801781789
1.0000010831268742
1.0000010834526738
1.0000010811541160
1.0000010762360327
1.0000010687095378
1.0000010585920021
1.0000010459070130
1.0000010306843177
1.0000010129597490
1.0000009927751436
1.0000009701782417
1.0000009452225724
1.0000009179673277
1.0000008884772211
1.0000008568223329
1.0000008230779422
1.0000007873243482
1.0000007496466772
1.0000007101346804
1.0000006688825176
1.0000006259885348
1.0000005815550279
1.0000005356879980
1.0000004884968992
1.0000004400943772
1.0000003905959993
1.0000003401199780
1.0000002887868895
1.0000002367193856
1.0000001840419004
1.0000001308803517
1.0000000773618420
1.0000000236143529
0.9999999697664383
0.9999999159469189
0.9999998622845736
0.9999998089078321
0.9999997559444673
0.9999997035212908
0.9999996517638484
0.9999996007961215
0.9999995507402281
0.9999995017161318
0.9999994538413555
0.9999994072306991
0.9999993619959652
0.9999993182456907
0.9999992760848898
0.9999992356148009
0.9999991969326459
0.9999991601313973
0.9999991252995550
0.9999990925209339
0.9999990618744622
0.9999990334339928
0.9999990072681267
0.9999989834400502
0.9999989620073818
0.9999989430220351
0.9999989265300949
0.9999989125717045
0.9999989011809715
0.9999988923858849
0.9999988862082465
0.9999988826636186
0.9999988817612884
0.9999988835042429
0.9999988878891626
0.9999988949064292
0.9999989045401487
0.9999989167681865
0.9999989315622217
0.9999989488878133
0.9999989687044828
0.9999989909658100
0.9999990156195430
0.9999990426077220
0.9999990718668186
0.9999991033278859
0.9999991369167238
0.9999991725540560
0.9999992101557165
0.9999992496328530
0.9999992908921388
0.9999993338359944
0.9999993783628194
0.9999994243672344
0.9999994717403327
0.9999995203699396
0.9999995701408807
0.9999996209352574
0.9999996726327266
0.9999997251107887
0.9999997782450792
0.9999998319096651
0.9999998859773457
0.9999999403199572
0.9999999948086766
1.0000000493143293
1.0000001037076975
1.0000001578598292
1.0000002116423452
1.0000002649277453
1.0000003175897121
1.0000003695034121
1.0000004205457942
1.0000004705958827
1.0000005195350661
1.0000005672473808
1.0000006136197872
1.0000006585424377
1.0000007019089396
1.0000007436166098
1.0000007835667197
1.0000008216647287
1.0000008578205113
1.0000008919485737
1.0000009239682550
1.0000009538039196
1.0000009813851383
1.0000010066468541
1.0000010295295385
1.0000010499793333
1.0000010679481792
1.0000010833939317
1.0000010962804593
1.0000011065777308
1.0000011142618854
1.0000011193152889
1.0000011217265745
1.0000011214906726
1.0000011186088191
1.0000011130885536
1.0000011049437021
1.0000010941943431
1.0000010808667594
1.0000010649933744
1.0000010466126736
