1.0000007867673044
1.0000007772299919
1.0000007658650265
1.0000007527000097
1.0000007377668259
1.0000007211015669
1.0000007027444464
1.0000006827397028
1.0000006611354944
1.0000006379837825
1.0000006133402071
1.0000005872639537
1.0000005598176132
1.0000005310670321
1.0000005010811546
1.0000004699318572
1.0000004376937777
1.0000004044441355
1.0000003702625466
1.0000003352308355
1.0000002994328361
1.0000002629541935
1.0000002258821585
1.0000001883053800
1.0000001503136917
1.0000001119978994
1.0000000734495615
1.0000000347607723
0.9999999960239400
0.9999999573315673
0.9999999187760285
0.9999998804493502
0.9999998424429931
0.9999998048476305
0.9999997677529326
0.9999997312473525
0.9999996954179142
0.9999996603500061
0.9999996261271753
0.9999995928309287
0.9999995605405383
0.9999995293328535
0.9999994992821164
0.9999994704597841
0.9999994429343584
0.9999994167712210
0.9999993920324810
0.9999993687768247
0.9999993470593754
0.9999993269315623
0.9999993084409980
0.9999992916313630
0.9999992765423037
0.9999992632093370
0.9999992516637664
0.9999992419326070
0.9999992340385212
0.9999992279997655
0.9999992238301467
0.9999992215389896
0.9999992211311138
0.9999992226068244
0.9999992259619105
0.9999992311876580
0.9999992382708680
0.9999992471938897
0.9999992579346609
0.9999992704667653
0.9999992847594934
0.9999993007779181
0.9999993184829790
0.9999993378315735
0.9999993587766624
0.9999993812673812
0.9999994052491646
0.9999994306638754
0.9999994574499446
0.9999994855425182
0.9999995148736124
0.9999995453722776
0.9999995769647688
0.9999996095747222
0.9999996431233382
0.9999996775295703
0.9999997127103181
0.9999997485806289
0.9999997850539002
0.9999998220420866
0.9999998594559124
0.9999998972050832
0.9999999351985037
0.9999999733444946
1.0000000115510146
1.0000000497258790
1.0000000877769812
1.0000001256125128
1.0000001631411861
1.0000002002724500
1.0000002369167078
1.0000002729855326
1.0000003083918785
1.0000003430502875
1.0000003768770969
1.0000004097906383
1.0000004417114352
1.0000004725623903
1.0000005022689715
1.0000005307593918
1.0000005579647793
1.0000005838193449
1.0000006082605393
1.0000006312292020
1.0000006526697029
1.0000006725300770
1.0000006907621461
1.0000007073216375
1.0000007221682898
1.0000007352659506
1.0000007465826612
1.0000007560907345
1.0000007637668196
1.0000007695919608
1.0000007735516410
1.0000007756358189
1.0000007758389504
1.0000007741600057
1.0000007706024689
1.0000007651743315
1.0000007578880750
1.0000007487606402
1.0000007378133848
1.0000007250720357
1.0000007105666258
1.0000006943314219
1.0000006764048457
1.0000006568293820
1.0000006356514766
1.0000006129214234
1.0000005886932457
1.0000005630245674
1.0000005359764752
1.0000005076133742
1.0000004780028335
1.0000004472154238
1.0000004153245496
1.0000003824062746
1.0000003485391378
1.0000003138039655
1.0000002782836821
1.0000002420631096
1.0000002052287644
1.0000001678686525
1.0000001300720582
1.0000000919293299
1.0000000535316635
1.0000000149708850
0.9999999763392314
0.9999999377291293
0.9999998992329744
0.9999998609429110
0.9999998229506131
0.9999997853470628
0.9999997482223349
0.9999997116653800
0.9999996757638115
0.9999996406036958
0.9999996062693464
0.9999995728431241
0.9999995404052384
0.9999995090335556
0.9999994788034128
0.9999994497874372
0.9999994220553727
0.9999993956739115
0.9999993707065377
0.9999993472133731
0.9999993252510343
0.9999993048724966
0.9999992861269652
0.9999992690597601
0.9999992537122054
0.9999992401215313
0.9999992283207844
0.9999992183387493
0.9999992101998796
0.9999992039242366
0.9999991995274433
0.9999991970206444
0.9999991964104818
0.9999991976990781
0.9999992008840295
0.9999992059584113
0.9999992129107934
0.9999992217252693
0.9999992323814936
0.9999992448547297
0.9999992591159090
0.9999992751316996
0.9999992928645847
0.9999993122729511
0.9999993333111902
0.9999993559298048
0.9999993800755299
0.9999994056914561
0.9999994327171664
0.9999994610888818
0.9999994907396116
0.9999995215993130
0.9999995535950581
0.9999995866512077
0.9999996206895923
0.9999996556296985
0.9999996913888608
0.9999997278824581
0.9999997650241159
0.9999998027259124
0.9999998408985863
0.9999998794517514
0.9999999182941105
0.9999999573336750
0.9999999964779843
1.0000000356343250
1.0000000747099531
1.0000001136123151
1.0000001522492681
1.0000001905293006
1.0000002283617497
1.0000002656570182
1.0000003023267880
1.0000003382842320
1.0000003734442187
1.0000004077235163
1.0000004410409891
1.0000004733177930
1.0000005044775639
1.0000005344466003
1.0000005631540376
1.0000005905320182
1.0000006165158524
1.0000006410441713
1.0000006640590748
1.0000006855062691
1.0000007053351958
1.0000007234991517
1.0000007399554010
1.0000007546652780
1.0000007675942786
1.0000007787121417
1.0000007879929209
1.0000007954150478
1.0000008009613821
1.0000008046192512
1.0000008063804806
1.0000008062414127
1.0000008042029156
1.0000008002703817
1.0000007944537150
1.0000007867673044
1.0000007772299919
1.0000007658650265
1.0000007527000097
