1.0000004519570753
1.0000004465291048
1.0000004400544344
1.0000004325488363
1.0000004240305362
1.0000004145201666
1.0000004040407191
1.0000003926174876
1.0000003802780104
1.0000003670520021
1.0000003529712838
1.0000003380697051
1.0000003223830649
1.0000003059490243
1.0000002888070179
1.0000002709981572
1.0000002525651348
1.0000002335521201
1.0000002140046544
1.0000001939695429
1.0000001734947417
1.0000001526292457
1.0000001314229663
1.0000001099266178
1.0000000881915925
1.0000000662698376
1.0000000442137338
1.0000000220759677
0.9999999999094079
0.9999999777669779
0.9999999557015280
0.9999999337657103
0.9999999120118519
0.9999998904918307
0.9999998692569524
0.9999998483578272
0.9999998278442493
0.9999998077650781
0.9999997881681213
0.9999997691000193
0.9999997506061349
0.9999997327304446
0.9999997155154350
0.9999996990019988
0.9999996832293400
0.9999996682348803
0.9999996540541681
0.9999996407207946
0.9999996282663112
0.9999996167201565
0.9999996061095850
0.9999995964596062
0.9999995877929215
0.9999995801298699
0.9999995734883805
0.9999995678839303
0.9999995633295069
0.9999995598355771
0.9999995574100625
0.9999995560583211
0.9999995557831348
0.9999995565847031
0.9999995584606424
0.9999995614059926
0.9999995654132287
0.9999995704722796
0.9999995765705527
0.9999995836929659
0.9999995918219794
0.9999996009376400
0.9999996110176298
0.9999996220373202
0.9999996339698302
0.9999996467860915
0.9999996604549184
0.9999996749430805
0.9999996902153843
0.9999997062347583
0.9999997229623407
0.9999997403575741
0.9999997583783009
0.9999997769808663
0.9999997961202222
0.9999998157500360
0.9999998358228011
0.9999998562899509
0.9999998771019740
0.9999998982085340
0.9999999195585887
0.9999999411005147
0.9999999627822299
0.9999999845513169
1.0000000063551511
1.0000000281410255
1.0000000498562800
1.0000000714484247
1.0000000928652673
1.0000001140550379
1.0000001349665109
1.0000001555491280
1.0000001757531232
1.0000001955296383
1.0000002148308413
1.0000002336100409
1.0000002518217983
1.0000002694220389
1.0000002863681550
1.0000003026191073
1.0000003181355244
1.0000003328797975
1.0000003468161707
1.0000003599108278
1.0000003721319712
1.0000003834498989
1.0000003938370774
1.0000004032682048
1.0000004117202734
1.0000004191726237
1.0000004256069961
1.0000004310075734
1.0000004353610190
1.0000004386565107
1.0000004408857657
1.0000004420430608
1.0000004421252473
1.0000004411317573
1.0000004390646038
1.0000004359283767
1.0000004317302345
1.0000004264798863
1.0000004201895683
1.0000004128740154
1.0000004045504249
1.0000003952384169
1.0000003849599859
1.0000003737394501
1.0000003616033910
1.0000003485805917
1.0000003347019693
1.0000003200005008
1.0000003045111441
1.0000002882707535
1.0000002713179921
1.0000002536932409
1.0000002354385009
1.0000002165972939
1.0000001972145567
1.0000001773365343
1.0000001570106700
1.0000001362854922
1.0000001152104991
1.0000000938360387
1.0000000722131901
1.0000000503936395
1.0000000284295578
1.0000000063734744
0.9999999842781537
0.9999999621964687
0.9999999401812749
0.9999999182852815
0.9999998965609281
0.9999998750602587
0.9999998538347959
0.9999998329354193
0.9999998124122425
0.9999997923144934
0.9999997726903969
0.9999997535870594
0.9999997350503564
0.9999997171248225
0.9999996998535425
0.9999996832780509
0.9999996674382321
0.9999996523722251
0.9999996381163311
0.9999996247049283
0.9999996121703885
0.9999996005429997
0.9999995898508938
0.9999995801199772
0.9999995713738712
0.9999995636338538
0.9999995569188093
0.9999995512451830
0.9999995466269419
0.9999995430755395
0.9999995405998906
0.9999995392063468
0.9999995388986832
0.9999995396780894
0.9999995415431657
0.9999995444899259
0.9999995485118058
0.9999995535996798
0.9999995597418823
0.9999995669242342
0.9999995751300771
0.9999995843403141
0.9999995945334540
0.9999996056856637
0.9999996177708229
0.9999996307605854
0.9999996446244482
0.9999996593298252
0.9999996748421225
0.9999996911248219
0.9999997081395687
0.9999997258462621
0.9999997442031513
0.9999997631669337
0.9999997826928574
0.9999998027348294
0.9999998232455239
0.9999998441764979
0.9999998654783053
0.9999998871006155
0.9999999089923317
0.9999999311017126
0.9999999533764974
0.9999999757640291
0.9999999982113819
1.0000000206654840
1.0000000430732450
1.0000000653816836
1.0000000875380561
1.0000001094899797
1.0000001311855575
1.0000001525735012
1.0000001736032544
1.0000001942251129
1.0000002143903428
1.0000002340512972
1.0000002531615297
1.0000002716759062
1.0000002895507110
1.0000003067437520
1.0000003232144601
1.0000003389239880
1.0000003538352999
1.0000003679132610
1.0000003811247193
1.0000003934385875
1.0000004048259150
1.0000004152599569
1.0000004247162393
1.0000004331726158
1.0000004406093213
1.0000004470090189
1.0000004523568415
1.0000004566404264
1.0000004598499446
1.0000004619781244
1.0000004630202683
1.0000004629742638
1.0000004618405878
1.0000004596223051
1.0000004563250628
1.0000004519570753
1.0000004465291048
1.0000004400544344
1.0000004325488363
