1.0001219830925239
1.0001204473391891
1.0001186246525551
1.0001165194005728
1.0001141366257205
1.0001114820329693
1.0001085619761698
1.0001053834428917
1.0001019540377452
1.0000982819642374
1.0000943760051939
1.0000902455017977
1.0000859003312967
1.0000813508834314
1.0000766080356349
1.0000716831270686
1.0000665879315538
1.0000613346294671
1.0000559357786585
1.0000504042844680
1.0000447533689074
1.0000389965390861
1.0000331475549509
1.0000272203964204
1.0000212292299913
1.0000151883748911
1.0000091122688675
1.0000030154336892
0.9999969124404402
0.9999908178746953
0.9999847463016566
0.9999787122313348
0.9999727300838601
0.9999668141550042
0.9999609785819926
0.9999552373096967
0.9999496040572801
0.9999440922853826
0.9999387151639205
0.9999334855405767
0.9999284159100625
0.9999235183842183
0.9999188046630311
0.9999142860066325
0.9999099732083490
0.9999058765688698
0.9999020058715884
0.9998983703591825
0.9998949787114897
0.9998918390247293
0.9998889587921180
0.9998863448859308
0.9998840035410491
0.9998819403400357
0.9998801601997706
0.9998786673596819
0.9998774653716020
0.9998765570912653
0.9998759446714777
0.9998756295569715
0.9998756124809558
0.9998758934633718
0.9998764718108561
0.9998773461184165
0.9998785142728090
0.9998799734576170
0.9998817201600101
0.9998837501791757
0.9998860586363977
0.9998886399867571
0.9998914880324321
0.9998945959375580
0.9998979562446151
0.9999015608923070
0.9999054012348851
0.9999094680628690
0.9999137516251149
0.9999182416521819
0.9999229273809375
0.9999277975803418
0.9999328405783515
0.9999380442898730
0.9999433962457057
0.9999488836224020
0.9999544932729701
0.9999602117583496
0.9999660253795797
0.9999719202105913
0.9999778821315315
0.9999838968625530
0.9999899499979792
0.9999960270407704
1.0000021134371997
1.0000081946116632
1.0000142560015390
1.0000202830920080
1.0000262614507593
1.0000321767624936
1.0000380148631407
1.0000437617737135
1.0000494037337189
1.0000549272340387
1.0000603190492097
1.0000655662690199
1.0000706563293498
1.0000755770421847
1.0000803166247261
1.0000848637275304
1.0000892074616128
1.0000933374244496
1.0000972437248181
1.0001009170064123
1.0001043484701808
1.0001075298953335
1.0001104536589664
1.0001131127542597
1.0001155008072051
1.0001176120918231
1.0001194415438333
1.0001209847727439
1.0001222380723347
1.0001231984295083
1.0001238635314875
1.0001242317713401
1.0001243022518223
1.0001240747875275
1.0001235499053409
1.0001227288431935
1.0001216135471180
1.0001202066666190
1.0001185115483606
1.0001165322281962
1.0001142734215511
1.0001117405121844
1.0001089395393565
1.0001058771834292
1.0001025607499396
1.0000989981521797
1.0000951978923245
1.0000911690411531
1.0000869212164121
1.0000824645598718
1.0000778097131298
1.0000729677922191
1.0000679503610816
1.0000627694039685
1.0000574372968365
1.0000519667778045
1.0000463709167422
1.0000406630840617
1.0000348569187905
1.0000289662959960
1.0000230052936452
1.0000169881589747
1.0000109292744508
1.0000048431234039
0.9999987442554165
0.9999926472515490
0.9999865666894832
0.9999805171086720
0.9999745129755770
0.9999685686490750
0.9999626983461148
0.9999569161077140
0.9999512357653678
0.9999456709079592
0.9999402348492420
0.9999349405959825
0.9999298008168265
0.9999248278119747
0.9999200334837389
0.9999154293080443
0.9999110263069512
0.9999068350222583
0.9999028654902534
0.9998991272176757
0.9998956291589405
0.9998923796946844
0.9998893866116865
0.9998866570842087
0.9998841976568000
0.9998820142286093
0.9998801120392451
0.9998784956562127
0.9998771689639588
0.9998761351545545
0.9998753967200356
0.9998749554464201
0.9998748124094176
0.9998749679718378
0.9998754217827119
0.9998761727781198
0.9998772191837261
0.9998785585190187
0.9998801876032389
0.9998821025629896
0.9998842988415021
0.9998867712095381
0.9998895137779030
0.9998925200115418
0.9998957827451772
0.9998992942004592
0.9999030460045811
0.9999070292103190
0.9999112343174437
0.9999156512954560
0.9999202696075895
0.9999250782360241
0.9999300657082464
0.9999352201245005
0.9999405291862571
0.9999459802256321
0.9999515602356901
0.9999572559015532
0.9999630536322412
0.9999689395931725
0.9999748997392417
0.9999809198484026
0.9999869855556638
0.9999930823874247
0.9999991957960696
1.0000053111947302
1.0000114139921428
1.0000174896275063
1.0000235236052695
1.0000295015297547
1.0000354091395396
1.0000412323415147
1.0000469572445343
1.0000525701925809
1.0000580577973650
1.0000634069702845
1.0000686049536627
1.0000736393511911
1.0000784981575113
1.0000831697868588
1.0000876431007015
1.0000919074343104
1.0000959526221989
1.0000997690223623
1.0001033475392718
1.0001066796455618
1.0001097574023630
1.0001125734782250
1.0001151211665942
1.0001173944017958
1.0001193877734900
1.0001210965395628
1.0001225166374261
1.0001236446936921
1.0001244780322072
1.0001250146804241
1.0001252533740954
1.0001251935602766
1.0001248353986343
1.0001241797610563
1.0001232282295633
1.0001219830925239
1.0001204473391891
1.0001186246525551
1.0001165194005728
