1.0001419998597909
1.0001402113449007
1.0001380887695610
1.0001356372191594
1.0001328625643680
1.0001297714471358
1.0001263712648447
1.0001226701526624
1.0001186769641379
1.0001144012500802
1.0001098532357766
1.0001050437965946
1.0000999844320375
1.0000946872383085
1.0000891648794459
1.0000834305571007
1.0000774979790339
1.0000713813263984
1.0000650952198897
1.0000586546848420
1.0000520751153570
1.0000453722375471
1.0000385620719825
1.0000316608954312
1.0000246852019816
1.0000176516636423
1.0000105770905086
1.0000034783905967
0.9999963725294404
0.9999892764895416
0.9999822072297786
0.9999751816448628
0.9999682165249474
0.9999613285154777
0.9999545340773847
0.9999478494477155
0.9999412906007933
0.9999348732100002
0.9999286126102777
0.9999225237614329
0.9999166212123380
0.9999109190661095
0.9999054309463518
0.9999001699645437
0.9998951486886517
0.9998903791130366
0.9998858726297357
0.9998816400011864
0.9998776913344529
0.9998740360570232
0.9998706828942296
0.9998676398483556
0.9998649141794678
0.9998625123880296
0.9998604401993362
0.9998587025498017
0.9998573035751405
0.9998562466004693
0.9998555341323497
0.9998551678527918
0.9998551486152369
0.9998554764425224
0.9998561505268430
0.9998571692317014
0.9998585300958447
0.9998602298391788
0.9998622643706445
0.9998646287980386
0.9998673174397553
0.9998703238384172
0.9998736407763643
0.9998772602929673
0.9998811737037214
0.9998853716210697
0.9998898439769114
0.9998945800467403
0.9998995684753502
0.9999047973040525
0.9999102539993334
0.9999159254828892
0.9999217981629596
0.9999278579668902
0.9999340903748380
0.9999404804545503
0.9999470128971196
0.9999536720536428
0.9999604419726835
0.9999673064384572
0.9999742490096426
0.9999812530587279
0.9999883018117962
0.9999953783886567
1.0000024658432223
1.0000095472040444
1.0000166055148976
1.0000236238753235
1.0000305854810392
1.0000374736641053
1.0000442719327682
1.0000509640108717
1.0000575338767486
1.0000639658015040
1.0000702443865896
1.0000763546005851
1.0000822818151021
1.0000880118397177
1.0000935309558592
1.0000988259495611
1.0001038841430105
1.0001086934248131
1.0001132422789041
1.0001175198120345
1.0001215157797716
1.0001252206109466
1.0001286254304971
1.0001317220806447
1.0001345031403637
1.0001369619430895
1.0001390925926281
1.0001408899772266
1.0001423497817721
1.0001434684980923
1.0001442434333310
1.0001446727163805
1.0001447553023537
1.0001444909750883
1.0001438803476717
1.0001429248609901
1.0001416267803049
1.0001399891898624
1.0001380159855533
1.0001357118656338
1.0001330823195336
1.0001301336147774
1.0001268727820494
1.0001233075984388
1.0001194465689043
1.0001152989059969
1.0001108745078999
1.0001061839348262
1.0001012383838366
1.0000960496621378
1.0000906301589185
1.0000849928157947
1.0000791510959328
1.0000731189519285
1.0000669107925120
1.0000605414481565
1.0000540261356787
1.0000473804219134
1.0000406201865430
1.0000337615841788
1.0000268210057786
1.0000198150394946
1.0000127604310465
1.0000056740437091
0.9999985728180153
0.9999914737312665
0.9999843937569539
0.9999773498241784
0.9999703587771718
0.9999634373350152
0.9999566020516516
0.9999498692762857
0.9999432551142694
0.9999367753885665
0.9999304456018857
0.9999242808995767
0.9999182960333740
0.9999125053260781
0.9999069226372636
0.9999015613300880
0.9998964342392871
0.9998915536404285
0.9998869312205048
0.9998825780499345
0.9998785045560313
0.9998747204980161
0.9998712349436266
0.9998680562473811
0.9998651920305480
0.9998626491628715
0.9998604337460966
0.9998585510993359
0.9998570057463086
0.9998558014044873
0.9998549409761751
0.9998544265415348
0.9998542593535910
0.9998544398352124
0.9998549675780850
0.9998558413436767
0.9998570590661914
0.9998586178575076
0.9998605140140863
0.9998627430258321
0.9998652995868884
0.9998681776083366
0.9998713702327752
0.9998748698507370
0.9998786681189081
0.9998827559801035
0.9998871236849527
0.9998917608152401
0.9998966563088473
0.9999017984862335
0.9999071750783941
0.9999127732562292
0.9999185796612461
0.9999245804375311
0.9999307612649059
0.9999371073931913
0.9999436036774971
0.9999502346144509
0.9999569843792822
0.9999638368636716
0.9999707757142721
0.9999777843718102
0.9999848461106784
0.9999919440789143
0.9999990613384819
1.0000061809057510
1.0000132857920794
1.0000203590444026
1.0000273837857339
1.0000343432554752
1.0000412208494460
1.0000480001595315
1.0000546650128592
1.0000611995104094
1.0000675880649650
1.0000738154383109
1.0000798667775996
1.0000857276507904
1.0000913840810790
1.0000968225802400
1.0001020301807966
1.0001069944669465
1.0001117036041658
1.0001161463674284
1.0001203121679656
1.0001241910785088
1.0001277738569496
1.0001310519683668
1.0001340176053637
1.0001366637066713
1.0001389839739703
1.0001409728868924
1.0001426257161683
1.0001439385348909
1.0001449082278642
1.0001455324990145
1.0001458098768528
1.0001457397179709
1.0001453222085634
1.0001445583639728
1.0001434500262574
1.0001419998597909
1.0001402113449007
1.0001380887695610
1.0001356372191594
