1.0000000000170415
1.0000000000170779
1.0000000000170921
1.0000000000170848
1.0000000000170564
1.0000000000170071
1.0000000000169362
1.0000000000168436
1.0000000000167297
1.0000000000165952
1.0000000000164400
1.0000000000162639
1.0000000000160669
1.0000000000158500
1.0000000000156135
1.0000000000153579
1.0000000000150830
1.0000000000147893
1.0000000000144771
1.0000000000141471
1.0000000000138003
1.0000000000134384
1.0000000000130624
1.0000000000126723
1.0000000000122686
1.0000000000118521
1.0000000000114233
1.0000000000109841
1.0000000000105349
1.0000000000100757
1.0000000000096074
1.0000000000091316
1.0000000000086506
1.0000000000081659
1.0000000000076792
1.0000000000071918
1.0000000000067053
1.0000000000062201
1.0000000000057370
1.0000000000052556
1.0000000000047755
1.0000000000042972
1.0000000000038225
1.0000000000033529
1.0000000000028897
1.0000000000024343
1.0000000000019893
1.0000000000015565
1.0000000000011386
1.0000000000007361
1.0000000000003497
0.9999999999999805
0.9999999999996277
0.9999999999992932
0.9999999999989778
0.9999999999986836
0.9999999999984110
0.9999999999981606
0.9999999999979320
0.9999999999977253
0.9999999999975404
0.9999999999973770
0.9999999999972332
0.9999999999971089
0.9999999999970042
0.9999999999969184
0.9999999999968525
0.9999999999968069
0.9999999999967821
0.9999999999967786
0.9999999999967956
0.9999999999968322
0.9999999999968877
0.9999999999969612
0.9999999999970511
0.9999999999971566
0.9999999999972780
0.9999999999974155
0.9999999999975678
0.9999999999977336
0.9999999999979124
0.9999999999981037
0.9999999999983082
0.9999999999985248
0.9999999999987527
0.9999999999989900
0.9999999999992359
0.9999999999994889
0.9999999999997494
1.0000000000000160
1.0000000000002884
1.0000000000005662
1.0000000000008475
1.0000000000011289
1.0000000000014080
1.0000000000016833
1.0000000000019540
1.0000000000022191
1.0000000000024762
1.0000000000027240
1.0000000000029630
1.0000000000031930
1.0000000000034139
1.0000000000036262
1.0000000000038296
1.0000000000040237
1.0000000000042071
1.0000000000043796
1.0000000000045397
1.0000000000046858
1.0000000000048168
1.0000000000049327
1.0000000000050326
1.0000000000051166
1.0000000000051841
1.0000000000052347
1.0000000000052680
1.0000000000052851
1.0000000000052864
1.0000000000052713
1.0000000000052380
1.0000000000051861
1.0000000000051155
1.0000000000050253
1.0000000000049152
1.0000000000047859
1.0000000000046381
1.0000000000044698
1.0000000000042810
1.0000000000040734
1.0000000000038483
1.0000000000036076
1.0000000000033529
1.0000000000030849
1.0000000000028040
1.0000000000025098
1.0000000000022027
1.0000000000018825
1.0000000000015499
1.0000000000012048
1.0000000000008469
1.0000000000004758
1.0000000000000930
0.9999999999996996
0.9999999999992971
0.9999999999988874
0.9999999999984720
0.9999999999980509
0.9999999999976253
0.9999999999971975
0.9999999999967676
0.9999999999963377
0.9999999999959083
0.9999999999954809
0.9999999999950568
0.9999999999946367
0.9999999999942218
0.9999999999938129
0.9999999999934107
0.9999999999930159
0.9999999999926282
0.9999999999922490
0.9999999999918801
0.9999999999915227
0.9999999999911772
0.9999999999908437
0.9999999999905220
0.9999999999902135
0.9999999999899191
0.9999999999896396
0.9999999999893763
0.9999999999891303
0.9999999999889023
0.9999999999886932
0.9999999999885030
0.9999999999883323
0.9999999999881817
0.9999999999880523
0.9999999999879445
0.9999999999878585
0.9999999999877945
0.9999999999877531
0.9999999999877347
0.9999999999877397
0.9999999999877678
0.9999999999878192
0.9999999999878946
0.9999999999879955
0.9999999999881225
0.9999999999882756
0.9999999999884541
0.9999999999886583
0.9999999999888883
0.9999999999891435
0.9999999999894219
0.9999999999897217
0.9999999999900422
0.9999999999903828
0.9999999999907438
0.9999999999911258
0.9999999999915291
0.9999999999919540
0.9999999999923996
0.9999999999928645
0.9999999999933473
0.9999999999938464
0.9999999999943601
0.9999999999948866
0.9999999999954257
0.9999999999959751
0.9999999999965342
0.9999999999971005
0.9999999999976734
0.9999999999982527
0.9999999999988395
0.9999999999994323
1.0000000000000295
1.0000000000006297
1.0000000000012308
1.0000000000018323
1.0000000000024338
1.0000000000030347
1.0000000000036346
1.0000000000042324
1.0000000000048279
1.0000000000054206
1.0000000000060092
1.0000000000065918
1.0000000000071685
1.0000000000077376
1.0000000000082985
1.0000000000088489
1.0000000000093869
1.0000000000099114
1.0000000000104214
1.0000000000109168
1.0000000000113973
1.0000000000118618
1.0000000000123097
1.0000000000127398
1.0000000000131519
1.0000000000135458
1.0000000000139231
1.0000000000142824
1.0000000000146219
1.0000000000149403
1.0000000000152367
1.0000000000155107
1.0000000000157629
1.0000000000159934
1.0000000000162010
1.0000000000163853
1.0000000000165470
1.0000000000166869
1.0000000000168061
1.0000000000169054
1.0000000000169837
1.0000000000170415
1.0000000000170779
1.0000000000170921
1.0000000000170848
