1.0000000370281392
1.0000000366141562
1.0000000361163526
1.0000000355359715
1.0000000348744513
1.0000000341334223
1.0000000333147021
1.0000000324202905
1.0000000314523676
1.0000000304132857
1.0000000293055655
1.0000000281318890
1.0000000268950948
1.0000000255981676
1.0000000242442342
1.0000000228365562
1.0000000213785210
1.0000000198736330
1.0000000183255056
1.0000000167378531
1.0000000151144830
1.0000000134592846
1.0000000117762191
1.0000000100693127
1.0000000083426472
1.0000000066003487
1.0000000048465767
1.0000000030855183
1.0000000013213750
0.9999999995583531
0.9999999978006536
0.9999999960524628
0.9999999943179407
0.9999999926012121
0.9999999909063557
0.9999999892373956
0.9999999875982922
0.9999999859929313
0.9999999844251161
0.9999999828985580
0.9999999814168667
0.9999999799835427
0.9999999786019688
0.9999999772754001
0.9999999760069583
0.9999999747996258
0.9999999736562356
0.9999999725794657
0.9999999715718330
0.9999999706356862
0.9999999697732026
0.9999999689863814
0.9999999682770379
0.9999999676467999
0.9999999670971046
0.9999999666291931
0.9999999662441110
0.9999999659427026
0.9999999657256115
0.9999999655932784
0.9999999655459401
0.9999999655836276
0.9999999657061671
0.9999999659131806
0.9999999662040857
0.9999999665781006
0.9999999670342413
0.9999999675713270
0.9999999681879824
0.9999999688826402
0.9999999696535459
0.9999999704987609
0.9999999714161678
0.9999999724034754
0.9999999734582250
0.9999999745777964
0.9999999757594138
0.9999999770001520
0.9999999782969435
0.9999999796465864
0.9999999810457515
0.9999999824909912
0.9999999839787460
0.9999999855053550
0.9999999870670636
0.9999999886600338
0.9999999902803526
0.9999999919240427
0.9999999935870701
0.9999999952653549
0.9999999969547800
0.9999999986512016
1.0000000003504603
1.0000000020483892
1.0000000037408259
1.0000000054236198
1.0000000070926454
1.0000000087438097
1.0000000103730631
1.0000000119764094
1.0000000135499145
1.0000000150897166
1.0000000165920369
1.0000000180531847
1.0000000194695686
1.0000000208377047
1.0000000221542256
1.0000000234158899
1.0000000246195879
1.0000000257623505
1.0000000268413551
1.0000000278539332
1.0000000287975752
1.0000000296699381
1.0000000304688499
1.0000000311923161
1.0000000318385238
1.0000000324058467
1.0000000328928487
1.0000000332982888
1.0000000336211221
1.0000000338605044
1.0000000340157926
1.0000000340865447
1.0000000340725224
1.0000000339736919
1.0000000337902233
1.0000000335224914
1.0000000331710754
1.0000000327367575
1.0000000322205200
1.0000000316235440
1.0000000309472055
1.0000000301930712
1.0000000293628948
1.0000000284586168
1.0000000274823566
1.0000000264364077
1.0000000253232335
1.0000000241454592
1.0000000229058676
1.0000000216073905
1.0000000202531030
1.0000000188462170
1.0000000173900723
1.0000000158881299
1.0000000143439627
1.0000000127612469
1.0000000111437537
1.0000000094953390
1.0000000078199349
1.0000000061215411
1.0000000044042141
1.0000000026720586
1.0000000009292174
0.9999999991798617
0.9999999974281811
0.9999999956783728
0.9999999939346335
0.9999999922011474
0.9999999904820758
0.9999999887815471
0.9999999871036485
0.9999999854524160
0.9999999838318246
0.9999999822457794
0.9999999806981049
0.9999999791925366
0.9999999777327111
0.9999999763221579
0.9999999749642904
0.9999999736623996
0.9999999724196454
0.9999999712390476
0.9999999701234794
0.9999999690756610
0.9999999680981538
0.9999999671933529
0.9999999663634821
0.9999999656105871
0.9999999649365320
0.9999999643429933
0.9999999638314583
0.9999999634032194
0.9999999630593720
0.9999999628008116
0.9999999626282325
0.9999999625421258
0.9999999625427778
0.9999999626302684
0.9999999628044706
0.9999999630650527
0.9999999634114779
0.9999999638430065
0.9999999643586959
0.9999999649574038
0.9999999656377904
0.9999999663983212
0.9999999672372715
0.9999999681527304
0.9999999691426056
0.9999999702046287
0.9999999713363608
0.9999999725351952
0.9999999737983662
0.9999999751229539
0.9999999765058939
0.9999999779439827
0.9999999794338849
0.9999999809721416
0.9999999825551792
0.9999999841793177
0.9999999858407788
0.9999999875356962
0.9999999892601236
0.9999999910100432
0.9999999927813769
0.9999999945699956
0.9999999963717284
0.9999999981823738
0.9999999999977084
1.0000000018134980
1.0000000036255083
1.0000000054295137
1.0000000072213058
1.0000000089967043
1.0000000107515679
1.0000000124818036
1.0000000141833763
1.0000000158523183
1.0000000174847414
1.0000000190768430
1.0000000206249160
1.0000000221253584
1.0000000235746807
1.0000000249695136
1.0000000263066167
1.0000000275828871
1.0000000287953668
1.0000000299412495
1.0000000310178858
1.0000000320227889
1.0000000329536438
1.0000000338083104
1.0000000345848283
1.0000000352814225
1.0000000358965071
1.0000000364286912
1.0000000368767790
1.0000000372397748
1.0000000375168852
1.0000000377075198
1.0000000378112925
1.0000000378280240
1.0000000377577400
1.0000000376006726
1.0000000373572591
1.0000000370281392
1.0000000366141562
1.0000000361163526
1.0000000355359715
