1.0000000000027305
1.0000000000027280
1.0000000000027200
1.0000000000027076
1.0000000000026907
1.0000000000026692
1.0000000000026426
1.0000000000026117
1.0000000000025779
1.0000000000025415
1.0000000000025018
1.0000000000024594
1.0000000000024141
1.0000000000023661
1.0000000000023153
1.0000000000022615
1.0000000000022049
1.0000000000021445
1.0000000000020806
1.0000000000020142
1.0000000000019462
1.0000000000018769
1.0000000000018068
1.0000000000017359
1.0000000000016653
1.0000000000015965
1.0000000000015294
1.0000000000014639
1.0000000000013991
1.0000000000013349
1.0000000000012714
1.0000000000012090
1.0000000000011480
1.0000000000010889
1.0000000000010325
1.0000000000009797
1.0000000000009293
1.0000000000008813
1.0000000000008353
1.0000000000007894
1.0000000000007432
1.0000000000006968
1.0000000000006504
1.0000000000006048
1.0000000000005613
1.0000000000005203
1.0000000000004818
1.0000000000004459
1.0000000000004123
1.0000000000003813
1.0000000000003524
1.0000000000003253
1.0000000000003004
1.0000000000002773
1.0000000000002558
1.0000000000002365
1.0000000000002200
1.0000000000002065
1.0000000000001958
1.0000000000001881
1.0000000000001841
1.0000000000001836
1.0000000000001878
1.0000000000001967
1.0000000000002105
1.0000000000002283
1.0000000000002487
1.0000000000002709
1.0000000000002942
1.0000000000003180
1.0000000000003428
1.0000000000003690
1.0000000000003968
1.0000000000004265
1.0000000000004583
1.0000000000004909
1.0000000000005236
1.0000000000005553
1.0000000000005862
1.0000000000006146
1.0000000000006393
1.0000000000006599
1.0000000000006775
1.0000000000006912
1.0000000000007010
1.0000000000007063
1.0000000000007074
1.0000000000007043
1.0000000000006974
1.0000000000006881
1.0000000000006770
1.0000000000006644
1.0000000000006499
1.0000000000006335
1.0000000000006142
1.0000000000005924
1.0000000000005687
1.0000000000005433
1.0000000000005158
1.0000000000004869
1.0000000000004581
1.0000000000004292
1.0000000000003997
1.0000000000003690
1.0000000000003364
1.0000000000003018
1.0000000000002649
1.0000000000002269
1.0000000000001878
1.0000000000001479
1.0000000000001070
1.0000000000000659
1.0000000000000258
0.9999999999999870
0.9999999999999502
0.9999999999999155
0.9999999999998839
0.9999999999998561
0.9999999999998322
0.9999999999998128
0.9999999999997977
0.9999999999997865
0.9999999999997774
0.9999999999997701
0.9999999999997633
0.9999999999997575
0.9999999999997531
0.9999999999997505
0.9999999999997496
0.9999999999997509
0.9999999999997546
0.9999999999997616
0.9999999999997717
0.9999999999997842
0.9999999999997987
0.9999999999998155
0.9999999999998336
0.9999999999998516
0.9999999999998687
0.9999999999998850
0.9999999999999005
0.9999999999999163
0.9999999999999333
0.9999999999999510
0.9999999999999688
0.9999999999999869
1.0000000000000049
1.0000000000000218
1.0000000000000371
1.0000000000000500
1.0000000000000602
1.0000000000000686
1.0000000000000748
1.0000000000000795
1.0000000000000810
1.0000000000000799
1.0000000000000770
1.0000000000000728
1.0000000000000684
1.0000000000000635
1.0000000000000571
1.0000000000000493
1.0000000000000409
1.0000000000000315
1.0000000000000211
1.0000000000000102
0.9999999999999988
0.9999999999999863
0.9999999999999727
0.9999999999999579
0.9999999999999429
0.9999999999999284
0.9999999999999144
0.9999999999999007
0.9999999999998882
0.9999999999998772
0.9999999999998668
0.9999999999998561
0.9999999999998447
0.9999999999998325
0.9999999999998209
0.9999999999998094
0.9999999999997977
0.9999999999997857
0.9999999999997723
0.9999999999997576
0.9999999999997428
0.9999999999997280
0.9999999999997133
0.9999999999996998
0.9999999999996868
0.9999999999996743
0.9999999999996630
0.9999999999996542
0.9999999999996478
0.9999999999996433
0.9999999999996405
0.9999999999996397
0.9999999999996414
0.9999999999996452
0.9999999999996527
0.9999999999996636
0.9999999999996781
0.9999999999996949
0.9999999999997133
0.9999999999997340
0.9999999999997572
0.9999999999997827
0.9999999999998113
0.9999999999998433
0.9999999999998785
0.9999999999999162
0.9999999999999565
0.9999999999999997
1.0000000000000451
1.0000000000000924
1.0000000000001426
1.0000000000001963
1.0000000000002540
1.0000000000003164
1.0000000000003819
1.0000000000004496
1.0000000000005183
1.0000000000005873
1.0000000000006566
1.0000000000007259
1.0000000000007951
1.0000000000008658
1.0000000000009381
1.0000000000010125
1.0000000000010896
1.0000000000011695
1.0000000000012528
1.0000000000013383
1.0000000000014249
1.0000000000015115
1.0000000000015974
1.0000000000016831
1.0000000000017686
1.0000000000018541
1.0000000000019384
1.0000000000020219
1.0000000000021028
1.0000000000021789
1.0000000000022500
1.0000000000023159
1.0000000000023761
1.0000000000024309
1.0000000000024811
1.0000000000025280
1.0000000000025717
1.0000000000026126
1.0000000000026490
1.0000000000026794
1.0000000000027029
1.0000000000027189
1.0000000000027280
1.0000000000027305
1.0000000000027280
1.0000000000027200
1.0000000000027076
