1.0000000025435745
1.0000000025200619
1.0000000024911055
1.0000000024567823
1.0000000024171827
1.0000000023724087
1.0000000023225739
1.0000000022678037
1.0000000022082340
1.0000000021440130
1.0000000020753004
1.0000000020022672
1.0000000019250925
1.0000000018439634
1.0000000017590789
1.0000000016706472
1.0000000015788850
1.0000000014840147
1.0000000013862653
1.0000000012858739
1.0000000011830814
1.0000000010781356
1.0000000009712886
1.0000000008627961
1.0000000007529166
1.0000000006419130
1.0000000005300487
1.0000000004175891
1.0000000003048020
1.0000000001919545
1.0000000000793137
0.9999999999671464
0.9999999998557189
0.9999999997452945
0.9999999996361320
0.9999999995284877
0.9999999994226136
0.9999999993187575
0.9999999992171622
0.9999999991180647
0.9999999990216967
0.9999999989282813
0.9999999988380353
0.9999999987511672
0.9999999986678784
0.9999999985883606
0.9999999985127962
0.9999999984413570
0.9999999983742042
0.9999999983114893
0.9999999982533532
0.9999999981999257
0.9999999981513247
0.9999999981076556
0.9999999980690117
0.9999999980354745
0.9999999980071126
0.9999999979839826
0.9999999979661275
0.9999999979535777
0.9999999979463510
0.9999999979444507
0.9999999979478676
0.9999999979565798
0.9999999979705529
0.9999999979897403
0.9999999980140813
0.9999999980435044
0.9999999980779259
0.9999999981172503
0.9999999981613688
0.9999999982101616
0.9999999982634984
0.9999999983212365
0.9999999983832218
0.9999999984492901
0.9999999985192691
0.9999999985929766
0.9999999986702205
0.9999999987507996
0.9999999988345050
0.9999999989211208
0.9999999990104250
0.9999999991021877
0.9999999991961747
0.9999999992921442
0.9999999993898513
0.9999999994890462
0.9999999995894748
0.9999999996908799
0.9999999997930012
0.9999999998955768
0.9999999999983462
1.0000000001010474
1.0000000002034184
1.0000000003051990
1.0000000004061307
1.0000000005059564
1.0000000006044205
1.0000000007012724
1.0000000007962653
1.0000000008891579
1.0000000009797130
1.0000000010676979
1.0000000011528869
1.0000000012350616
1.0000000013140102
1.0000000013895292
1.0000000014614232
1.0000000015295079
1.0000000015936064
1.0000000016535531
1.0000000017091919
1.0000000017603765
1.0000000018069708
1.0000000018488493
1.0000000018858988
1.0000000019180180
1.0000000019451181
1.0000000019671222
1.0000000019839674
1.0000000019956024
1.0000000020019879
1.0000000020030981
1.0000000019989188
1.0000000019894502
1.0000000019747044
1.0000000019547071
1.0000000019294975
1.0000000018991264
1.0000000018636566
1.0000000018231647
1.0000000017777397
1.0000000017274826
1.0000000016725068
1.0000000016129371
1.0000000015489101
1.0000000014805726
1.0000000014080823
1.0000000013316077
1.0000000012513277
1.0000000011674293
1.0000000010801080
1.0000000009895680
1.0000000008960217
1.0000000007996896
1.0000000007007985
1.0000000005995819
1.0000000004962801
1.0000000003911398
1.0000000002844107
1.0000000001763467
1.0000000000672058
0.9999999999572485
0.9999999998467383
0.9999999997359417
0.9999999996251243
0.9999999995145527
0.9999999994044926
0.9999999992952103
0.9999999991869695
0.9999999990800329
0.9999999989746602
0.9999999988711060
0.9999999987696209
0.9999999986704522
0.9999999985738426
0.9999999984800290
0.9999999983892420
0.9999999983017066
0.9999999982176387
0.9999999981372465
0.9999999980607294
0.9999999979882769
0.9999999979200697
0.9999999978562785
0.9999999977970646
0.9999999977425788
0.9999999976929599
0.9999999976483368
0.9999999976088269
0.9999999975745349
0.9999999975455534
0.9999999975219626
0.9999999975038306
0.9999999974912119
0.9999999974841469
0.9999999974826634
0.9999999974867778
0.9999999974964928
0.9999999975117982
0.9999999975326711
0.9999999975590750
0.9999999975909601
0.9999999976282645
0.9999999976709146
0.9999999977188231
0.9999999977718895
0.9999999978300012
0.9999999978930334
0.9999999979608492
0.9999999980333016
0.9999999981102342
0.9999999981914783
0.9999999982768548
0.9999999983661747
0.9999999984592395
0.9999999985558417
0.9999999986557654
0.9999999987587872
0.9999999988646767
0.9999999989731971
0.9999999990841050
0.9999999991971507
0.9999999993120815
0.9999999994286396
0.9999999995465636
0.9999999996655889
0.9999999997854475
0.9999999999058686
1.0000000000265794
1.0000000001473066
1.0000000002677774
1.0000000003877203
1.0000000005068650
1.0000000006249428
1.0000000007416889
1.0000000008568415
1.0000000009701413
1.0000000010813330
1.0000000011901660
1.0000000012963937
1.0000000013997767
1.0000000015000825
1.0000000015970854
1.0000000016905675
1.0000000017803206
1.0000000018661450
1.0000000019478503
1.0000000020252551
1.0000000020981885
1.0000000021664905
1.0000000022300124
1.0000000022886160
1.0000000023421738
1.0000000023905697
1.0000000024336997
1.0000000024714728
1.0000000025038098
1.0000000025306439
1.0000000025519218
1.0000000025676028
1.0000000025776599
1.0000000025820799
1.0000000025808624
1.0000000025740201
1.0000000025615781
1.0000000025435745
1.0000000025200619
1.0000000024911055
1.0000000024567823
