1.0000000000124141
1.0000000000124478
1.0000000000124571
1.0000000000124416
1.0000000000124027
1.0000000000123410
1.0000000000122566
1.0000000000121507
1.0000000000120239
1.0000000000118783
1.0000000000117157
1.0000000000115374
1.0000000000113449
1.0000000000111398
1.0000000000109230
1.0000000000106959
1.0000000000104587
1.0000000000102129
1.0000000000099596
1.0000000000096991
1.0000000000094320
1.0000000000091596
1.0000000000088836
1.0000000000086038
1.0000000000083211
1.0000000000080356
1.0000000000077482
1.0000000000074603
1.0000000000071729
1.0000000000068865
1.0000000000066007
1.0000000000063158
1.0000000000060318
1.0000000000057487
1.0000000000054672
1.0000000000051885
1.0000000000049143
1.0000000000046450
1.0000000000043807
1.0000000000041205
1.0000000000038636
1.0000000000036107
1.0000000000033615
1.0000000000031162
1.0000000000028757
1.0000000000026397
1.0000000000024076
1.0000000000021807
1.0000000000019598
1.0000000000017448
1.0000000000015368
1.0000000000013380
1.0000000000011493
1.0000000000009706
1.0000000000008020
1.0000000000006442
1.0000000000004956
1.0000000000003559
1.0000000000002245
1.0000000000001010
0.9999999999999863
0.9999999999998808
0.9999999999997845
0.9999999999996976
0.9999999999996203
0.9999999999995516
0.9999999999994922
0.9999999999994432
0.9999999999994053
0.9999999999993784
0.9999999999993622
0.9999999999993568
0.9999999999993625
0.9999999999993783
0.9999999999994030
0.9999999999994358
0.9999999999994766
0.9999999999995256
0.9999999999995810
0.9999999999996425
0.9999999999997088
0.9999999999997791
0.9999999999998535
0.9999999999999306
1.0000000000000093
1.0000000000000893
1.0000000000001703
1.0000000000002518
1.0000000000003337
1.0000000000004152
1.0000000000004967
1.0000000000005775
1.0000000000006577
1.0000000000007374
1.0000000000008162
1.0000000000008933
1.0000000000009686
1.0000000000010418
1.0000000000011124
1.0000000000011808
1.0000000000012470
1.0000000000013105
1.0000000000013702
1.0000000000014266
1.0000000000014790
1.0000000000015277
1.0000000000015727
1.0000000000016140
1.0000000000016516
1.0000000000016855
1.0000000000017162
1.0000000000017435
1.0000000000017668
1.0000000000017857
1.0000000000018003
1.0000000000018101
1.0000000000018150
1.0000000000018154
1.0000000000018119
1.0000000000018050
1.0000000000017948
1.0000000000017810
1.0000000000017635
1.0000000000017426
1.0000000000017173
1.0000000000016878
1.0000000000016533
1.0000000000016132
1.0000000000015663
1.0000000000015141
1.0000000000014564
1.0000000000013920
1.0000000000013207
1.0000000000012426
1.0000000000011569
1.0000000000010638
1.0000000000009650
1.0000000000008606
1.0000000000007512
1.0000000000006370
1.0000000000005187
1.0000000000003963
1.0000000000002707
1.0000000000001423
1.0000000000000111
0.9999999999998769
0.9999999999997402
0.9999999999996005
0.9999999999994584
0.9999999999993142
0.9999999999991682
0.9999999999990207
0.9999999999988729
0.9999999999987258
0.9999999999985794
0.9999999999984339
0.9999999999982904
0.9999999999981491
0.9999999999980104
0.9999999999978737
0.9999999999977400
0.9999999999976088
0.9999999999974796
0.9999999999973529
0.9999999999972292
0.9999999999971079
0.9999999999969893
0.9999999999968738
0.9999999999967620
0.9999999999966552
0.9999999999965533
0.9999999999964559
0.9999999999963627
0.9999999999962743
0.9999999999961908
0.9999999999961118
0.9999999999960376
0.9999999999959698
0.9999999999959105
0.9999999999958612
0.9999999999958221
0.9999999999957939
0.9999999999957762
0.9999999999957678
0.9999999999957686
0.9999999999957784
0.9999999999957963
0.9999999999958218
0.9999999999958553
0.9999999999958982
0.9999999999959509
0.9999999999960139
0.9999999999960877
0.9999999999961720
0.9999999999962665
0.9999999999963708
0.9999999999964849
0.9999999999966096
0.9999999999967449
0.9999999999968905
0.9999999999970460
0.9999999999972118
0.9999999999973889
0.9999999999975782
0.9999999999977794
0.9999999999979919
0.9999999999982151
0.9999999999984481
0.9999999999986905
0.9999999999989417
0.9999999999992019
0.9999999999994702
0.9999999999997460
1.0000000000000291
1.0000000000003193
1.0000000000006164
1.0000000000009208
1.0000000000012321
1.0000000000015503
1.0000000000018745
1.0000000000022040
1.0000000000025386
1.0000000000028779
1.0000000000032210
1.0000000000035674
1.0000000000039162
1.0000000000042670
1.0000000000046187
1.0000000000049718
1.0000000000053246
1.0000000000056766
1.0000000000060272
1.0000000000063753
1.0000000000067220
1.0000000000070663
1.0000000000074076
1.0000000000077451
1.0000000000080778
1.0000000000084033
1.0000000000087204
1.0000000000090286
1.0000000000093283
1.0000000000096201
1.0000000000099034
1.0000000000101772
1.0000000000104399
1.0000000000106914
1.0000000000109295
1.0000000000111537
1.0000000000113642
1.0000000000115601
1.0000000000117408
1.0000000000119054
1.0000000000120508
1.0000000000121749
1.0000000000122771
1.0000000000123570
1.0000000000124141
1.0000000000124478
1.0000000000124571
1.0000000000124416
