1.1513807025632476
1.1497847827067622
1.1478873382801704
1.1456902554621005
1.1431957400292039
1.1404063252668928
1.1373248810248269
1.1339546239342320
1.1302991288045441
1.1263623412165580
1.1221485913281184
1.1176626089062367
1.1129095395961763
1.1078949624332708
1.1026249085967987
1.0971058813968517
1.0913448774744294
1.0853494091816516
1.0791275280925618
1.0726878495750527
1.0660395783304919
1.0591925347791045
1.0521571821355375
1.0449446539797032
1.0375667820823882
1.0300361241926490
1.0223659914342251
1.0145704748906610
1.0066644708833186
0.9986637043629776
0.9905847497445609
0.9824450484164855
0.9742629220524427
0.9660575807461409
0.9578491248814321
0.9496585395451751
0.9415076801930726
0.9334192481957939
0.9254167548314697
0.9175244722599889
0.9097673700244888
0.9021710356870362
0.8947615783302045
0.8875655138554041
0.8806096312925875
0.8739208397123187
0.8675259958044113
0.8614517127566209
0.8557241517246921
0.8503687979159243
0.8454102240879404
0.8408718450588748
0.8367756675925905
0.8331420407138508
0.8299894120707696
0.8273340963428449
0.8251900618450788
0.8235687413652794
0.8224788728714445
0.8219263750375283
0.8219142615793489
0.8224425972103557
0.8235084966814958
0.8251061669372669
0.8272269909859972
0.8298596507313591
0.8329902848213891
0.8366026766036798
0.8406784665743486
0.8451973832952684
0.8501374866282472
0.8554754172759377
0.8611866469910432
0.8672457243708349
0.8736265118407256
0.8803024101957342
0.8872465678629702
0.8944320728292109
0.9018321259112669
0.9094201947082681
0.9171701481484160
0.9250563720203037
0.9330538662594829
0.9411383250487032
0.9492862009929329
0.9574747547580656
0.9656820916263560
0.9738871864336495
0.9820698983244007
0.9902109767004064
0.9982920596570434
1.0062956661041780
1.0142051826640839
1.0220048463306519
1.0296797237667799
1.0372156880129493
1.0445993932816615
1.0518182484209326
1.0588603895462079
1.0657146522641947
1.0723705438442175
1.0788182156325787
1.0850484359526276
1.0910525636873394
1.0968225227016084
1.1023507772275853
1.1076303083076660
1.1126545913655810
1.1174175749559332
1.1219136607259701
1.1261376846098952
1.1300848992652330
1.1337509577522646
1.1371318984510248
1.1402241312055246
1.1430244246814474
1.1455298949213832
1.1477379950804585
1.1496465063248957
1.1512535298764062
1.1525574801862501
1.1535570792242404
1.1542513518697504
1.1546396223939122
1.1547215120245080
1.1544969375875906
1.1539661112224726
1.1531295411694393
1.1519880336322177
1.1505426957199176
1.1487949394757428
1.1467464870022042
1.1443993766948213
1.1417559705982794
1.1388189629006453
1.1355913895824858
1.1320766392384225
1.1282784650887285
1.1242009981978880
1.1198487619153983
1.1152266875514003
1.1103401312956880
1.1051948923830786
1.0997972325007599
1.0941538964237087
1.0882721338523109
1.0821597224114745
1.0758249917523817
1.0692768486761128
1.0625248031721739
1.0555789952339019
1.0484502222762413
1.0411499669388953
1.0336904250087788
1.0260845331394892
1.0183459959817152
1.0104893122667937
1.0025297993058699
0.9944836152794403
0.9863677785970245
0.9782001835052643
0.9699996110165667
0.9617857341218569
0.9535791161434006
0.9454012009813891
0.9372742939166163
0.9292215315580364
0.9212668394764917
0.9134348760539543
0.9057509611118947
0.8982409879742129
0.8909313177811289
0.8838486551114637
0.8770199043011334
0.8704720062717891
0.8642317562073102
0.8583256030332834
0.8527794323542760
0.8476183352657045
0.8428663662521697
0.8385462941740599
0.8346793510829152
0.8312849842418862
0.8283806172070853
0.8259814260978865
0.8241001372063357
0.8227468518380991
0.8219289037280311
0.8216507535419196
0.8219139238941398
0.8227169770319662
0.8240555359317746
0.8259223481024847
0.8283073899836763
0.8311980085422186
0.8345790955830727
0.8384332894508170
0.8427411982409222
0.8474816383739394
0.8526318824003215
0.8581679101693571
0.8640646579700095
0.8702962608836243
0.8768362843249849
0.8836579415373519
0.8907342946026214
0.8980384372910878
0.9055436587770526
0.9132235878664610
0.9210523179092308
0.9290045129977942
0.9370554963863934
0.9451813223091055
0.9533588325376269
0.9615656991134757
0.9697804547249783
0.9779825121886278
0.9861521744477625
0.9942706364285709
1.0023199800024840
1.0102831632019629
1.0181440047291632
1.0258871646883967
1.0334981223670066
1.0409631517876881
1.0482692956600268
1.0554043382711635
1.0623567777754912
1.0691157982713664
1.0756712419887953
1.0820135818556391
1.0881338946606123
1.0940238349886775
1.0996756100677956
1.1050819556348010
1.1102361129018306
1.1151318066826970
1.1197632247203779
1.1241249982418542
1.1282121837544714
1.1320202460884485
1.1355450426827125
1.1387828091056169
1.1417301457980493
1.1443840060236774
1.1467416850094352
1.1488008102586336
1.1505593330191213
1.1520155208896166
1.1531679515485347
1.1540155075912764
1.1545573724639033
1.1547930274833857
1.1547222499370289
1.1543451122562705
1.1536619822627050
1.1526735244868984
1.1513807025632476
1.1497847827067622
1.1478873382801704
1.1456902554621005
