1.0000003899878092
1.0000003853170465
1.0000003797439170
1.0000003732820109
1.0000003659470302
1.0000003577567538
1.0000003487309932
1.0000003388915457
1.0000003282621424
1.0000003168683886
1.0000003047377051
1.0000002918992617
1.0000002783839064
1.0000002642240928
1.0000002494538032
1.0000002341084668
1.0000002182248755
1.0000002018410943
1.0000001849963709
1.0000001677310426
1.0000001500864395
1.0000001321047851
1.0000001138290950
1.0000000953030748
1.0000000765710142
1.0000000576776833
1.0000000386682246
1.0000000195880472
1.0000000004827152
0.9999999813978402
0.9999999623789706
0.9999999434714851
0.9999999247204846
0.9999999061706827
0.9999998878662981
0.9999998698509502
0.9999998521675548
0.9999998348582229
0.9999998179641590
0.9999998015255631
0.9999997855815321
0.9999997701699714
0.9999997553275000
0.9999997410893650
0.9999997274893571
0.9999997145597306
0.9999997023311243
0.9999996908324918
0.9999996800910308
0.9999996701321175
0.9999996609792468
0.9999996526539765
0.9999996451758767
0.9999996385624823
0.9999996328292516
0.9999996279895293
0.9999996240545141
0.9999996210332328
0.9999996189325174
0.9999996177569929
0.9999996175090639
0.9999996181889103
0.9999996197944847
0.9999996223215193
0.9999996257635362
0.9999996301118628
0.9999996353556525
0.9999996414819119
0.9999996484755319
0.9999996563193244
0.9999996649940631
0.9999996744785303
0.9999996847495656
0.9999996957821248
0.9999997075493379
0.9999997200225740
0.9999997331715109
0.9999997469642065
0.9999997613671766
0.9999997763454751
0.9999997918627789
0.9999998078814730
0.9999998243627416
0.9999998412666619
0.9999998585522970
0.9999998761777980
0.9999998941005009
0.9999999122770327
0.9999999306634129
0.9999999492151580
0.9999999678873904
0.9999999866349444
1.0000000054124751
1.0000000241745670
1.0000000428758435
1.0000000614710749
1.0000000799152871
1.0000000981638704
1.0000001161726844
1.0000001338981650
1.0000001512974301
1.0000001683283799
1.0000001849497995
1.0000002011214575
1.0000002168042013
1.0000002319600529
1.0000002465522986
1.0000002605455764
1.0000002739059635
1.0000002866010562
1.0000002986000460
1.0000003098737953
1.0000003203949057
1.0000003301377867
1.0000003390787149
1.0000003471958918
1.0000003544694958
1.0000003608817289
1.0000003664168609
1.0000003710612675
1.0000003748034612
1.0000003776341204
1.0000003795461117
1.0000003805345075
1.0000003805965982
1.0000003797318988
1.0000003779421494
1.0000003752313118
1.0000003716055601
1.0000003670732664
1.0000003616449811
1.0000003553334063
1.0000003481533677
1.0000003401217776
1.0000003312575962
1.0000003215817854
1.0000003111172582
1.0000002998888253
1.0000002879231367
1.0000002752486157
1.0000002618953916
1.0000002478952301
1.0000002332814555
1.0000002180888699
1.0000002023536712
1.0000001861133674
1.0000001694066885
1.0000001522734918
1.0000001347546679
1.0000001168920409
1.0000000987282698
1.0000000803067453
1.0000000616714875
1.0000000428670406
1.0000000239383664
1.0000000049307378
0.9999999858896288
0.9999999668606059
0.9999999478892192
0.9999999290208956
0.9999999103008278
0.9999998917738682
0.9999998734844188
0.9999998554763265
0.9999998377927787
0.9999998204761992
0.9999998035681461
0.9999997871092138
0.9999997711389369
0.9999997556956941
0.9999997408166144
0.9999997265374913
0.9999997128926953
0.9999996999150929
0.9999996876359660
0.9999996760849389
0.9999996652899067
0.9999996552769665
0.9999996460703567
0.9999996376923986
0.9999996301634452
0.9999996235018300
0.9999996177238235
0.9999996128435943
0.9999996088731734
0.9999996058224264
0.9999996036990292
0.9999996025084492
0.9999996022539339
0.9999996029365019
0.9999996045549404
0.9999996071058066
0.9999996105834366
0.9999996149799598
0.9999996202853154
0.9999996264872762
0.9999996335714791
0.9999996415214583
0.9999996503186840
0.9999996599426072
0.9999996703707085
0.9999996815785521
0.9999996935398422
0.9999997062264870
0.9999997196086653
0.9999997336548976
0.9999997483321199
0.9999997636057633
0.9999997794398358
0.9999997957970077
0.9999998126387027
0.9999998299251880
0.9999998476156707
0.9999998656683927
0.9999998840407315
0.9999999026893016
0.9999999215700575
0.9999999406383987
0.9999999598492775
0.9999999791573042
0.9999999985168569
1.0000000178821893
1.0000000372075404
1.0000000564472429
1.0000000755558327
1.0000000944881566
1.0000001131994793
1.0000001316455904
1.0000001497829105
1.0000001675685946
1.0000001849606353
1.0000002019179615
1.0000002184005370
1.0000002343694558
1.0000002497870355
1.0000002646169062
1.0000002788240967
1.0000002923751177
1.0000003052380426
1.0000003173825831
1.0000003287801607
1.0000003394039758
1.0000003492290714
1.0000003582323922
1.0000003663928403
1.0000003736913230
1.0000003801108015
1.0000003856363293
1.0000003902550880
1.0000003939564179
1.0000003967318423
1.0000003985750876
1.0000003994821003
1.0000003994510536
1.0000003984823527
1.0000003965786350
1.0000003937447621
1.0000003899878092
1.0000003853170465
1.0000003797439170
1.0000003732820109
