1.0000000001185874
1.0000000001180678
1.0000000001173264
1.0000000001163671
1.0000000001151947
1.0000000001138127
1.0000000001122262
1.0000000001104405
1.0000000001084615
1.0000000001062956
1.0000000001039486
1.0000000001014269
1.0000000000987386
1.0000000000958911
1.0000000000928924
1.0000000000897511
1.0000000000864753
1.0000000000830729
1.0000000000795510
1.0000000000759184
1.0000000000721838
1.0000000000683571
1.0000000000644489
1.0000000000604694
1.0000000000564286
1.0000000000523361
1.0000000000482014
1.0000000000440350
1.0000000000398463
1.0000000000356448
1.0000000000314402
1.0000000000272409
1.0000000000230556
1.0000000000188936
1.0000000000147637
1.0000000000106748
1.0000000000066369
1.0000000000026599
0.9999999999987528
0.9999999999949254
0.9999999999911857
0.9999999999875412
0.9999999999839984
0.9999999999805642
0.9999999999772453
0.9999999999740492
0.9999999999709832
0.9999999999680550
0.9999999999652710
0.9999999999626368
0.9999999999601564
0.9999999999578345
0.9999999999556757
0.9999999999536843
0.9999999999518647
0.9999999999502208
0.9999999999487555
0.9999999999474706
0.9999999999463680
0.9999999999454479
0.9999999999447098
0.9999999999441533
0.9999999999437789
0.9999999999435852
0.9999999999435719
0.9999999999437380
0.9999999999440808
0.9999999999445972
0.9999999999452842
0.9999999999461393
0.9999999999471584
0.9999999999483378
0.9999999999496724
0.9999999999511576
0.9999999999527888
0.9999999999545595
0.9999999999564634
0.9999999999584949
0.9999999999606467
0.9999999999629118
0.9999999999652840
0.9999999999677566
0.9999999999703217
0.9999999999729723
0.9999999999757011
0.9999999999785009
0.9999999999813632
0.9999999999842802
0.9999999999872422
0.9999999999902397
0.9999999999932636
0.9999999999963043
0.9999999999993531
1.0000000000024014
1.0000000000054405
1.0000000000084617
1.0000000000114555
1.0000000000144125
1.0000000000173241
1.0000000000201819
1.0000000000229763
1.0000000000256997
1.0000000000283449
1.0000000000309046
1.0000000000333715
1.0000000000357383
1.0000000000379974
1.0000000000401423
1.0000000000421658
1.0000000000440632
1.0000000000458293
1.0000000000474596
1.0000000000489486
1.0000000000502907
1.0000000000514815
1.0000000000525162
1.0000000000533908
1.0000000000541018
1.0000000000546463
1.0000000000550218
1.0000000000552254
1.0000000000552549
1.0000000000551088
1.0000000000547873
1.0000000000542908
1.0000000000536222
1.0000000000527836
1.0000000000517770
1.0000000000506040
1.0000000000492655
1.0000000000477629
1.0000000000460976
1.0000000000442715
1.0000000000422875
1.0000000000401501
1.0000000000378633
1.0000000000354319
1.0000000000328608
1.0000000000301559
1.0000000000273233
1.0000000000243694
1.0000000000213010
1.0000000000181259
1.0000000000148517
1.0000000000114859
1.0000000000080356
1.0000000000045084
1.0000000000009119
0.9999999999972539
0.9999999999935431
0.9999999999897886
0.9999999999859992
0.9999999999821839
0.9999999999783509
0.9999999999745095
0.9999999999706688
0.9999999999668387
0.9999999999630287
0.9999999999592470
0.9999999999555024
0.9999999999518037
0.9999999999481602
0.9999999999445812
0.9999999999410752
0.9999999999376518
0.9999999999343201
0.9999999999310887
0.9999999999279666
0.9999999999249625
0.9999999999220843
0.9999999999193396
0.9999999999167363
0.9999999999142811
0.9999999999119806
0.9999999999098417
0.9999999999078720
0.9999999999060780
0.9999999999044651
0.9999999999030367
0.9999999999017952
0.9999999999007437
0.9999999998998853
0.9999999998992228
0.9999999998987597
0.9999999998984982
0.9999999998984409
0.9999999998985902
0.9999999998989482
0.9999999998995157
0.9999999999002926
0.9999999999012773
0.9999999999024676
0.9999999999038616
0.9999999999054571
0.9999999999072510
0.9999999999092408
0.9999999999114234
0.9999999999137956
0.9999999999163538
0.9999999999190943
0.9999999999220127
0.9999999999251042
0.9999999999283630
0.9999999999317827
0.9999999999353572
0.9999999999390801
0.9999999999429460
0.9999999999469471
0.9999999999510759
0.9999999999553247
0.9999999999596851
0.9999999999641477
0.9999999999687027
0.9999999999733402
0.9999999999780508
0.9999999999828262
0.9999999999876567
0.9999999999925323
0.9999999999974433
1.0000000000023792
1.0000000000073301
1.0000000000122860
1.0000000000172353
1.0000000000221685
1.0000000000270759
1.0000000000319471
1.0000000000367721
1.0000000000415417
1.0000000000462452
1.0000000000508731
1.0000000000554155
1.0000000000598632
1.0000000000642071
1.0000000000684375
1.0000000000725457
1.0000000000765241
1.0000000000803644
1.0000000000840585
1.0000000000875982
1.0000000000909766
1.0000000000941891
1.0000000000972300
1.0000000001000928
1.0000000001027725
1.0000000001052625
1.0000000001075573
1.0000000001096527
1.0000000001115441
1.0000000001132272
1.0000000001146994
1.0000000001159577
1.0000000001169995
1.0000000001178226
1.0000000001184244
1.0000000001188027
1.0000000001189560
1.0000000001188838
1.0000000001185874
1.0000000001180678
1.0000000001173264
1.0000000001163671
