1.0000534488841362
1.0000527778187167
1.0000519811395130
1.0000510607581228
1.0000500188814467
1.0000488580064153
1.0000475809140210
1.0000461906626741
1.0000446905808933
1.0000430842593548
1.0000413755423114
1.0000395685184083
1.0000376675109148
1.0000356770673964
1.0000336019488476
1.0000314471183165
1.0000292177290497
1.0000269191121778
1.0000245567639763
1.0000221363327362
1.0000196636052670
1.0000171444930681
1.0000145850182043
1.0000119912989149
1.0000093695349916
1.0000067259929635
1.0000040669911179
1.0000013988844019
0.9999987280492335
0.9999960608682601
0.9999934037151045
0.9999907629391287
0.9999881448502579
0.9999855557038950
0.9999830016859665
0.9999804888981363
0.9999780233432165
0.9999756109108165
0.9999732573632609
0.9999709683218139
0.9999687492532362
0.9999666054567149
0.9999645420511921
0.9999625639631261
0.9999606759147097
0.9999588824125799
0.9999571877370419
0.9999555959318350
0.9999541107944617
0.9999527358671102
0.9999514744281819
0.9999503294844552
0.9999493037638956
0.9999483997091354
0.9999476194716342
0.9999469649065374
0.9999464375682439
0.9999460387066937
0.9999457692643828
0.9999456298741149
0.9999456208574934
0.9999457422241593
0.9999459936717737
0.9999463745867503
0.9999468840457302
0.9999475208177984
0.9999482833674385
0.9999491698582126
0.9999501781571655
0.9999513058399356
0.9999525501965633
0.9999539082379836
0.9999553767031860
0.9999569520670241
0.9999586305486570
0.9999604081206057
0.9999622805183944
0.9999642432507618
0.9999662916104126
0.9999684206852871
0.9999706253703208
0.9999729003796625
0.9999752402593269
0.9999776394002466
0.9999800920516972
0.9999825923350584
0.9999851342578800
0.9999877117282222
0.9999903185692307
0.9999929485339127
0.9999955953200842
0.9999982525854433
1.0000009139627437
1.0000035730750254
1.0000062235508667
1.0000088590396221
1.0000114732266119
1.0000140598482223
1.0000166127068841
1.0000191256858924
1.0000215927640321
1.0000240080299760
1.0000263656964177
1.0000286601139063
1.0000308857843561
1.0000330373741879
1.0000351097270799
1.0000370978762951
1.0000389970565529
1.0000408027154231
1.0000425105242066
1.0000441163882829
1.0000456164568967
1.0000470071323622
1.0000482850786647
1.0000494472294352
1.0000504907952821
1.0000514132704572
1.0000522124388487
1.0000528863792792
1.0000534334701010
1.0000538523930749
1.0000541421365241
1.0000543019977559
1.0000543315847477
1.0000542308170881
1.0000539999261733
1.0000536394546613
1.0000531502551819
1.0000525334883061
1.0000517906197821
1.0000509234170367
1.0000499339449609
1.0000488245609822
1.0000475979094396
1.0000462569152730
1.0000448047770403
1.0000432449592838
1.0000415811842591
1.0000398174230489
1.0000379578860814
1.0000360070130765
1.0000339694624443
1.0000318501001604
1.0000296539881428
1.0000273863721625
1.0000250526693120
1.0000226584550662
1.0000202094499633
1.0000177115059361
1.0000151705923335
1.0000125927816554
1.0000099842350421
1.0000073511875518
1.0000046999332595
1.0000020368102140
0.9999993681852898
0.9999967004389667
0.9999940399500781
0.9999913930805604
0.9999887661602456
0.9999861654717258
0.9999835972353311
0.9999810675942554
0.9999785825998635
0.9999761481972202
0.9999737702108705
0.9999714543309081
0.9999692060993637
0.9999670308969489
0.9999649339301834
0.9999629202189392
0.9999609945844282
0.9999591616376670
0.9999574257684407
0.9999557911347958
0.9999542616530901
0.9999528409886177
0.9999515325468380
0.9999503394652205
0.9999492646057333
0.9999483105479906
0.9999474795830745
0.9999467737080465
0.9999461946211633
0.9999457437178066
0.9999454220871369
0.9999452305094803
0.9999451694544566
0.9999452390798479
0.9999454392312144
0.9999457694422565
0.9999462289359238
0.9999468166262665
0.9999475311210274
0.9999483707249638
0.9999493334438961
0.9999504169894726
0.9999516187846362
0.9999529359697831
0.9999543654095955
0.9999559037005358
0.9999575471789803
0.9999592919299765
0.9999611337965985
0.9999630683898835
0.9999650910993241
0.9999671971038870
0.9999693813835360
0.9999716387312315
0.9999739637653750
0.9999763509426718
0.9999787945713794
0.9999812888249106
0.9999838277557566
0.9999864053097017
0.9999890153402918
0.9999916516235190
0.9999943078726963
0.9999969777534771
0.9999996548989912
1.0000023329250540
1.0000050054454199
1.0000076660870370
1.0000103085052725
1.0000129263990680
1.0000155135259903
1.0000180637171392
1.0000205708918819
1.0000230290723751
1.0000254323978386
1.0000277751385493
1.0000300517095255
1.0000322566838595
1.0000343848056754
1.0000364310026757
1.0000383903982510
1.0000402583231205
1.0000420303264770
1.0000437021866115
1.0000452699209874
1.0000467297957458
1.0000480783346148
1.0000493123272038
1.0000504288366636
1.0000514252066921
1.0000522990678713
1.0000530483433188
1.0000536712536399
1.0000541663211708
1.0000545323735011
1.0000547685462655
1.0000548742852031
1.0000548493474739
1.0000546938022334
1.0000544080304621
1.0000539927240497
1.0000534488841362
1.0000527778187167
1.0000519811395130
1.0000510607581228
