1.0012819193253493
1.0012657225615109
1.0012465091089786
1.0012243246874861
1.0011992220783463
1.0011712610012129
1.0011405079745874
1.0011070361603680
1.0010709251927861
1.0010322609920992
1.0009911355634404
1.0009476467812777
1.0009018981599460
1.0008539986107627
1.0008040621862613
1.0007522078121125
1.0006985590073325
1.0006432435933998
1.0005863933929378
1.0005281439186380
1.0004686340531368
1.0004080057205673
1.0003464035505394
1.0002839745353242
1.0002208676810274
1.0001572336535649
1.0000932244202683
1.0000289928879575
0.9999646925383294
0.9999004770615286
0.9998364999887747
0.9997729143249156
0.9997098721817963
0.9996475244133242
0.9995860202531182
0.9995255069556224
0.9994661294415655
0.9994080299486316
0.9993513476882134
0.9992962185090947
0.9992427745688971
0.9991911440141208
0.9991414506695775
0.9990938137380003
0.9990483475105947
0.9990051610892570
0.9989643581211792
0.9989260365465134
0.9988902883597420
0.9988571993853734
0.9988268490685398
0.9987993102810353
0.9987746491433031
0.9987529248628336
0.9987341895893900
0.9987184882874449
0.9987058586261579
0.9986963308871820
0.9986899278905473
0.9986866649388075
0.9986865497795995
0.9986895825867130
0.9986957559597238
0.9987050549421849
0.9987174570583370
0.9987329323682353
0.9987514435411468
0.9987729459470327
0.9987973877658678
0.9988247101145156
0.9988548471908231
0.9988877264345644
0.9989232687048115
0.9989613884732700
0.9990019940330810
0.9990449877225442
0.9990902661631856
0.9991377205115620
0.9991872367241489
0.9992386958346374
0.9992919742429334
0.9993469440151218
0.9994034731936416
0.9994614261168830
0.9995206637474083
0.9995810440079707
0.9996424221244946
0.9997046509751712
0.9997675814448004
0.9998310627835089
0.9998949429689729
0.9999590690712521
1.0000232876193575
1.0000874449686661
1.0001513876683008
1.0002149628275947
1.0002780184807722
1.0003404039489827
1.0004019701988298
1.0004625701965613
1.0005220592570914
1.0005802953870468
1.0006371396210436
1.0006924563504203
1.0007461136436773
1.0007979835578948
1.0008479424404180
1.0008958712201306
1.0009416556876631
1.0009851867639119
1.0010263607562633
1.0010650796019565
1.0011012510980504
1.0011347891174858
1.0011656138107645
1.0011936517928084
1.0012188363145880
1.0012411074191474
1.0012604120816841
1.0012767043333839
1.0012899453687378
1.0013001036361187
1.0013071549114110
1.0013110823545439
1.0013118765487972
1.0013095355228050
1.0013040647552045
1.0012954771619191
1.0012837930661036
1.0012690401508200
1.0012512533945419
1.0012304749896288
1.0012067542439422
1.0011801474658164
1.0011507178326371
1.0011185352433061
1.0010836761549167
1.0010462234039954
1.0010062660126959
1.0009638989803704
1.0009192230609767
1.0008723445268106
1.0008233749190818
1.0007724307858914
1.0007196334081934
1.0006651085143476
1.0006089859839062
1.0005513995413000
1.0004924864401217
1.0004323871387175
1.0003712449678306
1.0003092057910543
1.0002464176588841
1.0001830304571626
1.0001191955507382
1.0000550654231737
0.9999907933133423
0.9999265328497765
0.9998624376836360
0.9997986611211663
0.9997353557565315
0.9996726731059028
0.9996107632436887
0.9995497744417935
0.9994898528127824
0.9994311419578286
0.9993737826203133
0.9993179123459296
0.9992636651501448
0.9992111711938406
0.9991605564679563
0.9991119424879206
0.9990654459986468
0.9990211786908404
0.9989792469293425
0.9989397514941963
0.9989027873351084
0.9988684433399333
0.9988368021177769
0.9988079397972816
0.9987819258406119
0.9987588228736297
0.9987386865326949
0.9987215653284989
0.9987075005272780
0.9986965260497224
0.9986886683878450
0.9986839465400273
0.9986823719644138
0.9986839485507789
0.9986886726109371
0.9986965328877232
0.9987075105825185
0.9987215794012501
0.9987387056187428
0.9987588481612572
0.9987819587069953
0.9988079818043092
0.9988368550073051
0.9988685090284904
0.9989028679080600
0.9989398491993854
0.9989793641702228
0.9990213180191229
0.9990656101064784
0.9991121341996151
0.9991607787312937
0.9992114270709664
0.9992639578080886
0.9993182450467677
0.9993741587110014
0.9994315648597321
0.9994903260109259
0.9995503014738668
0.9996113476888261
0.9996733185732766
0.9997360658737784
0.9997994395226822
0.9998632879987684
0.9999274586909418
0.9999917982640989
1.0000561530262821
1.0001203692962390
1.0001842937705021
1.0002477738891180
1.0003106581991550
1.0003727967151332
1.0004340412755286
1.0004942458945212
1.0005532671081663
1.0006109643141865
1.0006672001046037
1.0007218405904512
1.0007747557178173
1.0008258195745117
1.0008749106866559
1.0009219123045288
1.0009667126770267
1.0010092053141306
1.0010492892367902
1.0010868692136732
1.0011218559842594
1.0011541664677865
1.0011837239575885
1.0012104583004042
1.0012343060602653
1.0012552106666017
1.0012731225462510
1.0012879992390824
1.0012998054969817
1.0013085133659938
1.0013141022514351
1.0013165589658435
1.0013158777596545
1.0013120603345471
1.0013051158394266
1.0012950608490512
1.0012819193253493
1.0012657225615109
1.0012465091089786
1.0012243246874861
