1.0000000716498600
1.0000000708285008
1.0000000698436751
1.0000000686978210
1.0000000673937575
1.0000000659346768
1.0000000643241391
1.0000000625660626
1.0000000606647150
1.0000000586247018
1.0000000564509572
1.0000000541487315
1.0000000517235765
1.0000000491813337
1.0000000465281227
1.0000000437703238
1.0000000409145631
1.0000000379676981
1.0000000349368006
1.0000000318291380
1.0000000286521573
1.0000000254134676
1.0000000221208196
1.0000000187820899
1.0000000154052611
1.0000000119984025
1.0000000085696523
1.0000000051271969
1.0000000016792516
0.9999999982340411
0.9999999947997766
0.9999999913846401
0.9999999879967635
0.9999999846442101
0.9999999813349564
0.9999999780768702
0.9999999748776941
0.9999999717450262
0.9999999686863018
0.9999999657087750
0.9999999628194999
0.9999999600253181
0.9999999573328401
0.9999999547484292
0.9999999522781861
0.9999999499279359
0.9999999477032157
0.9999999456092578
0.9999999436509789
0.9999999418329673
0.9999999401594728
0.9999999386343974
0.9999999372612831
0.9999999360433057
0.9999999349832666
0.9999999340835862
0.9999999333462981
0.9999999327730447
0.9999999323650756
0.9999999321232421
0.9999999320479952
0.9999999321393860
0.9999999323970642
0.9999999328202794
0.9999999334078833
0.9999999341583320
0.9999999350696911
0.9999999361396393
0.9999999373654743
0.9999999387441193
0.9999999402721303
0.9999999419457041
0.9999999437606866
0.9999999457125854
0.9999999477965793
0.9999999500075304
0.9999999523399954
0.9999999547882399
0.9999999573462522
0.9999999600077569
0.9999999627662305
0.9999999656149157
0.9999999685468388
0.9999999715548269
0.9999999746315239
0.9999999777694103
0.9999999809608192
0.9999999841979560
0.9999999874729161
0.9999999907777033
0.9999999941042521
0.9999999974444447
1.0000000007901304
1.0000000041331467
1.0000000074653383
1.0000000107785751
1.0000000140647756
1.0000000173159220
1.0000000205240815
1.0000000236814246
1.0000000267802445
1.0000000298129752
1.0000000327722103
1.0000000356507199
1.0000000384414689
1.0000000411376337
1.0000000437326173
1.0000000462200662
1.0000000485938851
1.0000000508482538
1.0000000529776385
1.0000000549768073
1.0000000568408416
1.0000000585651478
1.0000000601454688
1.0000000615778930
1.0000000628588657
1.0000000639851963
1.0000000649540670
1.0000000657630392
1.0000000664100592
1.0000000668934637
1.0000000672119831
1.0000000673647464
1.0000000673512797
1.0000000671715104
1.0000000668257660
1.0000000663147739
1.0000000656396604
1.0000000648019478
1.0000000638035498
1.0000000626467673
1.0000000613342828
1.0000000598691543
1.0000000582548105
1.0000000564950411
1.0000000545939860
1.0000000525561255
1.0000000503862700
1.0000000480895506
1.0000000456714047
1.0000000431375651
1.0000000404940437
1.0000000377471199
1.0000000349033216
1.0000000319694144
1.0000000289523838
1.0000000258594173
1.0000000226978889
1.0000000194753398
1.0000000161994600
1.0000000128780719
1.0000000095191111
1.0000000061306062
1.0000000027206615
0.9999999992974363
0.9999999958691260
0.9999999924439421
0.9999999890300927
0.9999999856357631
0.9999999822690955
0.9999999789381716
0.9999999756509899
0.9999999724154472
0.9999999692393199
0.9999999661302459
0.9999999630957086
0.9999999601430184
0.9999999572792931
0.9999999545114421
0.9999999518461490
0.9999999492898550
0.9999999468487437
0.9999999445287282
0.9999999423354362
0.9999999402741961
0.9999999383500237
0.9999999365676109
0.9999999349313137
0.9999999334451412
0.9999999321127480
0.9999999309374237
0.9999999299220854
0.9999999290692705
0.9999999283811308
0.9999999278594287
0.9999999275055295
0.9999999273204023
0.9999999273046167
0.9999999274583405
0.9999999277813379
0.9999999282729698
0.9999999289321955
0.9999999297575761
0.9999999307472779
0.9999999318990763
0.9999999332103623
0.9999999346781473
0.9999999362990708
0.9999999380694079
0.9999999399850785
0.9999999420416553
0.9999999442343768
0.9999999465581570
0.9999999490075985
0.9999999515770047
0.9999999542603939
0.9999999570515123
0.9999999599438506
0.9999999629306586
0.9999999660049613
0.9999999691595743
0.9999999723871213
0.9999999756800531
0.9999999790306631
0.9999999824311077
0.9999999858734242
0.9999999893495509
0.9999999928513446
0.9999999963705996
0.9999999998990691
1.0000000034284842
1.0000000069505726
1.0000000104570790
1.0000000139397847
1.0000000173905279
1.0000000208012234
1.0000000241638793
1.0000000274706176
1.0000000307136927
1.0000000338855104
1.0000000369786446
1.0000000399858573
1.0000000429001157
1.0000000457146065
1.0000000484227534
1.0000000510182325
1.0000000534949878
1.0000000558472439
1.0000000580695221
1.0000000601566503
1.0000000621037775
1.0000000639063851
1.0000000655602992
1.0000000670616984
1.0000000684071249
1.0000000695934890
1.0000000706180789
1.0000000714785680
1.0000000721730178
1.0000000726998839
1.0000000730580196
1.0000000732466781
1.0000000732655159
1.0000000731145913
1.0000000727943656
1.0000000723057014
1.0000000716498600
1.0000000708285008
1.0000000698436751
1.0000000686978210
