1.0073158528693342
1.0072239143444401
1.0071148592813410
1.0069889397630785
1.0068464469736618
1.0066877105947030
1.0065130981203987
1.0063230140915898
1.0061178992497180
1.0058982296116179
1.0056645154662063
1.0054173002942497
1.0051571596125266
1.0048846997438492
1.0046005565145464
1.0043053938811715
1.0039999024883677
1.0036847981599819
1.0033608203257121
1.0030287303857430
1.0026893100160248
1.0023433594170446
1.0019916955091404
1.0016351500776115
1.0012745678710855
1.0009108046568198
1.0005447252368189
1.0001772014288544
0.9998091100166860
0.9994413306739879
0.9990747438666785
0.9987102287385416
0.9983486609852096
0.9979909107217532
0.9976378403492719
0.9972903024260369
0.9969491375488534
0.9966151722504286
0.9962892169186207
0.9959720637435151
0.9956644846983154
0.9953672295600686
0.9950810239762380
0.9948065675830993
0.9945445321818986
0.9942955599786087
0.9940602618930177
0.9938392159427339
0.9936329657075201
0.9934420188791750
0.9932668459019455
0.9931078787081925
0.9929655095537548
0.9928400899571365
0.9927319297463167
0.9926412962166123
0.9925684134026521
0.9925134614671197
0.9924765762085026
0.9924578486896716
0.9924573249886506
0.9924750060725100
0.9925108477948453
0.9925647610168529
0.9926366118515537
0.9927262220302618
0.9928333693899412
0.9929577884796597
0.9930991712839149
0.9932571680601887
0.9934313882876976
0.9936214017239118
0.9938267395650664
0.9940468957065511
0.9942813280987468
0.9945294601935960
0.9947906824769345
0.9950643540813768
0.9953498044743486
0.9956463352156878
0.9959532217790864
0.9962697154315355
0.9965950451648515
0.9969284196732969
0.9972690293712839
0.9976160484451427
0.9979686369329652
0.9983259428265721
0.9986871041897269
0.9990512512868105
0.9994175087162710
0.9997849975433041
1.0001528374263531
1.0005201487321829
1.0008860546344449
1.0012496831908395
1.0016101693941639
1.0019666571927379
1.0023183014759023
1.0026642700204844
1.0030037453943443
1.0033359268133168
1.0036600319480766
1.0039752986776653
1.0042809867866151
1.0045763796028186
1.0048607855734804
1.0051335397766787
1.0053940053662582
1.0056415749479390
1.0058756718847106
1.0060957515297404
1.0063013023851857
1.0064918471854349
1.0066669439034643
1.0068261866791144
1.0069692066682221
1.0070956728116665
1.0072052925234984
1.0072978122974297
1.0073730182310547
1.0074307364672852
1.0074708335525557
1.0074932167114574
1.0074978340375320
1.0074846746000499
1.0074537684666658
1.0074051866419347
1.0073390409217431
1.0072554836637919
1.0071547074743505
1.0070369448115817
1.0069024675058249
1.0067515861973124
1.0065846496918904
1.0064020442354098
1.0062041927075593
1.0059915537360233
1.0057646207319604
1.0055239208479247
1.0052700138594779
1.0050034909718821
1.0047249735534056
1.0044351117969239
1.0041345833116646
1.0038240916471057
1.0035043647512247
1.0031761533654528
1.0028402293589052
1.0024973840046305
1.0021484262008327
1.0017941806402224
1.0014354859308547
1.0010731926720218
1.0007081614889848
1.0003412610305285
0.9999733659335369
0.9996053547589984
0.9992381079040349
0.9988725054947626
0.9985094252649569
0.9981497404256918
0.9977943175312719
0.9974440143469405
0.9970996777239720
0.9967621414878863
0.9964322243456174
0.9961107278175548
0.9957984342004284
0.9954961045670445
0.9952044768088976
0.9949242637276552
0.9946561511814878
0.9944007962921254
0.9941588257184365
0.9939308340021905
0.9937173819915122
0.9935189953473497
0.9933361631380541
0.9931693365269262
0.9930189275573290
0.9928853080396460
0.9927688085440497
0.9926697175026991
0.9925882804246137
0.9925246992260808
0.9924791316790473
0.9924516909795225
0.9924424454375842
0.9924514182901334
0.9924785876370946
0.9925238865012975
0.9925872030118154
0.9926683807100790
0.9927672189776376
0.9928834735839849
0.9930168573524356
0.9931670409416197
0.9933336537397417
0.9935162848683741
0.9937144842921752
0.9939277640305840
0.9941555994672041
0.9943974307523079
0.9946526642936047
0.9949206743301752
0.9952008045842654
0.9954923699854334
0.9957946584613969
0.9961069327897870
0.9964284325049247
0.9967583758536588
0.9970959617942625
0.9974403720323691
0.9977907730879388
0.9981463183872801
0.9985061503742080
0.9988694026345063
0.9992352020279542
0.9996026708223011
0.9999709288237084
1.0003390954983298
1.0007062920798617
1.0010716436580807
1.0014342812435577
1.0017933438039477
1.0021479802674418
1.0024973514891840
1.0028406321766519
1.0031770127702193
1.0035057012753263
1.0038259250428876
1.0041369324947818
1.0044379947914668
1.0047284074389629
1.0050074918326386
1.0052745967354317
1.0055290996883062
1.0057704083509276
1.0059979617707109
1.0062112315785490
1.0064097231096851
1.0065929764483403
1.0067605673948381
1.0069121083541037
1.0070472491445392
1.0071656777263882
1.0072671208488162
1.0073513446150353
1.0074181549649024
1.0074673980745090
1.0074989606723779
1.0075127702719597
1.0075087953202082
1.0074870452620950
1.0074475705210095
1.0073904623950529
1.0073158528693342
1.0072239143444401
1.0071148592813410
1.0069889397630785
