1.0091697827966173
1.0090547820108748
1.0089183682363649
1.0087608540227617
1.0085826004650040
1.0083840164838946
1.0081655580085482
1.0079277270612381
1.0076710707452967
1.0073961801368392
1.0071036890811917
1.0067942728950432
1.0064686469754798
1.0061275653172248
1.0057718189395739
1.0054022342246935
1.0050196711691681
1.0046250215508690
1.0042192070134579
1.0038031770710747
1.0033779070360052
1.0029443958723916
1.0025036639793163
1.0020567509068778
1.0016047130091670
1.0011486210383458
1.0006895576843347
1.0002286150649251
0.9997668921714405
0.9993054922753678
0.9988455203016923
0.9983880801749612
0.9979342721443903
0.9974851900946057
0.9970419188488640
0.9966055314718593
0.9961770865794323
0.9957576256627030
0.9953481704343281
0.9949497202047273
0.9945632492962346
0.9941897045032222
0.9938300026062777
0.9934850279485320
0.9931556300821948
0.9928426214932828
0.9925467754124090
0.9922688237193320
0.9920094549487668
0.9917693124047013
0.9915489923901744
0.9913490425591174
0.9911699603965058
0.9910121918326243
0.9908761299967974
0.9907621141154466
0.9906704285588025
0.9906013020400386
0.9905549069700179
0.9905313589702249
0.9905307165458465
0.9905529809203100
0.9905980960319462
0.9906659486927936
0.9907563689089077
0.9908691303608782
0.9910039510426349
0.9911604940559844
0.9913383685577207
0.9915371308555607
0.9917562856486007
0.9919952874074592
0.9922535418887675
0.9925304077782233
0.9928251984559883
0.9931371838778312
0.9934655925650800
0.9938096136961462
0.9941683992921339
0.9945410664888377
0.9949266998872706
0.9953243539747391
0.9957330556084081
0.9961518065532626
0.9965795860663788
0.9970153535194604
0.9974580510516745
0.9979066062449332
0.9983599348139225
0.9988169433033424
0.9992765317850274
0.9997375965478394
1.0001990327734722
1.0006597371915613
1.0011186107077783
1.0015745609988627
1.0020265050688510
1.0024733717610688
1.0029141042207390
1.0033476623033888
1.0037730249245274
1.0041891923463777
1.0045951883977426
1.0049900626233739
1.0053728923595007
1.0057427847324427
1.0060988785774989
1.0064403462755513
1.0067663955050681
1.0070762709074048
1.0073692556635276
1.0076446729804700
1.0079018874860295
1.0081403065303742
1.0083593813933900
1.0085586083967442
1.0087375299197783
1.0088957353184571
1.0090328617467126
1.0091485948796250
1.0092426695379682
1.0093148702137291
1.0093650314962892
1.0093930383990191
1.0093988265861034
1.0093823824994679
1.0093437433857395
1.0092829972232251
1.0092002825489463
1.0090957881858280
1.0089697528701851
1.0088224647797213
1.0086542609623175
1.0084655266659570
1.0082566945702049
1.0080282439197632
1.0077806995606962
1.0075146308800378
1.0072306506496045
1.0069294137749618
1.0066116159506322
1.0062779922227887
1.0059293154608309
1.0055663947394267
1.0051900736327963
1.0048012284232142
1.0044007662259216
1.0039896230328862
1.0035687616780746
1.0031391697271714
1.0027018572949435
1.0022578547937235
1.0018082106167756
1.0013539887606073
1.0008962663905765
1.0004361313544636
0.9999746796489815
0.9995130128444966
0.9990522354735472
0.9985934523890393
0.9981377660982977
0.9976862740794288
0.9972400660867222
0.9968002214520711
0.9963678063896292
0.9959438713111360
0.9955294481595223
0.9951255477685770
0.9947331572565922
0.9943532374619859
0.9939867204289820
0.9936345069514424
0.9932974641829394
0.9929764233210925
0.9926721773741106
0.9923854790173278
0.9921170385473426
0.9918675219411401
0.9916375490273025
0.9914276917760956
0.9912384727148630
0.9910703634747504
0.9909237834743521
0.9907990987453826
0.9906966209049745
0.9906166062786498
0.9905592551774463
0.9905247113320776
0.9905130614863999
0.9905243351518142
0.9905585045235916
0.9906154845594591
0.9906951332201320
0.9907972518708191
0.9909215858420899
0.9910678251478532
0.9912356053575880
0.9914245086193606
0.9916340648295907
0.9918637529449957
0.9921130024316106
0.9923811948453144
0.9926676655378521
0.9929717054819283
0.9932925632085980
0.9936294468498601
0.9939815262790762
0.9943479353416173
0.9947277741679496
0.9951201115612349
0.9955239874514058
0.9959384154076425
0.9963623852011488
0.9967948654101557
0.9972348060591429
0.9976811412843611
0.9981327920178753
0.9985886686825058
0.9990476738902336
0.9995087051368418
0.9999706574858135
1.0004324262347462
1.0008929095578250
1.0013510111181616
1.0018056426441164
1.0022557264640066
1.0027001979939172
1.0031380081736372
1.0035681258460478
1.0039895400755936
1.0044012624017691
1.0048023290238552
1.0051918029134181
1.0055687758513656
1.0059323703866248
1.0062817417137593
1.0066160794670955
1.0069346094291514
1.0072365951513842
1.0075213394854809
1.0077881860236069
1.0080365204461990
1.0082657717760641
1.0084754135376957
1.0086649648208412
1.0088339912475108
1.0089821058417063
1.0091089698012652
1.0092142931713113
1.0092978354188802
1.0093594059083768
1.0093988642775826
1.0094161207139989
1.0094111361313773
1.0093839222463412
1.0093345415550541
1.0092631072099540
1.0091697827966173
1.0090547820108748
1.0089183682363649
1.0087608540227617
