1.0372950292885437
1.0368423856846396
1.0363052033882802
1.0356845556907350
1.0349816858760192
1.0341980061961396
1.0333350966763142
1.0323947037392827
1.0313787386366327
1.0302892756739150
1.0291285502152605
1.0278989564521828
1.0266030449203456
1.0252435197472345
1.0238232356129724
1.0223451944059347
1.0208125415543801
1.0192285620150419
1.0175966758995425
1.0159204337196117
1.0142035112324230
1.0124497038679714
1.0106629207212541
1.0088471780931805
1.0070065925655836
1.0051453735974987
1.0032678156319979
1.0013782897053560
0.9994812345531796
0.9975811472113592
0.9956825731133048
0.9937900956889020
0.9919083254749491
0.9900418887515087
0.9881954157235968
0.9863735282728732
0.9845808273094994
0.9828218797599917
0.9811012052326752
0.9794232624081799
0.9777924352081928
0.9762130188013387
0.9746892055105095
0.9732250706910539
0.9718245586539455
0.9704914687121964
0.9692294414323009
0.9680419451752876
0.9669322630139188
0.9659034801136170
0.9649584716647718
0.9640998914531038
0.9633301611526994
0.9626514604231821
0.9620657178882270
0.9615746030672861
0.9611795193260217
0.9608815979036255
0.9606816930669749
0.9605803784326222
0.9605779444879992
0.9606743973331149
0.9608694586536001
0.9611625669253251
0.9615528798402271
0.9620392779325128
0.9626203693743077
0.9632944959001668
0.9640597398108753
0.9649139319987190
0.9658546609290263
0.9668792825063823
0.9679849307485152
0.9691685291865663
0.9704268029072375
0.9717562911502141
0.9731533603732254
0.9746142176971405
0.9761349246444944
0.9777114110867549
0.9793394893184107
0.9810148681794386
0.9827331671518351
0.9844899303605795
0.9862806404144753
0.9881007320277438
0.9899456053689001
0.9918106390892146
0.9936912029888935
0.9955826702848898
0.9974804294499373
0.9993798955978872
1.0012765213957100
1.0031658074875043
1.0050433124205531
1.0069046620678057
1.0087455585451501
1.0105617886254634
1.0123492316546745
1.0141038669779407
1.0158217808865422
1.0174991730982423
1.0191323627856685
1.0207177941687304
1.0222520416882541
1.0237318147788941
1.0251539622599666
1.0265154763632207
1.0278134964166772
1.0290453122036003
1.0302083670153905
1.0313002604167643
1.0323187507410136
1.0332617573324248
1.0341273625521155
1.0349138135626421
1.0356195239057107
1.0362430748862572
1.0367832167750173
1.0372388698405146
1.0376091252201658
1.0378932456389236
1.0380906659825806
1.0382009937315251
1.0382240092594106
1.0381596659998347
1.0380080904827640
1.0377695822410706
1.0374446135861748
1.0370338292504202
1.0365380458924458
1.0359582514604739
1.0352956044070922
1.0345514327477974
1.0337272329542759
1.0328246686721456
1.0318455692516564
1.0307919280786884
1.0296659006922617
1.0284698026737396
1.0272061072919250
1.0258774428873891
1.0244865899785864
1.0230364780716712
1.0215301821554155
1.0199709188622745
1.0183620422764665
1.0167070393699351
1.0150095250473077
1.0132732367814217
1.0115020288217100
1.0096998659587457
1.0078708168295472
1.0060190467498666
1.0041488100616345
1.0022644419860576
1.0003703499755272
0.9984710045605462
0.9965709296913066
0.9946746925773357
0.9927868930327910
0.9909121523394931
0.9890551016446232
0.9872203699151366
0.9854125714763418
0.9836362931676684
0.9818960811544012
0.9801964274399676
0.9785417561291911
0.9769364094986590
0.9753846339359133
0.9738905658144701
0.9724582173765816
0.9710914627000947
0.9697940238296113
0.9685694571553216
0.9674211401252634
0.9663522583782703
0.9653657933854289
0.9644645106874156
0.9636509488135558
0.9629274089658366
0.9622959455473817
0.9617583576100875
0.9613161812902407
0.9609706832940730
0.9607228554874051
0.9605734106349101
0.9605227793252117
0.9605711081081469
0.9607182588602107
0.9609638093836569
0.9613070552340836
0.9617470127607671
0.9622824233336993
0.9629117587213862
0.9636332275741274
0.9644447829588449
0.9653441308837281
0.9663287397440355
0.9673958506145197
0.9685424883090747
0.9697654731244716
0.9710614331823917
0.9724268172824172
0.9738579081781608
0.9753508361892419
0.9769015930632989
0.9785060460045951
0.9801599517889126
0.9818589708882657
0.9835986815333889
0.9853745936468503
0.9871821625849364
0.9890168026319957
0.9908739001966724
0.9927488266652809
0.9946369508733851
0.9965336511623931
0.9984343269935700
1.0003344100972722
1.0022293751403384
1.0041147498994218
1.0059861249325568
1.0078391627454308
1.0096696064526349
1.0114732879375958
1.0132461355179467
1.0149841811257818
1.0166835670145569
1.0183405520063635
1.0199515172949407
1.0215129718210945
1.0230215572382071
1.0244740524862517
1.0258673779931962
1.0271985995229225
1.0284649316887997
1.0296637411518743
1.0307925495222992
1.0318490359821091
1.0328310396468017
1.0337365616824219
1.0345637671939738
1.0353109869000181
1.0359767186072737
1.0365596284979255
1.0370585522411777
1.0374724959393737
1.0378006369177477
1.0380423243655901
1.0381970798352902
1.0382645976043867
1.0382447449044092
1.0381375620189310
1.0379432622518872
1.0376622317658459
1.0372950292885437
1.0368423856846396
1.0363052033882802
1.0356845556907350
