1.0000000104136282
1.0000000103047815
1.0000000101728486
1.0000000100181663
1.0000000098411255
1.0000000096421680
1.0000000094217867
1.0000000091805259
1.0000000089189778
1.0000000086377836
1.0000000083376315
1.0000000080192528
1.0000000076834212
1.0000000073309503
1.0000000069626935
1.0000000065795414
1.0000000061824199
1.0000000057722858
1.0000000053501259
1.0000000049169548
1.0000000044738135
1.0000000040217651
1.0000000035618921
1.0000000030952954
1.0000000026230904
1.0000000021464066
1.0000000016663815
1.0000000011841594
1.0000000007008887
1.0000000002177196
0.9999999997358018
0.9999999992562800
0.9999999987802914
0.9999999983089635
0.9999999978434121
0.9999999973847387
0.9999999969340274
0.9999999964923432
0.9999999960607281
0.9999999956401990
0.9999999952317453
0.9999999948363264
0.9999999944548694
0.9999999940882668
0.9999999937373741
0.9999999934030087
0.9999999930859491
0.9999999927869314
0.9999999925066466
0.9999999922457411
0.9999999920048132
0.9999999917844122
0.9999999915850382
0.9999999914071382
0.9999999912511092
0.9999999911172943
0.9999999910059827
0.9999999909174091
0.9999999908517542
0.9999999908091433
0.9999999907896447
0.9999999907932710
0.9999999908199781
0.9999999908696665
0.9999999909421813
0.9999999910373141
0.9999999911548010
0.9999999912943248
0.9999999914555143
0.9999999916379458
0.9999999918411442
0.9999999920645833
0.9999999923076880
0.9999999925698372
0.9999999928503633
0.9999999931485546
0.9999999934636581
0.9999999937948784
0.9999999941413813
0.9999999945022963
0.9999999948767172
0.9999999952637060
0.9999999956622958
0.9999999960714920
0.9999999964902729
0.9999999969175937
0.9999999973523889
0.9999999977935753
0.9999999982400544
0.9999999986907148
0.9999999991444355
0.9999999996000885
1.0000000000565425
1.0000000005126632
1.0000000009673162
1.0000000014193704
1.0000000018677020
1.0000000023111963
1.0000000027487508
1.0000000031792764
1.0000000036017023
1.0000000040149781
1.0000000044180746
1.0000000048099869
1.0000000051897373
1.0000000055563765
1.0000000059089873
1.0000000062466869
1.0000000065686285
1.0000000068740045
1.0000000071620472
1.0000000074320303
1.0000000076832738
1.0000000079151414
1.0000000081270446
1.0000000083184413
1.0000000084888399
1.0000000086377998
1.0000000087649321
1.0000000088698993
1.0000000089524179
1.0000000090122612
1.0000000090492569
1.0000000090632866
1.0000000090542889
1.0000000090222569
1.0000000089672394
1.0000000088893415
1.0000000087887235
1.0000000086656018
1.0000000085202483
1.0000000083529885
1.0000000081642022
1.0000000079543196
1.0000000077238227
1.0000000074732434
1.0000000072031641
1.0000000069142141
1.0000000066070687
1.0000000062824477
1.0000000059411132
1.0000000055838687
1.0000000052115572
1.0000000048250586
1.0000000044252866
1.0000000040131880
1.0000000035897412
1.0000000031559533
1.0000000027128559
1.0000000022615034
1.0000000018029713
1.0000000013383537
1.0000000008687606
1.0000000003953138
0.9999999999191456
0.9999999994413956
0.9999999989632096
0.9999999984857352
0.9999999980101201
0.9999999975375070
0.9999999970690329
0.9999999966058251
0.9999999961490004
0.9999999956996630
0.9999999952588987
0.9999999948277739
0.9999999944073327
0.9999999939985944
0.9999999936025515
0.9999999932201667
0.9999999928523717
0.9999999925000645
0.9999999921641062
0.9999999918453207
0.9999999915444920
0.9999999912623619
0.9999999909996293
0.9999999907569468
0.9999999905349195
0.9999999903341036
0.9999999901550050
0.9999999899980800
0.9999999898637334
0.9999999897523160
0.9999999896641237
0.9999999895993978
0.9999999895583238
0.9999999895410309
0.9999999895475932
0.9999999895780284
0.9999999896322979
0.9999999897103070
0.9999999898119044
0.9999999899368837
0.9999999900849826
0.9999999902558844
0.9999999904492182
0.9999999906645607
0.9999999909014353
0.9999999911593154
0.9999999914376242
0.9999999917357369
0.9999999920529818
0.9999999923886420
0.9999999927419555
0.9999999931121197
0.9999999934982914
0.9999999938995889
0.9999999943150969
0.9999999947438657
0.9999999951849138
0.9999999956372305
0.9999999960997784
0.9999999965714947
0.9999999970512953
0.9999999975380763
0.9999999980307179
0.9999999985280849
0.9999999990290316
0.9999999995324034
1.0000000000370388
1.0000000005417742
1.0000000010454475
1.0000000015468988
1.0000000020449742
1.0000000025385247
1.0000000030264138
1.0000000035075172
1.0000000039807260
1.0000000044449511
1.0000000048991240
1.0000000053421991
1.0000000057731584
1.0000000061910126
1.0000000065948031
1.0000000069836044
1.0000000073565263
1.0000000077127171
1.0000000080513651
1.0000000083716998
1.0000000086729928
1.0000000089545600
1.0000000092157644
1.0000000094560169
1.0000000096747781
1.0000000098715585
1.0000000100459208
1.0000000101974802
1.0000000103259064
1.0000000104309228
1.0000000105123086
1.0000000105698987
1.0000000106035849
1.0000000106133153
1.0000000105990949
1.0000000105609856
1.0000000104991056
1.0000000104136282
1.0000000103047815
1.0000000101728486
1.0000000100181663
