1.0000129222034899
1.0000127610920344
1.0000125696815818
1.0000123484325756
1.0000120978766565
1.0000118186153906
1.0000115113188306
1.0000111767239128
1.0000108156326937
1.0000104289104332
1.0000100174835258
1.0000095823372845
1.0000091245135840
1.0000086451083714
1.0000081452690444
1.0000076261917092
1.0000070891183199
1.0000065353337091
1.0000059661625174
1.0000053829660263
1.0000047871389046
1.0000041801058759
1.0000035633183109
1.0000029382507594
1.0000023063974244
1.0000016692685925
1.0000010283870222
1.0000003852843058
0.9999997414972075
0.9999990985639908
0.9999984580207414
0.9999978213976950
0.9999971902155805
0.9999965659819859
0.9999959501877552
0.9999953443034251
0.9999947497757106
0.9999941680240472
0.9999936004371989
0.9999930483699399
0.9999925131398147
0.9999919960239924
0.9999914982562117
0.9999910210238342
0.9999905654650075
0.9999901326659472
0.9999897236583389
0.9999893394168748
0.9999889808569249
0.9999886488323511
0.9999883441334663
0.9999880674851481
0.9999878195451070
0.9999876009023155
0.9999874120756028
0.9999872535124164
0.9999871255877563
0.9999870286032811
0.9999869627865877
0.9999869282906677
0.9999869251935463
0.9999869534980980
0.9999870131320420
0.9999871039481192
0.9999872257244464
0.9999873781650489
0.9999875609005707
0.9999877734891620
0.9999880154175372
0.9999882861022076
0.9999885848908788
0.9999889110640126
0.9999892638365487
0.9999896423597884
0.9999900457234256
0.9999904729577261
0.9999909230358504
0.9999913948763104
0.9999918873455574
0.9999923992606972
0.9999929293923221
0.9999934764674535
0.9999940391725871
0.9999946161568375
0.9999952060351733
0.9999958073917297
0.9999964187831957
0.9999970387422693
0.9999976657811674
0.9999982983951865
0.9999989350663014
0.9999995742668010
1.0000002144629414
1.0000008541186167
1.0000014916990341
1.0000021256743861
1.0000027545235108
1.0000033767375311
1.0000039908234637
1.0000045953077912
1.0000051887399892
1.0000057696959963
1.0000063367816210
1.0000068886358751
1.0000074239342331
1.0000079413917997
1.0000084397663849
1.0000089178614757
1.0000093745290974
1.0000098086725622
1.0000102192490921
1.0000106052723130
1.0000109658146175
1.0000113000093829
1.0000116070530454
1.0000118862070246
1.0000121367994905
1.0000123582269729
1.0000125499558055
1.0000127115234057
1.0000128425393786
1.0000129426864561
1.0000130117212556
1.0000130494748649
1.0000130558532476
1.0000130308374700
1.0000129744837478
1.0000128869233162
1.0000127683621165
1.0000126190803085
1.0000124394316001
1.0000122298424041
1.0000119908108240
1.0000117229054617
1.0000114267640612
1.0000111030919869
1.0000107526605386
1.0000103763051107
1.0000099749231965
1.0000095494722436
1.0000091009673668
1.0000086304789246
1.0000081391299613
1.0000076280935242
1.0000070985898606
1.0000065518835020
1.0000059892802431
1.0000054121240218
1.0000048217937072
1.0000042196998029
1.0000036072810772
1.0000029860011246
1.0000023573448664
1.0000017228150027
1.0000010839284208
1.0000004422125699
0.9999997992018078
0.9999991564337358
0.9999985154455215
0.9999978777702226
0.9999972449331251
0.9999966184480922
0.9999959998139465
0.9999953905108878
0.9999947919969534
0.9999942057045311
0.9999936330369341
0.9999930753650441
0.9999925340240328
0.9999920103101689
0.9999915054777194
0.9999910207359470
0.9999905572462190
0.9999901161192286
0.9999896984123402
0.9999893051270573
0.9999889372066278
0.9999885955337848
0.9999882809286360
0.9999879941467005
0.9999877358771005
0.9999875067409122
0.9999873072896769
0.9999871380040815
0.9999869992928059
0.9999868914915431
0.9999868148621941
0.9999867695922412
0.9999867557942946
0.9999867735058245
0.9999868226890660
0.9999869032311069
0.9999870149441543
0.9999871575659812
0.9999873307605509
0.9999875341188169
0.9999877671596974
0.9999880293312234
0.9999883200118558
0.9999886385119682
0.9999889840754930
0.9999893558817247
0.9999897530472807
0.9999901746282089
0.9999906196222407
0.9999910869711836
0.9999915755634498
0.9999920842367097
0.9999926117806672
0.9999931569399494
0.9999937184171040
0.9999942948757007
0.9999948849435180
0.9999954872158239
0.9999961002587303
0.9999967226126167
0.9999973527956167
0.9999979893071556
0.9999986306315349
0.9999992752415525
0.9999999216021483
1.0000005681740705
1.0000012134175529
1.0000018557959915
1.0000024937796139
1.0000031258491326
1.0000037504993737
1.0000043662428708
1.0000049716134176
1.0000055651695676
1.0000061454980782
1.0000067112172824
1.0000072609803892
1.0000077934786995
1.0000083074447299
1.0000088016552382
1.0000092749341472
1.0000097261553500
1.0000101542453990
1.0000105581860690
1.0000109370167864
1.0000112898369218
1.0000116158079397
1.0000119141553998
1.0000121841708041
1.0000124252132880
1.0000126367111495
1.0000128181632133
1.0000129691400248
1.0000130892848755
1.0000131783146520
1.0000132360205090
1.0000132622683666
1.0000132569992290
1.0000132202293239
1.0000131520500590
1.0000130526278037
1.0000129222034899
1.0000127610920344
1.0000125696815818
1.0000123484325756
