1.0000058885555609
1.0000058155422753
1.0000057287473181
1.0000056283798691
1.0000055146814781
1.0000053879254873
1.0000052484163751
1.0000050964890292
1.0000049325079465
1.0000047568663581
1.0000045699852915
1.0000043723125605
1.0000041643216970
1.0000039465108175
1.0000037194014311
1.0000034835371925
1.0000032394826051
1.0000029878216679
1.0000027291564815
1.0000024641058052
1.0000021933035808
1.0000019173974151
1.0000016370470339
1.0000013529227045
1.0000010657036322
1.0000007760763387
1.0000004847330191
1.0000001923698871
0.9999998996855134
0.9999996073791537
0.9999993161490801
0.9999990266909109
0.9999987396959465
0.9999984558495180
0.9999981758293509
0.9999979003039443
0.9999976299309737
0.9999973653557191
0.9999971072095235
0.9999968561082836
0.9999966126509782
0.9999963774182381
0.9999961509709581
0.9999959338489595
0.9999957265696968
0.9999955296270229
0.9999953434900091
0.9999951686018256
0.9999950053786829
0.9999948542088389
0.9999947154516698
0.9999945894368120
0.9999944764633769
0.9999943767992384
0.9999942906803924
0.9999942183103927
0.9999941598598665
0.9999941154661086
0.9999940852327535
0.9999940692295294
0.9999940674920936
0.9999940800219489
0.9999941067864418
0.9999941477188428
0.9999942027185059
0.9999942716511110
0.9999943543489875
0.9999944506115166
0.9999945602056119
0.9999946828662800
0.9999948182972539
0.9999949661717042
0.9999951261330231
0.9999952977956775
0.9999954807461333
0.9999956745438444
0.9999958787223089
0.9999960927901870
0.9999963162324762
0.9999965485117448
0.9999967890694182
0.9999970373271178
0.9999972926880442
0.9999975545384078
0.9999978222488969
0.9999980951761827
0.9999983726644612
0.9999986540470210
0.9999989386478391
0.9999992257832006
0.9999995147633346
0.9999998048940655
1.0000000954784736
1.0000003858185627
1.0000006752169315
1.0000009629784417
1.0000012484118825
1.0000015308316246
1.0000018095592600
1.0000020839252262
1.0000023532704092
1.0000026169477236
1.0000028743236580
1.0000031247797907
1.0000033677142710
1.0000036025432590
1.0000038287023236
1.0000040456477932
1.0000042528580562
1.0000044498348111
1.0000046361042589
1.0000048112182383
1.0000049747552950
1.0000051263216962
1.0000052655523695
1.0000053921117775
1.0000055056947226
1.0000056060270757
1.0000056928664371
1.0000057660027148
1.0000058252586279
1.0000058704901316
1.0000059015867619
1.0000059184719037
1.0000059211029735
1.0000059094715259
1.0000058836032724
1.0000058435580204
1.0000057894295327
1.0000057213453044
1.0000056394662600
1.0000055439863667
1.0000054351321737
1.0000053131622726
1.0000051783666817
1.0000050310661510
1.0000048716113976
1.0000047003822663
1.0000045177868244
1.0000043242603871
1.0000041202644787
1.0000039062857295
1.0000036828347112
1.0000034504447197
1.0000032096704987
1.0000029610869152
1.0000027052875862
1.0000024428834586
1.0000021745013508
1.0000019007824539
1.0000016223807995
1.0000013399616972
1.0000010542001434
1.0000007657792092
1.0000004753884053
1.0000001837220367
0.9999998914775412
0.9999995993538228
0.9999993080495799
0.9999990182616363
0.9999987306832743
0.9999984460025774
0.9999981649007860
0.9999978880506678
0.9999976161149083
0.9999973497445256
0.9999970895773141
0.9999968362363199
0.9999965903283509
0.9999963524425259
0.9999961231488655
0.9999959029969261
0.9999956925144871
0.9999954922062868
0.9999953025528165
0.9999951240091722
0.9999949570039642
0.9999948019382906
0.9999946591847786
0.9999945290866911
0.9999944119571061
0.9999943080781672
0.9999942177004068
0.9999941410421462
0.9999940782889721
0.9999940295932910
0.9999939950739651
0.9999939748160255
0.9999939688704683
0.9999939772541299
0.9999939999496452
0.9999940369054872
0.9999940880360889
0.9999941532220489
0.9999942323104120
0.9999943251150345
0.9999944314170272
0.9999945509652771
0.9999946834770468
0.9999948286386464
0.9999949861061824
0.9999951555063782
0.9999953364374642
0.9999955284701367
0.9999957311485824
0.9999959439915659
0.9999961664935788
0.9999963981260466
0.9999966383385890
0.9999968865603353
0.9999971422012860
0.9999974046537192
0.9999976732936432
0.9999979474822870
0.9999982265676253
0.9999985098859335
0.9999987967633729
0.9999990865175988
0.9999993784593917
0.9999996718943013
0.9999999661243045
1.0000002604494718
1.0000005541696380
1.0000008465860750
1.0000011370031603
1.0000014247300366
1.0000017090822619
1.0000019893834438
1.0000022649668532
1.0000025351770168
1.0000027993712814
1.0000030569213481
1.0000033072147709
1.0000035496564206
1.0000037836699052
1.0000040086989470
1.0000042242087082
1.0000044296870672
1.0000046246458421
1.0000048086219562
1.0000049811785428
1.0000051419059859
1.0000052904229000
1.0000054263770370
1.0000055494461300
1.0000056593386577
1.0000057557945445
1.0000058385857777
1.0000059075169510
1.0000059624257305
1.0000060031832430
1.0000060296943796
1.0000060418980241
1.0000060397671962
1.0000060233091141
1.0000059925651779
1.0000059476108671
1.0000058885555609
1.0000058155422753
1.0000057287473181
1.0000056283798691
