1.0000000000774210
1.0000000000771736
1.0000000000767888
1.0000000000762697
1.0000000000756191
1.0000000000748390
1.0000000000739315
1.0000000000728981
1.0000000000717411
1.0000000000704652
1.0000000000690739
1.0000000000675715
1.0000000000659621
1.0000000000642495
1.0000000000624381
1.0000000000605320
1.0000000000585365
1.0000000000564573
1.0000000000543001
1.0000000000520712
1.0000000000497764
1.0000000000474212
1.0000000000450100
1.0000000000425489
1.0000000000400424
1.0000000000374962
1.0000000000349167
1.0000000000323108
1.0000000000296863
1.0000000000270490
1.0000000000244060
1.0000000000217639
1.0000000000191285
1.0000000000165052
1.0000000000139002
1.0000000000113192
1.0000000000087683
1.0000000000062537
1.0000000000037803
1.0000000000013543
0.9999999999989798
0.9999999999966627
0.9999999999944081
0.9999999999922198
0.9999999999901020
0.9999999999880598
0.9999999999860976
0.9999999999842200
0.9999999999824308
0.9999999999807345
0.9999999999791342
0.9999999999776336
0.9999999999762349
0.9999999999749405
0.9999999999737511
0.9999999999726673
0.9999999999716901
0.9999999999708206
0.9999999999700607
0.9999999999694118
0.9999999999688737
0.9999999999684474
0.9999999999681336
0.9999999999679324
0.9999999999678426
0.9999999999678627
0.9999999999679912
0.9999999999682264
0.9999999999685671
0.9999999999690108
0.9999999999695557
0.9999999999701993
0.9999999999709385
0.9999999999717705
0.9999999999726935
0.9999999999737047
0.9999999999748016
0.9999999999759807
0.9999999999772380
0.9999999999785694
0.9999999999799707
0.9999999999814362
0.9999999999829607
0.9999999999845384
0.9999999999861632
0.9999999999878298
0.9999999999895336
0.9999999999912691
0.9999999999930307
0.9999999999948134
0.9999999999966112
0.9999999999984177
1.0000000000002272
1.0000000000020330
1.0000000000038305
1.0000000000056131
1.0000000000073745
1.0000000000091098
1.0000000000108134
1.0000000000124800
1.0000000000141045
1.0000000000156835
1.0000000000172133
1.0000000000186908
1.0000000000201115
1.0000000000214702
1.0000000000227620
1.0000000000239826
1.0000000000251286
1.0000000000261975
1.0000000000271860
1.0000000000280909
1.0000000000289100
1.0000000000296405
1.0000000000302811
1.0000000000308289
1.0000000000312819
1.0000000000316365
1.0000000000318912
1.0000000000320453
1.0000000000320981
1.0000000000320490
1.0000000000318974
1.0000000000316416
1.0000000000312801
1.0000000000308131
1.0000000000302411
1.0000000000295648
1.0000000000287856
1.0000000000279050
1.0000000000269245
1.0000000000258467
1.0000000000246743
1.0000000000234091
1.0000000000220546
1.0000000000206128
1.0000000000190865
1.0000000000174787
1.0000000000157923
1.0000000000140308
1.0000000000121976
1.0000000000102969
1.0000000000083329
1.0000000000063107
1.0000000000042362
1.0000000000021145
0.9999999999999510
0.9999999999977508
0.9999999999955185
0.9999999999932583
0.9999999999909749
0.9999999999886736
0.9999999999863598
0.9999999999840377
0.9999999999817127
0.9999999999793904
0.9999999999770766
0.9999999999747774
0.9999999999724986
0.9999999999702449
0.9999999999680219
0.9999999999658348
0.9999999999636884
0.9999999999615875
0.9999999999595363
0.9999999999575396
0.9999999999556032
0.9999999999537322
0.9999999999519312
0.9999999999502061
0.9999999999485616
0.9999999999470023
0.9999999999455318
0.9999999999441542
0.9999999999428743
0.9999999999416964
0.9999999999406241
0.9999999999396612
0.9999999999388128
0.9999999999380819
0.9999999999374708
0.9999999999369810
0.9999999999366139
0.9999999999363707
0.9999999999362523
0.9999999999362609
0.9999999999363980
0.9999999999366634
0.9999999999370573
0.9999999999375794
0.9999999999382293
0.9999999999390068
0.9999999999399107
0.9999999999409404
0.9999999999420940
0.9999999999433699
0.9999999999447654
0.9999999999462795
0.9999999999479109
0.9999999999496582
0.9999999999515187
0.9999999999534899
0.9999999999555679
0.9999999999577492
0.9999999999600300
0.9999999999624047
0.9999999999648680
0.9999999999674147
0.9999999999700409
0.9999999999727416
0.9999999999755115
0.9999999999783449
0.9999999999812356
0.9999999999841772
0.9999999999871652
0.9999999999901938
0.9999999999932582
0.9999999999963515
0.9999999999994658
1.0000000000025948
1.0000000000057330
1.0000000000088733
1.0000000000120097
1.0000000000151357
1.0000000000182450
1.0000000000213323
1.0000000000243918
1.0000000000274181
1.0000000000304048
1.0000000000333458
1.0000000000362355
1.0000000000390687
1.0000000000418399
1.0000000000445430
1.0000000000471725
1.0000000000497222
1.0000000000521880
1.0000000000545641
1.0000000000568445
1.0000000000590239
1.0000000000610982
1.0000000000630629
1.0000000000649139
1.0000000000666485
1.0000000000682638
1.0000000000697571
1.0000000000711253
1.0000000000723659
1.0000000000734763
1.0000000000744551
1.0000000000753002
1.0000000000760110
1.0000000000765867
1.0000000000770271
1.0000000000773317
1.0000000000774993
1.0000000000775293
1.0000000000774210
1.0000000000771736
1.0000000000767888
1.0000000000762697
