1.0003677350545859
1.0003630937563108
1.0003575868710211
1.0003512275683131
1.0003440310510974
1.0003360145194853
1.0003271971299312
1.0003175999497242
1.0003072459069342
1.0002961597359263
1.0002843679185776
1.0002718986213259
1.0002587816282038
1.0002450482700089
1.0002307313497811
1.0002158650647592
1.0002004849250004
1.0001846276688502
1.0001683311754674
1.0001516343746053
1.0001345771538614
1.0001172002636194
1.0000995452199015
1.0000816542053659
1.0000635699686808
1.0000453357225143
1.0000269950403808
1.0000085917525954
0.9999901698415733
0.9999717733367353
0.9999534462092605
0.9999352322669457
0.9999171750494159
0.9998993177239434
0.9998817029821201
0.9998643729376373
0.9998473690254152
0.9998307319023247
0.9998145013497444
0.9997987161781835
0.9997834141342060
0.9997686318098823
0.9997544045549807
0.9997407663921204
0.9997277499350862
0.9997153863105078
0.9997037050830920
0.9996927341845914
0.9996824998466839
0.9996730265379239
0.9996643369049225
0.9996564517178974
0.9996493898207293
0.9996431680856442
0.9996378013726367
0.9996333024937296
0.9996296821821614
0.9996269490665722
0.9996251096502572
0.9996241682955348
0.9996241272132694
0.9996249864575735
0.9996267439257044
0.9996293953631538
0.9996329343739160
0.9996373524359139
0.9996426389215420
0.9996487811232753
0.9996557642842845
0.9996635716339781
0.9996721844283871
0.9996815819952930
0.9996917417839871
0.9997026394195392
0.9997142487614438
0.9997265419664997
0.9997394895557680
0.9997530604854471
0.9997672222214906
0.9997819408177855
0.9997971809977027
0.9998129062388167
0.9998290788605941
0.9998456601148321
0.9998626102786311
0.9998798887496785
0.9998974541436058
0.9999152643931899
0.9999332768491567
0.9999514483823473
0.9999697354869943
0.9999880943848647
1.0000064811300176
1.0000248517139290
1.0000431621707282
1.0000613686822921
1.0000794276829514
1.0000972959635590
1.0001149307746708
1.0001322899285929
1.0001493319000525
1.0001660159252554
1.0001823020990974
1.0001981514702951
1.0002135261342180
1.0002283893231958
1.0002427054940934
1.0002564404129424
1.0002695612364352
1.0002820365900886
1.0002938366428955
1.0003049331782823
1.0003152996612166
1.0003249113013004
1.0003337451117080
1.0003417799638228
1.0003489966374517
1.0003553778664986
1.0003609083799920
1.0003655749383660
1.0003693663649191
1.0003722735723701
1.0003742895844510
1.0003754095524890
1.0003756307669356
1.0003749526638206
1.0003733768261154
1.0003709069799942
1.0003675489860113
1.0003633108252123
1.0003582025802100
1.0003522364112711
1.0003454265274672
1.0003377891529581
1.0003293424884854
1.0003201066681664
1.0003101037116882
1.0002993574720132
1.0002878935787185
1.0002757393771005
1.0002629238631904
1.0002494776148274
1.0002354327189558
1.0002208226953100
1.0002056824166718
1.0001900480258834
1.0001739568498118
1.0001574473104704
1.0001405588335006
1.0001233317542348
1.0001058072215609
1.0000880270998107
1.0000700338689139
1.0000518705230457
1.0000335804680112
1.0000152074176143
0.9999967952892496
0.9999783880989715
0.9999600298562907
0.9999417644589468
0.9999236355879125
0.9999056866028793
0.9998879604384715
0.9998704995014452
0.9998533455691148
0.9998365396892509
0.9998201220816925
0.9998041320419135
0.9997886078467731
0.9997735866626809
0.9997591044563990
0.9997451959086953
0.9997318943310587
0.9997192315856832
0.9997072380089094
0.9996959423383117
0.9996853716436127
0.9996755512615898
0.9996665047351343
0.9996582537566141
0.9996508181156730
0.9996442156516024
0.9996384622103942
0.9996335716065867
0.9996295555899940
0.9996264238174026
0.9996241838293001
0.9996228410316988
0.9996223986830975
0.9996228578866108
0.9996242175872867
0.9996264745746218
0.9996296234902616
0.9996336568408756
0.9996385650161662
0.9996443363119788
0.9996509569584420
0.9996584111530797
0.9996666810988105
0.9996757470467391
0.9996855873436393
0.9996961784840064
0.9997074951665582
0.9997195103550393
0.9997321953431845
0.9997455198236830
0.9997594519609713
0.9997739584676789
0.9997890046845409
0.9998045546635834
0.9998205712543807
0.9998370161931665
0.9998538501945933
0.9998710330459147
0.9998885237033565
0.9999062803904522
0.9999242606981005
0.9999424216861039
0.9999607199859418
0.9999791119045376
0.9999975535287626
1.0000160008304309
1.0000344097715312
1.0000527364094496
1.0000709370019201
1.0000889681114671
1.0001067867090789
1.0001243502768744
1.0001416169095116
1.0001585454141044
1.0001750954084043
1.0001912274170204
1.0002069029654481
1.0002220846716829
1.0002367363352069
1.0002508230231344
1.0002643111533152
1.0002771685742076
1.0002893646413222
1.0003008702900653
1.0003116581048093
1.0003217023840287
1.0003309792013471
1.0003394664623562
1.0003471439570737
1.0003539934079138
1.0003599985130667
1.0003651449851791
1.0003694205852480
1.0003728151516469
1.0003753206242236
1.0003769310634052
1.0003776426642701
1.0003774537655556
1.0003763648535775
1.0003743785610553
1.0003714996608439
1.0003677350545859
1.0003630937563108
1.0003575868710211
1.0003512275683131
