1.0000002348650223
1.0000002320818533
1.0000002287571212
1.0000002248989621
1.0000002205167802
1.0000002156212247
1.0000002102241630
1.0000002043386524
1.0000001979789082
1.0000001911602725
1.0000001838991746
1.0000001762130923
1.0000001681205097
1.0000001596408741
1.0000001507945506
1.0000001416027740
1.0000001320875942
1.0000001222718249
1.0000001121789883
1.0000001018332607
1.0000000912594122
1.0000000804827509
1.0000000695290614
1.0000000584245410
1.0000000471957375
1.0000000358694878
1.0000000244728520
1.0000000130330500
1.0000000015773958
0.9999999901332304
0.9999999787278582
0.9999999673884834
0.9999999561421434
0.9999999450156438
0.9999999340354966
0.9999999232278531
0.9999999126184445
0.9999999022325200
0.9999998920947853
0.9999998822293449
0.9999998726596416
0.9999998634084019
0.9999998544975824
0.9999998459483196
0.9999998377808773
0.9999998300145990
0.9999998226678619
0.9999998157580317
0.9999998093014226
0.9999998033132572
0.9999997978076300
0.9999997927974752
0.9999997882945350
0.9999997843093327
0.9999997808511459
0.9999997779279858
0.9999997755465783
0.9999997737123484
0.9999997724294077
0.9999997717005440
0.9999997715272140
0.9999997719095403
0.9999997728463115
0.9999997743349839
0.9999997763716902
0.9999997789512461
0.9999997820671662
0.9999997857116778
0.9999997898757408
0.9999997945490686
0.9999997997201534
0.9999998053762930
0.9999998115036217
0.9999998180871447
0.9999998251107731
0.9999998325573631
0.9999998404087558
0.9999998486458240
0.9999998572485157
0.9999998661959021
0.9999998754662286
0.9999998850369674
0.9999998948848690
0.9999999049860206
0.9999999153159032
0.9999999258494493
0.9999999365611058
0.9999999474248933
0.9999999584144674
0.9999999695031829
0.9999999806641584
0.9999999918703396
1.0000000030945646
1.0000000143096290
1.0000000254883510
1.0000000366036359
1.0000000476285447
1.0000000585363547
1.0000000693006252
1.0000000798952606
1.0000000902945729
1.0000001004733454
1.0000001104068914
1.0000001200711137
1.0000001294425611
1.0000001384984862
1.0000001472168996
1.0000001555766220
1.0000001635573355
1.0000001711396329
1.0000001783050634
1.0000001850361753
1.0000001913165608
1.0000001971308949
1.0000002024649721
1.0000002073057408
1.0000002116413329
1.0000002154610961
1.0000002187556163
1.0000002215167405
1.0000002237375956
1.0000002254126072
1.0000002265375127
1.0000002271093720
1.0000002271265738
1.0000002265888397
1.0000002254972244
1.0000002238541137
1.0000002216632191
1.0000002189295703
1.0000002156595016
1.0000002118606364
1.0000002075418690
1.0000002027133466
1.0000001973864419
1.0000001915737273
1.0000001852889455
1.0000001785469756
1.0000001713637978
1.0000001637564546
1.0000001557430136
1.0000001473425224
1.0000001385749622
1.0000001294611995
1.0000001200229376
1.0000001102826641
1.0000001002635976
1.0000000899896322
1.0000000794852795
1.0000000687756125
1.0000000578862038
1.0000000468430637
1.0000000356725800
1.0000000244014531
1.0000000130566336
1.0000000016652579
0.9999999902545832
0.9999999788519222
0.9999999674845769
0.9999999561797746
0.9999999449646019
0.9999999338659403
0.9999999229104020
0.9999999121242660
0.9999999015334154
0.9999998911632745
0.9999998810387495
0.9999998711841678
0.9999998616232197
0.9999998523789028
0.9999998434734656
0.9999998349283551
0.9999998267641649
0.9999998190005870
0.9999998116563630
0.9999998047492410
0.9999997982959312
0.9999997923120683
0.9999997868121722
0.9999997818096129
0.9999997773165784
0.9999997733440450
0.9999997699017511
0.9999997669981761
0.9999997646405177
0.9999997628346770
0.9999997615852420
0.9999997608954770
0.9999997607673149
0.9999997612013518
0.9999997621968456
0.9999997637517176
0.9999997658625560
0.9999997685246265
0.9999997717318819
0.9999997754769773
0.9999997797512862
0.9999997845449223
0.9999997898467635
0.9999997956444761
0.9999998019245440
0.9999998086723025
0.9999998158719727
0.9999998235066971
0.9999998315585801
0.9999998400087328
0.9999998488373181
0.9999998580235970
0.9999998675459777
0.9999998773820663
0.9999998875087196
0.9999998979021024
0.9999999085377433
0.9999999193905930
0.9999999304350842
0.9999999416451915
0.9999999529944943
0.9999999644562401
0.9999999760034063
0.9999999876087645
0.9999999992449474
1.0000000108845144
1.0000000225000161
1.0000000340640602
1.0000000455493745
1.0000000569288747
1.0000000681757262
1.0000000792634096
1.0000000901657831
1.0000001008571455
1.0000001113122985
1.0000001215066052
1.0000001314160489
1.0000001410172907
1.0000001502877258
1.0000001592055356
1.0000001677497417
1.0000001759002524
1.0000001836379155
1.0000001909445608
1.0000001978030433
1.0000002041972837
1.0000002101123064
1.0000002155342762
1.0000002204505305
1.0000002248496096
1.0000002287212857
1.0000002320565846
1.0000002348478074
1.0000002370885499
1.0000002387737181
1.0000002398995398
1.0000002404635733
1.0000002404647130
1.0000002399031913
1.0000002387805789
1.0000002370997794
1.0000002348650223
1.0000002320818533
1.0000002287571212
1.0000002248989621
