1.0000000008039878
1.0000000007977052
1.0000000007897758
1.0000000007802234
1.0000000007690744
1.0000000007563590
1.0000000007421115
1.0000000007263681
1.0000000007091678
1.0000000006905543
1.0000000006705740
1.0000000006492782
1.0000000006267196
1.0000000006029539
1.0000000005780401
1.0000000005520389
1.0000000005250136
1.0000000004970291
1.0000000004681526
1.0000000004384544
1.0000000004080061
1.0000000003768805
1.0000000003451535
1.0000000003129013
1.0000000002802010
1.0000000002471308
1.0000000002137694
1.0000000001801954
1.0000000001464884
1.0000000001127294
1.0000000000789988
1.0000000000453777
1.0000000000119451
0.9999999999787798
0.9999999999459600
0.9999999999135617
0.9999999998816589
0.9999999998503237
0.9999999998196278
0.9999999997896423
0.9999999997604364
0.9999999997320781
0.9999999997046314
0.9999999996781582
0.9999999996527194
0.9999999996283723
0.9999999996051728
0.9999999995831725
0.9999999995624194
0.9999999995429596
0.9999999995248351
0.9999999995080860
0.9999999994927483
0.9999999994788544
0.9999999994664318
0.9999999994555042
0.9999999994460940
0.9999999994382184
0.9999999994318917
0.9999999994271239
0.9999999994239206
0.9999999994222831
0.9999999994222096
0.9999999994236944
0.9999999994267285
0.9999999994312980
0.9999999994373857
0.9999999994449706
0.9999999994540294
0.9999999994645346
0.9999999994764546
0.9999999994897547
0.9999999995043968
0.9999999995203386
0.9999999995375349
0.9999999995559375
0.9999999995754951
0.9999999995961529
0.9999999996178545
0.9999999996405408
0.9999999996641518
0.9999999996886236
0.9999999997138911
0.9999999997398866
0.9999999997665415
0.9999999997937851
0.9999999998215438
0.9999999998497433
0.9999999998783089
0.9999999999071653
0.9999999999362365
0.9999999999654459
0.9999999999947174
1.0000000000239744
1.0000000000531408
1.0000000000821410
1.0000000001108995
1.0000000001393392
1.0000000001673846
1.0000000001949603
1.0000000002219935
1.0000000002484124
1.0000000002741465
1.0000000002991276
1.0000000003232890
1.0000000003465679
1.0000000003689031
1.0000000003902347
1.0000000004105056
1.0000000004296616
1.0000000004476512
1.0000000004644249
1.0000000004799365
1.0000000004941425
1.0000000005070029
1.0000000005184799
1.0000000005285405
1.0000000005371563
1.0000000005443013
1.0000000005499536
1.0000000005540941
1.0000000005567080
1.0000000005577852
1.0000000005573193
1.0000000005553080
1.0000000005517526
1.0000000005466583
1.0000000005400322
1.0000000005318850
1.0000000005222309
1.0000000005110876
1.0000000004984773
1.0000000004844261
1.0000000004689651
1.0000000004521290
1.0000000004339560
1.0000000004144871
1.0000000003937661
1.0000000003718392
1.0000000003487561
1.0000000003245693
1.0000000002993341
1.0000000002731100
1.0000000002459581
1.0000000002179419
1.0000000001891267
1.0000000001595788
1.0000000001293681
1.0000000000985663
1.0000000000672464
1.0000000000354834
1.0000000000033522
0.9999999999709297
0.9999999999382937
0.9999999999055238
0.9999999998726991
0.9999999998398992
0.9999999998072039
0.9999999997746912
0.9999999997424389
0.9999999997105239
0.9999999996790243
0.9999999996480176
0.9999999996175797
0.9999999995877853
0.9999999995587077
0.9999999995304178
0.9999999995029857
0.9999999994764792
0.9999999994509639
0.9999999994265039
0.9999999994031618
0.9999999993809977
0.9999999993600691
0.9999999993404303
0.9999999993221313
0.9999999993052197
0.9999999992897393
0.9999999992757311
0.9999999992632324
0.9999999992522770
0.9999999992428962
0.9999999992351185
0.9999999992289691
0.9999999992244695
0.9999999992216358
0.9999999992204791
0.9999999992210061
0.9999999992232199
0.9999999992271195
0.9999999992327001
0.9999999992399536
0.9999999992488686
0.9999999992594293
0.9999999992716164
0.9999999992854065
0.9999999993007721
0.9999999993176831
0.9999999993361056
0.9999999993560027
0.9999999993773341
0.9999999994000545
0.9999999994241155
0.9999999994494662
0.9999999994760529
0.9999999995038192
0.9999999995327062
0.9999999995626526
0.9999999995935936
0.9999999996254620
0.9999999996581885
0.9999999996917012
0.9999999997259267
0.9999999997607903
0.9999999997962167
0.9999999998321286
0.9999999998684490
0.9999999999050988
0.9999999999419976
0.9999999999790645
1.0000000000162170
1.0000000000533729
1.0000000000904503
1.0000000001273679
1.0000000001640448
1.0000000002004001
1.0000000002363538
1.0000000002718268
1.0000000003067409
1.0000000003410194
1.0000000003745879
1.0000000004073724
1.0000000004393015
1.0000000004703051
1.0000000005003167
1.0000000005292713
1.0000000005571050
1.0000000005837564
1.0000000006091674
1.0000000006332834
1.0000000006560537
1.0000000006774306
1.0000000006973695
1.0000000007158294
1.0000000007327721
1.0000000007481620
1.0000000007619674
1.0000000007741598
1.0000000007847147
1.0000000007936116
1.0000000008008347
1.0000000008063716
1.0000000008102128
1.0000000008123553
1.0000000008127989
1.0000000008115468
1.0000000008086063
1.0000000008039878
1.0000000007977052
1.0000000007897758
1.0000000007802234
