1.0000000016184742
1.0000000016043351
1.0000000015867871
1.0000000015658774
1.0000000015416619
1.0000000015142037
1.0000000014835728
1.0000000014498478
1.0000000014131143
1.0000000013734640
1.0000000013309958
1.0000000012858150
1.0000000012380335
1.0000000011877677
1.0000000011351411
1.0000000010802819
1.0000000010233228
1.0000000009644014
1.0000000009036605
1.0000000008412453
1.0000000007773056
1.0000000007119940
1.0000000006454663
1.0000000005778829
1.0000000005094052
1.0000000004401979
1.0000000003704259
1.0000000003002554
1.0000000002298524
1.0000000001593847
1.0000000000890197
1.0000000000189244
0.9999999999492659
0.9999999998802090
0.9999999998119156
0.9999999997445457
0.9999999996782577
0.9999999996132058
0.9999999995495427
0.9999999994874158
0.9999999994269683
0.9999999993683403
0.9999999993116655
0.9999999992570745
0.9999999992046924
0.9999999991546394
0.9999999991070287
0.9999999990619668
0.9999999990195553
0.9999999989798899
0.9999999989430590
0.9999999989091453
0.9999999988782223
0.9999999988503558
0.9999999988256044
0.9999999988040197
0.9999999987856449
0.9999999987705152
0.9999999987586571
0.9999999987500910
0.9999999987448295
0.9999999987428773
0.9999999987442291
0.9999999987488705
0.9999999987567803
0.9999999987679294
0.9999999987822823
0.9999999987997948
0.9999999988204146
0.9999999988440813
0.9999999988707269
0.9999999989002762
0.9999999989326471
0.9999999989677515
0.9999999990054950
0.9999999990457763
0.9999999990884881
0.9999999991335174
0.9999999991807457
0.9999999992300478
0.9999999992812952
0.9999999993343526
0.9999999993890814
0.9999999994453388
0.9999999995029784
0.9999999995618505
0.9999999996218030
0.9999999996826796
0.9999999997443226
0.9999999998065725
0.9999999998692697
0.9999999999322532
0.9999999999953620
1.0000000000584339
1.0000000001213067
1.0000000001838176
1.0000000002458043
1.0000000003071068
1.0000000003675666
1.0000000004270271
1.0000000004853333
1.0000000005423353
1.0000000005978864
1.0000000006518426
1.0000000007040653
1.0000000007544196
1.0000000008027747
1.0000000008490053
1.0000000008929908
1.0000000009346166
1.0000000009737720
1.0000000010103529
1.0000000010442609
1.0000000010754040
1.0000000011036980
1.0000000011290660
1.0000000011514378
1.0000000011707524
1.0000000011869543
1.0000000011999970
1.0000000012098405
1.0000000012164543
1.0000000012198149
1.0000000012199075
1.0000000012167234
1.0000000012102621
1.0000000012005315
1.0000000011875476
1.0000000011713348
1.0000000011519248
1.0000000011293575
1.0000000011036818
1.0000000010749541
1.0000000010432386
1.0000000010086063
1.0000000009711343
1.0000000009309082
1.0000000008880210
1.0000000008425711
1.0000000007946641
1.0000000007444103
1.0000000006919274
1.0000000006373375
1.0000000005807688
1.0000000005223537
1.0000000004622289
1.0000000004005365
1.0000000003374230
1.0000000002730378
1.0000000002075315
1.0000000001410585
1.0000000000737765
1.0000000000058455
0.9999999999374283
0.9999999998686894
0.9999999997997946
0.9999999997309094
0.9999999996621993
0.9999999995938300
0.9999999995259662
0.9999999994587725
0.9999999993924115
0.9999999993270445
0.9999999992628307
0.9999999991999268
0.9999999991384877
0.9999999990786644
0.9999999990206031
0.9999999989644465
0.9999999989103333
0.9999999988583985
0.9999999988087717
0.9999999987615749
0.9999999987169259
0.9999999986749367
0.9999999986357122
0.9999999985993518
0.9999999985659486
0.9999999985355897
0.9999999985083557
0.9999999984843202
0.9999999984635488
0.9999999984460995
0.9999999984320224
0.9999999984213587
0.9999999984141416
0.9999999984103971
0.9999999984101430
0.9999999984133878
0.9999999984201333
0.9999999984303730
0.9999999984440926
0.9999999984612694
0.9999999984818722
0.9999999985058615
0.9999999985331897
0.9999999985638013
0.9999999985976333
0.9999999986346155
0.9999999986746707
0.9999999987177142
0.9999999987636544
0.9999999988123928
0.9999999988638233
0.9999999989178342
0.9999999989743076
0.9999999990331200
0.9999999990941413
0.9999999991572379
0.9999999992222722
0.9999999992891014
0.9999999993575776
0.9999999994275481
0.9999999994988580
0.9999999995713479
0.9999999996448559
0.9999999997192180
0.9999999997942691
0.9999999998698412
0.9999999999457662
1.0000000000218741
1.0000000000979934
1.0000000001739540
1.0000000002495870
1.0000000003247234
1.0000000003991940
1.0000000004728318
1.0000000005454717
1.0000000006169518
1.0000000006871128
1.0000000007557981
1.0000000008228547
1.0000000008881333
1.0000000009514887
1.0000000010127790
1.0000000010718681
1.0000000011286256
1.0000000011829269
1.0000000012346517
1.0000000012836863
1.0000000013299226
1.0000000013732600
1.0000000014136039
1.0000000014508668
1.0000000014849684
1.0000000015158363
1.0000000015434063
1.0000000015676214
1.0000000015884321
1.0000000016057975
1.0000000016196846
1.0000000016300699
1.0000000016369364
1.0000000016402750
1.0000000016400861
1.0000000016363777
1.0000000016291657
1.0000000016184742
1.0000000016043351
1.0000000015867871
1.0000000015658774
