1.0000000028285003
1.0000000028020355
1.0000000027694931
1.0000000027309615
1.0000000026865421
1.0000000026363502
1.0000000025805138
1.0000000025191744
1.0000000024524864
1.0000000023806159
1.0000000023037414
1.0000000022220517
1.0000000021357469
1.0000000020450379
1.0000000019501452
1.0000000018512993
1.0000000017487412
1.0000000016427191
1.0000000015334889
1.0000000014213142
1.0000000013064649
1.0000000011892176
1.0000000010698544
1.0000000009486609
1.0000000008259267
1.0000000007019443
1.0000000005770098
1.0000000004514198
1.0000000003254723
1.0000000001994669
1.0000000000737022
0.9999999999484770
0.9999999998240878
0.9999999997008278
0.9999999995789868
0.9999999994588502
0.9999999993407004
0.9999999992248139
0.9999999991114616
0.9999999990009083
0.9999999988934120
0.9999999987892232
0.9999999986885842
0.9999999985917276
0.9999999984988777
0.9999999984102484
0.9999999983260428
0.9999999982464519
0.9999999981716567
0.9999999981018265
0.9999999980371178
0.9999999979776747
0.9999999979236267
0.9999999978750929
0.9999999978321773
0.9999999977949712
0.9999999977635509
0.9999999977379798
0.9999999977183057
0.9999999977045624
0.9999999976967702
0.9999999976949339
0.9999999976990447
0.9999999977090789
0.9999999977249983
0.9999999977467504
0.9999999977742675
0.9999999978074673
0.9999999978462539
0.9999999978905190
0.9999999979401414
0.9999999979949880
0.9999999980549107
0.9999999981197498
0.9999999981893340
0.9999999982634805
0.9999999983419953
0.9999999984246749
0.9999999985113047
0.9999999986016594
0.9999999986955057
0.9999999987926023
0.9999999988927001
0.9999999989955425
0.9999999991008662
0.9999999992084022
0.9999999993178756
0.9999999994290067
0.9999999995415120
0.9999999996551054
0.9999999997694992
0.9999999998844030
0.9999999999995262
1.0000000001145763
1.0000000002292606
1.0000000003432870
1.0000000004563667
1.0000000005682108
1.0000000006785337
1.0000000007870538
1.0000000008934957
1.0000000009975878
1.0000000010990655
1.0000000011976702
1.0000000012931509
1.0000000013852643
1.0000000014737742
1.0000000015584538
1.0000000016390858
1.0000000017154609
1.0000000017873807
1.0000000018546580
1.0000000019171165
1.0000000019745912
1.0000000020269300
1.0000000020739930
1.0000000021156545
1.0000000021518030
1.0000000021823396
1.0000000022071787
1.0000000022262474
1.0000000022394877
1.0000000022468563
1.0000000022483233
1.0000000022438733
1.0000000022335060
1.0000000022172357
1.0000000021950908
1.0000000021671160
1.0000000021333695
1.0000000020939230
1.0000000020488620
1.0000000019982855
1.0000000019423061
1.0000000018810502
1.0000000018146564
1.0000000017432753
1.0000000016670703
1.0000000015862158
1.0000000015009005
1.0000000014113224
1.0000000013176908
1.0000000012202259
1.0000000011191574
1.0000000010147236
1.0000000009071703
1.0000000007967511
1.0000000006837275
1.0000000005683687
1.0000000004509475
1.0000000003317437
1.0000000002110419
1.0000000000891291
0.9999999999662973
0.9999999998428410
0.9999999997190577
0.9999999995952450
0.9999999994717004
0.9999999993487210
0.9999999992266021
0.9999999991056379
0.9999999989861199
0.9999999988683381
0.9999999987525791
0.9999999986391243
0.9999999985282504
0.9999999984202275
0.9999999983153202
0.9999999982137855
0.9999999981158738
0.9999999980218266
0.9999999979318754
0.9999999978462430
0.9999999977651424
0.9999999976887755
0.9999999976173336
0.9999999975509958
0.9999999974899295
0.9999999974342909
0.9999999973842230
0.9999999973398561
0.9999999973013084
0.9999999972686843
0.9999999972420743
0.9999999972215560
0.9999999972071913
0.9999999971990280
0.9999999971970986
0.9999999972014211
0.9999999972119986
0.9999999972288198
0.9999999972518572
0.9999999972810689
0.9999999973163993
0.9999999973577782
0.9999999974051215
0.9999999974583317
0.9999999975172986
0.9999999975818983
0.9999999976519927
0.9999999977274298
0.9999999978080445
0.9999999978936591
0.9999999979840838
0.9999999980791177
0.9999999981785503
0.9999999982821612
0.9999999983897209
0.9999999985009896
0.9999999986157190
0.9999999987336528
0.9999999988545271
0.9999999989780695
0.9999999991040016
0.9999999992320403
0.9999999993618958
0.9999999994932739
0.9999999996258773
0.9999999997594059
0.9999999998935590
1.0000000000280327
1.0000000001625247
1.0000000002967324
1.0000000004303533
1.0000000005630856
1.0000000006946288
1.0000000008246861
1.0000000009529637
1.0000000010791723
1.0000000012030277
1.0000000013242496
1.0000000014425645
1.0000000015577051
1.0000000016694119
1.0000000017774331
1.0000000018815263
1.0000000019814592
1.0000000020770088
1.0000000021679629
1.0000000022541198
1.0000000023352889
1.0000000024112896
1.0000000024819544
1.0000000025471287
1.0000000026066707
1.0000000026604512
1.0000000027083558
1.0000000027502827
1.0000000027861429
1.0000000028158624
1.0000000028393818
1.0000000028566556
1.0000000028676543
1.0000000028723630
1.0000000028707812
1.0000000028629228
1.0000000028488152
1.0000000028285003
1.0000000028020355
1.0000000027694931
1.0000000027309615
