1.0000000025350602
1.0000000025116351
1.0000000024827840
1.0000000024485853
1.0000000024091293
1.0000000023645181
1.0000000023148661
1.0000000022602984
1.0000000022009505
1.0000000021369699
1.0000000020685136
1.0000000019957493
1.0000000019188560
1.0000000018380213
1.0000000017534436
1.0000000016653294
1.0000000015738928
1.0000000014793555
1.0000000013819466
1.0000000012819021
1.0000000011794641
1.0000000010748795
1.0000000009684000
1.0000000008602803
1.0000000007507783
1.0000000006401535
1.0000000005286687
1.0000000004165894
1.0000000003041820
1.0000000001917131
1.0000000000794496
0.9999999999676581
0.9999999998566029
0.9999999997465454
0.9999999996377456
0.9999999995304604
0.9999999994249411
0.9999999993214354
0.9999999992201849
0.9999999991214262
0.9999999990253889
0.9999999989322962
0.9999999988423622
0.9999999987557944
0.9999999986727930
0.9999999985935497
0.9999999985182454
0.9999999984470511
0.9999999983801284
0.9999999983176276
0.9999999982596900
0.9999999982064441
0.9999999981580083
0.9999999981144874
0.9999999980759745
0.9999999980425492
0.9999999980142797
0.9999999979912219
0.9999999979734177
0.9999999979608971
0.9999999979536783
0.9999999979517665
0.9999999979551546
0.9999999979638221
0.9999999979777354
0.9999999979968469
0.9999999980210967
0.9999999980504120
0.9999999980847083
0.9999999981238901
0.9999999981678502
0.9999999982164700
0.9999999982696181
0.9999999983271517
0.9999999983889174
0.9999999984547522
0.9999999985244841
0.9999999985979303
0.9999999986748990
0.9999999987551900
0.9999999988385954
0.9999999989248997
0.9999999990138818
0.9999999991053142
0.9999999991989620
0.9999999992945852
0.9999999993919391
0.9999999994907748
0.9999999995908401
0.9999999996918797
0.9999999997936349
0.9999999998958445
0.9999999999982481
1.0000000001005840
1.0000000002025911
1.0000000003040099
1.0000000004045830
1.0000000005040546
1.0000000006021708
1.0000000006986822
1.0000000007933432
1.0000000008859125
1.0000000009761529
1.0000000010638332
1.0000000011487287
1.0000000012306203
1.0000000013092976
1.0000000013845580
1.0000000014562076
1.0000000015240604
1.0000000015879404
1.0000000016476818
1.0000000017031281
1.0000000017541346
1.0000000018005657
1.0000000018422950
1.0000000018792101
1.0000000019112105
1.0000000019382083
1.0000000019601274
1.0000000019769042
1.0000000019884876
1.0000000019948392
1.0000000019959336
1.0000000019917570
1.0000000019823083
1.0000000019675994
1.0000000019476571
1.0000000019225197
1.0000000018922390
1.0000000018568795
1.0000000018165180
1.0000000017712432
1.0000000017211552
1.0000000016663666
1.0000000016070010
1.0000000015431934
1.0000000014750898
1.0000000014028467
1.0000000013266315
1.0000000012466219
1.0000000011630055
1.0000000010759775
1.0000000009857426
1.0000000008925125
1.0000000007965069
1.0000000006979526
1.0000000005970833
1.0000000004941374
1.0000000003893592
1.0000000002829990
1.0000000001753100
1.0000000000665490
0.9999999999569771
0.9999999998468566
0.9999999997364507
0.9999999996260230
0.9999999995158382
0.9999999994061612
0.9999999992972581
0.9999999991893928
0.9999999990828263
0.9999999989778174
0.9999999988746204
0.9999999987734867
0.9999999986746629
0.9999999985783911
0.9999999984849071
0.9999999983944421
0.9999999983072196
0.9999999982234549
0.9999999981433542
0.9999999980671155
0.9999999979949273
0.9999999979269691
0.9999999978634110
0.9999999978044127
0.9999999977501254
0.9999999977006875
0.9999999976562269
0.9999999976168608
0.9999999975826936
0.9999999975538186
0.9999999975303164
0.9999999975122543
0.9999999974996862
0.9999999974926526
0.9999999974911824
0.9999999974952903
0.9999999975049796
0.9999999975202407
0.9999999975410510
0.9999999975673741
0.9999999975991607
0.9999999976363476
0.9999999976788595
0.9999999977266092
0.9999999977794967
0.9999999978374104
0.9999999979002260
0.9999999979678078
0.9999999980400099
0.9999999981166758
0.9999999981976376
0.9999999982827165
0.9999999983717244
0.9999999984644643
0.9999999985607312
0.9999999986603102
0.9999999987629783
0.9999999988685059
0.9999999989766566
0.9999999990871886
0.9999999991998543
0.9999999993144009
0.9999999994305705
0.9999999995481020
0.9999999996667309
0.9999999997861900
0.9999999999062098
1.0000000000265195
1.0000000001468463
1.0000000002669178
1.0000000003864640
1.0000000005052145
1.0000000006229017
1.0000000007392598
1.0000000008540257
1.0000000009669419
1.0000000010777557
1.0000000011862176
1.0000000012920836
1.0000000013951156
1.0000000014950825
1.0000000015917598
1.0000000016849309
1.0000000017743877
1.0000000018599302
1.0000000019413675
1.0000000020185178
1.0000000020912105
1.0000000021592852
1.0000000022225926
1.0000000022809945
1.0000000023343654
1.0000000023825906
1.0000000024255680
1.0000000024632061
1.0000000024954261
1.0000000025221629
1.0000000025433640
1.0000000025589897
1.0000000025690121
1.0000000025734175
1.0000000025722058
1.0000000025653899
1.0000000025529954
1.0000000025350602
1.0000000025116351
1.0000000024827840
1.0000000024485853
