1.0000004597753045
1.0000004542517067
1.0000004476631954
1.0000004400258193
1.0000004313581203
1.0000004216810905
1.0000004110181231
1.0000003993949540
1.0000003868396012
1.0000003733822980
1.0000003590554205
1.0000003438934102
1.0000003279326910
1.0000003112115814
1.0000002937702028
1.0000002756503843
1.0000002568955622
1.0000002375506754
1.0000002176620595
1.0000001972773356
1.0000001764452966
1.0000001552157907
1.0000001336396018
1.0000001117683270
1.0000000896542545
1.0000000673502389
1.0000000449095756
1.0000000223858712
0.9999999998329159
0.9999999773045545
0.9999999548545587
0.9999999325364980
0.9999999104036122
0.9999998885086852
0.9999998669039174
0.9999998456408024
0.9999998247700036
0.9999998043412309
0.9999997844031249
0.9999997650031403
0.9999997461874315
0.9999997280007423
0.9999997104862993
0.9999996936857081
0.9999996776388556
0.9999996623838142
0.9999996479567510
0.9999996343918417
0.9999996217211884
0.9999996099747436
0.9999995991802380
0.9999995893631146
0.9999995805464684
0.9999995727509918
0.9999995659949252
0.9999995602940155
0.9999995556614756
0.9999995521079538
0.9999995496415092
0.9999995482675933
0.9999995479890358
0.9999995488060385
0.9999995507161765
0.9999995537144040
0.9999995577930649
0.9999995629419126
0.9999995691481335
0.9999995763963796
0.9999995846688038
0.9999995939451047
0.9999996042025735
0.9999996154161503
0.9999996275584846
0.9999996405999986
0.9999996545089614
0.9999996692515618
0.9999996847919919
0.9999997010925326
0.9999997181136446
0.9999997358140637
0.9999997541508966
0.9999997730797268
0.9999997925547199
0.9999998125287327
0.9999998329534270
0.9999998537793874
0.9999998749562369
0.9999998964327594
0.9999999181570224
0.9999999400764998
0.9999999621382011
0.9999999842887954
1.0000000064747401
1.0000000286424089
1.0000000507382214
1.0000000727087706
1.0000000945009511
1.0000001160620882
1.0000001373400620
1.0000001582834332
1.0000001788415656
1.0000001989647485
1.0000002186043147
1.0000002377127579
1.0000002562438459
1.0000002741527327
1.0000002913960651
1.0000003079320867
1.0000003237207389
1.0000003387237570
1.0000003529047614
1.0000003662293440
1.0000003786651519
1.0000003901819645
1.0000004007517660
1.0000004103488127
1.0000004189496958
1.0000004265333955
1.0000004330813344
1.0000004385774199
1.0000004430080829
1.0000004463623113
1.0000004486316767
1.0000004498103550
1.0000004498951407
1.0000004488854539
1.0000004467833412
1.0000004435934722
1.0000004393231292
1.0000004339821911
1.0000004275831080
1.0000004201408708
1.0000004116729759
1.0000004021993836
1.0000003917424709
1.0000003803269792
1.0000003679799552
1.0000003547306855
1.0000003406106266
1.0000003256533314
1.0000003098943666
1.0000002933712289
1.0000002761232558
1.0000002581915295
1.0000002396187824
1.0000002204492957
1.0000002007287905
1.0000001805043188
1.0000001598241515
1.0000001387376642
1.0000001172952169
1.0000000955480342
1.0000000735480850
1.0000000513479572
1.0000000290007314
1.0000000065598538
0.9999999840790085
0.9999999616119903
0.9999999392125757
0.9999999169343936
0.9999998948307982
0.9999998729547422
0.9999998513586488
0.9999998300942845
0.9999998092126376
0.9999997887637959
0.9999997687968252
0.9999997493596529
0.9999997304989537
0.9999997122600369
0.9999996946867393
0.9999996778213196
0.9999996617043587
0.9999996463746625
0.9999996318691682
0.9999996182228550
0.9999996054686608
0.9999995936374035
0.9999995827577058
0.9999995728559283
0.9999995639561047
0.9999995560798846
0.9999995492464819
0.9999995434726308
0.9999995387725412
0.9999995351578685
0.9999995326376840
0.9999995312184519
0.9999995309040142
0.9999995316955804
0.9999995335917257
0.9999995365883930
0.9999995406789041
0.9999995458539738
0.9999995521017333
0.9999995594077580
0.9999995677551008
0.9999995771243327
0.9999995874935895
0.9999995988386216
0.9999996111328529
0.9999996243474454
0.9999996384513669
0.9999996534114639
0.9999996691925409
0.9999996857574439
0.9999997030671495
0.9999997210808587
0.9999997397560921
0.9999997590487920
0.9999997789134278
0.9999997993031046
0.9999998201696743
0.9999998414638510
0.9999998631353276
0.9999998851328964
0.9999999074045705
0.9999999298977081
0.9999999525591377
0.9999999753352853
0.9999999981723017
1.0000000210161906
1.0000000438129379
1.0000000665086402
1.0000000890496328
1.0000001113826196
1.0000001334547983
1.0000001552139870
1.0000001766087478
1.0000001975885116
1.0000002181036958
1.0000002381058255
1.0000002575476470
1.0000002763832396
1.0000002945681250
1.0000003120593741
1.0000003288157100
1.0000003447976062
1.0000003599673817
1.0000003742892891
1.0000003877296000
1.0000004002566862
1.0000004118410943
1.0000004224556160
1.0000004320753515
1.0000004406777707
1.0000004482427667
1.0000004547527024
1.0000004601924521
1.0000004645494387
1.0000004678136625
1.0000004699777254
1.0000004710368486
1.0000004709888832
1.0000004698343155
1.0000004675762642
1.0000004642204741
1.0000004597753045
1.0000004542517067
1.0000004476631954
1.0000004400258193
