1.0097568529670999
1.0096345701503224
1.0094895173394052
1.0093220259484830
1.0091324788888749
1.0089213098158731
1.0086890022724901
1.0084360887306387
1.0081631495303205
1.0078708117175086
1.0075597477815164
1.0072306742927801
1.0068843504421350
1.0065215764828210
1.0061431920766297
1.0057500745457959
1.0053431370324495
1.0049233265676611
1.0044916220523614
1.0040490321526585
1.0035965931123607
1.0031353664857852
1.0026664367942335
1.0021909091098240
1.0017099065706909
1.0012245678318863
1.0007360444566553
1.0002454982531006
0.9997540985615853
0.9992630194985758
0.9987734371629587
0.9982865268112063
0.9978034600080870
0.9973254017599338
0.9968535076377836
0.9963889208979837
0.9959327696081224
0.9954861637863767
0.9950501925625735
0.9946259213694414
0.9942143891726746
0.9938166057485347
0.9934335490177741
0.9930661624446990
0.9927153525101542
0.9923819862671599
0.9920668889877944
0.9917708419097668
0.9914945800909043
0.9912387903794996
0.9910041095081689
0.9907911223184884
0.9906003601232762
0.9904322992129256
0.9902873595116886
0.9901659033892749
0.9900682346325445
0.9899945975814538
0.9899451764327876
0.9899200947145189
0.9899194149329664
0.9899431383941977
0.9899912052004218
0.9900634944213823
0.9901598244400434
0.9902799534711505
0.9904235802505276
0.9905903448922890
0.9907798299104782
0.9909915614009860
0.9912250103790003
0.9914795942666504
0.9917546785249606
0.9920495784237300
0.9923635609424997
0.9926958467953421
0.9930456125718479
0.9934119929863700
0.9937940832273064
0.9941909413980007
0.9946015910406552
0.9950250237345418
0.9954602017597198
0.9959060608174556
0.9963615127985453
0.9968254485908146
0.9972967409171707
0.9977742471957224
0.9982568124136573
0.9987432720067759
0.9992324547368178
0.9997231855589657
1.0002142884722069
1.0007045893455218
1.0011929187131825
1.0016781145327878
1.0021590248999659
1.0026345107140453
1.0031034482893146
1.0035647319068530
1.0040172763022368
1.0044600190847688
1.0048919230842142
1.0053119786213318
1.0057192056988140
1.0061126561095273
1.0064914154592508
1.0068546051013614
1.0072013839811811
1.0075309503879408
1.0078425436125413
1.0081354455094846
1.0084089819615676
1.0086625242460872
1.0088954903014744
1.0091073458934250
1.0092976056797147
1.0094658341730249
1.0096116466011915
1.0097347096643954
1.0098347421888962
1.0099115156769809
1.0099648547528655
1.0099946375043520
1.0100007957200883
1.0099833150223299
1.0099422348951486
1.0098776486080783
1.0097897030352212
1.0096785983698970
1.0095445877349525
1.0093879766888993
1.0092091226281130
1.0090084340853747
1.0087863699251176
1.0085434384358138
1.0082801963200252
1.0079972475827426
1.0076952423187531
1.0073748753998950
1.0070368850631952
1.0066820514010579
1.0063111947548149
1.0059251740131478
1.0055248848170946
1.0051112576735590
1.0046852559794832
1.0042478739590823
1.0038001345168064
1.0033430870089775
1.0028778049373297
1.0024053835679949
1.0019269374797783
1.0014435980459040
1.0009565108537359
1.0004668330673172
0.9999757307379152
0.9994843760681063
0.9989939446352653
0.9985056125806782
0.9980205537708083
0.9975399369375876
0.9970649228048968
0.9965966612087006
0.9961362882185664
0.9956849232685492
0.9952436663056530
0.9948135949642608
0.9943957617750904
0.9939911914173603
0.9936008780229287
0.9932257825412173
0.9928668301737300
0.9925249078869310
0.9922008620121545
0.9918954959410768
0.9916095679250868
0.9913437889866535
0.9910988209504967
0.9908752746020251
0.9906737079801212
0.9904946248109061
0.9903384730886484
0.9902056438094534
0.9900964698628015
0.9900112250854151
0.9899501234812972
0.9899133186111290
0.9899009031535285
0.9899129086399832
0.9899493053645451
0.9900100024686628
0.9900948482007979
0.9902036303497553
0.9903360768499412
0.9904918565560635
0.9906705801841108
0.9908718014147815
0.9910950181549063
0.9913396739518047
0.9916051595549625
0.9918908146188861
0.9921959295405016
0.9925197474240406
0.9928614661659566
0.9932202406520775
0.9935951850589032
0.9939853752507194
0.9943898512639963
0.9948076198704131
0.9952376572097426
0.9956789114837823
0.9961303057025305
0.9965907404738323
0.9970590968278151
0.9975342390675532
0.9980150176375582
0.9985002720018870
0.9989888335238757
0.9994795283397637
0.9999711802187349
1.0004626134021992
1.0009526554154460
1.0014401398451176
1.0019239090762824
1.0024028169832271
1.0028757315684345
1.0033415375445434
1.0037991388544434
1.0042474611249808
1.0046854540500982
1.0051120936995457
1.0055263847496148
1.0059273626326628
1.0063140956024736
1.0066856867127794
1.0070412757065308
1.0073800408137625
1.0077012004561205
1.0080040148563347
1.0082877875511296
1.0085518668062403
1.0087956469323840
1.0090185695011733
1.0092201244601093
1.0093998511459168
1.0095573391955919
1.0096922293546380
1.0098042141820496
1.0098930386516847
1.0099585006497378
1.0100004513680814
1.0100187955933078
1.0100134918913479
1.0099845526875921
1.0099320442424780
1.0098560865225576
1.0097568529670999
1.0096345701503224
1.0094895173394052
1.0093220259484830
