1.0001624727578271
1.0001604256622845
1.0001579963027911
1.0001551904984660
1.0001520149669778
1.0001484773085252
1.0001445859877163
1.0001403503133843
1.0001357804163877
1.0001308872254511
1.0001256824411053
1.0001201785077822
1.0001143885841337
1.0001083265116451
1.0001020067816169
1.0000954445005941
1.0000886553543229
1.0000816555703227
1.0000744618791602
1.0000670914745180
1.0000595619721564
1.0000518913678595
1.0000440979944660
1.0000362004780916
1.0000282176936448
1.0000201687197450
1.0000120727931443
1.0000039492627666
0.9999958175434690
0.9999876970696432
0.9999796072487617
0.9999715674149828
0.9999635967829197
0.9999557144016940
0.9999479391093761
0.9999402894879247
0.9999327838187327
0.9999254400388856
0.9999182756982369
0.9999113079174096
0.9999045533468149
0.9998980281267922
0.9998917478489681
0.9998857275189246
0.9998799815202652
0.9998745235801686
0.9998693667365111
0.9998645233066363
0.9998600048578513
0.9998558221797142
0.9998519852581889
0.9998485032517171
0.9998453844692820
0.9998426363504973
0.9998402654477860
0.9998382774106829
0.9998366769723029
0.9998354679380053
0.9998346531762811
0.9998342346118904
0.9998342132212609
0.9998345890301613
0.9998353611136557
0.9998365275983373
0.9998380856668342
0.9998400315645823
0.9998423606088449
0.9998450671999569
0.9998481448347666
0.9998515861222439
0.9998553828012163
0.9998595257601912
0.9998640050592142
0.9998688099537131
0.9998739289202675
0.9998793496842432
0.9998850592492220
0.9998910439281612
0.9998972893762023
0.9999037806250531
0.9999105021188593
0.9999174377514780
0.9999245709050665
0.9999318844898896
0.9999393609852517
0.9999469824814532
0.9999547307226740
0.9999625871506791
0.9999705329492412
0.9999785490891735
0.9999866163738645
0.9999947154852084
1.0000028270298160
1.0000109315853998
1.0000190097472215
1.0000270421744890
1.0000350096365960
1.0000428930590888
1.0000506735692540
1.0000583325412162
1.0000658516404399
1.0000732128675285
1.0000803986012177
1.0000873916404602
1.0000941752454997
1.0001007331778389
1.0001070497390054
1.0001131098080271
1.0001188988775207
1.0001244030883176
1.0001296092625318
1.0001345049350063
1.0001390783830537
1.0001433186544229
1.0001472155934270
1.0001507598651704
1.0001539429778157
1.0001567573028396
1.0001591960932321
1.0001612534995907
1.0001629245840733
1.0001642053321804
1.0001650926623338
1.0001655844332338
1.0001656794489737
1.0001653774619059
1.0001646791732408
1.0001635862313920
1.0001621012280575
1.0001602276920547
1.0001579700809251
1.0001553337703206
1.0001523250412037
1.0001489510648887
1.0001452198859577
1.0001411404030960
1.0001367223478903
1.0001319762616372
1.0001269134702200
1.0001215460571113
1.0001158868345703
1.0001099493130938
1.0001037476692025
1.0000972967116308
1.0000906118460062
1.0000837090380990
1.0000766047757299
1.0000693160294285
1.0000618602119333
1.0000542551366289
1.0000465189750212
1.0000386702133499
1.0000307276084446
1.0000227101429249
1.0000146369798548
1.0000065274169609
0.9999984008405186
0.9999902766790207
0.9999821743567360
0.9999741132472716
0.9999661126272483
0.9999581916301996
0.9999503692008064
0.9999426640495749
0.9999350946080684
0.9999276789847984
0.9999204349218821
0.9999133797525724
0.9999065303597577
0.9998999031355345
0.9998935139419486
0.9998873780730030
0.9998815102180185
0.9998759244264399
0.9998706340741684
0.9998656518315047
0.9998609896327776
0.9998566586477365
0.9998526692547712
0.9998490310160248
0.9998457526544632
0.9998428420329504
0.9998403061353880
0.9998381510499569
0.9998363819545091
0.9998350031041381
0.9998340178209629
0.9998334284861484
0.9998332365341807
0.9998334424494136
0.9998340457648917
0.9998350450634532
0.9998364379811154
0.9998382212127274
0.9998403905198761
0.9998429407410373
0.9998458658039318
0.9998491587400683
0.9998528117014321
0.9998568159792857
0.9998611620250253
0.9998658394730525
0.9998708371655987
0.9998761431794490
0.9998817448544974
0.9998876288240648
0.9998937810469026
0.9999001868408141
0.9999068309178036
0.9999136974206747
0.9999207699609853
0.9999280316582700
0.9999354651804356
0.9999430527852303
0.9999507763626926
0.9999586174784707
0.9999665574179145
0.9999745772308288
0.9999826577767853
0.9999907797708812
0.9999989238298365
1.0000070705183193
1.0000152003953884
1.0000232940609421
1.0000313322020631
1.0000392956391473
1.0000471653717076
1.0000549226237423
1.0000625488885606
1.0000700259729616
1.0000773360406514
1.0000844616548081
1.0000913858196840
1.0000980920211522
1.0001045642660968
1.0001107871205539
1.0001167457465168
1.0001224259373149
1.0001278141514802
1.0001328975450254
1.0001376640020561
1.0001421021636439
1.0001462014548934
1.0001499521101349
1.0001533451961877
1.0001563726336380
1.0001590272160801
1.0001613026272775
1.0001631934562003
1.0001646952099070
1.0001658043242345
1.0001665181722792
1.0001668350706436
1.0001667542834349
1.0001662760240053
1.0001654014544306
1.0001641326827289
1.0001624727578271
1.0001604256622845
1.0001579963027911
1.0001551904984660
