1.0000000068205768
1.0000000067513999
1.0000000066672390
1.0000000065683115
1.0000000064548684
1.0000000063271959
1.0000000061856136
1.0000000060304732
1.0000000058621581
1.0000000056810820
1.0000000054876892
1.0000000052824518
1.0000000050658691
1.0000000048384670
1.0000000046007964
1.0000000043534332
1.0000000040969761
1.0000000038320433
1.0000000035592733
1.0000000032793213
1.0000000029928604
1.0000000027005782
1.0000000024031754
1.0000000021013631
1.0000000017958621
1.0000000014874024
1.0000000011767187
1.0000000008645509
1.0000000005516425
1.0000000002387388
0.9999999999265841
0.9999999996159199
0.9999999993074835
0.9999999990020046
0.9999999987002055
0.9999999984027995
0.9999999981104879
0.9999999978239592
0.9999999975438865
0.9999999972709289
0.9999999970057274
0.9999999967489053
0.9999999965010630
0.9999999962627782
0.9999999960346059
0.9999999958170752
0.9999999956106894
0.9999999954159245
0.9999999952332289
0.9999999950630196
0.9999999949056844
0.9999999947615791
0.9999999946310290
0.9999999945143262
0.9999999944117295
0.9999999943234615
0.9999999942497103
0.9999999941906292
0.9999999941463353
0.9999999941169094
0.9999999941023970
0.9999999941028077
0.9999999941181158
0.9999999941482584
0.9999999941931373
0.9999999942526190
0.9999999943265336
0.9999999944146769
0.9999999945168101
0.9999999946326605
0.9999999947619226
0.9999999949042577
0.9999999950592950
0.9999999952266325
0.9999999954058397
0.9999999955964568
0.9999999957979976
0.9999999960099494
0.9999999962317749
0.9999999964629124
0.9999999967027768
0.9999999969507627
0.9999999972062452
0.9999999974685819
0.9999999977371127
0.9999999980111633
0.9999999982900463
0.9999999985730623
0.9999999988595031
0.9999999991486518
0.9999999994397840
0.9999999997321716
1.0000000000250835
1.0000000003177865
1.0000000006095484
1.0000000008996397
1.0000000011873356
1.0000000014719170
1.0000000017526718
1.0000000020288964
1.0000000022998989
1.0000000025650009
1.0000000028235394
1.0000000030748664
1.0000000033183500
1.0000000035533798
1.0000000037793642
1.0000000039957337
1.0000000042019419
1.0000000043974666
1.0000000045818123
1.0000000047545095
1.0000000049151179
1.0000000050632269
1.0000000051984554
1.0000000053204530
1.0000000054289022
1.0000000055235185
1.0000000056040521
1.0000000056702871
1.0000000057220420
1.0000000057591711
1.0000000057815632
1.0000000057891436
1.0000000057818732
1.0000000057597482
1.0000000057228011
1.0000000056711005
1.0000000056047507
1.0000000055238931
1.0000000054287048
1.0000000053193978
1.0000000051962172
1.0000000050594424
1.0000000049093851
1.0000000047463895
1.0000000045708319
1.0000000043831203
1.0000000041836918
1.0000000039730139
1.0000000037515804
1.0000000035199108
1.0000000032785508
1.0000000030280680
1.0000000027690534
1.0000000025021207
1.0000000022279030
1.0000000019470510
1.0000000016602326
1.0000000013681309
1.0000000010714423
1.0000000007708736
1.0000000004671419
1.0000000001609719
0.9999999998530971
0.9999999995442548
0.9999999992351863
0.9999999989266346
0.9999999986193412
0.9999999983140446
0.9999999980114809
0.9999999977123788
0.9999999974174607
0.9999999971274391
0.9999999968430152
0.9999999965648778
0.9999999962937013
0.9999999960301458
0.9999999957748541
0.9999999955284485
0.9999999952915308
0.9999999950646808
0.9999999948484549
0.9999999946433850
0.9999999944499769
0.9999999942687098
0.9999999941000344
0.9999999939443720
0.9999999938021149
0.9999999936736236
0.9999999935592256
0.9999999934592153
0.9999999933738527
0.9999999933033648
0.9999999932479431
0.9999999932077429
0.9999999931828832
0.9999999931734480
0.9999999931794841
0.9999999932010014
0.9999999932379736
0.9999999932903378
0.9999999933579954
0.9999999934408109
0.9999999935386136
0.9999999936511981
0.9999999937783244
0.9999999939197182
0.9999999940750715
0.9999999942440428
0.9999999944262584
0.9999999946213116
0.9999999948287657
0.9999999950481556
0.9999999952789875
0.9999999955207405
0.9999999957728672
0.9999999960347956
0.9999999963059294
0.9999999965856518
0.9999999968733254
0.9999999971682949
0.9999999974698864
0.9999999977774123
0.9999999980901706
0.9999999984074471
0.9999999987285165
0.9999999990526435
0.9999999993790855
0.9999999997070931
1.0000000000359144
1.0000000003647951
1.0000000006929815
1.0000000010197212
1.0000000013442651
1.0000000016658697
1.0000000019837978
1.0000000022973214
1.0000000026057232
1.0000000029082958
1.0000000032043466
1.0000000034931980
1.0000000037741903
1.0000000040466817
1.0000000043100516
1.0000000045637001
1.0000000048070492
1.0000000050395457
1.0000000052606624
1.0000000054698992
1.0000000056667842
1.0000000058508749
1.0000000060217584
1.0000000061790515
1.0000000063224048
1.0000000064515007
1.0000000065660559
1.0000000066658219
1.0000000067505836
1.0000000068201624
1.0000000068744141
1.0000000069132320
1.0000000069365451
1.0000000069443176
1.0000000069365511
1.0000000069132826
1.0000000068745871
1.0000000068205768
1.0000000067513999
1.0000000066672390
1.0000000065683115
