1.0000000697228699
1.0000000689243518
1.0000000679668111
1.0000000668526168
1.0000000655845107
1.0000000641655984
1.0000000625993428
1.0000000608895556
1.0000000590403861
1.0000000570563132
1.0000000549421360
1.0000000527029611
1.0000000503441899
1.0000000478715072
1.0000000452908644
1.0000000426084679
1.0000000398307636
1.0000000369644202
1.0000000340163153
1.0000000309935182
1.0000000279032726
1.0000000247529808
1.0000000215501843
1.0000000183025448
1.0000000150178263
1.0000000117038768
1.0000000083686116
1.0000000050199935
1.0000000016660127
0.9999999983146691
0.9999999949739520
0.9999999916518209
0.9999999883561892
0.9999999850949026
0.9999999818757198
0.9999999787062950
0.9999999755941583
0.9999999725466995
0.9999999695711499
0.9999999666745654
0.9999999638638096
0.9999999611455385
0.9999999585261818
0.9999999560119298
0.9999999536087180
0.9999999513222121
0.9999999491577956
0.9999999471205571
0.9999999452152772
0.9999999434464192
0.9999999418181181
0.9999999403341681
0.9999999389980144
0.9999999378127459
0.9999999367810876
0.9999999359053964
0.9999999351876527
0.9999999346294546
0.9999999342320166
0.9999999339961669
0.9999999339223453
0.9999999340106022
0.9999999342605967
0.9999999346716004
0.9999999352424971
0.9999999359717863
0.9999999368575865
0.9999999378976399
0.9999999390893177
0.9999999404296279
0.9999999419152202
0.9999999435423947
0.9999999453071116
0.9999999472050026
0.9999999492313792
0.9999999513812441
0.9999999536493028
0.9999999560299775
0.9999999585174193
0.9999999611055241
0.9999999637879459
0.9999999665581116
0.9999999694092394
0.9999999723343529
0.9999999753262979
0.9999999783777603
0.9999999814812843
0.9999999846292886
0.9999999878140852
0.9999999910278971
0.9999999942628784
0.9999999975111342
1.0000000007647381
1.0000000040157506
1.0000000072562394
1.0000000104782969
1.0000000136740594
1.0000000168357277
1.0000000199555859
1.0000000230260182
1.0000000260395288
1.0000000289887581
1.0000000318665008
1.0000000346657243
1.0000000373795859
1.0000000400014486
1.0000000425248972
1.0000000449437534
1.0000000472520902
1.0000000494442476
1.0000000515148451
1.0000000534587943
1.0000000552713100
1.0000000569479239
1.0000000584844948
1.0000000598772181
1.0000000611226356
1.0000000622176444
1.0000000631595043
1.0000000639458437
1.0000000645746652
1.0000000650443506
1.0000000653536643
1.0000000655017578
1.0000000654881707
1.0000000653128320
1.0000000649760603
1.0000000644785647
1.0000000638214404
1.0000000630061676
1.0000000620346086
1.0000000609090016
1.0000000596319583
1.0000000582064541
1.0000000566358227
1.0000000549237484
1.0000000530742583
1.0000000510917111
1.0000000489807865
1.0000000467464754
1.0000000443940686
1.0000000419291426
1.0000000393575470
1.0000000366853894
1.0000000339190200
1.0000000310650194
1.0000000281301817
1.0000000251214993
1.0000000220461460
1.0000000189114571
1.0000000157249136
1.0000000124941242
1.0000000092268069
1.0000000059307723
1.0000000026139029
0.9999999992841351
0.9999999959494404
0.9999999926178063
0.9999999892972163
0.9999999859956309
0.9999999827209699
0.9999999794810930
0.9999999762837809
0.9999999731367165
0.9999999700474665
0.9999999670234633
0.9999999640719852
0.9999999612001420
0.9999999584148566
0.9999999557228491
0.9999999531306206
0.9999999506444370
0.9999999482703131
0.9999999460140009
0.9999999438809740
0.9999999418764161
0.9999999400052049
0.9999999382719019
0.9999999366807418
0.9999999352356241
0.9999999339401020
0.9999999327973744
0.9999999318102787
0.9999999309812846
0.9999999303124857
0.9999999298055959
0.9999999294619456
0.9999999292824765
0.9999999292677413
0.9999999294179006
0.9999999297327232
0.9999999302115858
0.9999999308534764
0.9999999316569966
0.9999999326203642
0.9999999337414158
0.9999999350176132
0.9999999364460491
0.9999999380234553
0.9999999397462092
0.9999999416103412
0.9999999436115452
0.9999999457451874
0.9999999480063207
0.9999999503896945
0.9999999528897672
0.9999999555007191
0.9999999582164661
0.9999999610306758
0.9999999639367807
0.9999999669279945
0.9999999699973274
0.9999999731376049
0.9999999763414825
0.9999999796014645
0.9999999829099210
0.9999999862591071
0.9999999896411805
0.9999999930482195
0.9999999964722422
0.9999999999052274
1.0000000033391310
1.0000000067659069
1.0000000101775246
1.0000000135659906
1.0000000169233654
1.0000000202417814
1.0000000235134650
1.0000000267307529
1.0000000298861114
1.0000000329721528
1.0000000359816539
1.0000000389075736
1.0000000417430686
1.0000000444815105
1.0000000471165016
1.0000000496418895
1.0000000520517816
1.0000000543405601
1.0000000565028941
1.0000000585337532
1.0000000604284192
1.0000000621824974
1.0000000637919277
1.0000000652529930
1.0000000665623274
1.0000000677169256
1.0000000687141499
1.0000000695517355
1.0000000702277971
1.0000000707408332
1.0000000710897279
1.0000000712737556
1.0000000712925812
1.0000000711462622
1.0000000708352461
1.0000000703603724
1.0000000697228699
1.0000000689243518
1.0000000679668111
1.0000000668526168
