1.0000000000155829
1.0000000000156291
1.0000000000156533
1.0000000000156553
1.0000000000156344
1.0000000000155918
1.0000000000155289
1.0000000000154461
1.0000000000153437
1.0000000000152225
1.0000000000150826
1.0000000000149250
1.0000000000147504
1.0000000000145597
1.0000000000143512
1.0000000000141245
1.0000000000138805
1.0000000000136193
1.0000000000133413
1.0000000000130473
1.0000000000127380
1.0000000000124134
1.0000000000120743
1.0000000000117244
1.0000000000113651
1.0000000000109979
1.0000000000106222
1.0000000000102385
1.0000000000098477
1.0000000000094507
1.0000000000090492
1.0000000000086438
1.0000000000082356
1.0000000000078262
1.0000000000074163
1.0000000000070062
1.0000000000065972
1.0000000000061893
1.0000000000057840
1.0000000000053821
1.0000000000049838
1.0000000000045886
1.0000000000041973
1.0000000000038110
1.0000000000034304
1.0000000000030564
1.0000000000026905
1.0000000000023330
1.0000000000019853
1.0000000000016478
1.0000000000013212
1.0000000000010063
1.0000000000007030
1.0000000000004119
1.0000000000001341
0.9999999999998712
0.9999999999996249
0.9999999999993957
0.9999999999991845
0.9999999999989917
0.9999999999988171
0.9999999999986597
0.9999999999985184
0.9999999999983930
0.9999999999982828
0.9999999999981880
0.9999999999981102
0.9999999999980500
0.9999999999980060
0.9999999999979764
0.9999999999979606
0.9999999999979581
0.9999999999979687
0.9999999999979922
0.9999999999980279
0.9999999999980759
0.9999999999981366
0.9999999999982108
0.9999999999982979
0.9999999999983975
0.9999999999985090
0.9999999999986298
0.9999999999987583
0.9999999999988933
0.9999999999990344
0.9999999999991827
0.9999999999993385
0.9999999999995001
0.9999999999996663
0.9999999999998368
1.0000000000000111
1.0000000000001872
1.0000000000003646
1.0000000000005440
1.0000000000007239
1.0000000000009024
1.0000000000010787
1.0000000000012530
1.0000000000014233
1.0000000000015890
1.0000000000017495
1.0000000000019056
1.0000000000020577
1.0000000000022051
1.0000000000023475
1.0000000000024845
1.0000000000026155
1.0000000000027385
1.0000000000028506
1.0000000000029521
1.0000000000030425
1.0000000000031217
1.0000000000031906
1.0000000000032503
1.0000000000033022
1.0000000000033449
1.0000000000033789
1.0000000000034042
1.0000000000034210
1.0000000000034293
1.0000000000034268
1.0000000000034135
1.0000000000033895
1.0000000000033546
1.0000000000033096
1.0000000000032545
1.0000000000031897
1.0000000000031140
1.0000000000030271
1.0000000000029279
1.0000000000028157
1.0000000000026901
1.0000000000025517
1.0000000000024021
1.0000000000022413
1.0000000000020695
1.0000000000018860
1.0000000000016911
1.0000000000014846
1.0000000000012679
1.0000000000010421
1.0000000000008082
1.0000000000005673
1.0000000000003197
1.0000000000000664
0.9999999999998083
0.9999999999995459
0.9999999999992791
0.9999999999990091
0.9999999999987360
0.9999999999984619
0.9999999999981877
0.9999999999979140
0.9999999999976411
0.9999999999973693
0.9999999999970993
0.9999999999968325
0.9999999999965685
0.9999999999963072
0.9999999999960486
0.9999999999957936
0.9999999999955435
0.9999999999952992
0.9999999999950620
0.9999999999948319
0.9999999999946098
0.9999999999943958
0.9999999999941919
0.9999999999939988
0.9999999999938159
0.9999999999936441
0.9999999999934839
0.9999999999933348
0.9999999999931963
0.9999999999930694
0.9999999999929541
0.9999999999928519
0.9999999999927641
0.9999999999926912
0.9999999999926332
0.9999999999925908
0.9999999999925647
0.9999999999925548
0.9999999999925607
0.9999999999925815
0.9999999999926166
0.9999999999926661
0.9999999999927308
0.9999999999928114
0.9999999999929087
0.9999999999930235
0.9999999999931565
0.9999999999933067
0.9999999999934739
0.9999999999936575
0.9999999999938572
0.9999999999940727
0.9999999999943034
0.9999999999945491
0.9999999999948100
0.9999999999950857
0.9999999999953756
0.9999999999956792
0.9999999999959953
0.9999999999963241
0.9999999999966657
0.9999999999970210
0.9999999999973889
0.9999999999977678
0.9999999999981559
0.9999999999985510
0.9999999999989528
0.9999999999993622
0.9999999999997784
1.0000000000002021
1.0000000000006335
1.0000000000010723
1.0000000000015183
1.0000000000019715
1.0000000000024309
1.0000000000028957
1.0000000000033651
1.0000000000038385
1.0000000000043143
1.0000000000047904
1.0000000000052656
1.0000000000057385
1.0000000000062088
1.0000000000066751
1.0000000000071381
1.0000000000075968
1.0000000000080504
1.0000000000084974
1.0000000000089369
1.0000000000093690
1.0000000000097939
1.0000000000102116
1.0000000000106204
1.0000000000110196
1.0000000000114075
1.0000000000117826
1.0000000000121434
1.0000000000124893
1.0000000000128202
1.0000000000131357
1.0000000000134355
1.0000000000137179
1.0000000000139824
1.0000000000142284
1.0000000000144553
1.0000000000146634
1.0000000000148539
1.0000000000150264
1.0000000000151801
1.0000000000153133
1.0000000000154252
1.0000000000155149
1.0000000000155829
1.0000000000156291
1.0000000000156533
1.0000000000156553
