1.0000000000058613
1.0000000000058886
1.0000000000059064
1.0000000000059157
1.0000000000059182
1.0000000000059139
1.0000000000059033
1.0000000000058864
1.0000000000058629
1.0000000000058329
1.0000000000057976
1.0000000000057567
1.0000000000057114
1.0000000000056604
1.0000000000056029
1.0000000000055393
1.0000000000054701
1.0000000000053955
1.0000000000053169
1.0000000000052340
1.0000000000051468
1.0000000000050548
1.0000000000049585
1.0000000000048588
1.0000000000047553
1.0000000000046474
1.0000000000045342
1.0000000000044171
1.0000000000042972
1.0000000000041749
1.0000000000040496
1.0000000000039218
1.0000000000037919
1.0000000000036597
1.0000000000035261
1.0000000000033913
1.0000000000032567
1.0000000000031233
1.0000000000029914
1.0000000000028613
1.0000000000027329
1.0000000000026064
1.0000000000024820
1.0000000000023594
1.0000000000022389
1.0000000000021221
1.0000000000020095
1.0000000000019016
1.0000000000017979
1.0000000000016980
1.0000000000016018
1.0000000000015090
1.0000000000014198
1.0000000000013349
1.0000000000012543
1.0000000000011791
1.0000000000011084
1.0000000000010432
1.0000000000009830
1.0000000000009275
1.0000000000008762
1.0000000000008287
1.0000000000007847
1.0000000000007452
1.0000000000007110
1.0000000000006815
1.0000000000006559
1.0000000000006348
1.0000000000006182
1.0000000000006051
1.0000000000005940
1.0000000000005840
1.0000000000005747
1.0000000000005662
1.0000000000005600
1.0000000000005560
1.0000000000005540
1.0000000000005551
1.0000000000005591
1.0000000000005655
1.0000000000005733
1.0000000000005818
1.0000000000005911
1.0000000000006015
1.0000000000006131
1.0000000000006257
1.0000000000006397
1.0000000000006550
1.0000000000006721
1.0000000000006897
1.0000000000007077
1.0000000000007261
1.0000000000007441
1.0000000000007605
1.0000000000007752
1.0000000000007869
1.0000000000007965
1.0000000000008040
1.0000000000008102
1.0000000000008151
1.0000000000008200
1.0000000000008258
1.0000000000008329
1.0000000000008402
1.0000000000008464
1.0000000000008513
1.0000000000008540
1.0000000000008544
1.0000000000008529
1.0000000000008504
1.0000000000008471
1.0000000000008431
1.0000000000008376
1.0000000000008293
1.0000000000008191
1.0000000000008065
1.0000000000007929
1.0000000000007780
1.0000000000007618
1.0000000000007456
1.0000000000007292
1.0000000000007121
1.0000000000006939
1.0000000000006752
1.0000000000006564
1.0000000000006384
1.0000000000006211
1.0000000000006037
1.0000000000005860
1.0000000000005675
1.0000000000005480
1.0000000000005260
1.0000000000005007
1.0000000000004723
1.0000000000004408
1.0000000000004070
1.0000000000003721
1.0000000000003357
1.0000000000002984
1.0000000000002611
1.0000000000002247
1.0000000000001898
1.0000000000001577
1.0000000000001279
1.0000000000000999
1.0000000000000733
1.0000000000000471
1.0000000000000204
0.9999999999999925
0.9999999999999617
0.9999999999999278
0.9999999999998913
0.9999999999998525
0.9999999999998104
0.9999999999997654
0.9999999999997171
0.9999999999996663
0.9999999999996136
0.9999999999995600
0.9999999999995063
0.9999999999994523
0.9999999999993990
0.9999999999993470
0.9999999999992955
0.9999999999992445
0.9999999999991943
0.9999999999991449
0.9999999999990959
0.9999999999990474
0.9999999999989986
0.9999999999989496
0.9999999999989004
0.9999999999988507
0.9999999999988013
0.9999999999987536
0.9999999999987071
0.9999999999986608
0.9999999999986150
0.9999999999985698
0.9999999999985255
0.9999999999984820
0.9999999999984402
0.9999999999984011
0.9999999999983645
0.9999999999983307
0.9999999999982997
0.9999999999982710
0.9999999999982454
0.9999999999982218
0.9999999999982014
0.9999999999981851
0.9999999999981739
0.9999999999981686
0.9999999999981691
0.9999999999981768
0.9999999999981907
0.9999999999982102
0.9999999999982360
0.9999999999982692
0.9999999999983106
0.9999999999983610
0.9999999999984204
0.9999999999984884
0.9999999999985646
0.9999999999986485
0.9999999999987395
0.9999999999988382
0.9999999999989450
0.9999999999990599
0.9999999999991824
0.9999999999993122
0.9999999999994486
0.9999999999995902
0.9999999999997360
0.9999999999998859
1.0000000000000402
1.0000000000001983
1.0000000000003593
1.0000000000005218
1.0000000000006839
1.0000000000008447
1.0000000000010034
1.0000000000011611
1.0000000000013181
1.0000000000014757
1.0000000000016334
1.0000000000017917
1.0000000000019516
1.0000000000021128
1.0000000000022753
1.0000000000024383
1.0000000000026021
1.0000000000027669
1.0000000000029317
1.0000000000030975
1.0000000000032647
1.0000000000034328
1.0000000000036020
1.0000000000037719
1.0000000000039402
1.0000000000041060
1.0000000000042686
1.0000000000044269
1.0000000000045799
1.0000000000047262
1.0000000000048648
1.0000000000049942
1.0000000000051150
1.0000000000052280
1.0000000000053335
1.0000000000054303
1.0000000000055180
1.0000000000055964
1.0000000000056664
1.0000000000057279
1.0000000000057805
1.0000000000058249
1.0000000000058613
1.0000000000058886
1.0000000000059064
1.0000000000059157
