1.0000021618344428
1.0000021352808255
1.0000021036834188
1.0000020671186169
1.0000020256746489
1.0000019794513713
1.0000019285600275
1.0000018731229818
1.0000018132734263
1.0000017491550608
1.0000016809217489
1.0000016087371506
1.0000015327743310
1.0000014532153463
1.0000013702508099
1.0000012840794341
1.0000011949075565
1.0000011029486464
1.0000010084227930
1.0000009115561801
1.0000008125805442
1.0000007117326222
1.0000006092535847
1.0000005053884602
1.0000004003855483
1.0000002944958275
1.0000001879723543
1.0000000810696588
0.9999999740431337
0.9999998671484257
0.9999997606408244
0.9999996547746540
0.9999995498026643
0.9999994459754268
0.9999993435407357
0.9999992427430152
0.9999991438227352
0.9999990470158374
0.9999989525531726
0.9999988606599479
0.9999987715551897
0.9999986854512206
0.9999986025531522
0.9999985230583955
0.9999984471561886
0.9999983750271432
0.9999983068428162
0.9999982427652990
0.9999981829468290
0.9999981275294281
0.9999980766445643
0.9999980304128366
0.9999979889436881
0.9999979523351465
0.9999979206735885
0.9999978940335326
0.9999978724774640
0.9999978560556857
0.9999978448061982
0.9999978387546089
0.9999978379140735
0.9999978422852641
0.9999978518563698
0.9999978666031251
0.9999978864888679
0.9999979114646280
0.9999979414692450
0.9999979764295152
0.9999980162603671
0.9999980608650665
0.9999981101354497
0.9999981639521821
0.9999982221850438
0.9999982846932423
0.9999983513257498
0.9999984219216659
0.9999984963106033
0.9999985743130957
0.9999986557410284
0.9999987403980872
0.9999988280802284
0.9999989185761700
0.9999990116678962
0.9999991071311799
0.9999992047361203
0.9999993042476917
0.9999994054263073
0.9999995080283950
0.9999996118069781
0.9999997165122669
0.9999998218922570
0.9999999276933333
1.0000000336608781
1.0000001395398794
1.0000002450755412
1.0000003500138948
1.0000004541024061
1.0000005570905812
1.0000006587305639
1.0000007587777309
1.0000008569912779
1.0000009531347962
1.0000010469768372
1.0000011382914671
1.0000012268588085
1.0000013124655678
1.0000013949055442
1.0000014739801242
1.0000015494987580
1.0000016212794161
1.0000016891490231
1.0000017529438745
1.0000018125100287
1.0000018677036753
1.0000019183914788
1.0000019644508991
1.0000020057704857
1.0000020422501454
1.0000020738013804
1.0000021003475008
1.0000021218238082
1.0000021381777537
1.0000021493690618
1.0000021553698295
1.0000021561645940
1.0000021517503681
1.0000021421366478
1.0000021273453916
1.0000021074109684
1.0000020823800759
1.0000020523116291
1.0000020172766193
1.0000019773579469
1.0000019326502225
1.0000018832595416
1.0000018293032307
1.0000017709095672
1.0000017082174761
1.0000016413761967
1.0000015705449254
1.0000014958924368
1.0000014175966774
1.0000013358443436
1.0000012508304339
1.0000011627577852
1.0000010718365879
1.0000009782838826
1.0000008823230417
1.0000007841832363
1.0000006840988886
1.0000005823091107
1.0000004790571331
1.0000003745897232
1.0000002691565955
1.0000001630098141
1.0000000564031915
0.9999999495916815
0.9999998428307695
0.9999997363758617
0.9999996304816745
0.9999995254016261
0.9999994213872312
0.9999993186874981
0.9999992175483338
0.9999991182119544
0.9999990209163090
0.9999989258945079
0.9999988333742649
0.9999987435773533
0.9999986567190770
0.9999985730077539
0.9999984926442175
0.9999984158213361
0.9999983427235526
0.9999982735264420
0.9999982083962911
0.9999981474897023
0.9999980909532166
0.9999980389229632
0.9999979915243334
0.9999979488716817
0.9999979110680497
0.9999978782049199
0.9999978503619985
0.9999978276070219
0.9999978099955948
0.9999977975710552
0.9999977903643713
0.9999977883940668
0.9999977916661748
0.9999978001742235
0.9999978138992514
0.9999978328098498
0.9999978568622379
0.9999978860003678
0.9999979201560576
0.9999979592491527
0.9999980031877171
0.9999980518682504
0.9999981051759366
0.9999981629849152
0.9999982251585842
0.9999982915499240
0.9999983620018483
0.9999984363475778
0.9999985144110379
0.9999985960072789
0.9999986809429168
0.9999987690165959
0.9999988600194694
0.9999989537356954
0.9999990499429540
0.9999991484129754
0.9999992489120865
0.9999993512017686
0.9999994550392269
0.9999995601779672
0.9999996663683872
0.9999997733583688
0.9999998808938811
0.9999999887195883
1.0000000965794560
1.0000002042173639
1.0000003113777187
1.0000004178060633
1.0000005232496827
1.0000006274582072
1.0000007301842104
1.0000008311838000
1.0000009302171979
1.0000010270493145
1.0000011214503075
1.0000012131961333
1.0000013020690794
1.0000013878582850
1.0000014703602425
1.0000015493792849
1.0000016247280508
1.0000016962279314
1.0000017637094991
1.0000018270129087
1.0000018859882809
1.0000019404960589
1.0000019904073412
1.0000020356041872
1.0000020759798989
1.0000021114392756
1.0000021418988418
1.0000021672870461
1.0000021875444287
1.0000022026237658
1.0000022124901797
1.0000022171212233
1.0000022165069311
1.0000022106498434
1.0000021995649984
1.0000021832798991
1.0000021618344428
1.0000021352808255
1.0000021036834188
1.0000020671186169
