1.1260411045937442
1.1246675074439330
1.1230349937325819
1.1211455234745928
1.1190013839622293
1.1166051956419707
1.1139599187934861
1.1110688610035104
1.1079356854246487
1.1045644198056856
1.1009594662756730
1.0971256118588553
1.0930680396911687
1.0887923409014995
1.0843045271119784
1.0796110435011046
1.0747187823612878
1.0696350970683057
1.0643678163639738
1.0589252588348719
1.0533162474490707
1.0475501239893035
1.0416367631948156
1.0355865863951017
1.0294105743868878
1.0231202792710976
1.0167278349292914
1.0102459657795129
1.0036879934100347
0.9970678406468418
0.9904000325676938
0.9836996939334366
0.9769825424673396
0.9702648773774275
0.9635635624872031
0.9568960033193841
0.9502801174681405
0.9437342976010804
0.9372773664563134
0.9309285232459361
0.9247072809488029
0.9186333940757599
0.9127267766224889
0.9070074100906912
0.9014952416583523
0.8962100728135119
0.8911714390306622
0.8863984813596504
0.8819098111064190
0.8777233691031266
0.8738562813797135
0.8703247133453547
0.8671437248503993
0.8643271287106401
0.8618873554198188
0.8598353268385122
0.8581803416163603
0.8569299749725685
0.8560899952246372
0.8556642991211846
0.8556548676116270
0.8560617431893260
0.8568830293966091
0.8581149125045964
0.8597517048046563
0.8617859083983745
0.8642082978739529
0.8670080198302182
0.8701727068711187
0.8736886034540526
0.8775407008387752
0.8817128783480561
0.8861880482095801
0.8909483013892808
0.8959750520348910
0.9012491784087444
0.9067511584840531
0.9124611986929373
0.9183593546327981
0.9244256428477012
0.9306401430932162
0.9369830907591140
0.9434349593594893
0.9499765332013903
0.9565889705101656
0.9632538574231589
0.9699532533650601
0.9766697283909520
0.9833863931301671
0.9900869219890528
0.9967555702772432
1.0033771859135034
1.0099372163468774
1.0164217112996468
1.0228173219030283
1.0291112967567779
1.0352914754017755
1.0413462796516679
1.0472647031869748
1.0530362997735345
1.0586511704275212
1.0640999498119144
1.0693737921145525
1.0744643566259269
1.0793637932057221
1.0840647278007869
1.0885602481535754
1.0928438898191182
1.0969096225899972
1.1007518374125171
1.1043653338630808
1.1077453082414870
1.1108873423273244
1.1137873928366469
1.1164417816085122
1.1188471865446008
1.1210006333198568
1.1228994878777547
1.1245414497203197
1.1259245460002383
1.1270471264202344
1.1279078589432394
1.1285057263156693
1.1288400234052582
1.1289103553543116
1.1287166365488543
1.1282590904039271
1.1275382499651128
1.1265549593262414
1.1253103758630270
1.1238059732821075
1.1220435454844835
1.1200252112416453
1.1177534196816752
1.1152309565811960
1.1124609514571766
1.1094468854501611
1.1061925999873994
1.1027023062104924
1.0989805951474250
1.0950324486030865
1.0908632507354690
1.0864788002764993
1.0818853233467753
1.0770894868021428
1.0720984120368948
1.0669196891532364
1.0615613913893061
1.0560320896783650
1.0503408671895249
1.0444973336754995
1.0385116394251870
1.0323944885883718
1.0261571516065102
1.0198114764475099
1.0133698983038553
1.0068454473727451
1.0002517542946507
0.9936030527836087
0.9869141789396735
0.9802005666925868
0.9734782387874661
0.9667637926902225
0.9600743807647716
0.9534276840586751
0.9468418790316984
0.9403355965762408
0.9339278727132466
0.9276380904056735
0.9214859120173421
0.9154912020611686
0.9096739400298050
0.9040541232850737
0.8986516602003251
0.8934862540003013
0.8885772780224852
0.8839436434260745
0.8796036606909552
0.8755748965680954
0.8718740284510585
0.8685166984204428
0.8655173694524009
0.8628891864622900
0.8606438449592790
0.8587914701040846
0.8573405088802042
0.8562976379042538
0.8556676891141020
0.8554535951914812
0.8556563561118264
0.8562750276869939
0.8573067323994408
0.8587466922454511
0.8605882827371701
0.8628231066846567
0.8654410859132016
0.8684305686866445
0.8717784503177294
0.8754703042588748
0.8794905208821171
0.8838224511706786
0.8884485526471014
0.8933505350408755
0.8985095034364202
0.9039060969234012
0.9095206210791410
0.9153331729318208
0.9213237573696396
0.9274723942637936
0.9337592158532546
0.9401645541906588
0.9466690186673034
0.9532535638195685
0.9598995477690636
0.9665887817658494
0.9733035713906573
0.9800267500311919
0.9867417052828901
0.9934323989394849
1.0000833812369903
1.0066797999996149
1.0132074053107303
1.0196525502990794
1.0260021885922941
1.0322438689484676
1.0383657275336624
1.0443564782701464
1.0502054016378417
1.0559023322707266
1.0614376456513293
1.0668022441703096
1.0719875427847159
1.0769854544779245
1.0817883756965014
1.0863891719142562
1.0907811634514644
1.0949581116574678
1.0989142055474574
1.1026440489690417
1.1061426483609900
1.1094054011551775
1.1124280848629975
1.1152068468792602
1.1177381950296481
1.1200189888819876
1.1220464318368308
1.1238180640089657
1.1253317559083422
1.1265857029264645
1.1275784206324051
1.1283087408811918
1.1287758087362874
1.1289790802071731
1.1289183208025746
1.1285936048995795
1.1280053159287031
1.1271541473748230
1.1260411045937442
1.1246675074439330
1.1230349937325819
1.1211455234745928
