1.0000000002890204
1.0000000002872573
1.0000000002849447
1.0000000002820886
1.0000000002786971
1.0000000002747795
1.0000000002703453
1.0000000002654053
1.0000000002599723
1.0000000002540599
1.0000000002476834
1.0000000002408593
1.0000000002336058
1.0000000002259424
1.0000000002178884
1.0000000002094633
1.0000000002006866
1.0000000001915790
1.0000000001821630
1.0000000001724612
1.0000000001624969
1.0000000001522944
1.0000000001418781
1.0000000001312730
1.0000000001205054
1.0000000001096001
1.0000000000985823
1.0000000000874776
1.0000000000763121
1.0000000000651126
1.0000000000539058
1.0000000000427176
1.0000000000315743
1.0000000000205016
1.0000000000095264
0.9999999999986747
0.9999999999879706
0.9999999999774366
0.9999999999670967
0.9999999999569744
0.9999999999470927
0.9999999999374736
0.9999999999281388
0.9999999999191097
0.9999999999104056
0.9999999999020451
0.9999999998940459
0.9999999998864249
0.9999999998792002
0.9999999998723866
0.9999999998659984
0.9999999998600491
0.9999999998545502
0.9999999998495132
0.9999999998449479
0.9999999998408630
0.9999999998372667
0.9999999998341667
0.9999999998315668
0.9999999998294704
0.9999999998278799
0.9999999998267962
0.9999999998262196
0.9999999998261485
0.9999999998265801
0.9999999998275092
0.9999999998289294
0.9999999998308345
0.9999999998332179
0.9999999998360719
0.9999999998393875
0.9999999998431530
0.9999999998473555
0.9999999998519811
0.9999999998570146
0.9999999998624410
0.9999999998682448
0.9999999998744094
0.9999999998809174
0.9999999998877512
0.9999999998948924
0.9999999999023204
0.9999999999100133
0.9999999999179490
0.9999999999261048
0.9999999999344572
0.9999999999429821
0.9999999999516545
0.9999999999604494
0.9999999999693422
0.9999999999783095
0.9999999999873278
0.9999999999963725
1.0000000000054170
1.0000000000144347
1.0000000000233991
1.0000000000322875
1.0000000000410758
1.0000000000497415
1.0000000000582625
1.0000000000666152
1.0000000000747760
1.0000000000827221
1.0000000000904306
1.0000000000978799
1.0000000001050493
1.0000000001119178
1.0000000001184663
1.0000000001246763
1.0000000001305296
1.0000000001360092
1.0000000001410994
1.0000000001457838
1.0000000001500480
1.0000000001538787
1.0000000001572638
1.0000000001601927
1.0000000001626563
1.0000000001646456
1.0000000001661540
1.0000000001671767
1.0000000001677094
1.0000000001677480
1.0000000001672915
1.0000000001663385
1.0000000001648899
1.0000000001629472
1.0000000001605127
1.0000000001575886
1.0000000001541802
1.0000000001502940
1.0000000001459375
1.0000000001411198
1.0000000001358516
1.0000000001301435
1.0000000001240079
1.0000000001174576
1.0000000001105085
1.0000000001031757
1.0000000000954745
1.0000000000874218
1.0000000000790359
1.0000000000703357
1.0000000000613409
1.0000000000520728
1.0000000000425529
1.0000000000328029
1.0000000000228462
1.0000000000127049
1.0000000000024027
0.9999999999919650
0.9999999999814175
0.9999999999707868
0.9999999999600987
0.9999999999493790
0.9999999999386525
0.9999999999279441
0.9999999999172806
0.9999999999066874
0.9999999998961909
0.9999999998858178
0.9999999998755927
0.9999999998655410
0.9999999998556873
0.9999999998460557
0.9999999998366706
0.9999999998275559
0.9999999998187359
0.9999999998102327
0.9999999998020674
0.9999999997942611
0.9999999997868335
0.9999999997798030
0.9999999997731881
0.9999999997670066
0.9999999997612750
0.9999999997560103
0.9999999997512277
0.9999999997469404
0.9999999997431619
0.9999999997399036
0.9999999997371758
0.9999999997349872
0.9999999997333447
0.9999999997322547
0.9999999997317219
0.9999999997317486
0.9999999997323376
0.9999999997334907
0.9999999997352081
0.9999999997374884
0.9999999997403296
0.9999999997437288
0.9999999997476813
0.9999999997521803
0.9999999997572179
0.9999999997627850
0.9999999997688701
0.9999999997754614
0.9999999997825466
0.9999999997901121
0.9999999997981414
0.9999999998066180
0.9999999998155256
0.9999999998248453
0.9999999998345581
0.9999999998446442
0.9999999998550835
0.9999999998658544
0.9999999998769341
0.9999999998882997
0.9999999998999275
0.9999999999117928
0.9999999999238711
0.9999999999361373
0.9999999999485649
0.9999999999611268
0.9999999999737962
0.9999999999865467
0.9999999999993510
1.0000000000121816
1.0000000000250120
1.0000000000378151
1.0000000000505636
1.0000000000632301
1.0000000000757876
1.0000000000882097
1.0000000001004692
1.0000000001125404
1.0000000001243969
1.0000000001360130
1.0000000001473648
1.0000000001584275
1.0000000001691760
1.0000000001795870
1.0000000001896385
1.0000000001993101
1.0000000002085825
1.0000000002174358
1.0000000002258524
1.0000000002338154
1.0000000002413090
1.0000000002483191
1.0000000002548324
1.0000000002608360
1.0000000002663181
1.0000000002712688
1.0000000002756788
1.0000000002795415
1.0000000002828511
1.0000000002856020
1.0000000002877896
1.0000000002894112
1.0000000002904657
1.0000000002909526
1.0000000002908724
1.0000000002902272
1.0000000002890204
1.0000000002872573
1.0000000002849447
1.0000000002820886
