1.0004078872689830
1.0004027383408329
1.0003966292856359
1.0003895747092895
1.0003815914727594
1.0003726986520631
1.0003629174929864
1.0003522713606474
1.0003407856840214
1.0003284878955567
1.0003154073660205
1.0003015753347262
1.0002870248353055
1.0002717906171981
1.0002559090630454
1.0002394181021759
1.0002223571203845
1.0002047668662251
1.0001866893540248
1.0001681677638601
1.0001492463387198
1.0001299702790991
1.0001103856352789
1.0000905391975377
1.0000704783845598
1.0000502511303013
1.0000299057695883
1.0000094909227080
0.9999890553792783
0.9999686479816702
0.9999483175082567
0.9999281125567702
0.9999080814280477
0.9998882720104425
0.9998687316651814
0.9998495071129393
0.9998306443219083
0.9998121883976276
0.9997941834748449
0.9997766726116681
0.9997596976862648
0.9997432992963582
0.9997275166617653
0.9997123875302161
0.9996979480866787
0.9996842328664157
0.9996712746719837
0.9996591044943755
0.9996477514385018
0.9996372426531923
0.9996276032658896
0.9996188563221925
0.9996110227304020
0.9996041212112048
0.9995981682526170
0.9995931780702997
0.9995891625733390
0.9995861313355860
0.9995840915726162
0.9995830481243700
0.9995830034435206
0.9995839575895914
0.9995859082288392
0.9995888506399071
0.9995927777252290
0.9995976800281596
0.9996035457557845
0.9996103608073604
0.9996181088083091
0.9996267711496841
0.9996363270330143
0.9996467535204118
0.9996580255898219
0.9996701161952811
0.9996829963320280
0.9996966351063151
0.9997109998097488
0.9997260559979714
0.9997417675734981
0.9997580968725049
0.9997750047553514
0.9997924507006215
0.9998103929024534
0.9998287883709207
0.9998475930352213
0.9998667618494216
0.9998862489005016
0.9999060075184407
0.9999259903880735
0.9999461496624539
0.9999664370774455
0.9999868040672681
1.0000072018807202
1.0000275816978019
1.0000478947464531
1.0000680924191334
1.0000881263889660
1.0001079487251638
1.0001275120074633
1.0001467694393023
1.0001656749594605
1.0001841833519127
1.0002022503536196
1.0002198327600140
1.0002368885279298
1.0002533768757280
1.0002692583803874
1.0002844950713328
1.0002990505207754
1.0003128899303617
1.0003259802139244
1.0003382900761382
1.0003497900869036
1.0003604527512766
1.0003702525747913
1.0003791661240169
1.0003871720822124
1.0003942512999435
1.0004003868405507
1.0004055640203604
1.0004097704435448
1.0004129960315511
1.0004152330470313
1.0004164761122170
1.0004167222216958
1.0004159707495661
1.0004142234509430
1.0004114844578191
1.0004077602692878
1.0004030597361533
1.0003973940399598
1.0003907766664915
1.0003832233738017
1.0003747521548487
1.0003653831948209
1.0003551388232566
1.0003440434610564
1.0003321235625295
1.0003194075525961
1.0003059257592948
1.0002917103417512
1.0002767952137790
1.0002612159632873
1.0002450097676856
1.0002282153054836
1.0002108726642933
1.0001930232454477
1.0001747096654581
1.0001559756545462
1.0001368659524874
1.0001174262020089
1.0000977028399980
1.0000777429867724
1.0000575943336831
1.0000373050293077
1.0000169235645064
0.9999964986566174
0.9999760791330634
0.9999557138146519
0.9999354513988421
0.9999153403432615
0.9998954287497500
0.9998757642492101
0.9998563938875382
0.9998373640129172
0.9998187201647359
0.9998005069644044
0.9997827680083333
0.9997655457633334
0.9997488814646868
0.9997328150171406
0.9997173848990660
0.9997026280700116
0.9996885798818755
0.9996752739939163
0.9996627422918113
0.9996510148109568
0.9996401196641984
0.9996300829741708
0.9996209288104123
0.9996126791314082
0.9996053537317022
0.9995989701942145
0.9995935438478709
0.9995890877306612
0.9995856125582067
0.9995831266979205
0.9995816361488232
0.9995811445270630
0.9995816530571751
0.9995831605691046
0.9995856635009995
0.9995891559077615
0.9995936294753405
0.9995990735407362
0.9996054751176559
0.9996128189277637
0.9996210874374516
0.9996302609000305
0.9996403174032457
0.9996512329219976
0.9996629813761396
0.9996755346932079
0.9996888628759323
0.9997029340743595
0.9997177146624145
0.9997331693187120
0.9997492611114224
0.9997659515869781
0.9997832008624140
0.9998009677211060
0.9998192097116839
0.9998378832498748
0.9998569437230274
0.9998763455970643
0.9998960425256064
0.9999159874610051
0.9999361327670114
0.9999564303328117
0.9999768316881567
0.9999972881193062
1.0000177507855077
1.0000381708357369
1.0000584995254183
1.0000786883328423
1.0000986890750070
1.0001184540226054
1.0001379360138887
1.0001570885671294
1.0001758659914222
1.0001942234955603
1.0002121172947258
1.0002295047147476
1.0002463442936804
1.0002625958804581
1.0002782207304013
1.0002931815973488
1.0003074428221963
1.0003209704176370
1.0003337321489054
1.0003456976103375
1.0003568382975658
1.0003671276751809
1.0003765412397074
1.0003850565777415
1.0003926534191163
1.0003993136849758
1.0004050215306406
1.0004097633831694
1.0004135279735271
1.0004163063632836
1.0004180919657879
1.0004188805617633
1.0004186703092866
1.0004174617481336
1.0004152577984744
1.0004120637539271
1.0004078872689830
1.0004027383408329
1.0003966292856359
1.0003895747092895
