1.0000001688134295
1.0000001668287990
1.0000001644559100
1.0000001617005847
1.0000001585695535
1.0000001550704383
1.0000001512117331
1.0000001470027868
1.0000001424537781
1.0000001375756917
1.0000001323802945
1.0000001268801015
1.0000001210883513
1.0000001150189723
1.0000001086865486
1.0000001021062850
1.0000000952939718
1.0000000882659468
1.0000000810390559
1.0000000736306129
1.0000000660583597
1.0000000583404216
1.0000000504952664
1.0000000425416580
1.0000000344986131
1.0000000263853537
1.0000000182212627
1.0000000100258373
1.0000000018186421
0.9999999936192630
0.9999999854472598
0.9999999773221180
0.9999999692632052
0.9999999612897247
0.9999999534206679
0.9999999456747691
0.9999999380704621
0.9999999306258345
0.9999999233585857
0.9999999162859837
0.9999999094248250
0.9999999027913934
0.9999998964014211
0.9999998902700521
0.9999998844118053
0.9999998788405394
0.9999998735694213
0.9999998686108941
0.9999998639766480
0.9999998596775921
0.9999998557238280
0.9999998521246261
0.9999998488884044
0.9999998460227078
0.9999998435341887
0.9999998414285933
0.9999998397107457
0.9999998383845383
0.9999998374529228
0.9999998369179022
0.9999998367805273
0.9999998370408951
0.9999998376981452
0.9999998387504645
0.9999998401950909
0.9999998420283210
0.9999998442455186
0.9999998468411255
0.9999998498086766
0.9999998531408133
0.9999998568293028
0.9999998608650559
0.9999998652381499
0.9999998699378543
0.9999998749526549
0.9999998802702814
0.9999998858777378
0.9999998917613335
0.9999998979067161
0.9999999042989051
0.9999999109223277
0.9999999177608566
0.9999999247978478
0.9999999320161843
0.9999999393983139
0.9999999469262910
0.9999999545818220
0.9999999623463069
0.9999999702008864
0.9999999781264858
0.9999999861038619
0.9999999941136456
1.0000000021363908
1.0000000101526225
1.0000000181428832
1.0000000260877770
1.0000000339680188
1.0000000417644790
1.0000000494582291
1.0000000570305858
1.0000000644631604
1.0000000717378994
1.0000000788371286
1.0000000857435960
1.0000000924405128
1.0000000989115936
1.0000001051410967
1.0000001111138617
1.0000001168153445
1.0000001222316544
1.0000001273495838
1.0000001321566421
1.0000001366410858
1.0000001407919463
1.0000001445990572
1.0000001480530782
1.0000001511455161
1.0000001538687477
1.0000001562160377
1.0000001581815543
1.0000001597603827
1.0000001609485383
1.0000001617429750
1.0000001621415939
1.0000001621432464
1.0000001617477390
1.0000001609558329
1.0000001597692425
1.0000001581906319
1.0000001562236080
1.0000001538727123
1.0000001511434089
1.0000001480420737
1.0000001445759796
1.0000001407532779
1.0000001365829789
1.0000001320749308
1.0000001272397958
1.0000001220890258
1.0000001166348320
1.0000001108901575
1.0000001048686460
1.0000000985846107
1.0000000920529994
1.0000000852893591
1.0000000783097993
1.0000000711309520
1.0000000637699338
1.0000000562443030
1.0000000485720202
1.0000000407714036
1.0000000328610852
1.0000000248599659
1.0000000167871710
1.0000000086620044
1.0000000005039031
0.9999999923323908
0.9999999841670298
0.9999999760273756
0.9999999679329280
0.9999999599030863
0.9999999519571020
0.9999999441140340
0.9999999363927027
0.9999999288116451
0.9999999213890685
0.9999999141428085
0.9999999070902862
0.9999999002484662
0.9999998936338177
0.9999998872622741
0.9999998811491938
0.9999998753093233
0.9999998697567631
0.9999998645049341
0.9999998595665432
0.9999998549535539
0.9999998506771581
0.9999998467477499
0.9999998431748993
0.9999998399673300
0.9999998371328979
0.9999998346785735
0.9999998326104249
0.9999998309336012
0.9999998296523217
0.9999998287698638
0.9999998282885582
0.9999998282097824
0.9999998285339553
0.9999998292605371
0.9999998303880308
0.9999998319139854
0.9999998338350001
0.9999998361467347
0.9999998388439206
0.9999998419203713
0.9999998453689960
0.9999998491818193
0.9999998533499974
0.9999998578638400
0.9999998627128331
0.9999998678856648
0.9999998733702515
0.9999998791537665
0.9999998852226704
0.9999998915627434
0.9999998981591207
0.9999999049963253
0.9999999120583070
0.9999999193284803
0.9999999267897643
0.9999999344246213
0.9999999422150990
0.9999999501428745
0.9999999581892949
0.9999999663354243
0.9999999745620914
0.9999999828499320
0.9999999911794342
0.9999999995309861
1.0000000078849205
1.0000000162215650
1.0000000245212863
1.0000000327645391
1.0000000409319141
1.0000000490041809
1.0000000569623357
1.0000000647876455
1.0000000724616913
1.0000000799664150
1.0000000872841608
1.0000000943977172
1.0000001012903588
1.0000001079458858
1.0000001143486601
1.0000001204836440
1.0000001263364375
1.0000001318933123
1.0000001371412433
1.0000001420679412
1.0000001466618806
1.0000001509123271
1.0000001548093629
1.0000001583439118
1.0000001615077594
1.0000001642935721
1.0000001666949150
1.0000001687062672
1.0000001703230357
1.0000001715415656
1.0000001723591483
1.0000001727740278
1.0000001727854044
1.0000001723934373
1.0000001715992446
1.0000001704049004
1.0000001688134295
1.0000001668287990
1.0000001644559100
1.0000001617005847
