1.0034182748731808
1.0033751454944806
1.0033239871208921
1.0032649202261679
1.0031980839184824
1.0031236356286533
1.0030417507568692
1.0029526222785536
1.0028564603100796
1.0027534916351164
1.0026439591924832
1.0025281215264434
1.0024062522004724
1.0022786391755942
1.0021455841544824
1.0020074018925795
1.0018644194775816
1.0017169755787037
1.0015654196672319
1.0014101112099356
1.0012514188369952
1.0010897194861701
1.0009253975250125
1.0007588438529984
1.0005904549855194
1.0004206321217441
1.0002497801984209
1.0000783069317543
0.9999066218495476
0.9997351353158489
0.9995642575503980
0.9993943976452005
0.9992259625806004
0.9990593562432553
0.9988949784484417
0.9987332239691390
0.9985744815743525
0.9984191330791411
0.9982675524088138
0.9981201046797533
0.9979771452993020
0.9978390190871234
0.9977060594204209
0.9975785874053441
0.9974569110768762
0.9973413246294285
0.9972321076802976
0.9971295245680776
0.9970338236880288
0.9969452368663059
0.9968639787748582
0.9967902463887117
0.9967242184872103
0.9966660552006926
0.9966158976039419
0.9965738673576151
0.9965400663987227
0.9965145766810823
0.9964974599665276
0.9964887576674967
0.9964884907414790
0.9964966596376333
0.9965132442957422
0.9965382041975036
0.9965714784700052
0.9966129860410725
0.9966626258460199
0.9967202770851815
0.9967857995314555
0.9968590338869363
0.9969398021875753
0.9970279082546645
0.9971231381918090
0.9972252609259288
0.9973340287907021
0.9974491781507517
0.9975704300647741
0.9976974909856964
0.9978300534958731
0.9979677970752304
0.9981103889002108
0.9982574846712823
0.9984087294667363
0.9985637586204322
0.9987221986211150
0.9988836680308928
0.9990477784204373
0.9992141353184539
0.9993823391729533
0.9995519863218608
0.9997226699705023
0.9998939811735165
1.0000655098187636
1.0002368456108266
1.0004075790517335
1.0005773024165692
1.0007456107216808
1.0009121026832333
1.0010763816639232
1.0012380566057169
1.0013967429465329
1.0015520635188606
1.0017036494283698
1.0018511409106345
1.0019941881641630
1.0021324521580088
1.0022656054122983
1.0023933327500985
1.0025153320191260
1.0026313147818642
1.0027410069727485
1.0028441495211549
1.0029404989390018
1.0030298278718544
1.0031119256125132
1.0031865985761286
1.0032536707359800
1.0033129840191248
1.0033643986612075
1.0034077935197925
1.0034430663456644
1.0034701340116245
1.0034889326983718
1.0034994180371495
1.0035015652089030
1.0034953689997843
1.0034808438128984
1.0034580236362782
1.0034269619671414
1.0033877316925568
1.0033404249267299
1.0032851528051940
1.0032220452362632
1.0031512506101838
1.0030729354665058
1.0029872841202552
1.0028944982475847
1.0027947964316490
1.0026884136695311
1.0025756008411224
1.0024566241409478
1.0023317644739946
1.0022013168166894
1.0020655895442481
1.0019249037257014
1.0017795923879809
1.0016299997505222
1.0014764804319292
1.0013193986303073
1.0011591272789637
1.0009960471792407
1.0008305461123150
1.0006630179318770
1.0004938616396655
1.0003234804459009
1.0001522808167163
0.9999806715107541
0.9998090626071445
0.9996378645271259
0.9994674870516318
0.9992983383371876
0.9991308239325125
0.9989653457982371
0.9988023013321817
0.9986420824026446
0.9984850743921729
0.9983316552542775
0.9981821945855583
0.9980370527156855
0.9978965798176612
0.9977611150407628
0.9976309856685288
0.9975065063040948
0.9973879780851426
0.9972756879306559
0.9971699078216130
0.9970708941176514
0.9969788869116653
0.9968941094242016
0.9968167674394075
0.9967470487841725
0.9966851228520002
0.9966311401730127
0.9965852320313595
0.9965475101311720
0.9965180663120603
0.9964969723150069
0.9964842795993533
0.9964800192114411
0.9964842017052963
0.9964968171155932
0.9965178349829859
0.9965472044317276
0.9965848542993454
0.9966306933179778
0.9966846103468298
0.9967464746550471
0.9968161362541641
0.9968934262791284
0.9969781574167701
0.9970701243804472
0.9971691044294647
0.9972748579317423
0.9973871289680892
0.9975056459763303
0.9976301224334261
0.9977602575736325
0.9978957371406626
0.9980362341717234
0.9981814098112378
0.9983309141519939
0.9984843871014067
0.9986414592705409
0.9988017528834935
0.9989648827047121
0.9991304569817998
0.9992980784013467
0.9994673450553219
0.9996378514155599
0.9998091893138882
0.9999809489254494
1.0001527197528080
1.0003240916084470
1.0004946555933054
1.0006640050690376
1.0008317366217307
1.0009974510148585
1.0011607541293071
1.0013212578883719
1.0014785811656790
1.0016323506740483
1.0017822018333926
1.0019277796158124
1.0020687393661152
1.0022047475960680
1.0023354827507656
1.0024606359455683
1.0025799116721557
1.0026930284723008
1.0027997195780678
1.0028997335172025
1.0029928346825696
1.0030788038645726
1.0031574387455675
1.0032285543553605
1.0032919834869622
1.0033475770718498
1.0033952045140613
1.0034347539825286
1.0034661326611352
1.0034892669560544
1.0035041026600107
1.0035106050731739
1.0035087590804772
1.0034985691852247
1.0034800594989295
1.0034532736874016
1.0034182748731808
1.0033751454944806
1.0033239871208921
1.0032649202261679
