1.0011184190465041
1.0011042880709591
1.0010875248810747
1.0010681693991577
1.0010462677130711
1.0010218719682908
1.0009950402457364
1.0009658364256404
1.0009343300377558
1.0009005960982307
1.0008647149335139
1.0008267719916795
1.0007868576415873
1.0007450669603328
1.0007014995094579
1.0006562591004211
1.0006094535498582
1.0005611944251898
1.0005115967811415
1.0004607788877899
1.0004088619507423
1.0003559698240958
1.0003022287168382
1.0002477668933671
1.0001927143688212
1.0001372025999342
1.0000813641721349
1.0000253324836277
0.9999692414272010
0.9999132250705105
0.9998574173356083
0.9998019516784761
0.9997469607693347
0.9996925761745019
0.9996389280405641
0.9995861447816332
0.9995343527704502
0.9994836760340905
0.9994342359550263
0.9993861509782767
0.9993395363253773
0.9992945037158756
0.9992511610970527
0.9992096123825455
0.9991699572005256
0.9991322906520765
0.9990967030803697
0.9990632798512350
0.9990321011456784
0.9990032417648793
0.9989767709481603
0.9989527522044047
0.9989312431573475
0.9989122954051406
0.9988959543945578
0.9988822593101574
0.9988712429786950
0.9988629317890302
0.9988573456277384
0.9988544978305899
0.9988543951500271
0.9988570377387223
0.9988624191492583
0.9988705263499321
0.9988813397566421
0.9988948332807756
0.9989109743929725
0.9989297242025965
0.9989510375527156
0.9989748631303372
0.9990011435916193
0.9990298157017281
0.9990608104889861
0.9990940534129129
0.9991294645457268
0.9991669587668418
0.9992064459698624
0.9992478312815478
0.9992910152921890
0.9993358942968151
0.9993823605466158
0.9994303025099471
0.9994796051422662
0.9995301501643155
0.9995818163478600
0.9996344798082745
0.9996880143032469
0.9997422915368608
0.9997971814683166
0.9998525526245290
0.9999082724158306
0.9999642074540273
1.0000202238720277
1.0000761876442794
1.0001319649072400
1.0001874222791172
1.0002424271781167
1.0002968481384502
1.0003505551233474
1.0004034198343410
1.0004553160161074
1.0005061197561396
1.0005557097785680
1.0006039677314467
1.0006507784668413
1.0006960303130830
1.0007396153385610
1.0007814296064557
1.0008213734198386
1.0008593515565789
1.0008952734935321
1.0009290536195101
1.0009606114365530
1.0009898717490529
1.0010167648403161
1.0010412266361628
1.0010631988552139
1.0010826291455246
1.0010994712072683
1.0011136849011997
1.0011252363426562
1.0011340979808998
1.0011402486636165
1.0011436736864412
1.0011443648273946
1.0011423203661576
1.0011375450881419
1.0011300502733489
1.0011198536700392
1.0011069794532714
1.0010914581683983
1.0010733266596481
1.0010526279839413
1.0010294113101352
1.0010037318039173
1.0009756504985985
1.0009452341520897
1.0009125550903777
1.0008776910378476
1.0008407249348235
1.0008017447427326
1.0007608432373318
1.0007181177904525
1.0006736701407513
1.0006276061539849
1.0005800355733490
1.0005310717604459
1.0004808314274669
1.0004294343611988
1.0003770031394887
1.0003236628408174
1.0002695407476503
1.0002147660442535
1.0001594695096729
1.0001037832065987
1.0000478401668449
0.9999917740741772
0.9999357189452479
0.9998798088093905
0.9998241773880385
0.9997689577745366
0.9997142821151119
0.9996602812917837
0.9996070846079719
0.9995548194775726
0.9995036111182656
0.9994535822498005
0.9994048527980109
0.9993575396052851
0.9993117561482127
0.9992676122631146
0.9992252138801371
0.9991846627665815
0.9991460562801184
0.9991094871325046
0.9990750431644031
0.9990428071318787
0.9990128565051154
0.9989852632798650
0.9989600938021141
0.9989374086064153
0.9989172622683044
0.9988997032711772
0.9988847738879737
0.9988725100779725
0.9988629413989665
0.9988560909350424
0.9988519752401566
0.9988506042976506
0.9988519814958140
0.9988561036195530
0.9988629608581904
0.9988725368293756
0.9988848086190452
0.9988997468373264
0.9989173156902398
0.9989374730670156
0.9989601706427977
0.9989853539964684
0.9990129627432919
0.9990429306820293
0.9990751859561533
0.9991096512287402
0.9991462438705941
0.9991848761611269
0.9992254555014689
0.9992678846392791
0.9993120619046771
0.9993578814566983
0.9994052335396549
0.9994540047487508
0.9995040783042901
0.9995553343337865
0.9996076501612762
0.9996609006031117
0.9997149582695103
0.9997696938711037
0.9998249765297450
0.9998806740928083
0.9999366534502193
0.9999927808534418
1.0000489222356566
1.0001049435323575
1.0001607110015949
1.0002160915431113
1.0002709530156046
1.0003251645513693
1.0003785968675751
1.0004311225734552
1.0004826164726837
1.0005329558602449
1.0005820208131007
1.0006296944739901
1.0006758633277080
1.0007204174692308
1.0007632508630804
1.0008042615933357
1.0008433521037261
1.0008804294272655
1.0009154054049165
1.0009481968927871
1.0009787259574059
1.0010069200586320
1.0010327122198035
1.0010560411847420
1.0010768515612696
1.0010950939509193
1.0011107250645555
1.0011237078236508
1.0011340114469980
1.0011416115226686
1.0011464900650560
1.0011486355568824
1.0011480429760804
1.0011447138074843
1.0011386560393105
1.0011298841444349
1.0011184190465041
1.0011042880709591
1.0010875248810747
1.0010681693991577
