1.0000000002183205
1.0000000002171197
1.0000000002155145
1.0000000002135088
1.0000000002111082
1.0000000002083196
1.0000000002051481
1.0000000002016032
1.0000000001976941
1.0000000001934317
1.0000000001888265
1.0000000001838905
1.0000000001786364
1.0000000001730773
1.0000000001672265
1.0000000001610989
1.0000000001547098
1.0000000001480753
1.0000000001412122
1.0000000001341380
1.0000000001268694
1.0000000001194218
1.0000000001118117
1.0000000001040563
1.0000000000961751
1.0000000000881861
1.0000000000801077
1.0000000000719582
1.0000000000637570
1.0000000000555231
1.0000000000472771
1.0000000000390390
1.0000000000308298
1.0000000000226690
1.0000000000145757
1.0000000000065694
0.9999999999986690
0.9999999999908921
0.9999999999832545
0.9999999999757725
0.9999999999684628
0.9999999999613420
0.9999999999544271
0.9999999999477330
0.9999999999412731
0.9999999999350627
0.9999999999291149
0.9999999999234430
0.9999999999180593
0.9999999999129752
0.9999999999082007
0.9999999999037460
0.9999999998996197
0.9999999998958297
0.9999999998923825
0.9999999998892850
0.9999999998865433
0.9999999998841610
0.9999999998821423
0.9999999998804905
0.9999999998792080
0.9999999998782951
0.9999999998777523
0.9999999998775785
0.9999999998777708
0.9999999998783252
0.9999999998792362
0.9999999998804984
0.9999999998821061
0.9999999998840534
0.9999999998863344
0.9999999998889425
0.9999999998918703
0.9999999998951075
0.9999999998986440
0.9999999999024680
0.9999999999065673
0.9999999999109295
0.9999999999155413
0.9999999999203879
0.9999999999254536
0.9999999999307237
0.9999999999361838
0.9999999999418188
0.9999999999476122
0.9999999999535480
0.9999999999596092
0.9999999999657769
0.9999999999720334
0.9999999999783598
0.9999999999847378
0.9999999999911487
0.9999999999975756
1.0000000000039992
1.0000000000104017
1.0000000000167646
1.0000000000230702
1.0000000000293019
1.0000000000354423
1.0000000000414742
1.0000000000473808
1.0000000000531450
1.0000000000587514
1.0000000000641847
1.0000000000694296
1.0000000000744720
1.0000000000792988
1.0000000000838964
1.0000000000882521
1.0000000000923535
1.0000000000961873
1.0000000000997420
1.0000000001030067
1.0000000001059717
1.0000000001086273
1.0000000001109655
1.0000000001129772
1.0000000001146552
1.0000000001159957
1.0000000001169931
1.0000000001176423
1.0000000001179405
1.0000000001178861
1.0000000001174774
1.0000000001167133
1.0000000001155940
1.0000000001141194
1.0000000001122908
1.0000000001101106
1.0000000001075828
1.0000000001047133
1.0000000001015084
1.0000000000979752
1.0000000000941212
1.0000000000899538
1.0000000000854812
1.0000000000807121
1.0000000000756557
1.0000000000703224
1.0000000000647231
1.0000000000588709
1.0000000000527787
1.0000000000464617
1.0000000000399345
1.0000000000332125
1.0000000000263123
1.0000000000192513
1.0000000000120461
1.0000000000047129
0.9999999999972679
0.9999999999897291
0.9999999999821145
0.9999999999744426
0.9999999999667322
0.9999999999590024
0.9999999999512709
0.9999999999435557
0.9999999999358747
0.9999999999282457
0.9999999999206872
0.9999999999132174
0.9999999999058548
0.9999999998986185
0.9999999998915270
0.9999999998845981
0.9999999998778498
0.9999999998712986
0.9999999998649609
0.9999999998588531
0.9999999998529912
0.9999999998473905
0.9999999998420659
0.9999999998370328
0.9999999998323045
0.9999999998278933
0.9999999998238109
0.9999999998200674
0.9999999998166735
0.9999999998136399
0.9999999998109764
0.9999999998086920
0.9999999998067947
0.9999999998052908
0.9999999998041853
0.9999999998034816
0.9999999998031827
0.9999999998032902
0.9999999998038061
0.9999999998047313
0.9999999998060659
0.9999999998078105
0.9999999998099642
0.9999999998125253
0.9999999998154900
0.9999999998188532
0.9999999998226086
0.9999999998267486
0.9999999998312665
0.9999999998361543
0.9999999998414021
0.9999999998470003
0.9999999998529389
0.9999999998592065
0.9999999998657906
0.9999999998726782
0.9999999998798549
0.9999999998873069
0.9999999998950191
0.9999999999029757
0.9999999999111605
0.9999999999195567
0.9999999999281457
0.9999999999369100
0.9999999999458319
0.9999999999548932
0.9999999999640754
0.9999999999733594
0.9999999999827253
0.9999999999921531
1.0000000000016229
1.0000000000111147
1.0000000000206086
1.0000000000300837
1.0000000000395197
1.0000000000488971
1.0000000000581979
1.0000000000674039
1.0000000000764950
1.0000000000854521
1.0000000000942548
1.0000000001028848
1.0000000001113225
1.0000000001195504
1.0000000001275513
1.0000000001353091
1.0000000001428078
1.0000000001500320
1.0000000001569671
1.0000000001635974
1.0000000001699085
1.0000000001758860
1.0000000001815179
1.0000000001867924
1.0000000001916993
1.0000000001962297
1.0000000002003753
1.0000000002041287
1.0000000002074834
1.0000000002104334
1.0000000002129752
1.0000000002151048
1.0000000002168190
1.0000000002181157
1.0000000002189935
1.0000000002194518
1.0000000002194906
1.0000000002191123
1.0000000002183205
1.0000000002171197
1.0000000002155145
1.0000000002135088
