1.0000000002192249
1.0000000002180069
1.0000000002163827
1.0000000002143579
1.0000000002119382
1.0000000002091312
1.0000000002059439
1.0000000002023846
1.0000000001984619
1.0000000001941858
1.0000000001895661
1.0000000001846145
1.0000000001793428
1.0000000001737634
1.0000000001678888
1.0000000001617340
1.0000000001553155
1.0000000001486502
1.0000000001417546
1.0000000001346454
1.0000000001273390
1.0000000001198535
1.0000000001122058
1.0000000001044140
1.0000000000964968
1.0000000000884726
1.0000000000803606
1.0000000000721796
1.0000000000639484
1.0000000000556857
1.0000000000474107
1.0000000000391427
1.0000000000309006
1.0000000000227036
1.0000000000145703
1.0000000000065203
0.9999999999985724
0.9999999999907454
0.9999999999830584
0.9999999999755295
0.9999999999681755
0.9999999999610135
0.9999999999540600
0.9999999999473301
0.9999999999408393
0.9999999999346021
0.9999999999286323
0.9999999999229419
0.9999999999175420
0.9999999999124434
0.9999999999076550
0.9999999999031867
0.9999999998990465
0.9999999998952422
0.9999999998917816
0.9999999998886716
0.9999999998859180
0.9999999998835252
0.9999999998814966
0.9999999998798356
0.9999999998785442
0.9999999998776229
0.9999999998770706
0.9999999998768861
0.9999999998770677
0.9999999998776129
0.9999999998785188
0.9999999998797815
0.9999999998813970
0.9999999998833590
0.9999999998856606
0.9999999998882938
0.9999999998912498
0.9999999998945180
0.9999999998980879
0.9999999999019455
0.9999999999060775
0.9999999999104715
0.9999999999151139
0.9999999999199904
0.9999999999250876
0.9999999999303902
0.9999999999358833
0.9999999999415495
0.9999999999473719
0.9999999999533326
0.9999999999594160
0.9999999999656048
0.9999999999718822
0.9999999999782310
0.9999999999846337
0.9999999999910716
0.9999999999975263
1.0000000000039799
1.0000000000104134
1.0000000000168083
1.0000000000231473
1.0000000000294140
1.0000000000355918
1.0000000000416622
1.0000000000476092
1.0000000000534157
1.0000000000590643
1.0000000000645386
1.0000000000698228
1.0000000000749005
1.0000000000797575
1.0000000000843812
1.0000000000887581
1.0000000000928762
1.0000000000967235
1.0000000001002889
1.0000000001035627
1.0000000001065348
1.0000000001091958
1.0000000001115377
1.0000000001135538
1.0000000001152380
1.0000000001165845
1.0000000001175873
1.0000000001182414
1.0000000001185441
1.0000000001184928
1.0000000001180864
1.0000000001173242
1.0000000001162073
1.0000000001147364
1.0000000001129119
1.0000000001107350
1.0000000001082097
1.0000000001053397
1.0000000001021303
1.0000000000985874
1.0000000000947185
1.0000000000905316
1.0000000000860356
1.0000000000812399
1.0000000000761546
1.0000000000707914
1.0000000000651625
1.0000000000592817
1.0000000000531630
1.0000000000468194
1.0000000000402651
1.0000000000335139
1.0000000000265810
1.0000000000194826
1.0000000000122355
1.0000000000048574
0.9999999999973662
0.9999999999897792
0.9999999999821149
0.9999999999743933
0.9999999999666346
0.9999999999588580
0.9999999999510824
0.9999999999433250
0.9999999999356037
0.9999999999279365
0.9999999999203418
0.9999999999128376
0.9999999999054422
0.9999999998981731
0.9999999998910490
0.9999999998840878
0.9999999998773076
0.9999999998707251
0.9999999998643568
0.9999999998582197
0.9999999998523295
0.9999999998467010
0.9999999998413478
0.9999999998362837
0.9999999998315219
0.9999999998270765
0.9999999998229609
0.9999999998191871
0.9999999998157663
0.9999999998127085
0.9999999998100229
0.9999999998077176
0.9999999998058000
0.9999999998042769
0.9999999998031531
0.9999999998024338
0.9999999998021231
0.9999999998022238
0.9999999998027386
0.9999999998036690
0.9999999998050145
0.9999999998067746
0.9999999998089476
0.9999999998115304
0.9999999998145185
0.9999999998179058
0.9999999998216857
0.9999999998258526
0.9999999998303990
0.9999999998353155
0.9999999998405937
0.9999999998462246
0.9999999998521973
0.9999999998585002
0.9999999998651208
0.9999999998720456
0.9999999998792598
0.9999999998867486
0.9999999998944968
0.9999999999024888
0.9999999999107088
0.9999999999191407
0.9999999999277676
0.9999999999365722
0.9999999999455365
0.9999999999546431
0.9999999999638725
0.9999999999732029
0.9999999999826144
0.9999999999920869
1.0000000000016007
1.0000000000111358
1.0000000000206719
1.0000000000301896
1.0000000000396700
1.0000000000490925
1.0000000000584370
1.0000000000676850
1.0000000000768168
1.0000000000858129
1.0000000000946532
1.0000000001033189
1.0000000001117924
1.0000000001200560
1.0000000001280926
1.0000000001358853
1.0000000001434164
1.0000000001506697
1.0000000001576301
1.0000000001642833
1.0000000001706153
1.0000000001766132
1.0000000001822655
1.0000000001875620
1.0000000001924931
1.0000000001970495
1.0000000002012210
1.0000000002049991
1.0000000002083762
1.0000000002113463
1.0000000002139040
1.0000000002160447
1.0000000002177656
1.0000000002190643
1.0000000002199398
1.0000000002203917
1.0000000002204215
1.0000000002200313
1.0000000002192249
1.0000000002180069
1.0000000002163827
1.0000000002143579
