1.0000000000093108
1.0000000000093336
1.0000000000093368
1.0000000000093214
1.0000000000092888
1.0000000000092399
1.0000000000091758
1.0000000000090965
1.0000000000090030
1.0000000000088962
1.0000000000087772
1.0000000000086460
1.0000000000085036
1.0000000000083518
1.0000000000081914
1.0000000000080249
1.0000000000078511
1.0000000000076696
1.0000000000074798
1.0000000000072835
1.0000000000070821
1.0000000000068769
1.0000000000066682
1.0000000000064568
1.0000000000062428
1.0000000000060270
1.0000000000058100
1.0000000000055924
1.0000000000053741
1.0000000000051563
1.0000000000049396
1.0000000000047242
1.0000000000045097
1.0000000000042970
1.0000000000040858
1.0000000000038769
1.0000000000036697
1.0000000000034655
1.0000000000032643
1.0000000000030658
1.0000000000028699
1.0000000000026774
1.0000000000024882
1.0000000000023026
1.0000000000021205
1.0000000000019413
1.0000000000017666
1.0000000000015972
1.0000000000014333
1.0000000000012754
1.0000000000011235
1.0000000000009779
1.0000000000008382
1.0000000000007041
1.0000000000005762
1.0000000000004554
1.0000000000003419
1.0000000000002365
1.0000000000001377
1.0000000000000460
0.9999999999999625
0.9999999999998885
0.9999999999998247
0.9999999999997708
0.9999999999997270
0.9999999999996931
0.9999999999996693
0.9999999999996557
0.9999999999996519
0.9999999999996571
0.9999999999996696
0.9999999999996870
0.9999999999997085
0.9999999999997335
0.9999999999997615
0.9999999999997923
0.9999999999998265
0.9999999999998642
0.9999999999999047
0.9999999999999478
0.9999999999999923
1.0000000000000382
1.0000000000000866
1.0000000000001381
1.0000000000001923
1.0000000000002489
1.0000000000003075
1.0000000000003662
1.0000000000004234
1.0000000000004787
1.0000000000005320
1.0000000000005831
1.0000000000006315
1.0000000000006783
1.0000000000007230
1.0000000000007645
1.0000000000008036
1.0000000000008396
1.0000000000008733
1.0000000000009051
1.0000000000009348
1.0000000000009623
1.0000000000009870
1.0000000000010074
1.0000000000010230
1.0000000000010349
1.0000000000010445
1.0000000000010512
1.0000000000010547
1.0000000000010554
1.0000000000010532
1.0000000000010481
1.0000000000010407
1.0000000000010321
1.0000000000010230
1.0000000000010119
1.0000000000009990
1.0000000000009848
1.0000000000009692
1.0000000000009521
1.0000000000009328
1.0000000000009130
1.0000000000008926
1.0000000000008726
1.0000000000008529
1.0000000000008329
1.0000000000008111
1.0000000000007869
1.0000000000007601
1.0000000000007303
1.0000000000006979
1.0000000000006628
1.0000000000006246
1.0000000000005831
1.0000000000005380
1.0000000000004901
1.0000000000004385
1.0000000000003844
1.0000000000003282
1.0000000000002693
1.0000000000002083
1.0000000000001463
1.0000000000000846
1.0000000000000233
0.9999999999999629
0.9999999999999030
0.9999999999998430
0.9999999999997822
0.9999999999997206
0.9999999999996586
0.9999999999995957
0.9999999999995314
0.9999999999994653
0.9999999999993967
0.9999999999993251
0.9999999999992500
0.9999999999991712
0.9999999999990891
0.9999999999990050
0.9999999999989195
0.9999999999988338
0.9999999999987484
0.9999999999986646
0.9999999999985829
0.9999999999985040
0.9999999999984284
0.9999999999983542
0.9999999999982813
0.9999999999982087
0.9999999999981355
0.9999999999980614
0.9999999999979863
0.9999999999979102
0.9999999999978341
0.9999999999977595
0.9999999999976881
0.9999999999976195
0.9999999999975536
0.9999999999974909
0.9999999999974325
0.9999999999973803
0.9999999999973349
0.9999999999972964
0.9999999999972637
0.9999999999972363
0.9999999999972135
0.9999999999971952
0.9999999999971829
0.9999999999971767
0.9999999999971780
0.9999999999971868
0.9999999999972026
0.9999999999972259
0.9999999999972579
0.9999999999972982
0.9999999999973472
0.9999999999974052
0.9999999999974722
0.9999999999975482
0.9999999999976324
0.9999999999977243
0.9999999999978242
0.9999999999979321
0.9999999999980493
0.9999999999981755
0.9999999999983112
0.9999999999984563
0.9999999999986113
0.9999999999987763
0.9999999999989508
0.9999999999991337
0.9999999999993239
0.9999999999995202
0.9999999999997232
0.9999999999999336
1.0000000000001512
1.0000000000003768
1.0000000000006100
1.0000000000008509
1.0000000000010985
1.0000000000013509
1.0000000000016067
1.0000000000018645
1.0000000000021241
1.0000000000023856
1.0000000000026488
1.0000000000029141
1.0000000000031823
1.0000000000034535
1.0000000000037270
1.0000000000040021
1.0000000000042777
1.0000000000045521
1.0000000000048246
1.0000000000050939
1.0000000000053595
1.0000000000056217
1.0000000000058804
1.0000000000061358
1.0000000000063869
1.0000000000066323
1.0000000000068714
1.0000000000071032
1.0000000000073270
1.0000000000075435
1.0000000000077525
1.0000000000079532
1.0000000000081457
1.0000000000083287
1.0000000000084996
1.0000000000086564
1.0000000000087976
1.0000000000089235
1.0000000000090339
1.0000000000091287
1.0000000000092073
1.0000000000092684
1.0000000000093108
1.0000000000093336
1.0000000000093368
1.0000000000093214
