1.0000000025393376
1.0000000025158722
1.0000000024869702
1.0000000024527091
1.0000000024131785
1.0000000023684805
1.0000000023187294
1.0000000022640521
1.0000000022045856
1.0000000021404785
1.0000000020718889
1.0000000019989852
1.0000000019219470
1.0000000018409632
1.0000000017562323
1.0000000016679611
1.0000000015763642
1.0000000014816623
1.0000000013840853
1.0000000012838686
1.0000000011812535
1.0000000010764878
1.0000000009698231
1.0000000008615146
1.0000000007518215
1.0000000006410061
1.0000000005293319
1.0000000004170644
1.0000000003044702
1.0000000001918159
1.0000000000793685
0.9999999999673939
0.9999999998561564
0.9999999997459185
0.9999999996369400
0.9999999995294770
0.9999999994237815
0.9999999993201024
0.9999999992186830
0.9999999991197591
0.9999999990235610
0.9999999989303111
0.9999999988402264
0.9999999987535150
0.9999999986703753
0.9999999985909981
0.9999999985155646
0.9999999984442465
0.9999999983772064
0.9999999983145951
0.9999999982565527
0.9999999982032085
0.9999999981546820
0.9999999981110794
0.9999999980724950
0.9999999980390092
0.9999999980106911
0.9999999979875960
0.9999999979697668
0.9999999979572340
0.9999999979500145
0.9999999979481113
0.9999999979515154
0.9999999979602058
0.9999999979741487
0.9999999979932973
0.9999999980175930
0.9999999980469640
0.9999999980813270
0.9999999981205848
0.9999999981646293
0.9999999982133396
0.9999999982665840
0.9999999983242198
0.9999999983860943
0.9999999984520446
0.9999999985218981
0.9999999985954729
0.9999999986725766
0.9999999987530087
0.9999999988365608
0.9999999989230177
0.9999999990121577
0.9999999991037529
0.9999999991975691
0.9999999992933651
0.9999999993908950
0.9999999994899076
0.9999999995901502
0.9999999996913670
0.9999999997933000
0.9999999998956889
0.9999999999982733
1.0000000001007909
1.0000000002029796
1.0000000003045793
1.0000000004053324
1.0000000005049836
1.0000000006032799
1.0000000006999696
1.0000000007948058
1.0000000008875451
1.0000000009779491
1.0000000010657863
1.0000000011508312
1.0000000012328663
1.0000000013116810
1.0000000013870720
1.0000000014588444
1.0000000015268129
1.0000000015908006
1.0000000016506405
1.0000000017061759
1.0000000017572614
1.0000000018037629
1.0000000018455568
1.0000000018825306
1.0000000019145832
1.0000000019416260
1.0000000019635831
1.0000000019803901
1.0000000019919963
1.0000000019983633
1.0000000019994655
1.0000000019952895
1.0000000019858339
1.0000000019711102
1.0000000019511437
1.0000000019259725
1.0000000018956479
1.0000000018602344
1.0000000018198081
1.0000000017744579
1.0000000017242854
1.0000000016694048
1.0000000016099411
1.0000000015460289
1.0000000014778150
1.0000000014054564
1.0000000013291204
1.0000000012489842
1.0000000011652348
1.0000000010780674
1.0000000009876857
1.0000000008943022
1.0000000007981371
1.0000000006994176
1.0000000005983776
1.0000000004952563
1.0000000003902993
1.0000000002837566
1.0000000001758809
1.0000000000669285
0.9999999999571603
0.9999999998468395
0.9999999997362310
0.9999999996256007
0.9999999995152143
0.9999999994053371
0.9999999992962350
0.9999999991881725
0.9999999990814127
0.9999999989762152
0.9999999988728356
0.9999999987715261
0.9999999986725334
0.9999999985760988
0.9999999984824567
0.9999999983918356
0.9999999983044580
0.9999999982205403
0.9999999981402912
0.9999999980639110
0.9999999979915901
0.9999999979235077
0.9999999978598334
0.9999999978007270
0.9999999977463385
0.9999999976968071
0.9999999976522612
0.9999999976128194
0.9999999975785865
0.9999999975496554
0.9999999975261064
0.9999999975080074
0.9999999974954127
0.9999999974883635
0.9999999974868875
0.9999999974910002
0.9999999975007060
0.9999999975159951
0.9999999975368441
0.9999999975632158
0.9999999975950604
0.9999999976323152
0.9999999976749046
0.9999999977227397
0.9999999977757211
0.9999999978337367
0.9999999978966622
0.9999999979643617
0.9999999980366886
0.9999999981134844
0.9999999981945813
0.9999999982798012
0.9999999983689565
0.9999999984618494
0.9999999985582745
0.9999999986580179
0.9999999987608578
0.9999999988665640
0.9999999989748989
0.9999999990856189
0.9999999991984759
0.9999999993132164
0.9999999994295827
0.9999999995473133
0.9999999996661432
0.9999999997858041
0.9999999999060262
1.0000000000265379
1.0000000001470679
1.0000000002673439
1.0000000003870944
1.0000000005060485
1.0000000006239378
1.0000000007404972
1.0000000008554635
1.0000000009685759
1.0000000010795795
1.0000000011882253
1.0000000012942698
1.0000000013974744
1.0000000014976058
1.0000000015944401
1.0000000016877602
1.0000000017773574
1.0000000018630331
1.0000000019445978
1.0000000020218707
1.0000000020946802
1.0000000021628657
1.0000000022262778
1.0000000022847786
1.0000000023382407
1.0000000023865494
1.0000000024296016
1.0000000024673064
1.0000000024995859
1.0000000025263736
1.0000000025476163
1.0000000025632740
1.0000000025733207
1.0000000025777422
1.0000000025765365
1.0000000025697149
1.0000000025573024
1.0000000025393376
1.0000000025158722
1.0000000024869702
1.0000000024527091
