1.0000000583061519
1.0000000576425572
1.0000000568462446
1.0000000559191902
1.0000000548636780
1.0000000536822982
1.0000000523779380
1.0000000509537748
1.0000000494132681
1.0000000477601529
1.0000000459984300
1.0000000441323571
1.0000000421664381
1.0000000401054112
1.0000000379542386
1.0000000357180938
1.0000000334023520
1.0000000310125761
1.0000000285545017
1.0000000260340245
1.0000000234571866
1.0000000208301596
1.0000000181592319
1.0000000154507933
1.0000000127113196
1.0000000099473569
1.0000000071655073
1.0000000043724113
1.0000000015747332
0.9999999987791446
0.9999999959923079
0.9999999932208622
0.9999999904714063
0.9999999877504826
0.9999999850645621
0.9999999824200286
0.9999999798231632
0.9999999772801295
0.9999999747969602
0.9999999723795415
0.9999999700335999
0.9999999677646870
0.9999999655781675
0.9999999634792053
0.9999999614727515
0.9999999595635334
0.9999999577560423
0.9999999560545230
0.9999999544629627
0.9999999529850857
0.9999999516243407
0.9999999503838947
0.9999999492666229
0.9999999482751035
0.9999999474116115
0.9999999466781131
0.9999999460762613
0.9999999456073932
0.9999999452725246
0.9999999450723478
0.9999999450072325
0.9999999450772229
0.9999999452820370
0.9999999456210683
0.9999999460933882
0.9999999466977467
0.9999999474325769
0.9999999482959983
0.9999999492858204
0.9999999503995504
0.9999999516343959
0.9999999529872755
0.9999999544548233
0.9999999560333974
0.9999999577190887
0.9999999595077312
0.9999999613949122
0.9999999633759812
0.9999999654460642
0.9999999676000735
0.9999999698327211
0.9999999721385288
0.9999999745118436
0.9999999769468498
0.9999999794375828
0.9999999819779449
0.9999999845617192
0.9999999871825854
0.9999999898341343
0.9999999925098823
0.9999999952032885
0.9999999979077704
1.0000000006167196
1.0000000033235177
1.0000000060215524
1.0000000087042318
1.0000000113650021
1.0000000139973619
1.0000000165948775
1.0000000191512002
1.0000000216600804
1.0000000241153828
1.0000000265111026
1.0000000288413773
1.0000000311005017
1.0000000332829437
1.0000000353833540
1.0000000373965829
1.0000000393176907
1.0000000411419583
1.0000000428648996
1.0000000444822728
1.0000000459900911
1.0000000473846320
1.0000000486624450
1.0000000498203607
1.0000000508554994
1.0000000517652743
1.0000000525474013
1.0000000531999040
1.0000000537211176
1.0000000541096941
1.0000000543646053
1.0000000544851457
1.0000000544709324
1.0000000543219081
1.0000000540383391
1.0000000536208180
1.0000000530702611
1.0000000523879053
1.0000000515753054
1.0000000506343303
1.0000000495671593
1.0000000483762763
1.0000000470644639
1.0000000456347957
1.0000000440906314
1.0000000424356073
1.0000000406736267
1.0000000388088537
1.0000000368456998
1.0000000347888152
1.0000000326430762
1.0000000304135768
1.0000000281056143
1.0000000257246786
1.0000000232764374
1.0000000207667228
1.0000000182015150
1.0000000155869317
1.0000000129292133
1.0000000102347035
1.0000000075098399
1.0000000047611359
1.0000000019951669
0.9999999992185511
0.9999999964379361
0.9999999936599820
0.9999999908913456
0.9999999881386662
0.9999999854085478
0.9999999827075443
0.9999999800421443
0.9999999774187548
0.9999999748436852
0.9999999723231332
0.9999999698631692
0.9999999674697214
0.9999999651485628
0.9999999629052965
0.9999999607453427
0.9999999586739262
0.9999999566960629
0.9999999548165489
0.9999999530399478
0.9999999513705802
0.9999999498125133
0.9999999483695514
0.9999999470452269
0.9999999458427901
0.9999999447652034
0.9999999438151335
0.9999999429949440
0.9999999423066910
0.9999999417521177
0.9999999413326517
0.9999999410494000
0.9999999409031459
0.9999999408943480
0.9999999410231389
0.9999999412893252
0.9999999416923855
0.9999999422314731
0.9999999429054185
0.9999999437127319
0.9999999446516072
0.9999999457199249
0.9999999469152584
0.9999999482348794
0.9999999496757636
0.9999999512345984
0.9999999529077896
0.9999999546914720
0.9999999565815170
0.9999999585735440
0.9999999606629295
0.9999999628448180
0.9999999651141334
0.9999999674655908
0.9999999698937101
0.9999999723928290
0.9999999749571166
0.9999999775805858
0.9999999802571080
0.9999999829804295
0.9999999857441846
0.9999999885419112
0.9999999913670665
0.9999999942130415
0.9999999970731774
0.9999999999407817
1.0000000028091416
1.0000000056715421
1.0000000085212835
1.0000000113516954
1.0000000141561538
1.0000000169280954
1.0000000196610348
1.0000000223485783
1.0000000249844412
1.0000000275624601
1.0000000300766085
1.0000000325210110
1.0000000348899576
1.0000000371779174
1.0000000393795512
1.0000000414897265
1.0000000435035283
1.0000000454162694
1.0000000472235013
1.0000000489210261
1.0000000505049060
1.0000000519714740
1.0000000533173417
1.0000000545394068
1.0000000556348603
1.0000000566011926
1.0000000574362009
1.0000000581379940
1.0000000587049980
1.0000000591359581
1.0000000594299423
1.0000000595863416
1.0000000596048753
1.0000000594855882
1.0000000592288520
1.0000000588353652
1.0000000583061519
1.0000000576425572
1.0000000568462446
1.0000000559191902
