1.0000000001022200
1.0000000001017999
1.0000000001011957
1.0000000001004101
1.0000000000994458
1.0000000000983063
1.0000000000969953
1.0000000000955160
1.0000000000938727
1.0000000000920710
1.0000000000901152
1.0000000000880116
1.0000000000857658
1.0000000000833846
1.0000000000808740
1.0000000000782399
1.0000000000754894
1.0000000000726301
1.0000000000696683
1.0000000000666112
1.0000000000634661
1.0000000000602416
1.0000000000569453
1.0000000000535851
1.0000000000501688
1.0000000000467035
1.0000000000431983
1.0000000000396612
1.0000000000361009
1.0000000000325262
1.0000000000289455
1.0000000000253657
1.0000000000217952
1.0000000000182410
1.0000000000147105
1.0000000000112110
1.0000000000077514
1.0000000000043399
1.0000000000009839
0.9999999999976915
0.9999999999944695
0.9999999999913243
0.9999999999882622
0.9999999999852905
0.9999999999824164
0.9999999999796471
0.9999999999769900
0.9999999999744510
0.9999999999720349
0.9999999999697474
0.9999999999675934
0.9999999999655779
0.9999999999637037
0.9999999999619735
0.9999999999603902
0.9999999999589563
0.9999999999576734
0.9999999999565433
0.9999999999555665
0.9999999999547432
0.9999999999540747
0.9999999999535609
0.9999999999532018
0.9999999999529978
0.9999999999529484
0.9999999999530522
0.9999999999533077
0.9999999999537139
0.9999999999542695
0.9999999999549691
0.9999999999558089
0.9999999999567851
0.9999999999578947
0.9999999999591332
0.9999999999604977
0.9999999999619826
0.9999999999635828
0.9999999999652924
0.9999999999671055
0.9999999999690158
0.9999999999710171
0.9999999999731022
0.9999999999752657
0.9999999999775010
0.9999999999798016
0.9999999999821610
0.9999999999845726
0.9999999999870285
0.9999999999895212
0.9999999999920434
0.9999999999945878
0.9999999999971465
0.9999999999997123
1.0000000000022771
1.0000000000048326
1.0000000000073708
1.0000000000098845
1.0000000000123663
1.0000000000148086
1.0000000000172042
1.0000000000195444
1.0000000000218223
1.0000000000240321
1.0000000000261682
1.0000000000282248
1.0000000000301965
1.0000000000320775
1.0000000000338620
1.0000000000355458
1.0000000000371247
1.0000000000385931
1.0000000000399465
1.0000000000411797
1.0000000000422891
1.0000000000432701
1.0000000000441185
1.0000000000448315
1.0000000000454066
1.0000000000458416
1.0000000000461342
1.0000000000462825
1.0000000000462854
1.0000000000461418
1.0000000000458513
1.0000000000454130
1.0000000000448281
1.0000000000440981
1.0000000000432234
1.0000000000422065
1.0000000000410487
1.0000000000397524
1.0000000000383205
1.0000000000367550
1.0000000000350575
1.0000000000332312
1.0000000000312776
1.0000000000292004
1.0000000000270031
1.0000000000246905
1.0000000000222695
1.0000000000197464
1.0000000000171276
1.0000000000144187
1.0000000000116251
1.0000000000087528
1.0000000000058076
1.0000000000027967
0.9999999999997278
0.9999999999966079
0.9999999999934452
0.9999999999902466
0.9999999999870193
0.9999999999837700
0.9999999999805053
0.9999999999772329
0.9999999999739615
0.9999999999706993
0.9999999999674541
0.9999999999642337
0.9999999999610473
0.9999999999579043
0.9999999999548133
0.9999999999517808
0.9999999999488132
0.9999999999459176
0.9999999999431007
0.9999999999403691
0.9999999999377301
0.9999999999351907
0.9999999999327580
0.9999999999304385
0.9999999999282387
0.9999999999261654
0.9999999999242251
0.9999999999224226
0.9999999999207637
0.9999999999192534
0.9999999999178963
0.9999999999166960
0.9999999999156547
0.9999999999147746
0.9999999999140583
0.9999999999135081
0.9999999999131265
0.9999999999129158
0.9999999999128790
0.9999999999130189
0.9999999999133367
0.9999999999138340
0.9999999999145116
0.9999999999153688
0.9999999999164054
0.9999999999176186
0.9999999999190066
0.9999999999205669
0.9999999999222965
0.9999999999241926
0.9999999999262523
0.9999999999284729
0.9999999999308516
0.9999999999333848
0.9999999999360674
0.9999999999388927
0.9999999999418556
0.9999999999449501
0.9999999999481718
0.9999999999515148
0.9999999999549722
0.9999999999585376
0.9999999999622027
0.9999999999659597
0.9999999999698013
0.9999999999737208
0.9999999999777103
0.9999999999817607
0.9999999999858644
0.9999999999900132
0.9999999999941982
0.9999999999984105
1.0000000000026423
1.0000000000068852
1.0000000000111309
1.0000000000153719
1.0000000000196001
1.0000000000238067
1.0000000000279834
1.0000000000321208
1.0000000000362093
1.0000000000402414
1.0000000000442084
1.0000000000481022
1.0000000000519143
1.0000000000556368
1.0000000000592633
1.0000000000627860
1.0000000000661979
1.0000000000694913
1.0000000000726585
1.0000000000756923
1.0000000000785869
1.0000000000813365
1.0000000000839355
1.0000000000863798
1.0000000000886655
1.0000000000907887
1.0000000000927458
1.0000000000945328
1.0000000000961462
1.0000000000975828
1.0000000000988398
1.0000000000999154
1.0000000001008069
1.0000000001015126
1.0000000001020308
1.0000000001023608
1.0000000001025013
1.0000000001024540
1.0000000001022200
1.0000000001017999
1.0000000001011957
1.0000000001004101
