1.0000000000092000
1.0000000000092220
1.0000000000092277
1.0000000000092171
1.0000000000091898
1.0000000000091460
1.0000000000090861
1.0000000000090090
1.0000000000089146
1.0000000000088045
1.0000000000086813
1.0000000000085467
1.0000000000084017
1.0000000000082470
1.0000000000080826
1.0000000000079095
1.0000000000077274
1.0000000000075375
1.0000000000073406
1.0000000000071376
1.0000000000069298
1.0000000000067184
1.0000000000065032
1.0000000000062843
1.0000000000060636
1.0000000000058415
1.0000000000056197
1.0000000000053999
1.0000000000051823
1.0000000000049671
1.0000000000047535
1.0000000000045415
1.0000000000043310
1.0000000000041220
1.0000000000039149
1.0000000000037113
1.0000000000035114
1.0000000000033153
1.0000000000031233
1.0000000000029343
1.0000000000027485
1.0000000000025657
1.0000000000023863
1.0000000000022109
1.0000000000020404
1.0000000000018747
1.0000000000017144
1.0000000000015596
1.0000000000014100
1.0000000000012659
1.0000000000011267
1.0000000000009928
1.0000000000008646
1.0000000000007430
1.0000000000006284
1.0000000000005216
1.0000000000004219
1.0000000000003295
1.0000000000002440
1.0000000000001643
1.0000000000000910
1.0000000000000242
0.9999999999999641
0.9999999999999111
0.9999999999998648
0.9999999999998244
0.9999999999997896
0.9999999999997607
0.9999999999997383
0.9999999999997236
0.9999999999997169
0.9999999999997176
0.9999999999997258
0.9999999999997419
0.9999999999997664
0.9999999999997973
0.9999999999998340
0.9999999999998761
0.9999999999999230
0.9999999999999740
1.0000000000000289
1.0000000000000857
1.0000000000001443
1.0000000000002041
1.0000000000002629
1.0000000000003204
1.0000000000003764
1.0000000000004301
1.0000000000004814
1.0000000000005307
1.0000000000005784
1.0000000000006231
1.0000000000006646
1.0000000000007023
1.0000000000007370
1.0000000000007681
1.0000000000007958
1.0000000000008205
1.0000000000008427
1.0000000000008622
1.0000000000008786
1.0000000000008926
1.0000000000009046
1.0000000000009164
1.0000000000009281
1.0000000000009404
1.0000000000009523
1.0000000000009641
1.0000000000009748
1.0000000000009845
1.0000000000009945
1.0000000000010045
1.0000000000010143
1.0000000000010230
1.0000000000010294
1.0000000000010332
1.0000000000010332
1.0000000000010287
1.0000000000010199
1.0000000000010076
1.0000000000009912
1.0000000000009714
1.0000000000009488
1.0000000000009233
1.0000000000008944
1.0000000000008629
1.0000000000008291
1.0000000000007931
1.0000000000007552
1.0000000000007154
1.0000000000006741
1.0000000000006311
1.0000000000005864
1.0000000000005400
1.0000000000004912
1.0000000000004388
1.0000000000003828
1.0000000000003244
1.0000000000002642
1.0000000000002021
1.0000000000001377
1.0000000000000711
1.0000000000000033
0.9999999999999347
0.9999999999998654
0.9999999999997962
0.9999999999997267
0.9999999999996568
0.9999999999995874
0.9999999999995183
0.9999999999994497
0.9999999999993806
0.9999999999993120
0.9999999999992442
0.9999999999991778
0.9999999999991116
0.9999999999990459
0.9999999999989797
0.9999999999989129
0.9999999999988448
0.9999999999987749
0.9999999999987019
0.9999999999986259
0.9999999999985481
0.9999999999984692
0.9999999999983885
0.9999999999983065
0.9999999999982233
0.9999999999981398
0.9999999999980564
0.9999999999979734
0.9999999999978914
0.9999999999978114
0.9999999999977350
0.9999999999976625
0.9999999999975947
0.9999999999975312
0.9999999999974729
0.9999999999974207
0.9999999999973745
0.9999999999973347
0.9999999999972995
0.9999999999972676
0.9999999999972394
0.9999999999972151
0.9999999999971950
0.9999999999971798
0.9999999999971697
0.9999999999971659
0.9999999999971695
0.9999999999971806
0.9999999999971995
0.9999999999972264
0.9999999999972623
0.9999999999973066
0.9999999999973604
0.9999999999974238
0.9999999999974953
0.9999999999975741
0.9999999999976592
0.9999999999977510
0.9999999999978495
0.9999999999979546
0.9999999999980675
0.9999999999981887
0.9999999999983182
0.9999999999984560
0.9999999999986017
0.9999999999987549
0.9999999999989159
0.9999999999990850
0.9999999999992624
0.9999999999994486
0.9999999999996444
0.9999999999998491
1.0000000000000620
1.0000000000002822
1.0000000000005098
1.0000000000007434
1.0000000000009823
1.0000000000012275
1.0000000000014784
1.0000000000017344
1.0000000000019951
1.0000000000022593
1.0000000000025266
1.0000000000027962
1.0000000000030669
1.0000000000033387
1.0000000000036120
1.0000000000038880
1.0000000000041671
1.0000000000044487
1.0000000000047324
1.0000000000050162
1.0000000000052978
1.0000000000055758
1.0000000000058493
1.0000000000061171
1.0000000000063776
1.0000000000066298
1.0000000000068732
1.0000000000071065
1.0000000000073299
1.0000000000075431
1.0000000000077460
1.0000000000079381
1.0000000000081199
1.0000000000082900
1.0000000000084479
1.0000000000085938
1.0000000000087268
1.0000000000088451
1.0000000000089484
1.0000000000090361
1.0000000000091072
1.0000000000091618
1.0000000000092000
1.0000000000092220
1.0000000000092277
1.0000000000092171
