1.0000000011177284
1.0000000011084782
1.0000000010969061
1.0000000010830441
1.0000000010669288
1.0000000010486039
1.0000000010281183
1.0000000010055252
1.0000000009808812
1.0000000009542467
1.0000000009256884
1.0000000008952781
1.0000000008630916
1.0000000008292109
1.0000000007937195
1.0000000007567040
1.0000000007182532
1.0000000006784604
1.0000000006374226
1.0000000005952392
1.0000000005520111
1.0000000005078424
1.0000000004628389
1.0000000004171070
1.0000000003707559
1.0000000003238962
1.0000000002766403
1.0000000002291007
1.0000000001813900
1.0000000001336209
1.0000000000859057
1.0000000000383560
0.9999999999910838
0.9999999999442014
0.9999999998978196
0.9999999998520472
0.9999999998069919
0.9999999997627583
0.9999999997194493
0.9999999996771651
0.9999999996360044
0.9999999995960618
0.9999999995574280
0.9999999995201903
0.9999999994844336
0.9999999994502384
0.9999999994176817
0.9999999993868371
0.9999999993577732
0.9999999993305565
0.9999999993052483
0.9999999992819045
0.9999999992605748
0.9999999992413037
0.9999999992241317
0.9999999992090937
0.9999999991962183
0.9999999991855286
0.9999999991770436
0.9999999991707755
0.9999999991667325
0.9999999991649178
0.9999999991653291
0.9999999991679583
0.9999999991727924
0.9999999991798111
0.9999999991889901
0.9999999992002985
0.9999999992137004
0.9999999992291554
0.9999999992466192
0.9999999992660418
0.9999999992873695
0.9999999993105430
0.9999999993354982
0.9999999993621667
0.9999999993904771
0.9999999994203527
0.9999999994517142
0.9999999994844784
0.9999999995185580
0.9999999995538620
0.9999999995902957
0.9999999996277626
0.9999999996661624
0.9999999997053953
0.9999999997453588
0.9999999997859479
0.9999999998270569
0.9999999998685795
0.9999999999104069
0.9999999999524298
0.9999999999945393
1.0000000000366265
1.0000000000785814
1.0000000001202947
1.0000000001616571
1.0000000002025597
1.0000000002428955
1.0000000002825589
1.0000000003214466
1.0000000003594587
1.0000000003964953
1.0000000004324587
1.0000000004672547
1.0000000005007921
1.0000000005329839
1.0000000005637453
1.0000000005929945
1.0000000006206549
1.0000000006466527
1.0000000006709187
1.0000000006933865
1.0000000007139942
1.0000000007326850
1.0000000007494063
1.0000000007641121
1.0000000007767598
1.0000000007873129
1.0000000007957395
1.0000000008020118
1.0000000008061076
1.0000000008080112
1.0000000008077128
1.0000000008052079
1.0000000008004979
1.0000000007935883
1.0000000007844903
1.0000000007732202
1.0000000007598004
1.0000000007442591
1.0000000007266294
1.0000000007069492
1.0000000006852607
1.0000000006616105
1.0000000006360521
1.0000000006086422
1.0000000005794427
1.0000000005485208
1.0000000005159473
1.0000000004817977
1.0000000004461513
1.0000000004090908
1.0000000003707037
1.0000000003310787
1.0000000002903089
1.0000000002484901
1.0000000002057221
1.0000000001621074
1.0000000001177483
1.0000000000727483
1.0000000000272138
0.9999999999812544
0.9999999999349788
0.9999999998884981
0.9999999998419239
0.9999999997953678
0.9999999997489430
0.9999999997027615
0.9999999996569349
0.9999999996115742
0.9999999995667898
0.9999999995226916
0.9999999994793876
0.9999999994369831
0.9999999993955824
0.9999999993552869
0.9999999993161968
0.9999999992784079
0.9999999992420140
0.9999999992071065
0.9999999991737718
0.9999999991420939
0.9999999991121535
0.9999999990840269
0.9999999990577871
0.9999999990335023
0.9999999990112354
0.9999999989910449
0.9999999989729834
0.9999999989570996
0.9999999989434369
0.9999999989320324
0.9999999989229191
0.9999999989161245
0.9999999989116701
0.9999999989095736
0.9999999989098466
0.9999999989124962
0.9999999989175227
0.9999999989249210
0.9999999989346794
0.9999999989467825
0.9999999989612085
0.9999999989779318
0.9999999989969208
0.9999999990181394
0.9999999990415452
0.9999999990670908
0.9999999990947236
0.9999999991243862
0.9999999991560162
0.9999999991895473
0.9999999992249082
0.9999999992620235
0.9999999993008142
0.9999999993411958
0.9999999993830799
0.9999999994263759
0.9999999994709877
0.9999999995168168
0.9999999995637623
0.9999999996117204
0.9999999996605859
0.9999999997102506
0.9999999997606042
0.9999999998115356
0.9999999998629330
0.9999999999146817
0.9999999999666677
1.0000000000187759
1.0000000000708908
1.0000000001228968
1.0000000001746780
1.0000000002261202
1.0000000002771094
1.0000000003275324
1.0000000003772771
1.0000000004262326
1.0000000004742899
1.0000000005213432
1.0000000005672884
1.0000000006120242
1.0000000006554521
1.0000000006974759
1.0000000007380025
1.0000000007769443
1.0000000008142156
1.0000000008497352
1.0000000008834260
1.0000000009152157
1.0000000009450363
1.0000000009728243
1.0000000009985215
1.0000000010220740
1.0000000010434313
1.0000000010625492
1.0000000010793884
1.0000000010939152
1.0000000011061017
1.0000000011159245
1.0000000011233658
1.0000000011284140
1.0000000011310626
1.0000000011313110
1.0000000011291639
1.0000000011246306
1.0000000011177284
1.0000000011084782
1.0000000010969061
1.0000000010830441
