1.0000000681955712
1.0000000674151288
1.0000000664791848
1.0000000653900576
1.0000000641504265
1.0000000627633285
1.0000000612321480
1.0000000595606118
1.0000000577527774
1.0000000558130258
1.0000000537460496
1.0000000515568419
1.0000000492506833
1.0000000468331296
1.0000000443099997
1.0000000416873613
1.0000000389715169
1.0000000361689878
1.0000000332864976
1.0000000303309577
1.0000000273094514
1.0000000242292149
1.0000000210976219
1.0000000179221642
1.0000000147104346
1.0000000114701098
1.0000000082089304
1.0000000049346820
1.0000000016551769
0.9999999983782372
0.9999999951116750
0.9999999918632743
0.9999999886407691
0.9999999854518294
0.9999999823040411
0.9999999792048876
0.9999999761617331
0.9999999731818037
0.9999999702721705
0.9999999674397325
0.9999999646912008
0.9999999620330824
0.9999999594716656
0.9999999570130035
0.9999999546628999
0.9999999524268952
0.9999999503102537
0.9999999483179500
0.9999999464546577
0.9999999447247400
0.9999999431322375
0.9999999416808601
0.9999999403739773
0.9999999392146108
0.9999999382054267
0.9999999373487298
0.9999999366464569
0.9999999361001735
0.9999999357110679
0.9999999354799503
0.9999999354072501
0.9999999354930170
0.9999999357369194
0.9999999361382442
0.9999999366959004
0.9999999374084227
0.9999999382739729
0.9999999392903443
0.9999999404549672
0.9999999417649151
0.9999999432169118
0.9999999448073389
0.9999999465322460
0.9999999483873609
0.9999999503680994
0.9999999524695752
0.9999999546866127
0.9999999570137578
0.9999999594452937
0.9999999619752521
0.9999999645974287
0.9999999673053971
0.9999999700925265
0.9999999729519966
0.9999999758768137
0.9999999788598256
0.9999999818937418
0.9999999849711496
0.9999999880845326
0.9999999912262871
0.9999999943887427
0.9999999975641773
1.0000000007448400
1.0000000039229673
1.0000000070908037
1.0000000102406177
1.0000000133647227
1.0000000164554930
1.0000000195053838
1.0000000225069505
1.0000000254528649
1.0000000283359332
1.0000000311491124
1.0000000338855275
1.0000000365384865
1.0000000391014991
1.0000000415682919
1.0000000439328236
1.0000000461892984
1.0000000483321814
1.0000000503562096
1.0000000522564076
1.0000000540280982
1.0000000556669140
1.0000000571688068
1.0000000585300572
1.0000000597472845
1.0000000608174544
1.0000000617378877
1.0000000625062666
1.0000000631206387
1.0000000635794231
1.0000000638814119
1.0000000640257751
1.0000000640120630
1.0000000638402076
1.0000000635105213
1.0000000630236971
1.0000000623808072
1.0000000615832991
1.0000000606329944
1.0000000595320835
1.0000000582831192
1.0000000568890106
1.0000000553530162
1.0000000536787388
1.0000000518701153
1.0000000499314077
1.0000000478671935
1.0000000456823530
1.0000000433820584
1.0000000409717611
1.0000000384571803
1.0000000358442871
1.0000000331392913
1.0000000303486276
1.0000000274789389
1.0000000245370622
1.0000000215300107
1.0000000184649573
1.0000000153492183
1.0000000121902335
1.0000000089955494
1.0000000057728029
1.0000000025297013
0.9999999992740033
0.9999999960135021
0.9999999927560075
0.9999999895093258
0.9999999862812406
0.9999999830794967
0.9999999799117786
0.9999999767856932
0.9999999737087517
0.9999999706883522
0.9999999677317610
0.9999999648460947
0.9999999620383048
0.9999999593151602
0.9999999566832307
0.9999999541488724
0.9999999517182134
0.9999999493971373
0.9999999471912689
0.9999999451059601
0.9999999431462768
0.9999999413169900
0.9999999396225600
0.9999999380671291
0.9999999366545093
0.9999999353881752
0.9999999342712554
0.9999999333065245
0.9999999324963960
0.9999999318429168
0.9999999313477619
0.9999999310122301
0.9999999308372418
0.9999999308233358
0.9999999309706689
0.9999999312790151
0.9999999317477668
0.9999999323759340
0.9999999331621472
0.9999999341046626
0.9999999352013641
0.9999999364497697
0.9999999378470366
0.9999999393899675
0.9999999410750192
0.9999999428983104
0.9999999448556287
0.9999999469424453
0.9999999491539241
0.9999999514849328
0.9999999539300533
0.9999999564835952
0.9999999591396097
0.9999999618919040
0.9999999647340566
0.9999999676594304
0.9999999706611898
0.9999999737323189
0.9999999768656357
0.9999999800538099
0.9999999832893800
0.9999999865647718
0.9999999898723172
0.9999999932042705
0.9999999965528285
0.9999999999101470
1.0000000032683625
1.0000000066196082
1.0000000099560318
1.0000000132698168
1.0000000165531993
1.0000000197984864
1.0000000229980763
1.0000000261444753
1.0000000292303157
1.0000000322483740
1.0000000351915876
1.0000000380530722
1.0000000408261362
1.0000000435042975
1.0000000460813001
1.0000000485511280
1.0000000509080198
1.0000000531464814
1.0000000552613002
1.0000000572475567
1.0000000591006388
1.0000000608162505
1.0000000623904213
1.0000000638195161
1.0000000651002432
1.0000000662296644
1.0000000672051998
1.0000000680246359
1.0000000686861270
1.0000000691882038
1.0000000695297744
1.0000000697101286
1.0000000697289373
1.0000000695862556
1.0000000692825237
1.0000000688185622
1.0000000681955712
1.0000000674151288
1.0000000664791848
1.0000000653900576
