1.0000808819572977
1.0000798649536558
1.0000786577724567
1.0000772633084511
1.0000756849034844
1.0000739263385168
1.0000719918245917
1.0000698859927788
1.0000676138831155
1.0000651809325676
1.0000625929620461
1.0000598561625096
1.0000569770801779
1.0000539626008988
1.0000508199337026
1.0000475565935854
1.0000441803835587
1.0000406993760145
1.0000371218934432
1.0000334564885536
1.0000297119238415
1.0000258971506562
1.0000220212878168
1.0000180935998251
1.0000141234747293
1.0000101204016927
1.0000060939483144
1.0000020537377672
0.9999980094257973
0.9999939706776475
0.9999899471449539
0.9999859484426774
0.9999819841261142
0.9999780636680541
0.9999741964361329
0.9999703916704339
0.9999666584613923
0.9999630057280586
0.9999594421967680
0.9999559763802719
0.9999526165573767
0.9999493707531452
0.9999462467197012
0.9999432519176854
0.9999403934984090
0.9999376782867464
0.9999351127648095
0.9999327030564407
0.9999304549125646
0.9999283736974284
0.9999264643757686
0.9999247315009356
0.9999231792040018
0.9999218111838809
0.9999206306984798
0.9999196405569064
0.9999188431127527
0.9999182402584709
0.9999178334208497
0.9999176235576085
0.9999176111551128
0.9999177962272182
0.9999181783152468
0.9999187564890958
0.9999195293494738
0.9999204950312620
0.9999216512079889
0.9999229950974101
0.9999245234681780
0.9999262326475893
0.9999281185303882
0.9999301765886014
0.9999324018823892
0.9999347890718820
0.9999373324299722
0.9999400258560327
0.9999428628905295
0.9999458367304914
0.9999489402458016
0.9999521659962723
0.9999555062494584
0.9999589529991699
0.9999624979846402
0.9999661327102991
0.9999698484661076
0.9999736363484046
0.9999774872812149
0.9999813920379682
0.9999853412635782
0.9999893254968231
0.9999933351929827
0.9999973607466712
1.0000013925148126
1.0000054208397064
1.0000094360721266
1.0000134285943949
1.0000173888433808
1.0000213073333675
1.0000251746787336
1.0000289816163888
1.0000327190279195
1.0000363779613872
1.0000399496527261
1.0000434255466875
1.0000467973172875
1.0000500568877051
1.0000531964495825
1.0000562084816842
1.0000590857678688
1.0000618214143335
1.0000644088660824
1.0000668419225895
1.0000691147526120
1.0000712219081211
1.0000731583373195
1.0000749193967109
1.0000765008621935
1.0000778989391503
1.0000791102715203
1.0000801319498158
1.0000809615180752
1.0000815969797343
1.0000820368024002
1.0000822799215179
1.0000823257429168
1.0000821741442385
1.0000818254752346
1.0000812805569408
1.0000805406797253
1.0000796076002167
1.0000784835371153
1.0000771711659056
1.0000756736124774
1.0000739944456725
1.0000721376687685
1.0000701077099339
1.0000679094116576
1.0000655480191964
1.0000630291680581
1.0000603588705528
1.0000575435014420
1.0000545897827215
1.0000515047675775
1.0000482958235468
1.0000449706149284
1.0000415370844795
1.0000380034344516
1.0000343781070025
1.0000306697640315
1.0000268872664904
1.0000230396532186
1.0000191361193487
1.0000151859943387
1.0000111987196787
1.0000071838263305
1.0000031509119507
0.9999991096179542
0.9999950696064683
0.9999910405372360
0.9999870320445218
0.9999830537140773
0.9999791150602206
0.9999752255030847
0.9999713943460901
0.9999676307536930
0.9999639437294656
0.9999603420945578
0.9999568344665952
0.9999534292390575
0.9999501345611952
0.9999469583185304
0.9999439081139848
0.9999409912496849
0.9999382147094813
0.9999355851422302
0.9999331088458767
0.9999307917523760
0.9999286394134885
0.9999266569874872
0.9999248492268019
0.9999232204666381
0.9999217746145923
0.9999205151412880
0.9999194450720614
0.9999185669797098
0.9999178829783248
0.9999173947182213
0.9999171033819783
0.9999170096815978
0.9999171138567934
0.9999174156744060
0.9999179144289517
0.9999186089443026
0.9999194975764912
0.9999205782176365
0.9999218483009801
0.9999233048070212
0.9999249442707353
0.9999267627898575
0.9999287560342147
0.9999309192560789
0.9999332473015201
0.9999357346227314
0.9999383752912967
0.9999411630123687
0.9999440911397226
0.9999471526916497
0.9999503403676534
0.9999536465659065
0.9999570634014274
0.9999605827249346
0.9999641961423307
0.9999678950347716
0.9999716705792722
0.9999755137697973
0.9999794154387888
0.9999833662790798
0.9999873568661405
0.9999913776806016
0.9999954191310033
0.9999994715767139
1.0000035253509663
1.0000075707839557
1.0000115982259403
1.0000155980702941
1.0000195607764526
1.0000234768927017
1.0000273370787494
1.0000311321280346
1.0000348529897118
1.0000384907902600
1.0000420368546696
1.0000454827271537
1.0000488201913333
1.0000520412898513
1.0000551383433625
1.0000581039688639
1.0000609310973119
1.0000636129904925
1.0000661432570994
1.0000685158679818
1.0000707251705292
1.0000727659021549
1.0000746332028492
1.0000763226267702
1.0000778301528477
1.0000791521943719
1.0000802856075444
1.0000812276989721
1.0000819762320881
1.0000825294324796
1.0000828859921160
1.0000830450724623
1.0000830063064705
1.0000827697994488
1.0000823361288014
1.0000817063426446
1.0000808819572977
1.0000798649536558
1.0000786577724567
1.0000772633084511
