1.0000000000170515
1.0000000000170830
1.0000000000170921
1.0000000000170794
1.0000000000170457
1.0000000000169911
1.0000000000169167
1.0000000000168219
1.0000000000167064
1.0000000000165710
1.0000000000164160
1.0000000000162415
1.0000000000160474
1.0000000000158327
1.0000000000155969
1.0000000000153404
1.0000000000150633
1.0000000000147657
1.0000000000144498
1.0000000000141163
1.0000000000137663
1.0000000000134015
1.0000000000130220
1.0000000000126295
1.0000000000122242
1.0000000000118079
1.0000000000113816
1.0000000000109459
1.0000000000105005
1.0000000000100455
1.0000000000095817
1.0000000000091098
1.0000000000086315
1.0000000000081479
1.0000000000076605
1.0000000000071714
1.0000000000066820
1.0000000000061928
1.0000000000057050
1.0000000000052203
1.0000000000047398
1.0000000000042648
1.0000000000037976
1.0000000000033380
1.0000000000028861
1.0000000000024436
1.0000000000020115
1.0000000000015894
1.0000000000011788
1.0000000000007809
1.0000000000003975
1.0000000000000298
0.9999999999996787
0.9999999999993446
0.9999999999990268
0.9999999999987259
0.9999999999984429
0.9999999999981801
0.9999999999979392
0.9999999999977208
0.9999999999975258
0.9999999999973544
0.9999999999972061
0.9999999999970808
0.9999999999969774
0.9999999999968947
0.9999999999968325
0.9999999999967915
0.9999999999967719
0.9999999999967732
0.9999999999967943
0.9999999999968335
0.9999999999968908
0.9999999999969655
0.9999999999970578
0.9999999999971664
0.9999999999972908
0.9999999999974313
0.9999999999975872
0.9999999999977586
0.9999999999979438
0.9999999999981410
0.9999999999983498
0.9999999999985691
0.9999999999987981
0.9999999999990354
0.9999999999992799
0.9999999999995305
0.9999999999997863
1.0000000000000460
1.0000000000003091
1.0000000000005744
1.0000000000008404
1.0000000000011058
1.0000000000013707
1.0000000000016345
1.0000000000018969
1.0000000000021574
1.0000000000024141
1.0000000000026648
1.0000000000029083
1.0000000000031430
1.0000000000033684
1.0000000000035849
1.0000000000037912
1.0000000000039877
1.0000000000041740
1.0000000000043496
1.0000000000045131
1.0000000000046643
1.0000000000048010
1.0000000000049227
1.0000000000050300
1.0000000000051219
1.0000000000051983
1.0000000000052569
1.0000000000052969
1.0000000000053169
1.0000000000053160
1.0000000000052944
1.0000000000052525
1.0000000000051901
1.0000000000051088
1.0000000000050100
1.0000000000048941
1.0000000000047620
1.0000000000046143
1.0000000000044518
1.0000000000042735
1.0000000000040785
1.0000000000038660
1.0000000000036362
1.0000000000033891
1.0000000000031244
1.0000000000028422
1.0000000000025429
1.0000000000022280
1.0000000000018978
1.0000000000015532
1.0000000000011955
1.0000000000008271
1.0000000000004508
1.0000000000000675
0.9999999999996780
0.9999999999992824
0.9999999999988805
0.9999999999984723
0.9999999999980588
0.9999999999976408
0.9999999999972191
0.9999999999967941
0.9999999999963672
0.9999999999959398
0.9999999999955126
0.9999999999950860
0.9999999999946613
0.9999999999942406
0.9999999999938259
0.9999999999934180
0.9999999999930167
0.9999999999926233
0.9999999999922395
0.9999999999918664
0.9999999999915050
0.9999999999911565
0.9999999999908215
0.9999999999905006
0.9999999999901953
0.9999999999899065
0.9999999999896353
0.9999999999893808
0.9999999999891435
0.9999999999889239
0.9999999999887226
0.9999999999885402
0.9999999999883767
0.9999999999882324
0.9999999999881078
0.9999999999880040
0.9999999999879219
0.9999999999878627
0.9999999999878268
0.9999999999878140
0.9999999999878236
0.9999999999878560
0.9999999999879122
0.9999999999879923
0.9999999999880962
0.9999999999882254
0.9999999999883803
0.9999999999885607
0.9999999999887667
0.9999999999889968
0.9999999999892494
0.9999999999895246
0.9999999999898210
0.9999999999901379
0.9999999999904751
0.9999999999908330
0.9999999999912124
0.9999999999916114
0.9999999999920296
0.9999999999924655
0.9999999999929181
0.9999999999933873
0.9999999999938723
0.9999999999943726
0.9999999999948875
0.9999999999954156
0.9999999999959556
0.9999999999965057
0.9999999999970656
0.9999999999976349
0.9999999999982129
0.9999999999987983
0.9999999999993902
0.9999999999999871
1.0000000000005886
1.0000000000011924
1.0000000000017968
1.0000000000024003
1.0000000000030023
1.0000000000036022
1.0000000000041991
1.0000000000047919
1.0000000000053808
1.0000000000059650
1.0000000000065445
1.0000000000071181
1.0000000000076847
1.0000000000082434
1.0000000000087921
1.0000000000093294
1.0000000000098554
1.0000000000103688
1.0000000000108680
1.0000000000113525
1.0000000000118217
1.0000000000122742
1.0000000000127089
1.0000000000131253
1.0000000000135230
1.0000000000139009
1.0000000000142575
1.0000000000145925
1.0000000000149070
1.0000000000152012
1.0000000000154758
1.0000000000157310
1.0000000000159663
1.0000000000161811
1.0000000000163733
1.0000000000165432
1.0000000000166911
1.0000000000168163
1.0000000000169185
1.0000000000169966
1.0000000000170515
1.0000000000170830
1.0000000000170921
1.0000000000170794
