1.0000000091335812
1.0000000090389543
1.0000000089241330
1.0000000087894132
1.0000000086351348
1.0000000084616831
1.0000000082694893
1.0000000080590292
1.0000000078308204
1.0000000075854225
1.0000000073234361
1.0000000070455000
1.0000000067522903
1.0000000064445194
1.0000000061229324
1.0000000057883074
1.0000000054414513
1.0000000050831996
1.0000000047144140
1.0000000043359805
1.0000000039488084
1.0000000035538275
1.0000000031519847
1.0000000027442422
1.0000000023315752
1.0000000019149693
1.0000000014954173
1.0000000010739203
1.0000000006514820
1.0000000002291081
0.9999999998078036
0.9999999993885688
0.9999999989723983
0.9999999985602778
0.9999999981531833
0.9999999977520780
0.9999999973579103
0.9999999969716106
0.9999999965940896
0.9999999962262353
0.9999999958689119
0.9999999955229576
0.9999999951891829
0.9999999948683684
0.9999999945612641
0.9999999942685834
0.9999999939910066
0.9999999937291765
0.9999999934836968
0.9999999932551327
0.9999999930440069
0.9999999928507983
0.9999999926759447
0.9999999925198387
0.9999999923828281
0.9999999922652131
0.9999999921672477
0.9999999920891377
0.9999999920310404
0.9999999919930657
0.9999999919752744
0.9999999919776792
0.9999999920002419
0.9999999920428763
0.9999999921054471
0.9999999921877706
0.9999999922896157
0.9999999924107056
0.9999999925507174
0.9999999927092810
0.9999999928859817
0.9999999930803609
0.9999999932919174
0.9999999935201074
0.9999999937643478
0.9999999940240171
0.9999999942984575
0.9999999945869754
0.9999999948888423
0.9999999952032984
0.9999999955295549
0.9999999958667930
0.9999999962141672
0.9999999965708070
0.9999999969358192
0.9999999973082899
0.9999999976872886
0.9999999980718703
0.9999999984610757
0.9999999988539356
0.9999999992494722
0.9999999996466993
1.0000000000446283
1.0000000004422689
1.0000000008386309
1.0000000012327284
1.0000000016235797
1.0000000020102111
1.0000000023916604
1.0000000027669782
1.0000000031352303
1.0000000034954974
1.0000000038468808
1.0000000041885015
1.0000000045195048
1.0000000048390623
1.0000000051463733
1.0000000054406666
1.0000000057212020
1.0000000059872749
1.0000000062382151
1.0000000064733889
1.0000000066922001
1.0000000068940937
1.0000000070785546
1.0000000072451096
1.0000000073933279
1.0000000075228248
1.0000000076332605
1.0000000077243414
1.0000000077958215
1.0000000078475015
1.0000000078792293
1.0000000078909017
1.0000000078824656
1.0000000078539166
1.0000000078053002
1.0000000077367086
1.0000000076482838
1.0000000075402149
1.0000000074127391
1.0000000072661410
1.0000000071007518
1.0000000069169475
1.0000000067151500
1.0000000064958250
1.0000000062594809
1.0000000060066661
1.0000000057379697
1.0000000054540208
1.0000000051554867
1.0000000048430699
1.0000000045175068
1.0000000041795667
1.0000000038300489
1.0000000034697805
1.0000000030996157
1.0000000027204343
1.0000000023331381
1.0000000019386495
1.0000000015379087
1.0000000011318713
1.0000000007215077
1.0000000003077996
0.9999999998917373
0.9999999994743174
0.9999999990565400
0.9999999986394070
0.9999999982239199
0.9999999978110780
0.9999999974018750
0.9999999969972970
0.9999999965983202
0.9999999962059082
0.9999999958210098
0.9999999954445563
0.9999999950774586
0.9999999947206079
0.9999999943748713
0.9999999940410900
0.9999999937200783
0.9999999934126198
0.9999999931194675
0.9999999928413413
0.9999999925789260
0.9999999923328703
0.9999999921037835
0.9999999918922358
0.9999999916987561
0.9999999915238307
0.9999999913679012
0.9999999912313662
0.9999999911145786
0.9999999910178440
0.9999999909414203
0.9999999908855175
0.9999999908502974
0.9999999908358743
0.9999999908423127
0.9999999908696283
0.9999999909177882
0.9999999909867111
0.9999999910762641
0.9999999911862650
0.9999999913164842
0.9999999914666436
0.9999999916364191
0.9999999918254397
0.9999999920332903
0.9999999922595095
0.9999999925035933
0.9999999927649952
0.9999999930431267
0.9999999933373602
0.9999999936470307
0.9999999939714360
0.9999999943098382
0.9999999946614661
0.9999999950255167
0.9999999954011587
0.9999999957875320
0.9999999961837513
0.9999999965889086
0.9999999970020763
0.9999999974223082
0.9999999978486398
0.9999999982800933
0.9999999987156777
0.9999999991543913
0.9999999995952242
1.0000000000371607
1.0000000004791827
1.0000000009202721
1.0000000013594141
1.0000000017955992
1.0000000022278244
1.0000000026550953
1.0000000030764302
1.0000000034908609
1.0000000038974344
1.0000000042952162
1.0000000046832940
1.0000000050607767
1.0000000054267981
1.0000000057805194
1.0000000061211316
1.0000000064478567
1.0000000067599484
1.0000000070566961
1.0000000073374262
1.0000000076015017
1.0000000078483242
1.0000000080773370
1.0000000082880256
1.0000000084799183
1.0000000086525880
1.0000000088056529
1.0000000089387762
1.0000000090516690
1.0000000091440895
1.0000000092158441
1.0000000092667891
1.0000000092968289
1.0000000093059183
1.0000000092940613
1.0000000092613099
1.0000000092077661
1.0000000091335812
1.0000000090389543
1.0000000089241330
1.0000000087894132
