1.0000020779588261
1.0000020524466240
1.0000020220870287
1.0000019869534524
1.0000019471306831
1.0000019027146825
1.0000018538123534
1.0000018005412845
1.0000017430294696
1.0000016814150017
1.0000016158457430
1.0000015464789713
1.0000014734810039
1.0000013970267985
1.0000013172995348
1.0000012344901761
1.0000011487970142
1.0000010604251939
1.0000009695862222
1.0000008764974626
1.0000007813816167
1.0000006844661915
1.0000005859829557
1.0000004861673852
1.0000003852580999
1.0000002834962918
1.0000001811251515
1.0000000783892848
0.9999999755341274
0.9999998728053610
0.9999997704483244
0.9999996687074282
0.9999995678255688
0.9999994680435489
0.9999993695995033
0.9999992727283278
0.9999991776611197
0.9999990846246248
0.9999989938406962
0.9999989055257648
0.9999988198903205
0.9999987371384110
0.9999986574671538
0.9999985810662634
0.9999985081176019
0.9999984387947437
0.9999983732625610
0.9999983116768294
0.9999982541838567
0.9999982009201325
0.9999981520120030
0.9999981075753700
0.9999980677154143
0.9999980325263451
0.9999980020911761
0.9999979764815261
0.9999979557574494
0.9999979399672920
0.9999979291475776
0.9999979233229216
0.9999979225059737
0.9999979266973859
0.9999979358858117
0.9999979500479371
0.9999979691485340
0.9999979931405469
0.9999980219652064
0.9999980555521690
0.9999980938196863
0.9999981366748020
0.9999981840135748
0.9999982357213283
0.9999982916729273
0.9999983517330758
0.9999984157566418
0.9999984835890053
0.9999985550664280
0.9999986300164482
0.9999987082582905
0.9999987896033019
0.9999988738554014
0.9999989608115509
0.9999990502622416
0.9999991419919946
0.9999992357798781
0.9999993314000361
0.9999994286222282
0.9999995272123857
0.9999996269331670
0.9999997275445276
0.9999998288042947
0.9999999304687487
1.0000000322932057
1.0000001340326015
1.0000002354420814
1.0000003362775849
1.0000004362964316
1.0000005352579000
1.0000006329238031
1.0000007290590622
1.0000008234322695
1.0000009158162406
1.0000010059885580
1.0000010937321029
1.0000011788355760
1.0000012610940050
1.0000013403092356
1.0000014162904045
1.0000014888543975
1.0000015578262877
1.0000016230397537
1.0000016843374806
1.0000017415715334
1.0000017946037136
1.0000018433058913
1.0000018875603098
1.0000019272598695
1.0000019623083829
1.0000019926208068
1.0000020181234461
1.0000020387541300
1.0000020544623627
1.0000020652094450
1.0000020709685675
1.0000020717248732
1.0000020674754964
1.0000020582295681
1.0000020440081945
1.0000020248444075
1.0000020007830881
1.0000019718808586
1.0000019382059471
1.0000018998380253
1.0000018568680185
1.0000018093978882
1.0000017575403908
1.0000017014188067
1.0000016411666470
1.0000015769273343
1.0000015088538603
1.0000014371084207
1.0000013618620283
1.0000012832941048
1.0000012015920492
1.0000011169507923
1.0000010295723296
1.0000009396652401
1.0000008474441875
1.0000007531294086
1.0000006569461846
1.0000005591243044
1.0000004598975161
1.0000003595029672
1.0000002581806371
1.0000001561727632
1.0000000537232632
0.9999999510771506
0.9999998484799496
0.9999997461771086
0.9999996444134132
0.9999995434323999
0.9999994434757754
0.9999993447828378
0.9999992475899055
0.9999991521297502
0.9999990586310404
0.9999989673177963
0.9999988784088519
0.9999987921173338
0.9999987086501486
0.9999986282074893
0.9999985509823555
0.9999984771600932
0.9999984069179511
0.9999983404246563
0.9999982778400098
0.9999982193145045
0.9999981649889633
0.9999981149942041
0.9999980694507269
0.9999980284684241
0.9999979921463167
0.9999979605723165
0.9999979338230157
0.9999979119635041
0.9999978950472124
0.9999978831157841
0.9999978761989751
0.9999978743145808
0.9999978774683941
0.9999978856541903
0.9999978988537410
0.9999979170368567
0.9999979401614586
0.9999979681736774
0.9999980010079829
0.9999980385873386
0.9999980808233867
0.9999981276166565
0.9999981788568015
0.9999982344228624
0.9999982941835552
0.9999983579975852
0.9999984257139821
0.9999984971724623
0.9999985722038084
0.9999986506302746
0.9999987322660118
0.9999988169175077
0.9999989043840508
0.9999989944582091
0.9999990869263230
0.9999991815690163
0.9999992781617203
0.9999993764752081
0.9999994762761427
0.9999995773276328
0.9999996793897985
0.9999997822203438
0.9999998855751341
0.9999999892087810
1.0000000928752266
1.0000001963283309
1.0000002993224586
1.0000004016130646
1.0000005029572796
1.0000006031144881
1.0000007018469044
1.0000007989201374
1.0000008941037519
1.0000009871718174
1.0000010779034467
1.0000011660833228
1.0000012515022141
1.0000013339574740
1.0000014132535224
1.0000014892023135
1.0000015616237843
1.0000016303462842
1.0000016952069839
1.0000017560522632
1.0000018127380790
1.0000018651303086
1.0000019131050708
1.0000019565490177
1.0000019953596069
1.0000020294453449
1.0000020587260057
1.0000020831328214
1.0000021026086463
1.0000021171080926
1.0000021265976387
1.0000021310557070
1.0000021304727162
1.0000021248511026
1.0000021142053142
1.0000020985617759
1.0000020779588261
1.0000020524466240
1.0000020220870287
1.0000019869534524
