1.0000000010538348
1.0000000010452008
1.0000000010343826
1.0000000010214105
1.0000000010063195
1.0000000009891501
1.0000000009699470
1.0000000009487604
1.0000000009256442
1.0000000009006547
1.0000000008738550
1.0000000008453120
1.0000000008150978
1.0000000007832865
1.0000000007499568
1.0000000007151912
1.0000000006790748
1.0000000006416956
1.0000000006031444
1.0000000005635137
1.0000000005228986
1.0000000004813976
1.0000000004391105
1.0000000003961391
1.0000000003525868
1.0000000003085565
1.0000000002641527
1.0000000002194798
1.0000000001746430
1.0000000001297478
1.0000000000849019
1.0000000000402123
0.9999999999957859
0.9999999999517273
0.9999999999081393
0.9999999998651226
0.9999999998227767
0.9999999997811994
0.9999999997404868
0.9999999997007327
0.9999999996620287
0.9999999996244635
0.9999999995881232
0.9999999995530910
0.9999999995194463
0.9999999994872658
0.9999999994566228
0.9999999994275871
0.9999999994002249
0.9999999993745964
0.9999999993507580
0.9999999993287616
0.9999999993086542
0.9999999992904770
0.9999999992742671
0.9999999992600577
0.9999999992478764
0.9999999992377464
0.9999999992296859
0.9999999992237087
0.9999999992198235
0.9999999992180333
0.9999999992183344
0.9999999992207176
0.9999999992251694
0.9999999992316709
0.9999999992401987
0.9999999992507251
0.9999999992632174
0.9999999992776386
0.9999999992939476
0.9999999993120980
0.9999999993320390
0.9999999993537142
0.9999999993770639
0.9999999994020237
0.9999999994285258
0.9999999994564979
0.9999999994858634
0.9999999995165437
0.9999999995484571
0.9999999995815190
0.9999999996156423
0.9999999996507376
0.9999999996867120
0.9999999997234709
0.9999999997609181
0.9999999997989554
0.9999999998374827
0.9999999998763990
0.9999999999156027
0.9999999999549914
0.9999999999944633
1.0000000000339146
1.0000000000732410
1.0000000001123399
1.0000000001511098
1.0000000001894498
1.0000000002272604
1.0000000002644431
1.0000000003009009
1.0000000003365372
1.0000000003712579
1.0000000004049716
1.0000000004375893
1.0000000004690257
1.0000000004991971
1.0000000005280232
1.0000000005554279
1.0000000005813388
1.0000000006056862
1.0000000006284042
1.0000000006494321
1.0000000006687129
1.0000000006861949
1.0000000007018306
1.0000000007155767
1.0000000007273937
1.0000000007372474
1.0000000007451078
1.0000000007509486
1.0000000007547487
1.0000000007564926
1.0000000007561705
1.0000000007537768
1.0000000007493119
1.0000000007427803
1.0000000007341927
1.0000000007235654
1.0000000007109204
1.0000000006962826
1.0000000006796823
1.0000000006611547
1.0000000006407406
1.0000000006184844
1.0000000005944361
1.0000000005686485
1.0000000005411807
1.0000000005120946
1.0000000004814573
1.0000000004493395
1.0000000004158152
1.0000000003809626
1.0000000003448637
1.0000000003076035
1.0000000002692691
1.0000000002299509
1.0000000001897409
1.0000000001487341
1.0000000001070277
1.0000000000647213
1.0000000000219162
0.9999999999787148
0.9999999999352219
0.9999999998915413
0.9999999998477780
0.9999999998040371
0.9999999997604232
0.9999999997170412
0.9999999996739957
0.9999999996313900
0.9999999995893288
0.9999999995479154
0.9999999995072507
0.9999999994674336
0.9999999994285610
0.9999999993907290
0.9999999993540312
0.9999999993185588
0.9999999992843999
0.9999999992516394
0.9999999992203592
0.9999999991906386
0.9999999991625534
0.9999999991361745
0.9999999991115692
0.9999999990888003
0.9999999990679258
0.9999999990489995
0.9999999990320727
0.9999999990171915
0.9999999990043977
0.9999999989937279
0.9999999989852143
0.9999999989788836
0.9999999989747567
0.9999999989728501
0.9999999989731755
0.9999999989757391
0.9999999989805405
0.9999999989875753
0.9999999989968330
0.9999999990082979
0.9999999990219497
0.9999999990377629
0.9999999990557076
0.9999999990757492
0.9999999990978475
0.9999999991219588
0.9999999991480327
0.9999999991760147
0.9999999992058461
0.9999999992374635
0.9999999992707985
0.9999999993057791
0.9999999993423292
0.9999999993803688
0.9999999994198162
0.9999999994605860
0.9999999995025894
0.9999999995457345
0.9999999995899264
0.9999999996350679
0.9999999996810597
0.9999999997278012
0.9999999997751905
0.9999999998231234
0.9999999998714940
0.9999999999201951
0.9999999999691194
1.0000000000181595
1.0000000000672067
1.0000000001161529
1.0000000001648897
1.0000000002133100
1.0000000002613063
1.0000000003087710
1.0000000003555976
1.0000000004016818
1.0000000004469225
1.0000000004912202
1.0000000005344780
1.0000000005766010
1.0000000006174954
1.0000000006570708
1.0000000006952414
1.0000000007319236
1.0000000007670364
1.0000000008005030
1.0000000008322507
1.0000000008622112
1.0000000008903203
1.0000000009165182
1.0000000009407488
1.0000000009629619
1.0000000009831111
1.0000000010011556
1.0000000010170591
1.0000000010307906
1.0000000010423227
1.0000000010516330
1.0000000010587058
1.0000000010635286
1.0000000010660941
1.0000000010664010
1.0000000010644530
1.0000000010602592
1.0000000010538348
1.0000000010452008
1.0000000010343826
1.0000000010214105
