1.0000000174193571
1.0000000172315602
1.0000000170047754
1.0000000167395779
1.0000000164366327
1.0000000160966929
1.0000000157205984
1.0000000153092736
1.0000000148637254
1.0000000143850405
1.0000000138743830
1.0000000133329925
1.0000000127621806
1.0000000121633272
1.0000000115378787
1.0000000108873446
1.0000000102132922
1.0000000095173447
1.0000000088011758
1.0000000080665064
1.0000000073150992
1.0000000065487562
1.0000000057693144
1.0000000049786393
1.0000000041786221
1.0000000033711729
1.0000000025582179
1.0000000017416957
1.0000000009235530
1.0000000001057392
0.9999999992902008
0.9999999984788772
0.9999999976736957
0.9999999968765684
0.9999999960893863
0.9999999953140154
0.9999999945522916
0.9999999938060177
0.9999999930769581
0.9999999923668345
0.9999999916773208
0.9999999910100412
0.9999999903665653
0.9999999897484033
0.9999999891570044
0.9999999885937518
0.9999999880599595
0.9999999875568711
0.9999999870856560
0.9999999866474055
0.9999999862431310
0.9999999858737616
0.9999999855401409
0.9999999852430271
0.9999999849830895
0.9999999847609072
0.9999999845769683
0.9999999844316683
0.9999999843253093
0.9999999842580983
0.9999999842301474
0.9999999842414747
0.9999999842920047
0.9999999843815662
0.9999999845098954
0.9999999846766338
0.9999999848813302
0.9999999851234417
0.9999999854023356
0.9999999857172888
0.9999999860674931
0.9999999864520537
0.9999999868699956
0.9999999873202617
0.9999999878017178
0.9999999883131533
0.9999999888532854
0.9999999894207624
0.9999999900141667
0.9999999906320195
0.9999999912727841
0.9999999919348673
0.9999999926166258
0.9999999933163665
0.9999999940323542
0.9999999947628142
0.9999999955059374
0.9999999962598849
0.9999999970227921
0.9999999977927724
0.9999999985679242
0.9999999993463324
1.0000000001260758
1.0000000009052286
1.0000000016818666
1.0000000024540703
1.0000000032199319
1.0000000039775601
1.0000000047250828
1.0000000054606513
1.0000000061824470
1.0000000068886852
1.0000000075776183
1.0000000082475411
1.0000000088967937
1.0000000095237664
1.0000000101269033
1.0000000107047067
1.0000000112557395
1.0000000117786307
1.0000000122720771
1.0000000127348470
1.0000000131657818
1.0000000135637992
1.0000000139278964
1.0000000142571521
1.0000000145507302
1.0000000148078809
1.0000000150279440
1.0000000152103479
1.0000000153546107
1.0000000154603434
1.0000000155272508
1.0000000155551316
1.0000000155438777
1.0000000154934763
1.0000000154040085
1.0000000152756501
1.0000000151086723
1.0000000149034403
1.0000000146604116
1.0000000143801353
1.0000000140632510
1.0000000137104870
1.0000000133226590
1.0000000129006674
1.0000000124454951
1.0000000119582069
1.0000000114399452
1.0000000108919280
1.0000000103154472
1.0000000097118635
1.0000000090826029
1.0000000084291536
1.0000000077530626
1.0000000070559345
1.0000000063394261
1.0000000056052409
1.0000000048551272
1.0000000040908716
1.0000000033142962
1.0000000025272529
1.0000000017316211
1.0000000009293020
1.0000000001222153
0.9999999993122939
0.9999999985014792
0.9999999976917161
0.9999999968849482
0.9999999960831125
0.9999999952881355
0.9999999945019292
0.9999999937263866
0.9999999929633765
0.9999999922147392
0.9999999914822820
0.9999999907677751
0.9999999900729473
0.9999999893994833
0.9999999887490179
0.9999999881231322
0.9999999875233500
0.9999999869511319
0.9999999864078746
0.9999999858949069
0.9999999854134859
0.9999999849647956
0.9999999845499434
0.9999999841699564
0.9999999838257803
0.9999999835182762
0.9999999832482190
0.9999999830162948
0.9999999828230991
0.9999999826691358
0.9999999825548167
0.9999999824804601
0.9999999824462896
0.9999999824524345
0.9999999824989283
0.9999999825857094
0.9999999827126212
0.9999999828794116
0.9999999830857337
0.9999999833311470
0.9999999836151182
0.9999999839370225
0.9999999842961454
0.9999999846916846
0.9999999851227499
0.9999999855883680
0.9999999860874836
0.9999999866189621
0.9999999871815918
0.9999999877740866
0.9999999883950899
0.9999999890431778
0.9999999897168622
0.9999999904145932
0.9999999911347636
0.9999999918757124
0.9999999926357290
0.9999999934130583
0.9999999942059040
0.9999999950124330
0.9999999958307798
0.9999999966590514
0.9999999974953296
0.9999999983376779
0.9999999991841442
1.0000000000327656
1.0000000008815761
1.0000000017286084
1.0000000025718996
1.0000000034094965
1.0000000042394586
1.0000000050598632
1.0000000058688108
1.0000000066644272
1.0000000074448701
1.0000000082083329
1.0000000089530492
1.0000000096772970
1.0000000103794029
1.0000000110577461
1.0000000117107621
1.0000000123369470
1.0000000129348592
1.0000000135031242
1.0000000140404381
1.0000000145455703
1.0000000150173667
1.0000000154547508
1.0000000158567277
1.0000000162223863
1.0000000165509009
1.0000000168415339
1.0000000170936370
1.0000000173066526
1.0000000174801156
1.0000000176136548
1.0000000177069932
1.0000000177599502
1.0000000177724400
1.0000000177444732
1.0000000176761552
1.0000000175676851
1.0000000174193571
1.0000000172315602
1.0000000170047754
1.0000000167395779
