1.0000000000107925
1.0000000000108327
1.0000000000108580
1.0000000000108678
1.0000000000108615
1.0000000000108389
1.0000000000108000
1.0000000000107450
1.0000000000106737
1.0000000000105875
1.0000000000104867
1.0000000000103704
1.0000000000102389
1.0000000000100941
1.0000000000099376
1.0000000000097697
1.0000000000095912
1.0000000000094031
1.0000000000092062
1.0000000000090001
1.0000000000087848
1.0000000000085605
1.0000000000083278
1.0000000000080873
1.0000000000078397
1.0000000000075862
1.0000000000073279
1.0000000000070652
1.0000000000067983
1.0000000000065272
1.0000000000062528
1.0000000000059759
1.0000000000056974
1.0000000000054174
1.0000000000051361
1.0000000000048554
1.0000000000045770
1.0000000000043017
1.0000000000040301
1.0000000000037623
1.0000000000034994
1.0000000000032419
1.0000000000029898
1.0000000000027451
1.0000000000025084
1.0000000000022813
1.0000000000020641
1.0000000000018565
1.0000000000016580
1.0000000000014690
1.0000000000012903
1.0000000000011215
1.0000000000009619
1.0000000000008120
1.0000000000006719
1.0000000000005407
1.0000000000004181
1.0000000000003042
1.0000000000001976
1.0000000000000981
1.0000000000000069
0.9999999999999237
0.9999999999998478
0.9999999999997800
0.9999999999997208
0.9999999999996699
0.9999999999996272
0.9999999999995933
0.9999999999995677
0.9999999999995498
0.9999999999995395
0.9999999999995350
0.9999999999995366
0.9999999999995444
0.9999999999995585
0.9999999999995788
0.9999999999996048
0.9999999999996362
0.9999999999996733
0.9999999999997161
0.9999999999997651
0.9999999999998198
0.9999999999998795
0.9999999999999436
1.0000000000000107
1.0000000000000795
1.0000000000001499
1.0000000000002225
1.0000000000002978
1.0000000000003750
1.0000000000004536
1.0000000000005340
1.0000000000006164
1.0000000000007001
1.0000000000007843
1.0000000000008655
1.0000000000009430
1.0000000000010161
1.0000000000010854
1.0000000000011522
1.0000000000012166
1.0000000000012783
1.0000000000013376
1.0000000000013940
1.0000000000014471
1.0000000000014966
1.0000000000015417
1.0000000000015818
1.0000000000016174
1.0000000000016500
1.0000000000016800
1.0000000000017073
1.0000000000017308
1.0000000000017497
1.0000000000017630
1.0000000000017710
1.0000000000017741
1.0000000000017719
1.0000000000017650
1.0000000000017537
1.0000000000017384
1.0000000000017182
1.0000000000016926
1.0000000000016627
1.0000000000016287
1.0000000000015907
1.0000000000015490
1.0000000000015037
1.0000000000014546
1.0000000000014013
1.0000000000013427
1.0000000000012785
1.0000000000012090
1.0000000000011349
1.0000000000010565
1.0000000000009741
1.0000000000008873
1.0000000000007963
1.0000000000007014
1.0000000000006040
1.0000000000005036
1.0000000000003999
1.0000000000002942
1.0000000000001861
1.0000000000000755
0.9999999999999624
0.9999999999998475
0.9999999999997313
0.9999999999996139
0.9999999999994943
0.9999999999993724
0.9999999999992478
0.9999999999991209
0.9999999999989931
0.9999999999988656
0.9999999999987376
0.9999999999986092
0.9999999999984810
0.9999999999983534
0.9999999999982266
0.9999999999981006
0.9999999999979758
0.9999999999978529
0.9999999999977326
0.9999999999976145
0.9999999999974983
0.9999999999973848
0.9999999999972743
0.9999999999971673
0.9999999999970641
0.9999999999969662
0.9999999999968741
0.9999999999967879
0.9999999999967077
0.9999999999966335
0.9999999999965651
0.9999999999965028
0.9999999999964471
0.9999999999963982
0.9999999999963562
0.9999999999963219
0.9999999999962952
0.9999999999962748
0.9999999999962603
0.9999999999962524
0.9999999999962517
0.9999999999962592
0.9999999999962759
0.9999999999963027
0.9999999999963400
0.9999999999963879
0.9999999999964464
0.9999999999965150
0.9999999999965936
0.9999999999966830
0.9999999999967830
0.9999999999968939
0.9999999999970153
0.9999999999971464
0.9999999999972866
0.9999999999974359
0.9999999999975927
0.9999999999977570
0.9999999999979284
0.9999999999981070
0.9999999999982923
0.9999999999984843
0.9999999999986843
0.9999999999988921
0.9999999999991076
0.9999999999993308
0.9999999999995604
0.9999999999997968
1.0000000000000411
1.0000000000002933
1.0000000000005547
1.0000000000008242
1.0000000000011013
1.0000000000013849
1.0000000000016751
1.0000000000019713
1.0000000000022726
1.0000000000025777
1.0000000000028864
1.0000000000031977
1.0000000000035112
1.0000000000038252
1.0000000000041374
1.0000000000044469
1.0000000000047538
1.0000000000050577
1.0000000000053599
1.0000000000056604
1.0000000000059583
1.0000000000062537
1.0000000000065463
1.0000000000068356
1.0000000000071203
1.0000000000073987
1.0000000000076708
1.0000000000079352
1.0000000000081923
1.0000000000084419
1.0000000000086831
1.0000000000089140
1.0000000000091345
1.0000000000093445
1.0000000000095433
1.0000000000097304
1.0000000000099054
1.0000000000100677
1.0000000000102167
1.0000000000103519
1.0000000000104723
1.0000000000105769
1.0000000000106652
1.0000000000107370
1.0000000000107925
1.0000000000108327
1.0000000000108580
1.0000000000108678
