1.0004983699443268
1.0004920770143337
1.0004846109266194
1.0004759895216744
1.0004662333944980
1.0004553658457982
1.0004434128267741
1.0004304028776099
1.0004163670598190
1.0004013388825979
1.0003853542233572
1.0003684512426148
1.0003506702934479
1.0003320538257150
1.0003126462852683
1.0002924940083917
1.0002716451117108
1.0002501493778302
1.0002280581369678
1.0002054241448592
1.0001823014572213
1.0001587453010672
1.0001348119431781
1.0001105585560375
1.0000860430815481
1.0000613240928538
1.0000364606545888
1.0000115121818902
0.9999865382985054
0.9999615986943367
0.9999367529827626
0.9999120605580729
0.9998875804533606
0.9998633711992130
0.9998394906835398
0.9998159960128802
0.9997929433755156
0.9997703879067279
0.9997483835565220
0.9997269829601393
0.9997062373116731
0.9996861962410958
0.9996669076949954
0.9996484178213159
0.9996307708583796
0.9996140090284659
0.9995981724362045
0.9995832989720398
0.9995694242209958
0.9995565813769690
0.9995448011627608
0.9995341117560476
0.9995245387214694
0.9995161049490059
0.9995088305987951
0.9995027330525238
0.9994978268715213
0.9994941237616505
0.9994916325450852
0.9994903591390523
0.9994903065415770
0.9994914748242789
0.9994938611322312
0.9994974596908824
0.9995022618200275
0.9995082559547914
0.9995154276735725
0.9995237597328763
0.9995332321089557
0.9995438220461501
0.9995555041118103
0.9995682502576648
0.9995820298874810
0.9995968099308532
0.9996125549229344
0.9996292270899143
0.9996467864400371
0.9996651908599279
0.9996843962159961
0.9997043564606669
0.9997250237431762
0.9997463485246619
0.9997682796972659
0.9997907647069592
0.9998137496797903
0.9998371795512463
0.9998609981984176
0.9998851485746394
0.9999095728462896
0.9999342125314095
0.9999590086398112
0.9999839018143384
1.0000088324729359
1.0000337409511921
1.0000585676450089
1.0000832531530577
1.0001077384186874
1.0001319648709399
1.0001558745643409
1.0001794103171304
1.0002025158476155
1.0002251359083092
1.0002472164175489
1.0002687045882825
1.0002895490537198
1.0003096999895476
1.0003291092324318
1.0003477303945252
1.0003655189737091
1.0003824324593207
1.0003984304331137
1.0004134746652176
1.0004275292048745
1.0004405604657431
1.0004525373055728
1.0004634311000602
1.0004732158107241
1.0004818680466330
1.0004893671198525
1.0004956950944763
1.0005008368291339
1.0005047800128750
1.0005075151943452
1.0005090358041921
1.0005093381706440
1.0005084215282312
1.0005062880196216
1.0005029426905769
1.0004983934780358
1.0004926511913483
1.0004857294867078
1.0004776448348405
1.0004684164820263
1.0004580664045379
1.0004466192566044
1.0004341023120205
1.0004205453995345
1.0004059808321655
1.0003904433306106
1.0003739699409229
1.0003565999466477
1.0003383747756198
1.0003193379016442
1.0002995347412795
1.0002790125459715
1.0002578202897840
1.0002360085529916
1.0002136294018031
1.0001907362645024
1.0001673838042908
1.0001436277891358
1.0001195249589276
1.0000951328902585
1.0000705098591438
1.0000457147020116
1.0000208066752856
0.9999958453139027
0.9999708902890911
0.9999460012657574
0.9999212377598207
0.9998966589958320
0.9998723237652203
0.9998482902855110
0.9998246160608523
0.9998013577441863
0.9997785710013956
0.9997563103777571
0.9997346291670244
0.9997135792834586
0.9996932111371174
0.9996735735127085
0.9996547134523005
0.9996366761421771
0.9996195048041162
0.9996032405913561
0.9995879224895061
0.9995735872226432
0.9995602691648290
0.9995480002572622
0.9995368099312714
0.9995267250373403
0.9995177697803393
0.9995099656611237
0.9995033314246425
0.9994978830146884
0.9994936335353954
0.9994905932195898
0.9994887694040639
0.9994881665118392
0.9994887860414585
0.9994906265633363
0.9994936837231776
0.9994979502524572
0.9995034159859293
0.9995100678861255
0.9995178900747823
0.9995268638711203
0.9995369678368782
0.9995481778279885
0.9995604670527715
0.9995738061365002
0.9995881631921786
0.9996035038973559
0.9996197915767903
0.9996369872907532
0.9996550499287615
0.9996739363085064
0.9996936012797353
0.9997139978328284
0.9997350772118079
0.9997567890315013
0.9997790813985754
0.9998019010361402
0.9998251934116238
0.9998489028676061
0.9998729727552924
0.9998973455703049
0.9999219630904612
0.9999467665152110
0.9999716966063911
0.9999966938299594
1.0000216984983734
1.0000466509132664
1.0000714915080808
1.0000961609903194
1.0001206004830736
1.0001447516654931
1.0001685569118648
1.0001919594289683
1.0002149033913845
1.0002373340744397
1.0002591979844679
1.0002804429860903
1.0003010184262040
1.0003208752543999
1.0003399661395200
1.0003582455820874
1.0003756700223425
1.0003921979436361
1.0004077899709336
1.0004224089642102
1.0004360201065199
1.0004485909865224
1.0004600916752879
1.0004704947972016
1.0004797755947994
1.0004879119873882
1.0004948846233164
1.0005006769257745
1.0005052751320158
1.0005086683259115
1.0005108484637635
1.0005118103933182
1.0005115518659327
1.0005100735418706
1.0005073789887124
1.0005034746728845
1.0004983699443268
1.0004920770143337
1.0004846109266194
1.0004759895216744
