1.0006120903094187
1.0006043595504843
1.0005951879272854
1.0005845973413543
1.0005726130758497
1.0005592637357776
1.0005445811803440
1.0005286004475999
1.0005113596715476
1.0004928999919007
1.0004732654567021
1.0004525029180227
1.0004306619209826
1.0004077945863514
1.0003839554869942
1.0003592015184537
1.0003335917639644
1.0003071873542133
1.0002800513221703
1.0002522484533283
1.0002238451317029
1.0001949091819493
1.0001655097079678
1.0001357169283773
1.0001056020092403
1.0000752368944388
1.0000446941340964
1.0000140467114564
0.9999833678686275
0.9999527309316083
0.9999222091350102
0.9998918754468958
0.9998618023941573
0.9998320618888498
0.9998027250558977
0.9997738620625928
0.9997455419502905
0.9997178324687201
0.9996907999133064
0.9996645089658988
0.9996390225392978
0.9996144016259582
0.9995907051512410
0.9995679898315708
0.9995463100378480
0.9995257176644592
0.9995062620041985
0.9994879896294151
0.9994709442796788
0.9994551667562440
0.9994406948235731
0.9994275631181627
0.9994158030649014
0.9994054428011689
0.9993965071088585
0.9993890173545020
0.9993829914376415
0.9993784437475746
0.9993753851285885
0.9993738228537673
0.9993737606074297
0.9993751984762541
0.9993781329491045
0.9993825569255608
0.9993884597331336
0.9993958271531150
0.9994046414550066
0.9994148814394358
0.9994265224894520
0.9994395366300783
0.9994538925959654
0.9994695559069796
0.9994864889515412
0.9995046510774995
0.9995239986903196
0.9995444853583424
0.9995660619248490
0.9995886766266570
0.9996122752189514
0.9996368011060440
0.9996621954777390
0.9996883974509655
0.9997153442163331
0.9997429711892493
0.9997712121652232
0.9997999994789880
0.9998292641670427
0.9998589361332219
0.9998889443168930
0.9999192168633694
0.9999496812961292
0.9999802646904250
1.0000108938478629
1.0000414954715373
1.0000719963412965
1.0001023234887230
1.0001324043714117
1.0001621670461274
1.0001915403404331
1.0002204540223882
1.0002488389679032
1.0002766273253634
1.0003037526771357
1.0003301501975790
1.0003557568071844
1.0003805113224888
1.0004043546014096
1.0004272296836632
1.0004490819259426
1.0004698591315413
1.0004895116741175
1.0005079926153200
1.0005252578159987
1.0005412660407500
1.0005559790555509
1.0005693617182585
1.0005813820617719
1.0005920113696616
1.0006012242440969
1.0006089986659126
1.0006153160466777
1.0006201612726520
1.0006235227405245
1.0006253923848571
1.0006257656971662
1.0006246417366031
1.0006220231322096
1.0006179160767377
1.0006123303120529
1.0006052791061539
1.0005967792218562
1.0005868508772158
1.0005755176977824
1.0005628066607881
1.0005487480314021
1.0005333752912002
1.0005167250589997
1.0004988370042551
1.0004797537532051
1.0004595207879883
1.0004381863389595
1.0004158012704565
1.0003924189602726
1.0003680951731249
1.0003428879283980
1.0003168573624821
1.0002900655860123
1.0002625765363515
1.0002344558256537
1.0002057705848681
1.0001765893040442
1.0001469816693118
1.0001170183969228
1.0000867710647436
1.0000563119415953
1.0000257138148463
0.9999950498166663
0.9999643932493546
0.9999338174101542
0.9999033954159787
0.9998732000284655
0.9998433034797726
0.9998137772995497
0.9997846921434846
0.9997561176238529
0.9997281221424730
0.9997007727264734
0.9996741348672731
0.9996482723631664
0.9996232471658969
0.9995991192315958
0.9995759463764524
0.9995537841374665
0.9995326856386307
0.9995127014628654
0.9994938795300325
0.9994762649813215
0.9994599000702948
0.9994448240608684
0.9994310731324747
0.9994186802926487
0.9994076752972511
0.9993980845785306
0.9993899311812015
0.9993832347066977
0.9993780112657432
0.9993742734393556
0.9993720302483834
0.9993712871316527
0.9993720459327736
0.9993743048956446
0.9993780586686632
0.9993832983176365
0.9993900113473524
0.9993981817317654
0.9994077899527132
0.9994188130470715
0.9994312246622327
0.9994449951197643
0.9994600914870893
0.9994764776570090
0.9994941144348749
0.9995129596331870
0.9995329681733862
0.9995540921945882
0.9995762811689876
0.9995994820236452
0.9996236392683645
0.9996486951293290
0.9996745896881831
0.9997012610262086
0.9997286453732404
0.9997566772609636
0.9997852896802104
0.9998144142418749
0.9998439813410573
0.9998739203240321
0.9999041596576387
0.9999346271006814
0.9999652498769308
0.9999959548493040
1.0000266686948056
1.0000573180798125
1.0000878298352778
1.0001181311314433
1.0001481496516376
1.0001778137647515
1.0002070526959785
1.0002357966954170
1.0002639772041355
1.0002915270173149
1.0003183804440774
1.0003444734636306
1.0003697438773640
1.0003941314565388
1.0004175780852307
1.0004400278981884
1.0004614274132955
1.0004817256583214
1.0005008742916717
1.0005188277168597
1.0005355431904344
1.0005509809231183
1.0005651041739210
1.0005778793370133
1.0005892760211619
1.0005992671215469
1.0006078288837932
1.0006149409600706
1.0006205864571378
1.0006247519762164
1.0006274276446065
1.0006286071389732
1.0006282877002464
1.0006264701401080
1.0006231588390417
1.0006183617359590
1.0006120903094187
1.0006043595504843
1.0005951879272854
1.0005845973413543
