1.0000000000044054
1.0000000000044202
1.0000000000044260
1.0000000000044236
1.0000000000044136
1.0000000000043965
1.0000000000043732
1.0000000000043434
1.0000000000043068
1.0000000000042630
1.0000000000042131
1.0000000000041585
1.0000000000040998
1.0000000000040368
1.0000000000039693
1.0000000000038962
1.0000000000038172
1.0000000000037321
1.0000000000036424
1.0000000000035489
1.0000000000034528
1.0000000000033549
1.0000000000032547
1.0000000000031528
1.0000000000030500
1.0000000000029468
1.0000000000028431
1.0000000000027391
1.0000000000026346
1.0000000000025300
1.0000000000024258
1.0000000000023217
1.0000000000022171
1.0000000000021128
1.0000000000020093
1.0000000000019085
1.0000000000018108
1.0000000000017168
1.0000000000016280
1.0000000000015437
1.0000000000014633
1.0000000000013862
1.0000000000013125
1.0000000000012412
1.0000000000011722
1.0000000000011047
1.0000000000010398
1.0000000000009783
1.0000000000009210
1.0000000000008678
1.0000000000008178
1.0000000000007716
1.0000000000007296
1.0000000000006919
1.0000000000006577
1.0000000000006257
1.0000000000005951
1.0000000000005655
1.0000000000005385
1.0000000000005145
1.0000000000004943
1.0000000000004772
1.0000000000004630
1.0000000000004527
1.0000000000004468
1.0000000000004443
1.0000000000004456
1.0000000000004508
1.0000000000004596
1.0000000000004730
1.0000000000004901
1.0000000000005089
1.0000000000005280
1.0000000000005471
1.0000000000005655
1.0000000000005822
1.0000000000005971
1.0000000000006106
1.0000000000006228
1.0000000000006339
1.0000000000006444
1.0000000000006544
1.0000000000006644
1.0000000000006752
1.0000000000006870
1.0000000000006990
1.0000000000007094
1.0000000000007172
1.0000000000007221
1.0000000000007239
1.0000000000007230
1.0000000000007194
1.0000000000007139
1.0000000000007065
1.0000000000006986
1.0000000000006899
1.0000000000006808
1.0000000000006712
1.0000000000006604
1.0000000000006479
1.0000000000006337
1.0000000000006182
1.0000000000006017
1.0000000000005842
1.0000000000005644
1.0000000000005422
1.0000000000005169
1.0000000000004885
1.0000000000004574
1.0000000000004254
1.0000000000003939
1.0000000000003635
1.0000000000003342
1.0000000000003069
1.0000000000002824
1.0000000000002611
1.0000000000002434
1.0000000000002287
1.0000000000002163
1.0000000000002058
1.0000000000001963
1.0000000000001887
1.0000000000001839
1.0000000000001816
1.0000000000001821
1.0000000000001843
1.0000000000001870
1.0000000000001896
1.0000000000001921
1.0000000000001952
1.0000000000001994
1.0000000000002045
1.0000000000002109
1.0000000000002180
1.0000000000002256
1.0000000000002329
1.0000000000002409
1.0000000000002485
1.0000000000002558
1.0000000000002633
1.0000000000002702
1.0000000000002753
1.0000000000002791
1.0000000000002829
1.0000000000002878
1.0000000000002947
1.0000000000003033
1.0000000000003115
1.0000000000003193
1.0000000000003255
1.0000000000003306
1.0000000000003340
1.0000000000003353
1.0000000000003342
1.0000000000003308
1.0000000000003253
1.0000000000003175
1.0000000000003084
1.0000000000002991
1.0000000000002904
1.0000000000002842
1.0000000000002809
1.0000000000002793
1.0000000000002787
1.0000000000002776
1.0000000000002749
1.0000000000002707
1.0000000000002642
1.0000000000002558
1.0000000000002449
1.0000000000002316
1.0000000000002158
1.0000000000001965
1.0000000000001739
1.0000000000001488
1.0000000000001208
1.0000000000000915
1.0000000000000608
1.0000000000000275
0.9999999999999920
0.9999999999999544
0.9999999999999148
0.9999999999998740
0.9999999999998308
0.9999999999997855
0.9999999999997370
0.9999999999996859
0.9999999999996341
0.9999999999995836
0.9999999999995361
0.9999999999994931
0.9999999999994540
0.9999999999994185
0.9999999999993864
0.9999999999993572
0.9999999999993308
0.9999999999993074
0.9999999999992885
0.9999999999992736
0.9999999999992641
0.9999999999992606
0.9999999999992630
0.9999999999992719
0.9999999999992875
0.9999999999993106
0.9999999999993404
0.9999999999993772
0.9999999999994210
0.9999999999994718
0.9999999999995292
0.9999999999995932
0.9999999999996639
0.9999999999997405
0.9999999999998224
0.9999999999999100
1.0000000000000031
1.0000000000001019
1.0000000000002054
1.0000000000003131
1.0000000000004248
1.0000000000005400
1.0000000000006588
1.0000000000007807
1.0000000000009059
1.0000000000010343
1.0000000000011655
1.0000000000012990
1.0000000000014331
1.0000000000015676
1.0000000000017031
1.0000000000018388
1.0000000000019735
1.0000000000021076
1.0000000000022411
1.0000000000023743
1.0000000000025067
1.0000000000026377
1.0000000000027665
1.0000000000028924
1.0000000000030151
1.0000000000031344
1.0000000000032505
1.0000000000033626
1.0000000000034710
1.0000000000035749
1.0000000000036735
1.0000000000037668
1.0000000000038554
1.0000000000039395
1.0000000000040188
1.0000000000040921
1.0000000000041585
1.0000000000042177
1.0000000000042701
1.0000000000043154
1.0000000000043532
1.0000000000043832
1.0000000000044054
1.0000000000044202
1.0000000000044260
1.0000000000044236
