1.2701853287165918
1.2678843996515672
1.2651443040088317
1.2619649888388684
1.2583464047656117
1.2542885125234697
1.2497912906714894
1.2448547446031042
1.2394789169905702
1.2336638998263296
1.2274098482495526
1.2207169963754516
1.2135856753782306
1.2060163341163359
1.1980095626316707
1.1895661189035176
1.1806869592938880
1.1713732731849726
1.1616265223823927
1.1514484859413627
1.1408413111680071
1.1298075716564731
1.1183503333456903
1.1064732297193096
1.0941805474300537
1.0814773238068811
1.0683694579010281
1.0548638369455716
1.0409684803420067
1.0266927035441018
1.0120473044791773
0.9970447754213695
0.9816995434964814
0.9660282432321440
0.9500500247380272
0.9337869011618641
0.9172641389513750
0.9005106940667127
0.8835596965053658
0.8664489841509978
0.8492216848163109
0.8319268421344977
0.8146200763181017
0.7973642643476823
0.7802302154492939
0.7632973063805801
0.7466540268346272
0.7303983682960509
0.7146379706764501
0.6994899217428775
0.6850800878732706
0.6715418459255603
0.6590140916899873
0.6476384283895978
0.6375554964083602
0.6289004968573300
0.6217980834276089
0.6163569349655856
0.6126644489338142
0.6107820785178932
0.6107418398857799
0.6125444218258695
0.6161591444975708
0.6215257727752516
0.6285579471468432
0.6371478062798035
0.6471712767580043
0.6584935052138547
0.6709739878896517
0.6844710791846489
0.6988456989169886
0.7139641809571008
0.7297002987811978
0.7459365626311643
0.7625649121149614
0.7794869345678105
0.7966137312241582
0.8138655369919838
0.8311711803538708
0.8484674508539922
0.8656984245460164
0.8828147834403638
0.8997731535282538
0.9165354771493189
0.9330684289242110
0.9493428797672706
0.9653334102246124
0.9810178722011768
0.9963769967604329
1.0113940448769299
1.0260544976220500
1.0403457821380302
1.0542570298102161
1.0677788632148271
1.0809032086516313
1.0936231313351463
1.1059326905923121
1.1178268126848718
1.1293011791321599
1.1403521286496792
1.1509765710383373
1.1611719115577923
1.1709359844953731
1.1802669948005873
1.1891634667956437
1.1976241990963188
1.2056482249864964
1.2132347775854024
1.2203832592304333
1.2270932145719371
1.2333643069406237
1.2391962976045967
1.2445890275823501
1.2495424017213235
1.2540563747896192
1.2581309393619431
1.2617661153103448
1.2649619407364718
1.2677184642052970
1.2700357381610643
1.2719138134248773
1.2733527346903093
1.2743525369489042
1.2749132427917693
1.2750348605468635
1.2747173832243102
1.2739607882543018
1.2727650380141731
1.2711300811531399
1.2690558547352986
1.2665422872339134
1.2635893024230374
1.2601968242263051
1.2563647825975792
1.2520931205242640
1.2473818022618277
1.2422308229276799
1.2366402196044546
1.2306100841272922
1.2241405777574004
1.2172319479754692
1.2098845476640872
1.2020988569887274
1.1938755083329688
1.1852153146962381
1.1761193020224596
1.1665887459966771
1.1566252139251878
1.1462306124043813
1.1354072415857126
1.1241578569607227
1.1124857397223271
1.1003947769084539
1.0878895527030898
1.0749754524592070
1.0616587812187894
1.0479468987373146
1.0338483732722721
1.0193731566643589
1.0045327835195001
0.9893405975789955
0.9738120086266996
0.9579647834999017
0.9418193749056638
0.9253992917407011
0.9087315143912222
0.8918469579396905
0.8747809851792310
0.8575739696355197
0.8402719061646610
0.8229270628136963
0.8055986621149401
0.7883535724067905
0.7712669796994213
0.7544229976854303
0.7379151576206145
0.7218467013298638
0.7063305806983160
0.6914890480847300
0.6774527081846445
0.6643588989115481
0.6523492844606389
0.6415665860468798
0.6321504512718119
0.6242325727024630
0.6179313015623629
0.6133461425758088
0.6105526286680786
0.6095981225168839
0.6104990468111893
0.6132398990397775
0.6177741819311797
0.6240271256522406
0.6318998515183143
0.6412744781992722
0.6520196233196270
0.6639957992760980
0.6770603134097229
0.6910714225144126
0.7058916274756962
0.7213901043798292
0.7374443449062861
0.7539411220286630
0.7707769133054049
0.7878579115058932
0.8050997386321185
0.8224269605523077
0.8397724795554052
0.8570768636025252
0.8742876550933811
0.8913586889617439
0.9082494397616281
0.9249244097610616
0.9413525644913502
0.9575068182762824
0.9733635696030262
0.9889022844725598
1.0041051248247674
1.0189566185723993
1.0334433675486503
1.0475537896643918
1.0612778917030425
1.0746070693970744
1.0875339316908863
1.1000521463737345
1.1121563045460678
1.1238418016520921
1.1351047330641677
1.1459418024373824
1.1563502412640088
1.1663277382476018
1.1758723772860211
1.1849825830030567
1.1936570729011498
1.2018948153245905
1.2096949925252312
1.2170569682127241
1.2239802590500823
1.2304645096243021
1.2365094704821262
1.2421149788738370
1.2472809418942399
1.2520073217505874
1.2562941229228750
1.2601413810133579
1.2635491531099188
1.2665175095125407
1.2690465266940982
1.2711362813863665
1.2727868456999043
1.2739982832026351
1.2747706458968300
1.2751039720480046
1.2749982848322761
1.2744535917811577
1.2734698850148687
1.2720471422671549
1.2701853287165918
1.2678843996515672
1.2651443040088317
1.2619649888388684
