1.0000306634008584
1.0000302793181080
1.0000298232271085
1.0000292962232120
1.0000286995710335
1.0000280347014279
1.0000273032080678
1.0000265068436356
1.0000256475156322
1.0000247272818166
1.0000237483452883
1.0000227130492205
1.0000216238712607
1.0000204834176081
1.0000192944167845
1.0000180597131114
1.0000167822599153
1.0000154651124673
1.0000141114206813
1.0000127244215868
1.0000113074315908
1.0000098638385537
1.0000083970936930
1.0000069107033327
1.0000054082205234
1.0000038932365498
1.0000023693723477
1.0000008402698495
0.9999993095832796
0.9999977809704209
0.9999962580838717
0.9999947445623135
0.9999932440218153
0.9999917600471890
0.9999902961834224
0.9999888559272038
0.9999874427185662
0.9999860599326637
0.9999847108717018
0.9999833987570452
0.9999821267215173
0.9999808978019104
0.9999797149317273
0.9999785809341702
0.9999774985153902
0.9999764702580208
0.9999754986150040
0.9999745859037289
0.9999737343004910
0.9999729458352895
0.9999722223869792
0.9999715656787803
0.9999709772741597
0.9999704585730963
0.9999700108087363
0.9999696350444478
0.9999693321712824
0.9999691029058477
0.9999689477885991
0.9999688671825501
0.9999688612724089
0.9999689300641419
0.9999690733849644
0.9999692908837595
0.9999695820319210
0.9999699461246256
0.9999703822825210
0.9999708894538347
0.9999714664168984
0.9999721117830717
0.9999728240000710
0.9999736013556870
0.9999744419818845
0.9999753438592752
0.9999763048219534
0.9999773225626823
0.9999783946384189
0.9999795184761616
0.9999806913791102
0.9999819105331192
0.9999831730134328
0.9999844757916860
0.9999858157431516
0.9999871896542166
0.9999885942300761
0.9999900261026149
0.9999914818384671
0.9999929579472324
0.9999944508898261
0.9999959570869471
0.9999974729276394
0.9999989947779306
1.0000005189895267
1.0000020419085383
1.0000035598842212
1.0000050692777116
1.0000065664707267
1.0000080478742217
1.0000095099369719
1.0000109491540670
1.0000123620752943
1.0000137453133924
1.0000150955521503
1.0000164095543373
1.0000176841694455
1.0000189163412261
1.0000201031149978
1.0000212416447130
1.0000223291997610
1.0000233631715030
1.0000243410795076
1.0000252605774842
1.0000261194588931
1.0000269156622223
1.0000276472759198
1.0000283125429641
1.0000289098650688
1.0000294378065031
1.0000298950975302
1.0000302806374433
1.0000305934972007
1.0000308329216507
1.0000309983313378
1.0000310893238931
1.0000311056749991
1.0000310473389300
1.0000309144486630
1.0000307073155679
1.0000304264286652
1.0000300724534630
1.0000296462303673
1.0000291487726802
1.0000285812641807
1.0000279450562994
1.0000272416648948
1.0000264727666337
1.0000256401949901
1.0000247459358644
1.0000237921228434
1.0000227810321032
1.0000217150769730
1.0000205968021714
1.0000194288777269
1.0000182140926011
1.0000169553480260
1.0000156556505744
1.0000143181049743
1.0000129459066922
1.0000115423342957
1.0000101107416210
1.0000086545497588
1.0000071772388774
1.0000056823399064
1.0000041734260978
1.0000026541044869
1.0000011280072696
0.9999995987831196
0.9999980700884687
0.9999965455787646
0.9999950288997325
0.9999935236786587
0.9999920335157185
0.9999905619753683
0.9999891125778220
0.9999876887906342
0.9999862940204082
0.9999849316046491
0.9999836048037828
0.9999823167933570
0.9999810706564465
0.9999798693762779
0.9999787158290945
0.9999776127772743
0.9999765628627213
0.9999755686005470
0.9999746323730527
0.9999737564240286
0.9999729428533842
0.9999721936121220
0.9999715104976685
0.9999708951495714
0.9999703490455747
0.9999698734980805
0.9999694696510063
0.9999691384770455
0.9999688807753352
0.9999686971695415
0.9999685881063630
0.9999685538544583
0.9999685945037954
0.9999687099654342
0.9999688999717351
0.9999691640769930
0.9999695016584988
0.9999699119180242
0.9999703938837249
0.9999709464124595
0.9999715681925193
0.9999722577467574
0.9999730134361168
0.9999738334635467
0.9999747158782941
0.9999756585805629
0.9999766593265300
0.9999777157337058
0.9999788252866243
0.9999799853428541
0.9999811931393108
0.9999824457988583
0.9999837403371844
0.9999850736699283
0.9999864426200528
0.9999878439254307
0.9999892742466412
0.9999907301749466
0.9999922082404368
0.9999937049203199
0.9999952166473364
0.9999967398182815
0.9999982708026146
0.9999998059511295
1.0000013416046718
1.0000028741028819
1.0000043997929373
1.0000059150382783
1.0000074162272921
1.0000088997819396
1.0000103621663003
1.0000117998950189
1.0000132095416272
1.0000145877467292
1.0000159312260224
1.0000172367781404
1.0000185012922966
1.0000197217557132
1.0000208952608127
1.0000220190121620
1.0000230903331455
1.0000241066723556
1.0000250656096803
1.0000259648620824
1.0000268022890508
1.0000275758977075
1.0000282838475651
1.0000289244549181
1.0000294961968605
1.0000299977149198
1.0000304278182968
1.0000307854867034
1.0000310698727981
1.0000312803042062
1.0000314162851214
1.0000314774974874
1.0000314638017516
1.0000313752371945
1.0000312120218322
1.0000309745518914
1.0000306634008584
1.0000302793181080
1.0000298232271085
1.0000292962232120
