1.0000046506860429
1.0000045931337314
1.0000045247039455
1.0000044455617143
1.0000043558976093
1.0000042559272906
1.0000041458909896
1.0000040260529355
1.0000038967007223
1.0000037581446208
1.0000036107168371
1.0000034547707177
1.0000032906799026
1.0000031188374319
1.0000029396548062
1.0000027535610041
1.0000025610014542
1.0000023624369729
1.0000021583426606
1.0000019492067667
1.0000017355295236
1.0000015178219477
1.0000012966046188
1.0000010724064370
1.0000008457633578
1.0000006172171110
1.0000003873139038
1.0000001566031165
0.9999999256359901
0.9999996949643081
0.9999994651390772
0.9999992367092132
0.9999990102202273
0.9999987862129213
0.9999985652220971
0.9999983477752756
0.9999981343914396
0.9999979255797923
0.9999977218385410
0.9999975236537068
0.9999973314979622
0.9999971458295041
0.9999969670909565
0.9999967957083141
0.9999966320899232
0.9999964766255105
0.9999963296852484
0.9999961916188735
0.9999960627548500
0.9999959433995865
0.9999958338367024
0.9999957343263528
0.9999956451046056
0.9999955663828800
0.9999954983474416
0.9999954411589592
0.9999953949521210
0.9999953598353127
0.9999953358903643
0.9999953231723523
0.9999953217094678
0.9999953315029535
0.9999953525270983
0.9999953847293033
0.9999954280302087
0.9999954823238839
0.9999955474780818
0.9999956233345575
0.9999957097094491
0.9999958063937162
0.9999959131536422
0.9999960297313957
0.9999961558456471
0.9999962911922439
0.9999964354449387
0.9999965882561700
0.9999967492578947
0.9999969180624707
0.9999970942635846
0.9999972774372253
0.9999974671426984
0.9999976629236824
0.9999978643093208
0.9999980708153487
0.9999982819452538
0.9999984971914648
0.9999987160365652
0.9999989379545318
0.9999991624119945
0.9999993888695122
0.9999996167828641
0.9999998456043518
1.0000000747841118
1.0000003037714322
1.0000005320160712
1.0000007589695725
1.0000009840865784
1.0000012068261355
1.0000014266529880
1.0000016430388585
1.0000018554637138
1.0000020634170093
1.0000022663989130
1.0000024639214999
1.0000026555099186
1.0000028407035306
1.0000030190570108
1.0000031901414157
1.0000033535452073
1.0000035088752417
1.0000036557577081
1.0000037938390243
1.0000039227866819
1.0000040422900451
1.0000041520610941
1.0000042518351140
1.0000043413713291
1.0000044204534821
1.0000044888903492
1.0000045465161995
1.0000045931911921
1.0000046288017130
1.0000046532606468
1.0000046665075850
1.0000046685089719
1.0000046592581870
1.0000046387755608
1.0000046071083273
1.0000045643305142
1.0000045105427675
1.0000044458721102
1.0000043704716390
1.0000042845201595
1.0000041882217594
1.0000040818053211
1.0000039655239750
1.0000038396544983
1.0000037044966523
1.0000035603724660
1.0000034076254691
1.0000032466198694
1.0000030777396829
1.0000029013878171
1.0000027179851094
1.0000025279693192
1.0000023317940834
1.0000021299278328
1.0000019228526729
1.0000017110632315
1.0000014950654756
1.0000012753755028
1.0000010525183058
1.0000008270265204
1.0000005994391510
1.0000003703002838
1.0000001401577852
0.9999999095619908
0.9999996790643927
0.9999994492163194
0.9999992205676181
0.9999989936653392
0.9999987690524279
0.9999985472664265
0.9999983288381892
0.9999981142906134
0.9999979041373892
0.9999976988817705
0.9999974990153706
0.9999973050169887
0.9999971173514643
0.9999969364685640
0.9999967628019055
0.9999965967679205
0.9999964387648587
0.9999962891718339
0.9999961483479194
0.9999960166312871
0.9999958943383985
0.9999957817632478
0.9999956791766563
0.9999955868256251
0.9999955049327431
0.9999954336956545
0.9999953732865859
0.9999953238519332
0.9999952855119087
0.9999952583602524
0.9999952424640079
0.9999952378633622
0.9999952445715471
0.9999952625748049
0.9999952918324221
0.9999953322768242
0.9999953838137352
0.9999954463224032
0.9999955196558843
0.9999956036413943
0.9999956980807216
0.9999958027506975
0.9999959174037302
0.9999960417683946
0.9999961755500788
0.9999963184316869
0.9999964700743971
0.9999966301184676
0.9999967981840957
0.9999969738723227
0.9999971567659901
0.9999973464307328
0.9999975424160157
0.9999977442562084
0.9999979514716965
0.9999981635700254
0.9999983800470780
0.9999986003882783
0.9999988240698194
0.9999990505599126
0.9999992793200574
0.9999995098063288
0.9999997414706738
0.9999999737622185
1.0000002061285866
1.0000004380172141
1.0000006688766696
1.0000008981579729
1.0000011253159056
1.0000013498103102
1.0000015711073815
1.0000017886809403
1.0000020020136902
1.0000022105984518
1.0000024139393715
1.0000026115531071
1.0000028029699810
1.0000029877351002
1.0000031654094452
1.0000033355709161
1.0000034978153391
1.0000036517574309
1.0000037970317193
1.0000039332934147
1.0000040602192315
1.0000041775081610
1.0000042848821902
1.0000043820869642
1.0000044688923915
1.0000045450931945
1.0000046105093967
1.0000046649867538
1.0000047083971173
1.0000047406387429
1.0000047616365328
1.0000047713422129
1.0000047697344483
1.0000047568188906
1.0000047326281651
1.0000046972217924
1.0000046506860429
1.0000045931337314
1.0000045247039455
1.0000044455617143
