1.0000192460023816
1.0000190054939924
1.0000187198244199
1.0000183896803032
1.0000180158544205
1.0000175992437939
1.0000171408475422
1.0000166417644929
1.0000161031905554
1.0000155264158599
1.0000149128216735
1.0000142638770964
1.0000135811355517
1.0000128662310714
1.0000121208743897
1.0000113468488554
1.0000105460061666
1.0000097202619438
1.0000088715911521
1.0000080020233817
1.0000071136379940
1.0000062085591530
1.0000052889507480
1.0000043570112209
1.0000034149683119
1.0000024650737360
1.0000015095978010
1.0000005508239793
0.9999995910434499
0.9999986325496224
0.9999976776326560
0.9999967285739864
0.9999957876408713
0.9999948570809715
0.9999939391169788
0.9999930359413048
0.9999921497108397
0.9999912825417964
0.9999904365046524
0.9999896136192025
0.9999888158497313
0.9999880451003196
0.9999873032102926
0.9999865919498240
0.9999859130157041
0.9999852680272864
0.9999846585226191
0.9999840859547674
0.9999835516883436
0.9999830569962465
0.9999826030566197
0.9999821909500382
0.9999818216569251
0.9999814960552114
0.9999812149182381
0.9999809789129112
0.9999807885981113
0.9999806444233595
0.9999805467277461
0.9999804957391213
0.9999804915735555
0.9999805342350641
0.9999806236156011
0.9999807594953231
0.9999809415431167
0.9999811693173954
0.9999814422671578
0.9999817597333118
0.9999821209502517
0.9999825250476952
0.9999829710527680
0.9999834578923310
0.9999839843955530
0.9999845492967151
0.9999851512382415
0.9999857887739487
0.9999864603725094
0.9999871644211163
0.9999878992293436
0.9999886630331932
0.9999894539993169
0.9999902702294043
0.9999911097647239
0.9999919705908146
0.9999928506423031
0.9999937478078486
0.9999946599351920
0.9999955848363101
0.9999965202926472
0.9999974640604240
0.9999984138760061
0.9999993674613220
1.0000003225293108
1.0000012767893960
1.0000022279529635
1.0000031737388375
1.0000041118787384
1.0000050401227059
1.0000059562444825
1.0000068580468415
1.0000077433668408
1.0000086100809997
1.0000094561103774
1.0000102794255450
1.0000110780514400
1.0000118500720920
1.0000125936352060
1.0000133069565906
1.0000139883244281
1.0000146361033695
1.0000152487384459
1.0000158247587894
1.0000163627811502
1.0000168615132077
1.0000173197566626
1.0000177364101019
1.0000181104716366
1.0000184410412971
1.0000187273231895
1.0000189686274021
1.0000191643716549
1.0000193140826943
1.0000194173974284
1.0000194740637982
1.0000194839413812
1.0000194470017296
1.0000193633284420
1.0000192331169659
1.0000190566741352
1.0000188344174381
1.0000185668740229
1.0000182546794405
1.0000178985761288
1.0000174994116398
1.0000170581366157
1.0000165758025212
1.0000160535591323
1.0000154926517899
1.0000148944184275
1.0000142602863726
1.0000135917689406
1.0000128904618166
1.0000121580392458
1.0000113962500337
1.0000106069133661
1.0000097919144644
1.0000089532000793
1.0000080927738420
1.0000072126914741
1.0000063150558745
1.0000054020120954
1.0000044757422137
1.0000035384601180
1.0000025924062157
1.0000016398420779
1.0000006830450345
0.9999997243027310
0.9999987659076600
0.9999978101516801
0.9999968593205373
0.9999959156884007
0.9999949815124246
0.9999940590273515
0.9999931504401688
0.9999922579248326
0.9999913836170683
0.9999905296092636
0.9999896979454659
0.9999888906164931
0.9999881095551724
0.9999873566317169
0.9999866336492518
0.9999859423395011
0.9999852843586460
0.9999846612833626
0.9999840746070514
0.9999835257362628
0.9999830159873315
0.9999825465832267
0.9999821186506240
0.9999817332172083
0.9999813912092153
0.9999810934492134
0.9999808406541345
0.9999806334335553
0.9999804722882375
0.9999803576089266
0.9999802896754136
0.9999802686558643
0.9999802946064117
0.9999803674710182
0.9999804870816076
0.9999806531584621
0.9999808653108903
0.9999811230381556
0.9999814257306695
0.9999817726714462
0.9999821630378106
0.9999825959033639
0.9999830702401947
0.9999835849213318
0.9999841387234352
0.9999847303297171
0.9999853583330890
0.9999860212395175
0.9999867174715943
0.9999874453723021
0.9999882032089731
0.9999889891774266
0.9999898014062805
0.9999906379614203
0.9999914968506196
0.9999923760282956
0.9999932734003969
0.9999941868294056
0.9999951141394414
0.9999960531214607
0.9999970015385321
0.9999979571311788
0.9999989176227776
0.9999998807249959
1.0000008441432566
1.0000018055822177
1.0000027627512544
1.0000037133699315
1.0000046551734503
1.0000055859180561
1.0000065033863961
1.0000074053928156
1.0000082897885787
1.0000091544669980
1.0000099973684684
1.0000108164853816
1.0000116098669198
1.0000123756237131
1.0000131119323525
1.0000138170397441
1.0000144892672924
1.0000151270149091
1.0000157287648330
1.0000162930852525
1.0000168186337239
1.0000173041603755
1.0000177485108908
1.0000181506292625
1.0000185095603129
1.0000188244519710
1.0000190945573049
1.0000193192363052
1.0000194979574115
1.0000196302987805
1.0000197159492858
1.0000197547092626
1.0000197464909799
1.0000196913188464
1.0000195893293502
1.0000194407707301
1.0000192460023816
1.0000190054939924
1.0000187198244199
1.0000183896803032
