1.0000000049057916
1.0000000048573774
1.0000000047982662
1.0000000047286135
1.0000000046485980
1.0000000045584234
1.0000000044583166
1.0000000043485273
1.0000000042293296
1.0000000041010182
1.0000000039639079
1.0000000038183343
1.0000000036646532
1.0000000035032393
1.0000000033344847
1.0000000031587986
1.0000000029766063
1.0000000027883487
1.0000000025944800
1.0000000023954667
1.0000000021917865
1.0000000019839275
1.0000000017723873
1.0000000015576731
1.0000000013402972
1.0000000011207792
1.0000000008996437
1.0000000006774168
1.0000000004546274
1.0000000002318055
1.0000000000094791
0.9999999997881759
0.9999999995684193
0.9999999993507295
0.9999999991356217
0.9999999989236034
0.9999999987151742
0.9999999985108254
0.9999999983110370
0.9999999981162770
0.9999999979270006
0.9999999977436507
0.9999999975666546
0.9999999973964246
0.9999999972333560
0.9999999970778257
0.9999999969301924
0.9999999967907947
0.9999999966599512
0.9999999965379595
0.9999999964250962
0.9999999963216155
0.9999999962277497
0.9999999961437075
0.9999999960696738
0.9999999960058082
0.9999999959522456
0.9999999959090952
0.9999999958764410
0.9999999958543416
0.9999999958428294
0.9999999958419115
0.9999999958515694
0.9999999958717588
0.9999999959024103
0.9999999959434296
0.9999999959946970
0.9999999960560687
0.9999999961273769
0.9999999962084279
0.9999999962990050
0.9999999963988687
0.9999999965077556
0.9999999966253812
0.9999999967514394
0.9999999968856048
0.9999999970275318
0.9999999971768562
0.9999999973331962
0.9999999974961538
0.9999999976653144
0.9999999978402493
0.9999999980205155
0.9999999982056570
0.9999999983952053
0.9999999985886807
0.9999999987855939
0.9999999989854476
0.9999999991877383
0.9999999993919557
0.9999999995975858
0.9999999998041106
1.0000000000110121
1.0000000002177725
1.0000000004238720
1.0000000006287915
1.0000000008320149
1.0000000010330317
1.0000000012313350
1.0000000014264261
1.0000000016178137
1.0000000018050161
1.0000000019875621
1.0000000021649915
1.0000000023368558
1.0000000025027205
1.0000000026621654
1.0000000028147862
1.0000000029601943
1.0000000030980207
1.0000000032279130
1.0000000033495393
1.0000000034625862
1.0000000035667631
1.0000000036618002
1.0000000037474490
1.0000000038234846
1.0000000038897048
1.0000000039459322
1.0000000039920143
1.0000000040278210
1.0000000040532480
1.0000000040682164
1.0000000040726731
1.0000000040665908
1.0000000040499690
1.0000000040228314
1.0000000039852273
1.0000000039372312
1.0000000038789441
1.0000000038104899
1.0000000037320182
1.0000000036437040
1.0000000035457473
1.0000000034383725
1.0000000033218264
1.0000000031963776
1.0000000030623155
1.0000000029199514
1.0000000027696174
1.0000000026116653
1.0000000024464661
1.0000000022744080
1.0000000020958968
1.0000000019113531
1.0000000017212127
1.0000000015259263
1.0000000013259556
1.0000000011217747
1.0000000009138696
1.0000000007027348
1.0000000004888747
1.0000000002728009
1.0000000000550306
0.9999999998360850
0.9999999996164879
0.9999999993967655
0.9999999991774463
0.9999999989590572
0.9999999987421246
0.9999999985271716
0.9999999983147169
0.9999999981052737
0.9999999978993496
0.9999999976974433
0.9999999975000445
0.9999999973076330
0.9999999971206783
0.9999999969396371
0.9999999967649521
0.9999999965970501
0.9999999964363429
0.9999999962832263
0.9999999961380794
0.9999999960012631
0.9999999958731181
0.9999999957539643
0.9999999956441010
0.9999999955438044
0.9999999954533276
0.9999999953729037
0.9999999953027413
0.9999999952430255
0.9999999951939160
0.9999999951555482
0.9999999951280326
0.9999999951114542
0.9999999951058718
0.9999999951113195
0.9999999951278041
0.9999999951553048
0.9999999951937744
0.9999999952431416
0.9999999953033103
0.9999999953741582
0.9999999954555389
0.9999999955472816
0.9999999956491906
0.9999999957610466
0.9999999958826056
0.9999999960136003
0.9999999961537408
0.9999999963027153
0.9999999964601918
0.9999999966258168
0.9999999967992188
0.9999999969800093
0.9999999971677807
0.9999999973621091
0.9999999975625545
0.9999999977686621
0.9999999979799649
0.9999999981959847
0.9999999984162319
0.9999999986402051
0.9999999988673939
0.9999999990972811
0.9999999993293429
0.9999999995630502
0.9999999997978690
1.0000000000332645
1.0000000002687008
1.0000000005036422
1.0000000007375514
1.0000000009698926
1.0000000012001355
1.0000000014277552
1.0000000016522337
1.0000000018730602
1.0000000020897315
1.0000000023017539
1.0000000025086446
1.0000000027099332
1.0000000029051628
1.0000000030938885
1.0000000032756828
1.0000000034501355
1.0000000036168522
1.0000000037754573
1.0000000039255945
1.0000000040669270
1.0000000041991397
1.0000000043219373
1.0000000044350466
1.0000000045382185
1.0000000046312270
1.0000000047138693
1.0000000047859674
1.0000000048473672
1.0000000048979394
1.0000000049375812
1.0000000049662157
1.0000000049837914
1.0000000049902829
1.0000000049856901
1.0000000049700386
1.0000000049433799
1.0000000049057916
1.0000000048573774
1.0000000047982662
1.0000000047286135
