1.0000000166430847
1.0000000164641196
1.0000000162479323
1.0000000159950710
1.0000000157061699
1.0000000153819477
1.0000000150232049
1.0000000146308228
1.0000000142057617
1.0000000137490610
1.0000000132618341
1.0000000127452646
1.0000000122006039
1.0000000116291698
1.0000000110323428
1.0000000104115621
1.0000000097683239
1.0000000091041765
1.0000000084207170
1.0000000077195872
1.0000000070024702
1.0000000062710854
1.0000000055271854
1.0000000047725510
1.0000000040089871
1.0000000032383174
1.0000000024623821
1.0000000016830322
1.0000000009021257
1.0000000001215219
0.9999999993430787
0.9999999985686464
0.9999999978000643
0.9999999970391569
0.9999999962877296
0.9999999955475634
0.9999999948204111
0.9999999941079944
0.9999999934119971
0.9999999927340609
0.9999999920757828
0.9999999914387120
0.9999999908243464
0.9999999902341293
0.9999999896694441
0.9999999891316124
0.9999999886218892
0.9999999881414623
0.9999999876914470
0.9999999872728855
0.9999999868867437
0.9999999865339081
0.9999999862151837
0.9999999859312944
0.9999999856828788
0.9999999854704900
0.9999999852945927
0.9999999851555645
0.9999999850536943
0.9999999849891801
0.9999999849621310
0.9999999849725656
0.9999999850204103
0.9999999851055014
0.9999999852275836
0.9999999853863148
0.9999999855812649
0.9999999858119153
0.9999999860776626
0.9999999863778170
0.9999999867116056
0.9999999870781744
0.9999999874765922
0.9999999879058502
0.9999999883648664
0.9999999888524860
0.9999999893674866
0.9999999899085804
0.9999999904744166
0.9999999910635852
0.9999999916746184
0.9999999923059949
0.9999999929561469
0.9999999936234605
0.9999999943062795
0.9999999950029109
0.9999999957116281
0.9999999964306766
0.9999999971582773
0.9999999978926305
0.9999999986319206
0.9999999993743208
1.0000000001179967
1.0000000008611101
1.0000000016018245
1.0000000023383093
1.0000000030687441
1.0000000037913241
1.0000000045042621
1.0000000052057958
1.0000000058941905
1.0000000065677428
1.0000000072247854
1.0000000078636897
1.0000000084828713
1.0000000090807946
1.0000000096559751
1.0000000102069844
1.0000000107324512
1.0000000112310681
1.0000000117015915
1.0000000121428452
1.0000000125537230
1.0000000129331919
1.0000000132802949
1.0000000135941538
1.0000000138739702
1.0000000141190279
1.0000000143286960
1.0000000145024293
1.0000000146397690
1.0000000147403449
1.0000000148038750
1.0000000148301662
1.0000000148191159
1.0000000147707127
1.0000000146850345
1.0000000145622512
1.0000000144026207
1.0000000142064915
1.0000000139742997
1.0000000137065688
1.0000000134039100
1.0000000130670188
1.0000000126966726
1.0000000122937314
1.0000000118591337
1.0000000113938949
1.0000000108991047
1.0000000103759259
1.0000000098255903
1.0000000092493972
1.0000000086487091
1.0000000080249463
1.0000000073795861
1.0000000067141592
1.0000000060302461
1.0000000053294722
1.0000000046135060
1.0000000038840533
1.0000000031428544
1.0000000023916789
1.0000000016323207
1.0000000008665955
1.0000000000963356
0.9999999993233852
0.9999999985495964
0.9999999977768235
0.9999999970069202
0.9999999962417362
0.9999999954831105
0.9999999947328679
0.9999999939928149
0.9999999932647348
0.9999999925503837
0.9999999918514874
0.9999999911697370
0.9999999905067840
0.9999999898642348
0.9999999892436481
0.9999999886465311
0.9999999880743372
0.9999999875284611
0.9999999870102357
0.9999999865209287
0.9999999860617410
0.9999999856338024
0.9999999852381691
0.9999999848758208
0.9999999845476590
0.9999999842545053
0.9999999839970989
0.9999999837760937
0.9999999835920584
0.9999999834454754
0.9999999833367371
0.9999999832661480
0.9999999832339211
0.9999999832401794
0.9999999832849552
0.9999999833681902
0.9999999834897338
0.9999999836493435
0.9999999838466873
0.9999999840813442
0.9999999843528055
0.9999999846604738
0.9999999850036666
0.9999999853816184
0.9999999857934804
0.9999999862383240
0.9999999867151420
0.9999999872228504
0.9999999877602925
0.9999999883262406
0.9999999889193995
0.9999999895384089
0.9999999901818478
0.9999999908482372
0.9999999915360437
0.9999999922436833
0.9999999929695241
0.9999999937118902
0.9999999944690656
0.9999999952393011
0.9999999960208155
0.9999999968118013
0.9999999976104276
0.9999999984148461
0.9999999992231948
1.0000000000336027
1.0000000008441938
1.0000000016530917
1.0000000024584221
1.0000000032583198
1.0000000040509320
1.0000000048344220
1.0000000056069749
1.0000000063668029
1.0000000071121462
1.0000000078412803
1.0000000085525198
1.0000000092442214
1.0000000099147879
1.0000000105626721
1.0000000111863805
1.0000000117844763
1.0000000123555830
1.0000000128983888
1.0000000134116487
1.0000000138941869
1.0000000143449008
1.0000000147627632
1.0000000151468249
1.0000000154962159
1.0000000158101479
1.0000000160879172
1.0000000163289051
1.0000000165325797
1.0000000166984975
1.0000000168263032
1.0000000169157341
1.0000000169666170
1.0000000169788685
1.0000000169524961
1.0000000168875991
1.0000000167843681
1.0000000166430847
1.0000000164641196
1.0000000162479323
1.0000000159950710
