1.0000000001495253
1.0000000001488214
1.0000000001478453
1.0000000001465978
1.0000000001450822
1.0000000001433014
1.0000000001412594
1.0000000001389626
1.0000000001364171
1.0000000001336316
1.0000000001306149
1.0000000001273752
1.0000000001239215
1.0000000001202616
1.0000000001164040
1.0000000001123581
1.0000000001081346
1.0000000001037441
1.0000000000991978
1.0000000000945073
1.0000000000896851
1.0000000000847440
1.0000000000796958
1.0000000000745519
1.0000000000693252
1.0000000000640288
1.0000000000586755
1.0000000000532780
1.0000000000478475
1.0000000000423972
1.0000000000369405
1.0000000000314906
1.0000000000260600
1.0000000000206608
1.0000000000153055
1.0000000000100067
1.0000000000047755
0.9999999999996251
0.9999999999945680
0.9999999999896154
0.9999999999847785
0.9999999999800674
0.9999999999754919
0.9999999999710610
0.9999999999667837
0.9999999999626685
0.9999999999587234
0.9999999999549559
0.9999999999513741
0.9999999999479859
0.9999999999447984
0.9999999999418187
0.9999999999390535
0.9999999999365093
0.9999999999341909
0.9999999999321028
0.9999999999302484
0.9999999999286296
0.9999999999272478
0.9999999999261033
0.9999999999251968
0.9999999999245288
0.9999999999240994
0.9999999999239068
0.9999999999239494
0.9999999999242249
0.9999999999247318
0.9999999999254680
0.9999999999264295
0.9999999999276116
0.9999999999290080
0.9999999999306132
0.9999999999324208
0.9999999999344259
0.9999999999366223
0.9999999999390026
0.9999999999415589
0.9999999999442833
0.9999999999471685
0.9999999999502053
0.9999999999533844
0.9999999999566959
0.9999999999601296
0.9999999999636749
0.9999999999673198
0.9999999999710534
0.9999999999748644
0.9999999999787417
0.9999999999826746
0.9999999999866529
0.9999999999906661
0.9999999999947030
0.9999999999987521
1.0000000000028015
1.0000000000068390
1.0000000000108529
1.0000000000148315
1.0000000000187625
1.0000000000226335
1.0000000000264333
1.0000000000301521
1.0000000000337794
1.0000000000373050
1.0000000000407174
1.0000000000440061
1.0000000000471607
1.0000000000501716
1.0000000000530307
1.0000000000557299
1.0000000000582623
1.0000000000606217
1.0000000000628011
1.0000000000647935
1.0000000000665932
1.0000000000681939
1.0000000000695897
1.0000000000707756
1.0000000000717471
1.0000000000725011
1.0000000000730360
1.0000000000733489
1.0000000000734386
1.0000000000733040
1.0000000000729443
1.0000000000723586
1.0000000000715472
1.0000000000705103
1.0000000000692491
1.0000000000677660
1.0000000000660638
1.0000000000641451
1.0000000000620128
1.0000000000596703
1.0000000000571214
1.0000000000543714
1.0000000000514258
1.0000000000482907
1.0000000000449736
1.0000000000414817
1.0000000000378229
1.0000000000340057
1.0000000000300393
1.0000000000259319
1.0000000000216926
1.0000000000173321
1.0000000000128602
1.0000000000082871
1.0000000000036242
0.9999999999988813
0.9999999999940705
0.9999999999892027
0.9999999999842883
0.9999999999793387
0.9999999999743669
0.9999999999693848
0.9999999999644041
0.9999999999594371
0.9999999999544957
0.9999999999495915
0.9999999999447358
0.9999999999399404
0.9999999999352174
0.9999999999305788
0.9999999999260354
0.9999999999215988
0.9999999999172807
0.9999999999130917
0.9999999999090422
0.9999999999051425
0.9999999999014023
0.9999999998978315
0.9999999998944405
0.9999999998912392
0.9999999998882372
0.9999999998854432
0.9999999998828647
0.9999999998805075
0.9999999998783774
0.9999999998764800
0.9999999998748199
0.9999999998734022
0.9999999998722319
0.9999999998713153
0.9999999998706567
0.9999999998702592
0.9999999998701261
0.9999999998702598
0.9999999998706622
0.9999999998713350
0.9999999998722783
0.9999999998734903
0.9999999998749688
0.9999999998767108
0.9999999998787138
0.9999999998809760
0.9999999998834948
0.9999999998862654
0.9999999998892827
0.9999999998925414
0.9999999998960363
0.9999999998997625
0.9999999999037127
0.9999999999078811
0.9999999999122605
0.9999999999168422
0.9999999999216161
0.9999999999265738
0.9999999999317053
0.9999999999369998
0.9999999999424469
0.9999999999480348
0.9999999999537522
0.9999999999595873
0.9999999999655288
0.9999999999715645
0.9999999999776807
0.9999999999838650
0.9999999999901054
0.9999999999963886
1.0000000000027023
1.0000000000090332
1.0000000000153682
1.0000000000216940
1.0000000000279976
1.0000000000342661
1.0000000000404849
1.0000000000466409
1.0000000000527218
1.0000000000587155
1.0000000000646090
1.0000000000703901
1.0000000000760476
1.0000000000815712
1.0000000000869496
1.0000000000921709
1.0000000000972249
1.0000000001021012
1.0000000001067886
1.0000000001112770
1.0000000001155571
1.0000000001196199
1.0000000001234570
1.0000000001270595
1.0000000001304197
1.0000000001335312
1.0000000001363878
1.0000000001389837
1.0000000001413158
1.0000000001433802
1.0000000001451737
1.0000000001466931
1.0000000001479357
1.0000000001488991
1.0000000001495823
1.0000000001499851
1.0000000001501088
1.0000000001499547
1.0000000001495253
1.0000000001488214
1.0000000001478453
1.0000000001465978
