1.0516697000032167
1.0510531642805343
1.0503212938703677
1.0494754481429120
1.0485172037836752
1.0474483543927624
1.0462709099827023
1.0449870963566961
1.0435993543469204
1.0421103388902626
1.0405229179166118
1.0388401710226021
1.0370653879015006
1.0352020664977819
1.0332539108528469
1.0312248286063566
1.0291189281157858
1.0269405151550945
1.0246940891519076
1.0223843389213159
1.0200161378534260
1.0175945385111425
1.0151247665944014
1.0126122142272733
1.0100624325250622
1.0074811233998220
1.0048741305646354
1.0022474296996438
0.9996071177462307
0.9969594012999932
0.9943105840782656
0.9916670534439946
0.9890352659747658
0.9864217320737498
0.9838329996282791
0.9812756367316560
0.9787562134945839
0.9762812829842547
0.9738573613414866
0.9714909071392966
0.9691883000597038
0.9669558189792697
0.9647996195676035
0.9627257115165884
0.9607399355311298
0.9588479402245147
0.9570551590726649
0.9553667875914111
0.9537877609090374
0.9523227319125110
0.9509760501497175
0.9497517416714280
0.9486534899954786
0.9476846183715419
0.9468480735178880
0.9461464109916459
0.9455817823413427
0.9451559241750550
0.9448701492595898
0.9447253397459761
0.9447219425945834
0.9448599672497590
0.9451389855894585
0.9455581341504365
0.9461161186046202
0.9468112204378532
0.9476413057587170
0.9486038361430955
0.9496958813999199
0.9509141341255086
0.9522549258983638
0.9537142449534229
0.9552877551647498
0.9569708161585271
0.9587585043739998
0.9606456348886429
0.9626267838251048
0.9646963111612940
0.9668483837710338
0.9690769985307639
0.9713760053375203
0.9737391298945867
0.9761599961334465
0.9786321481536792
0.9811490715759593
0.9837042142170457
0.9862910060093422
0.9889028781010649
0.9915332810860418
0.9941757023245793
0.9968236823285006
0.9994708301942856
1.0021108380781818
1.0047374947161363
1.0073446979994194
1.0099264666238377
1.0124769508365332
1.0149904423095124
1.0174613831733379
1.0198843742478592
1.0222541825095270
1.0245657478368080
1.0268141890765183
1.0289948094746428
1.0311031015154160
1.0331347512122031
1.0350856418930916
1.0369518575231229
1.0387296856038402
1.0404156196893179
1.0420063615561501
1.0434988230630080
1.0448901277333920
1.0461776120931345
1.0473588267920468
1.0484315375369126
1.0493937258607942
1.0502435897513638
1.0509795441587331
1.0516002214009772
1.0521044714833223
1.0524913623447254
1.0527601800433586
1.0529104288902893
1.0529418315384773
1.0528543290320083
1.0526480808183185
1.0523234647239927
1.0518810768925493
1.0513217316804522
1.0506464615054172
1.0498565166388858
1.0489533649323421
1.0479386914649351
1.0468143980976434
1.0455826029169757
1.0442456395489448
1.0428060563218031
1.0412666152537700
1.0396302908397284
1.0379002686086631
1.0360799434214154
1.0341729174762102
1.0321829979873760
1.0301141945007379
1.0279707158073725
1.0257569664158042
1.0234775425413136
1.0211372275698971
1.0187409869535955
1.0162939624934368
1.0138014659662131
1.0112689720517465
1.0087021105183034
1.0061066576254107
1.0034885267056184
1.0008537578897738
0.9982085069441977
0.9955590331928320
0.9929116865030205
0.9902728933201043
0.9876491417435169
0.9850469656455305
0.9824729278432359
0.9799336023447139
0.9774355557015895
0.9749853275122015
0.9725894101323246
0.9702542276636301
0.9679861143036725
0.9657912921549532
0.9636758486042819
0.9616457133970054
0.9597066355433701
0.9578641602060932
0.9561236057287676
0.9544900409737510
0.9529682631453696
0.9515627762793245
0.9502777705818608
0.9491171028023390
0.9480842778201705
0.9471824316215195
0.9464143158326951
0.9457822839658080
0.9452882795181138
0.9449338260497170
0.9447200193451948
0.9446475217435696
0.9447165586982610
0.9449269176046384
0.9452779489080281
0.9457685694800084
0.9463972682260571
0.9471621138635653
0.9480607647864080
0.9490904809110629
0.9502481373801082
0.9515302399821008
0.9529329421326286
0.9544520632498765
0.9560831083495021
0.9578212886779801
0.9596615432008117
0.9615985607619918
0.9636268027337486
0.9657405259805542
0.9679338059685321
0.9702005598603577
0.9725345694462789
0.9749295037736355
0.9773789413499592
0.9798763918080517
0.9824153169351115
0.9849891509817422
0.9875913201802824
0.9902152614151597
0.9928544400006941
0.9955023665338349
0.9981526128005765
1.0007988267251928
1.0034347463608893
1.0060542129289693
1.0086511829211373
1.0112197392861066
1.0137541017273057
1.0162486361431697
1.0186978632453578
1.0210964663932847
1.0234392986856495
1.0257213893512773
1.0279379494825920
1.0300843771554984
1.0321562619794356
1.0341493891209026
1.0360597428429548
1.0378835096020211
1.0396170807420231
1.0412570548241495
1.0428002396288609
1.0442436538647624
1.0455845286169567
1.0468203085653596
1.0479486530012763
1.0489674366683286
1.0498747504515702
1.0506689019363775
1.0513484158564443
1.0519120344479591
1.0523587177248030
1.0526876436873791
1.0528982084754677
1.0529900264733107
1.0529629303729380
1.0528169711995645
1.0525524183007278
1.0521697592986592
1.0516697000032167
1.0510531642805343
1.0503212938703677
1.0494754481429120
