1.0000000009167396
1.0000000009093877
1.0000000009001508
1.0000000008890544
1.0000000008761276
1.0000000008614063
1.0000000008449295
1.0000000008267380
1.0000000008068783
1.0000000007854002
1.0000000007623575
1.0000000007378087
1.0000000007118139
1.0000000006844365
1.0000000006557437
1.0000000006258052
1.0000000005946954
1.0000000005624901
1.0000000005292675
1.0000000004951084
1.0000000004600949
1.0000000004243106
1.0000000003878411
1.0000000003507727
1.0000000003131950
1.0000000002751974
1.0000000002368707
1.0000000001983058
1.0000000001595930
1.0000000001208236
1.0000000000820899
1.0000000000434841
1.0000000000050968
0.9999999999670176
0.9999999999293350
0.9999999998921363
0.9999999998555088
0.9999999998195385
0.9999999997843084
0.9999999997499009
0.9999999997163953
0.9999999996838691
0.9999999996523967
0.9999999996220494
0.9999999995928954
0.9999999995650010
0.9999999995384290
0.9999999995132394
0.9999999994894876
0.9999999994672263
0.9999999994465036
0.9999999994273644
0.9999999994098494
0.9999999993939963
0.9999999993798391
0.9999999993674061
0.9999999993567209
0.9999999993478029
0.9999999993406683
0.9999999993353290
0.9999999993317924
0.9999999993300615
0.9999999993301342
0.9999999993320045
0.9999999993356611
0.9999999993410877
0.9999999993482644
0.9999999993571670
0.9999999993677675
0.9999999993800321
0.9999999993939241
0.9999999994094030
0.9999999994264247
0.9999999994449418
0.9999999994649039
0.9999999994862551
0.9999999995089373
0.9999999995328893
0.9999999995580459
0.9999999995843385
0.9999999996116964
0.9999999996400465
0.9999999996693137
0.9999999996994210
0.9999999997302887
0.9999999997618351
0.9999999997939762
0.9999999998266271
0.9999999998597024
0.9999999998931149
0.9999999999267770
0.9999999999606003
0.9999999999944965
1.0000000000283762
1.0000000000621496
1.0000000000957272
1.0000000001290203
1.0000000001619418
1.0000000001944056
1.0000000002263267
1.0000000002576219
1.0000000002882086
1.0000000003180058
1.0000000003469354
1.0000000003749210
1.0000000004018896
1.0000000004277696
1.0000000004524920
1.0000000004759908
1.0000000004982030
1.0000000005190692
1.0000000005385337
1.0000000005565419
1.0000000005730441
1.0000000005879948
1.0000000006013523
1.0000000006130787
1.0000000006231395
1.0000000006315037
1.0000000006381466
1.0000000006430465
1.0000000006461858
1.0000000006475518
1.0000000006471372
1.0000000006449377
1.0000000006409531
1.0000000006351877
1.0000000006276510
1.0000000006183563
1.0000000006073217
1.0000000005945711
1.0000000005801315
1.0000000005640335
1.0000000005463114
1.0000000005270047
1.0000000005061567
1.0000000004838134
1.0000000004600251
1.0000000004348455
1.0000000004083329
1.0000000003805478
1.0000000003515548
1.0000000003214211
1.0000000002902165
1.0000000002580141
1.0000000002248888
1.0000000001909191
1.0000000001561848
1.0000000001207681
1.0000000000847533
1.0000000000482272
1.0000000000112781
0.9999999999739937
0.9999999999364624
0.9999999998987725
0.9999999998610132
0.9999999998232748
0.9999999997856482
0.9999999997482256
0.9999999997110982
0.9999999996743576
0.9999999996380929
0.9999999996023922
0.9999999995673425
0.9999999995330290
0.9999999994995346
0.9999999994669397
0.9999999994353246
0.9999999994047682
0.9999999993753476
0.9999999993471371
0.9999999993202087
0.9999999992946292
0.9999999992704641
0.9999999992477764
0.9999999992266252
0.9999999992070651
0.9999999991891474
0.9999999991729190
0.9999999991584223
0.9999999991456967
0.9999999991347764
0.9999999991256932
0.9999999991184746
0.9999999991131432
0.9999999991097183
0.9999999991082132
0.9999999991086369
0.9999999991109939
0.9999999991152844
0.9999999991215044
0.9999999991296455
0.9999999991396958
0.9999999991516384
0.9999999991654512
0.9999999991811092
0.9999999991985811
0.9999999992178307
0.9999999992388189
0.9999999992615027
0.9999999992858346
0.9999999993117642
0.9999999993392374
0.9999999993681967
0.9999999993985801
0.9999999994303226
0.9999999994633570
0.9999999994976123
0.9999999995330140
0.9999999995694852
0.9999999996069466
0.9999999996453156
0.9999999996845068
0.9999999997244338
0.9999999997650088
0.9999999998061421
0.9999999998477437
0.9999999998897217
0.9999999999319846
0.9999999999744391
1.0000000000169906
1.0000000000595453
1.0000000001020097
1.0000000001442901
1.0000000001862932
1.0000000002279263
1.0000000002690985
1.0000000003097196
1.0000000003497007
1.0000000003889546
1.0000000004273948
1.0000000004649354
1.0000000005014913
1.0000000005369818
1.0000000005713285
1.0000000006044565
1.0000000006362937
1.0000000006667715
1.0000000006958234
1.0000000007233865
1.0000000007494017
1.0000000007738132
1.0000000007965693
1.0000000008176217
1.0000000008369265
1.0000000008544441
1.0000000008701388
1.0000000008839798
1.0000000008959413
1.0000000009060013
1.0000000009141414
1.0000000009203480
1.0000000009246106
1.0000000009269241
1.0000000009272876
1.0000000009257046
1.0000000009221841
1.0000000009167396
1.0000000009093877
1.0000000009001508
1.0000000008890544
