1.0000000001886156
1.0000000001876403
1.0000000001863152
1.0000000001846445
1.0000000001826330
1.0000000001802867
1.0000000001776126
1.0000000001746174
1.0000000001713099
1.0000000001676983
1.0000000001637912
1.0000000001595997
1.0000000001551341
1.0000000001504061
1.0000000001454272
1.0000000001402114
1.0000000001347722
1.0000000001291232
1.0000000001232783
1.0000000001172520
1.0000000001110581
1.0000000001047118
1.0000000000982272
1.0000000000916196
1.0000000000849052
1.0000000000781002
1.0000000000712204
1.0000000000642817
1.0000000000573004
1.0000000000502935
1.0000000000432767
1.0000000000362661
1.0000000000292788
1.0000000000223315
1.0000000000154399
1.0000000000086200
1.0000000000018887
0.9999999999952610
0.9999999999887524
0.9999999999823778
0.9999999999761514
0.9999999999700876
0.9999999999641991
0.9999999999584982
0.9999999999529964
0.9999999999477051
0.9999999999426343
0.9999999999377959
0.9999999999332005
0.9999999999288589
0.9999999999247805
0.9999999999209741
0.9999999999174468
0.9999999999142040
0.9999999999112511
0.9999999999085926
0.9999999999062318
0.9999999999041728
0.9999999999024192
0.9999999999009733
0.9999999998998371
0.9999999998990114
0.9999999998984967
0.9999999998982921
0.9999999998983958
0.9999999998988055
0.9999999998995179
0.9999999999005296
0.9999999999018369
0.9999999999034341
0.9999999999053151
0.9999999999074721
0.9999999999098965
0.9999999999125802
0.9999999999155146
0.9999999999186900
0.9999999999220962
0.9999999999257233
0.9999999999295597
0.9999999999335929
0.9999999999378112
0.9999999999422013
0.9999999999467508
0.9999999999514462
0.9999999999562735
0.9999999999612195
0.9999999999662688
0.9999999999714063
0.9999999999766167
0.9999999999818842
0.9999999999871937
0.9999999999925314
0.9999999999978837
1.0000000000032350
1.0000000000085707
1.0000000000138753
1.0000000000191338
1.0000000000243314
1.0000000000294533
1.0000000000344855
1.0000000000394160
1.0000000000442311
1.0000000000489171
1.0000000000534612
1.0000000000578488
1.0000000000620672
1.0000000000661038
1.0000000000699465
1.0000000000735836
1.0000000000770048
1.0000000000802001
1.0000000000831606
1.0000000000858771
1.0000000000883413
1.0000000000905460
1.0000000000924829
1.0000000000941449
1.0000000000955256
1.0000000000966198
1.0000000000974243
1.0000000000979332
1.0000000000981433
1.0000000000980527
1.0000000000976610
1.0000000000969691
1.0000000000959781
1.0000000000946885
1.0000000000931024
1.0000000000912217
1.0000000000890490
1.0000000000865881
1.0000000000838432
1.0000000000808198
1.0000000000775251
1.0000000000739657
1.0000000000701492
1.0000000000660847
1.0000000000617817
1.0000000000572491
1.0000000000524960
1.0000000000475326
1.0000000000423714
1.0000000000370242
1.0000000000315041
1.0000000000258240
1.0000000000199962
1.0000000000140337
1.0000000000079512
1.0000000000017635
0.9999999999954843
0.9999999999891265
0.9999999999827057
0.9999999999762371
0.9999999999697369
0.9999999999632216
0.9999999999567073
0.9999999999502088
0.9999999999437416
0.9999999999373215
0.9999999999309650
0.9999999999246872
0.9999999999185047
0.9999999999124328
0.9999999999064856
0.9999999999006773
0.9999999998950226
0.9999999998895353
0.9999999998842286
0.9999999998791154
0.9999999998742086
0.9999999998695208
0.9999999998650654
0.9999999998608540
0.9999999998568984
0.9999999998532096
0.9999999998497977
0.9999999998466722
0.9999999998438419
0.9999999998413140
0.9999999998390972
0.9999999998371991
0.9999999998356258
0.9999999998343827
0.9999999998334740
0.9999999998329024
0.9999999998326721
0.9999999998327858
0.9999999998332446
0.9999999998340502
0.9999999998352030
0.9999999998367041
0.9999999998385528
0.9999999998407474
0.9999999998432854
0.9999999998461629
0.9999999998493750
0.9999999998529154
0.9999999998567766
0.9999999998609506
0.9999999998654306
0.9999999998702089
0.9999999998752761
0.9999999998806245
0.9999999998862443
0.9999999998921251
0.9999999998982541
0.9999999999046182
0.9999999999112040
0.9999999999179993
0.9999999999249908
0.9999999999321635
0.9999999999395018
0.9999999999469903
0.9999999999546140
0.9999999999623571
0.9999999999702036
0.9999999999781383
0.9999999999861446
0.9999999999942057
1.0000000000023046
1.0000000000104241
1.0000000000185472
1.0000000000266560
1.0000000000347331
1.0000000000427602
1.0000000000507208
1.0000000000585982
1.0000000000663760
1.0000000000740379
1.0000000000815683
1.0000000000889517
1.0000000000961726
1.0000000001032159
1.0000000001100660
1.0000000001167089
1.0000000001231308
1.0000000001293199
1.0000000001352640
1.0000000001409519
1.0000000001463707
1.0000000001515095
1.0000000001563576
1.0000000001609057
1.0000000001651439
1.0000000001690623
1.0000000001726528
1.0000000001759088
1.0000000001788245
1.0000000001813951
1.0000000001836162
1.0000000001854861
1.0000000001870020
1.0000000001881622
1.0000000001889660
1.0000000001894134
1.0000000001895037
1.0000000001892375
1.0000000001886156
1.0000000001876403
1.0000000001863152
1.0000000001846445
