1.0000000541911860
1.0000000535760996
1.0000000528377679
1.0000000519780257
1.0000000509989915
1.0000000499030683
1.0000000486929346
1.0000000473715387
1.0000000459420921
1.0000000444080601
1.0000000427731575
1.0000000410413359
1.0000000392167763
1.0000000373038778
1.0000000353072482
1.0000000332316925
1.0000000310821997
1.0000000288639330
1.0000000265822164
1.0000000242425218
1.0000000218504570
1.0000000194117529
1.0000000169322463
1.0000000144178693
1.0000000118746339
1.0000000093086181
1.0000000067259514
1.0000000041327999
1.0000000015353510
0.9999999989397997
0.9999999963523321
0.9999999937791100
0.9999999912262588
0.9999999886998521
0.9999999862058981
0.9999999837503247
0.9999999813389655
0.9999999789775426
0.9999999766716569
0.9999999744267728
0.9999999722482055
0.9999999701411099
0.9999999681104663
0.9999999661610681
0.9999999642975114
0.9999999625241843
0.9999999608452572
0.9999999592646717
0.9999999577861317
0.9999999564130934
0.9999999551487591
0.9999999539960691
0.9999999529576948
0.9999999520360313
0.9999999512331913
0.9999999505510007
0.9999999499909952
0.9999999495544138
0.9999999492421996
0.9999999490549960
0.9999999489931471
0.9999999490566939
0.9999999492453756
0.9999999495586310
0.9999999499955999
0.9999999505551237
0.9999999512357477
0.9999999520357267
0.9999999529530283
0.9999999539853385
0.9999999551300669
0.9999999563843530
0.9999999577450729
0.9999999592088464
0.9999999607720467
0.9999999624308077
0.9999999641810360
0.9999999660184179
0.9999999679384295
0.9999999699363475
0.9999999720072620
0.9999999741460870
0.9999999763475738
0.9999999786063224
0.9999999809167964
0.9999999832733367
0.9999999856701745
0.9999999881014443
0.9999999905611990
0.9999999930434214
0.9999999955420417
0.9999999980509493
1.0000000005640104
1.0000000030750809
1.0000000055780218
1.0000000080667146
1.0000000105350761
1.0000000129770727
1.0000000153867346
1.0000000177581683
1.0000000200855734
1.0000000223632552
1.0000000245856389
1.0000000267472828
1.0000000288428925
1.0000000308673334
1.0000000328156406
1.0000000346830324
1.0000000364649224
1.0000000381569321
1.0000000397548976
1.0000000412548820
1.0000000426531841
1.0000000439463477
1.0000000451311701
1.0000000462047098
1.0000000471642942
1.0000000480075242
1.0000000487322809
1.0000000493367305
1.0000000498193284
1.0000000501788240
1.0000000504142643
1.0000000505249942
1.0000000505106590
1.0000000503712059
1.0000000501068835
1.0000000497182429
1.0000000492061354
1.0000000485717100
1.0000000478164111
1.0000000469419743
1.0000000459504217
1.0000000448440594
1.0000000436254712
1.0000000422975122
1.0000000408633007
1.0000000393262127
1.0000000376898730
1.0000000359581471
1.0000000341351314
1.0000000322251432
1.0000000302327112
1.0000000281625643
1.0000000260196220
1.0000000238089812
1.0000000215359046
1.0000000192058054
1.0000000168242358
1.0000000143968750
1.0000000119295149
1.0000000094280461
1.0000000068984443
1.0000000043467550
1.0000000017790789
0.9999999992015599
0.9999999966203706
0.9999999940416944
0.9999999914717123
0.9999999889165866
0.9999999863824486
0.9999999838753815
0.9999999814014078
0.9999999789664745
0.9999999765764385
0.9999999742370528
0.9999999719539542
0.9999999697326470
0.9999999675784909
0.9999999654966869
0.9999999634922647
0.9999999615700741
0.9999999597347705
0.9999999579908053
0.9999999563424142
0.9999999547936080
0.9999999533481622
0.9999999520096075
0.9999999507812232
0.9999999496660263
0.9999999486667661
0.9999999477859171
0.9999999470256743
0.9999999463879474
0.9999999458743554
0.9999999454862231
0.9999999452245777
0.9999999450901443
0.9999999450833474
0.9999999452043086
0.9999999454528464
0.9999999458284768
0.9999999463304131
0.9999999469575686
0.9999999477085596
0.9999999485817087
0.9999999495750490
0.9999999506863271
0.9999999519130091
0.9999999532522852
0.9999999547010775
0.9999999562560501
0.9999999579136136
0.9999999596699348
0.9999999615209446
0.9999999634623488
0.9999999654896390
0.9999999675981019
0.9999999697828330
0.9999999720387441
0.9999999743605774
0.9999999767429185
0.9999999791802080
0.9999999816667553
0.9999999841967530
0.9999999867642889
0.9999999893633642
0.9999999919879040
0.9999999946317706
0.9999999972887816
0.9999999999527227
1.0000000026173610
1.0000000052764624
1.0000000079238054
1.0000000105531963
1.0000000131584843
1.0000000157335760
1.0000000182724491
1.0000000207691684
1.0000000232178967
1.0000000256129105
1.0000000279486136
1.0000000302195515
1.0000000324204232
1.0000000345460942
1.0000000365916086
1.0000000385522003
1.0000000404233038
1.0000000422005655
1.0000000438798531
1.0000000454572682
1.0000000469291535
1.0000000482921025
1.0000000495429677
1.0000000506788691
1.0000000516972003
1.0000000525956336
1.0000000533721252
1.0000000540249196
1.0000000545525531
1.0000000549538597
1.0000000552279737
1.0000000553743298
1.0000000553926653
1.0000000552830224
1.0000000550457457
1.0000000546814840
1.0000000541911860
1.0000000535760996
1.0000000528377679
1.0000000519780257
