1.0000000143206489
1.0000000141679799
1.0000000139833642
1.0000000137672693
1.0000000135202378
1.0000000132428866
1.0000000129359030
1.0000000126000435
1.0000000122361330
1.0000000118450614
1.0000000114277818
1.0000000109853089
1.0000000105187163
1.0000000100291353
1.0000000095177499
1.0000000089857954
1.0000000084345542
1.0000000078653535
1.0000000072795618
1.0000000066785857
1.0000000060638672
1.0000000054368807
1.0000000047991284
1.0000000041521373
1.0000000034974552
1.0000000028366465
1.0000000021712891
1.0000000015029700
1.0000000008332803
1.0000000001638141
0.9999999994961644
0.9999999988319193
0.9999999981726571
0.9999999975199428
0.9999999968753245
0.9999999962403282
0.9999999956164564
0.9999999950051834
0.9999999944079528
0.9999999938261744
0.9999999932612187
0.9999999927144153
0.9999999921870480
0.9999999916803531
0.9999999911955166
0.9999999907336715
0.9999999902958934
0.9999999898832003
0.9999999894965481
0.9999999891368311
0.9999999888048772
0.9999999885014476
0.9999999882272341
0.9999999879828575
0.9999999877688663
0.9999999875857357
0.9999999874338646
0.9999999873135765
0.9999999872251188
0.9999999871686622
0.9999999871443014
0.9999999871520544
0.9999999871918605
0.9999999872635812
0.9999999873669991
0.9999999875018206
0.9999999876676773
0.9999999878641257
0.9999999880906486
0.9999999883466569
0.9999999886314904
0.9999999889444191
0.9999999892846441
0.9999999896513014
0.9999999900434635
0.9999999904601411
0.9999999909002851
0.9999999913627921
0.9999999918465037
0.9999999923502115
0.9999999928726581
0.9999999934125402
0.9999999939685147
0.9999999945391985
0.9999999951231732
0.9999999957189871
0.9999999963251617
0.9999999969401934
0.9999999975625588
0.9999999981907156
0.9999999988231085
0.9999999994581715
1.0000000000943317
1.0000000007300134
1.0000000013636439
1.0000000019936546
1.0000000026184861
1.0000000032365914
1.0000000038464409
1.0000000044465245
1.0000000050353546
1.0000000056114704
1.0000000061734435
1.0000000067198791
1.0000000072494193
1.0000000077607478
1.0000000082525933
1.0000000087237308
1.0000000091729857
1.0000000095992370
1.0000000100014172
1.0000000103785187
1.0000000107295930
1.0000000110537566
1.0000000113501908
1.0000000116181433
1.0000000118569308
1.0000000120659411
1.0000000122446340
1.0000000123925432
1.0000000125092758
1.0000000125945148
1.0000000126480175
1.0000000126696200
1.0000000126592341
1.0000000126168507
1.0000000125425377
1.0000000124364397
1.0000000122987776
1.0000000121298491
1.0000000119300292
1.0000000116997678
1.0000000114395899
1.0000000111500915
1.0000000108319400
1.0000000104858722
1.0000000101126929
1.0000000097132744
1.0000000092885528
1.0000000088395269
1.0000000083672540
1.0000000078728475
1.0000000073574740
1.0000000068223522
1.0000000062687497
1.0000000056979785
1.0000000051113929
1.0000000045103872
1.0000000038963910
1.0000000032708676
1.0000000026353086
1.0000000019912292
1.0000000013401675
1.0000000006836793
1.0000000000233347
0.9999999993607156
0.9999999986974107
0.9999999980350117
0.9999999973751087
0.9999999967192879
0.9999999960691262
0.9999999954261896
0.9999999947920263
0.9999999941681654
0.9999999935561114
0.9999999929573424
0.9999999923733056
0.9999999918054154
0.9999999912550493
0.9999999907235451
0.9999999902121960
0.9999999897222479
0.9999999892548960
0.9999999888112825
0.9999999883924939
0.9999999879995592
0.9999999876334468
0.9999999872950619
0.9999999869852451
0.9999999867047701
0.9999999864543401
0.9999999862345882
0.9999999860460759
0.9999999858892904
0.9999999857646443
0.9999999856724737
0.9999999856130375
0.9999999855865170
0.9999999855930164
0.9999999856325633
0.9999999857051067
0.9999999858105172
0.9999999859485866
0.9999999861190304
0.9999999863214869
0.9999999865555186
0.9999999868206131
0.9999999871161842
0.9999999874415736
0.9999999877960521
0.9999999881788223
0.9999999885890193
0.9999999890257139
0.9999999894879134
0.9999999899745650
0.9999999904845573
0.9999999910167241
0.9999999915698462
0.9999999921426540
0.9999999927338301
0.9999999933420144
0.9999999939658072
0.9999999946037722
0.9999999952544383
0.9999999959163042
0.9999999965878419
0.9999999972675007
0.9999999979537106
0.9999999986448845
0.9999999993394237
1.0000000000357223
1.0000000007321703
1.0000000014271568
1.0000000021190745
1.0000000028063227
1.0000000034873122
1.0000000041604697
1.0000000048242390
1.0000000054770863
1.0000000061175029
1.0000000067440102
1.0000000073551623
1.0000000079495486
1.0000000085257994
1.0000000090825880
1.0000000096186341
1.0000000101327067
1.0000000106236266
1.0000000110902676
1.0000000115315606
1.0000000119464967
1.0000000123341291
1.0000000126935749
1.0000000130240196
1.0000000133247184
1.0000000135949951
1.0000000138342457
1.0000000140419387
1.0000000142176162
1.0000000143608974
1.0000000144714789
1.0000000145491332
1.0000000145937105
1.0000000146051387
1.0000000145834240
1.0000000145286501
1.0000000144409782
1.0000000143206489
1.0000000141679799
1.0000000139833642
1.0000000137672693
