1.0000000000428935
1.0000000000428151
1.0000000000426679
1.0000000000424520
1.0000000000421678
1.0000000000418161
1.0000000000413980
1.0000000000409144
1.0000000000403673
1.0000000000397586
1.0000000000390910
1.0000000000383664
1.0000000000375875
1.0000000000367559
1.0000000000358731
1.0000000000349409
1.0000000000339604
1.0000000000329334
1.0000000000318621
1.0000000000307496
1.0000000000295997
1.0000000000284150
1.0000000000271994
1.0000000000259546
1.0000000000246840
1.0000000000233902
1.0000000000220768
1.0000000000207465
1.0000000000194023
1.0000000000180469
1.0000000000166820
1.0000000000153118
1.0000000000139397
1.0000000000125688
1.0000000000112013
1.0000000000098404
1.0000000000084894
1.0000000000071523
1.0000000000058329
1.0000000000045344
1.0000000000032609
1.0000000000020157
1.0000000000008011
0.9999999999996184
0.9999999999984689
0.9999999999973563
0.9999999999962831
0.9999999999952524
0.9999999999942661
0.9999999999933266
0.9999999999924353
0.9999999999915935
0.9999999999908034
0.9999999999900661
0.9999999999893816
0.9999999999887518
0.9999999999881787
0.9999999999876618
0.9999999999872019
0.9999999999868003
0.9999999999864578
0.9999999999861747
0.9999999999859511
0.9999999999857866
0.9999999999856811
0.9999999999856339
0.9999999999856439
0.9999999999857104
0.9999999999858324
0.9999999999860097
0.9999999999862407
0.9999999999865244
0.9999999999868587
0.9999999999872405
0.9999999999876674
0.9999999999881374
0.9999999999886487
0.9999999999891996
0.9999999999897891
0.9999999999904143
0.9999999999910734
0.9999999999917635
0.9999999999924832
0.9999999999932309
0.9999999999940035
0.9999999999947985
0.9999999999956124
0.9999999999964410
0.9999999999972811
0.9999999999981291
0.9999999999989819
0.9999999999998364
1.0000000000006903
1.0000000000015421
1.0000000000023890
1.0000000000032283
1.0000000000040572
1.0000000000048725
1.0000000000056717
1.0000000000064517
1.0000000000072109
1.0000000000079472
1.0000000000086589
1.0000000000093436
1.0000000000099998
1.0000000000106246
1.0000000000112153
1.0000000000117701
1.0000000000122879
1.0000000000127673
1.0000000000132068
1.0000000000136049
1.0000000000139608
1.0000000000142732
1.0000000000145415
1.0000000000147640
1.0000000000149403
1.0000000000150693
1.0000000000151503
1.0000000000151823
1.0000000000151650
1.0000000000150986
1.0000000000149825
1.0000000000148164
1.0000000000145999
1.0000000000143323
1.0000000000140128
1.0000000000136418
1.0000000000132194
1.0000000000127454
1.0000000000122196
1.0000000000116440
1.0000000000110199
1.0000000000103484
1.0000000000096307
1.0000000000088702
1.0000000000080698
1.0000000000072315
1.0000000000063574
1.0000000000054483
1.0000000000045051
1.0000000000035294
1.0000000000025224
1.0000000000014859
1.0000000000004208
0.9999999999993294
0.9999999999982163
0.9999999999970854
0.9999999999959390
0.9999999999947792
0.9999999999936090
0.9999999999924311
0.9999999999912471
0.9999999999900600
0.9999999999888725
0.9999999999876876
0.9999999999865087
0.9999999999853385
0.9999999999841810
0.9999999999830379
0.9999999999819126
0.9999999999808076
0.9999999999797252
0.9999999999786678
0.9999999999776381
0.9999999999766389
0.9999999999756719
0.9999999999747395
0.9999999999738437
0.9999999999729859
0.9999999999721697
0.9999999999713982
0.9999999999706740
0.9999999999699986
0.9999999999693744
0.9999999999688042
0.9999999999682905
0.9999999999678351
0.9999999999674388
0.9999999999671024
0.9999999999668274
0.9999999999666149
0.9999999999664668
0.9999999999663844
0.9999999999663682
0.9999999999664185
0.9999999999665349
0.9999999999667180
0.9999999999669678
0.9999999999672841
0.9999999999676672
0.9999999999681167
0.9999999999686331
0.9999999999692151
0.9999999999698611
0.9999999999705705
0.9999999999713426
0.9999999999721757
0.9999999999730682
0.9999999999740189
0.9999999999750264
0.9999999999760910
0.9999999999772101
0.9999999999783817
0.9999999999796026
0.9999999999808702
0.9999999999821830
0.9999999999835393
0.9999999999849376
0.9999999999863768
0.9999999999878544
0.9999999999893670
0.9999999999909102
0.9999999999924806
0.9999999999940754
0.9999999999956921
0.9999999999973276
0.9999999999989778
1.0000000000006384
1.0000000000023062
1.0000000000039779
1.0000000000056506
1.0000000000073217
1.0000000000089886
1.0000000000106475
1.0000000000122948
1.0000000000139266
1.0000000000155393
1.0000000000171303
1.0000000000186970
1.0000000000202376
1.0000000000217488
1.0000000000232276
1.0000000000246723
1.0000000000260798
1.0000000000274472
1.0000000000287708
1.0000000000300484
1.0000000000312774
1.0000000000324560
1.0000000000335820
1.0000000000346523
1.0000000000356644
1.0000000000366154
1.0000000000375033
1.0000000000383276
1.0000000000390867
1.0000000000397800
1.0000000000404057
1.0000000000409630
1.0000000000414515
1.0000000000418707
1.0000000000422196
1.0000000000424976
1.0000000000427043
1.0000000000428388
1.0000000000429015
1.0000000000428935
1.0000000000428151
1.0000000000426679
1.0000000000424520
