1.0014416651137141
1.0014234505390764
1.0014018437443228
1.0013768961031024
1.0013486669246818
1.0013172233158838
1.0012826400248023
1.0012449992666250
1.0012043905319401
1.0011609103779393
1.0011146622029683
1.0010657560049121
1.0010143081239373
1.0009604409701554
1.0009042827368020
1.0008459670995677
1.0007856329027318
1.0007234238328104
1.0006594880804338
1.0005939779912154
1.0005270497063998
1.0004588627941027
1.0003895798719740
1.0003193662221548
1.0002483893994121
1.0001768188333524
1.0001048254256431
1.0000325811431789
0.9999602586081536
0.9998880306859994
0.9998160700721823
0.9997445488788318
0.9996736382222022
0.9996035078119596
0.9995343255432949
0.9994662570928565
0.9993994655194979
0.9993341108708191
0.9992703497964831
0.9992083351692678
0.9991482157148037
0.9990901356509307
0.9990342343375795
0.9989806459380750
0.9989294990927171
0.9988809166054787
0.9988350151446254
0.9987919049580263
0.9987516896038973
0.9987144656976759
0.9986803226756817
0.9986493425761845
0.9986215998384540
0.9985971611203142
0.9985760851346867
0.9985584225055549
0.9985442156437253
0.9985334986427171
0.9985262971950586
0.9985226285292105
0.9985225013672802
0.9985259159036434
0.9985328638045270
0.9985433282285625
0.9985572838682382
0.9985746970121594
0.9985955256279399
0.9986197194655054
0.9986472201805394
0.9986779614777428
0.9987118692735270
0.9987488618777148
0.9987888501937668
0.9988317379370104
0.9988774218702990
0.9989257920564847
0.9989767321270480
0.9990301195661840
0.9990858260096145
0.9991437175573485
0.9992036550995936
0.9992654946549808
0.9993290877202394
0.9993942816304392
0.9994609199288812
0.9995288427457127
0.9995978871843160
0.9996678877145089
0.9997386765715781
0.9998100841601639
0.9998819394620042
0.9999540704465402
1.0000263044833919
1.0000984687556975
1.0001703906733310
1.0002418982850096
1.0003128206883083
1.0003829884366109
1.0004522339420479
1.0005203918734769
1.0005872995485776
1.0006527973191559
1.0007167289487731
1.0007789419818349
1.0008392881033028
1.0008976234882099
1.0009538091401997
1.0010077112183271
1.0010592013513886
1.0011081569390925
1.0011544614393972
1.0011980046413909
1.0012386829231121
1.0012763994937459
1.0013110646196774
1.0013425958339053
1.0013709181283679
1.0013959641287671
1.0014176742515153
1.0014359968424686
1.0014508882971491
1.0014623131622040
1.0014702442178816
1.0014746625413491
1.0014755575507224
1.0014729270297102
1.0014667771328214
1.0014571223711235
1.0014439855785846
1.0014273978590693
1.0014073985140994
1.0013840349515339
1.0013573625753625
1.0013274446568454
1.0012943521872781
1.0012581637126903
1.0012189651508367
1.0011768495908719
1.0011319170761410
1.0010842743705548
1.0010340347090558
1.0009813175327176
1.0009262482090597
1.0008689577381882
1.0008095824454113
1.0007482636610079
1.0006851473878611
1.0006203839577028
1.0005541276767380
1.0004865364614495
1.0004177714654099
1.0003479966979474
1.0002773786355459
1.0002060858268702
1.0001342884923368
1.0000621581191573
0.9999898670528061
0.9999175880858748
0.9998454940452886
0.9997737573788666
0.9997025497422197
0.9996320415869774
0.9995624017513434
0.9994937970539757
0.9994263918921865
0.9993603478454512
0.9992958232852056
0.9992329729919023
0.9991719477802848
0.9991128941338179
0.9990559538491960
0.9990012636918316
0.9989489550631993
0.9988991536808827
0.9988519792721521
0.9988075452818530
0.9987659585953682
0.9987273192773686
0.9986917203270292
0.9986592474503553
0.9986299788502089
0.9986039850345876
0.9985813286436626
0.9985620642960306
0.9985462384545840
0.9985338893123534
0.9985250466986290
0.9985197320056051
0.9985179581357448
0.9985197294700067
0.9985250418570132
0.9985338826231921
0.9985462306038643
0.9985620561951962
0.9985813214268761
0.9986039800553225
0.9986299776771804
0.9986592518628012
0.9986917323093522
0.9987273410131550
0.9987659924607988
0.9988075938385244
0.9988520452593265
0.9988992400071851
0.9989490647977886
0.9990014000550692
0.9990561202028277
0.9991130939707056
0.9991721847137052
0.9992332507444466
0.9992961456773078
0.9993607187835758
0.9994268153567046
0.9994942770867634
0.9995629424431304
0.9996326470644794
0.9997032241550885
0.9997745048864899
0.9998463188034750
0.9999184942334562
0.9999908586981928
1.0000632393268793
1.0001354632696045
1.0002073581101867
1.0002787522774070
1.0003494754536599
1.0004193589800605
1.0004882362570640
1.0005559431396562
1.0006223183262037
1.0006872037400627
1.0007504449030797
1.0008118913001247
1.0008713967338323
1.0009288196687527
1.0009840235641383
1.0010368771946234
1.0010872549580789
1.0011350371699685
1.0011801103435531
1.0012223674553304
1.0012617081951267
1.0012980392003030
1.0013312742735607
1.0013613345838788
1.0013881488501528
1.0014116535071362
1.0014317928533327
1.0014485191805225
1.0014617928846452
1.0014715825578053
1.0014778650612017
1.0014806255788304
1.0014798576518427
1.0014755631934897
1.0014677524846216
1.0014564441497482
1.0014416651137141
1.0014234505390764
1.0014018437443228
1.0013768961031024
