1.0025313331689958
1.0024993708622312
1.0024614578733841
1.0024176838666612
1.0023681523665804
1.0023129805219326
1.0022522988384417
1.0021862508806494
1.0021149929436104
1.0020386936950341
1.0019575337885878
1.0018717054491288
1.0017814120306974
1.0016868675481574
1.0015882961834441
1.0014859317674270
1.0013800172384579
1.0012708040787373
1.0011585517296768
1.0010435269875027
1.0009260033803935
1.0008062605284986
1.0006845834882336
1.0005612620822959
1.0004365902168968
1.0003108651877386
1.0001843869763121
1.0000574575381327
0.9999303800845597
0.9998034583598747
0.9996769959153368
0.9995512953819324
0.9994266577435842
0.9993033816125725
0.9991817625089600
0.9990620921457958
0.9989446577218896
0.9988297412239433
0.9987176187398022
0.9986085597846032
0.9985028266415531
0.9984006737190633
0.9983023469259215
0.9982080830661653
0.9981181092552601
0.9980326423591572
0.9979518884577431
0.9978760423341403
0.9978052869912587
0.9977397931969230
0.9976797190588345
0.9976252096305530
0.9975763965495912
0.9975333977086417
0.9974963169608541
0.9974652438600013
0.9974402534362643
0.9974214060082766
0.9974087470319594
0.9974023069865795
0.9974021012983527
0.9974081303018147
0.9974203792390678
0.9974388182969053
0.9974634026817092
0.9974940727319018
0.9975307540676408
0.9975733577773221
0.9976217806403642
0.9976759053856391
0.9977356009848231
0.9978007229798346
0.9978711138434434
0.9979466033720342
0.9980270091094352
0.9981121368006298
0.9982017808740974
0.9982957249514577
0.9983937423830239
0.9984955968078072
0.9986010427364614
0.9987098261555994
0.9988216851518688
0.9989363505541373
0.9990535465921000
0.9991729915695871
0.9992943985508308
0.9994174760579333
0.9995419287777534
0.9996674582764341
0.9997937637197866
0.9999205425977363
1.0000474914510626
1.0001743065986568
1.0003006848635494
1.0004263242959741
1.0005509248917588
1.0006741893043667
1.0007958235489358
1.0009155376967027
1.0010330465582273
1.0011480703538920
1.0012603353701772
1.0013695746002691
1.0014755283675976
1.0015779449309576
1.0016765810699182
1.0017712026492733
1.0018615851613539
1.0019475142450642
1.0020287861805677
1.0021052083586171
1.0021765997235685
1.0022427911891847
1.0023036260263911
1.0023589602222207
1.0024086628092301
1.0024526161647467
1.0024907162793533
1.0025228729940936
1.0025490102059327
1.0025690660410829
1.0025829929958578
1.0025907580447857
1.0025923427157732
1.0025877431321799
1.0025769700217142
1.0025600486921462
1.0025370189738745
1.0025079351294568
1.0024728657302817
1.0024318935006156
1.0023851151293230
1.0023326410496258
1.0022745951873206
1.0022111146779542
1.0021423495534958
1.0020684623991296
1.0019896279808400
1.0019060328445273
1.0018178748874604
1.0017253629029206
1.0016287160989630
1.0015281635922757
1.0014239438781800
1.0013163042778712
1.0012055003640583
1.0010917953662140
1.0009754595567011
1.0008567696190989
1.0007360080001002
1.0006134622464022
1.0004894243280569
1.0003641899497964
1.0002380578518906
1.0001113291021275
0.9999843063805502
0.9998572932586123
0.9997305934744524
0.9996045102060038
0.9994793453436804
0.9993553987643997
0.9992329676087195
0.9991123455628644
0.9989938221474368
0.9988776820145938
0.9987642042554713
0.9986536617196248
0.9985463203482412
0.9984424385228531
0.9983422664312631
0.9982460454523476
0.9981540075613788
0.9980663747574512
0.9979833585145574
0.9979051592578007
0.9978319658661763
0.9977639552032828
0.9977012916772564
0.9976441268311501
0.9975925989648972
0.9975468327899171
0.9975069391173331
0.9974730145806791
0.9974451413938776
0.9974233871451796
0.9974078046276503
0.9973984317066796
0.9973952912248992
0.9973983909447725
0.9974077235290277
0.9974232665589887
0.9974449825907452
0.9974728192490089
0.9975067093583819
0.9975465711116711
0.9975923082747596
0.9976438104274620
0.9977009532396743
0.9977635987820407
0.9978315958702607
0.9979047804420735
0.9979829759658609
0.9980659938797324
0.9981536340598771
0.9982456853168873
0.9983419259186949
0.9984421241386916
0.9985460388275482
0.9986534200071929
0.9987640094853586
0.9988775414890644
0.9989937433153601
0.9991123359976329
0.9992330349857413
0.9993555508382217
0.9994795899248012
0.9996048551374409
0.9997310466081176
0.9998578624315551
0.9999849993911304
1.0001121536861746
1.0002390216589117
1.0003653005192901
1.0004906890659859
1.0006148884018859
1.0007376026423820
1.0008585396148484
1.0009774115476997
1.0010939357474775
1.0012078352624481
1.0013188395312480
1.0014266850151450
1.0015311158125466
1.0016318842544318
1.0017287514794380
1.0018214879873897
1.0019098741701074
1.0019937008183968
1.0020727696041711
1.0021468935367301
1.0022158973922606
1.0022796181157065
1.0023379051941983
1.0023906210013018
1.0024376411114146
1.0024788545836831
1.0025141642148956
1.0025434867608549
1.0025667531258051
1.0025839085195476
1.0025949125819456
1.0025997394745791
1.0025983779393710
1.0025908313240770
1.0025771175745899
1.0025572691940718
1.0025313331689958
1.0024993708622312
1.0024614578733841
1.0024176838666612
