1.0000000001219704
1.0000000001214373
1.0000000001206801
1.0000000001197002
1.0000000001185008
1.0000000001170855
1.0000000001154585
1.0000000001136253
1.0000000001115916
1.0000000001093645
1.0000000001069507
1.0000000001043567
1.0000000001015905
1.0000000000986591
1.0000000000955702
1.0000000000923313
1.0000000000889515
1.0000000000854390
1.0000000000818026
1.0000000000780518
1.0000000000741960
1.0000000000702447
1.0000000000662068
1.0000000000620923
1.0000000000579123
1.0000000000536777
1.0000000000493987
1.0000000000450853
1.0000000000407483
1.0000000000363978
1.0000000000320439
1.0000000000276972
1.0000000000233686
1.0000000000190674
1.0000000000148022
1.0000000000105818
1.0000000000064164
1.0000000000023157
0.9999999999982893
0.9999999999943469
0.9999999999904958
0.9999999999867445
0.9999999999831005
0.9999999999795719
0.9999999999761653
0.9999999999728868
0.9999999999697428
0.9999999999667394
0.9999999999638834
0.9999999999611802
0.9999999999586353
0.9999999999562542
0.9999999999540411
0.9999999999519990
0.9999999999501316
0.9999999999484425
0.9999999999469354
0.9999999999456117
0.9999999999444726
0.9999999999435200
0.9999999999427548
0.9999999999421777
0.9999999999417900
0.9999999999415921
0.9999999999415820
0.9999999999417564
0.9999999999421119
0.9999999999426458
0.9999999999433556
0.9999999999442376
0.9999999999452884
0.9999999999465040
0.9999999999478807
0.9999999999494137
0.9999999999510979
0.9999999999529283
0.9999999999548987
0.9999999999570016
0.9999999999592301
0.9999999999615773
0.9999999999640360
0.9999999999665979
0.9999999999692557
0.9999999999720012
0.9999999999748271
0.9999999999777248
0.9999999999806861
0.9999999999837029
0.9999999999867679
0.9999999999898710
0.9999999999930020
0.9999999999961503
0.9999999999993051
1.0000000000024560
1.0000000000055942
1.0000000000087106
1.0000000000117979
1.0000000000148479
1.0000000000178513
1.0000000000207991
1.0000000000236831
1.0000000000264953
1.0000000000292280
1.0000000000318736
1.0000000000344249
1.0000000000368741
1.0000000000392140
1.0000000000414371
1.0000000000435358
1.0000000000455045
1.0000000000473370
1.0000000000490277
1.0000000000505704
1.0000000000519607
1.0000000000531934
1.0000000000542641
1.0000000000551690
1.0000000000559033
1.0000000000564646
1.0000000000568494
1.0000000000570557
1.0000000000570834
1.0000000000569320
1.0000000000566005
1.0000000000560898
1.0000000000554023
1.0000000000545384
1.0000000000534977
1.0000000000522806
1.0000000000508900
1.0000000000493274
1.0000000000475955
1.0000000000456977
1.0000000000436393
1.0000000000414249
1.0000000000390588
1.0000000000365452
1.0000000000338900
1.0000000000310996
1.0000000000281801
1.0000000000251383
1.0000000000219806
1.0000000000187141
1.0000000000153457
1.0000000000118832
1.0000000000083340
1.0000000000047051
1.0000000000010043
0.9999999999972404
0.9999999999934214
0.9999999999895568
0.9999999999856560
0.9999999999817294
0.9999999999777873
0.9999999999738389
0.9999999999698930
0.9999999999659586
0.9999999999620454
0.9999999999581641
0.9999999999543249
0.9999999999505372
0.9999999999468100
0.9999999999431515
0.9999999999395707
0.9999999999360754
0.9999999999326742
0.9999999999293749
0.9999999999261852
0.9999999999231124
0.9999999999201659
0.9999999999173532
0.9999999999146825
0.9999999999121622
0.9999999999097996
0.9999999999076019
0.9999999999055754
0.9999999999037261
0.9999999999020589
0.9999999999005779
0.9999999998992887
0.9999999998981952
0.9999999998973012
0.9999999998966098
0.9999999998961241
0.9999999998958461
0.9999999998957776
0.9999999998959195
0.9999999998962723
0.9999999998968367
0.9999999998976136
0.9999999998986023
0.9999999998998021
0.9999999999012115
0.9999999999028284
0.9999999999046508
0.9999999999066769
0.9999999999089034
0.9999999999113268
0.9999999999139435
0.9999999999167493
0.9999999999197401
0.9999999999229107
0.9999999999262549
0.9999999999297664
0.9999999999334395
0.9999999999372667
0.9999999999412401
0.9999999999453515
0.9999999999495927
0.9999999999539547
0.9999999999584293
0.9999999999630079
0.9999999999676817
0.9999999999724408
0.9999999999772763
0.9999999999821789
0.9999999999871395
0.9999999999921479
0.9999999999971946
1.0000000000022689
1.0000000000073597
1.0000000000124560
1.0000000000175466
1.0000000000226210
1.0000000000276694
1.0000000000326812
1.0000000000376472
1.0000000000425571
1.0000000000474007
1.0000000000521683
1.0000000000568492
1.0000000000614324
1.0000000000659091
1.0000000000702691
1.0000000000745042
1.0000000000786056
1.0000000000825644
1.0000000000863725
1.0000000000900231
1.0000000000935105
1.0000000000968285
1.0000000000999700
1.0000000001029279
1.0000000001056959
1.0000000001082676
1.0000000001106375
1.0000000001128004
1.0000000001147520
1.0000000001164882
1.0000000001180056
1.0000000001193012
1.0000000001203719
1.0000000001212148
1.0000000001218272
1.0000000001222082
1.0000000001223579
1.0000000001222780
1.0000000001219704
1.0000000001214373
1.0000000001206801
1.0000000001197002
