1.0000000000070159
1.0000000000070526
1.0000000000070768
1.0000000000070881
1.0000000000070863
1.0000000000070710
1.0000000000070417
1.0000000000070000
1.0000000000069469
1.0000000000068832
1.0000000000068090
1.0000000000067255
1.0000000000066331
1.0000000000065323
1.0000000000064242
1.0000000000063094
1.0000000000061888
1.0000000000060631
1.0000000000059328
1.0000000000057971
1.0000000000056566
1.0000000000055116
1.0000000000053626
1.0000000000052103
1.0000000000050553
1.0000000000048985
1.0000000000047404
1.0000000000045817
1.0000000000044222
1.0000000000042630
1.0000000000041045
1.0000000000039475
1.0000000000037932
1.0000000000036415
1.0000000000034936
1.0000000000033484
1.0000000000032048
1.0000000000030613
1.0000000000029174
1.0000000000027736
1.0000000000026303
1.0000000000024896
1.0000000000023526
1.0000000000022193
1.0000000000020892
1.0000000000019629
1.0000000000018405
1.0000000000017228
1.0000000000016096
1.0000000000015006
1.0000000000013960
1.0000000000012970
1.0000000000012037
1.0000000000011153
1.0000000000010316
1.0000000000009535
1.0000000000008809
1.0000000000008136
1.0000000000007512
1.0000000000006939
1.0000000000006424
1.0000000000005966
1.0000000000005564
1.0000000000005209
1.0000000000004901
1.0000000000004627
1.0000000000004392
1.0000000000004194
1.0000000000004026
1.0000000000003879
1.0000000000003744
1.0000000000003628
1.0000000000003542
1.0000000000003488
1.0000000000003459
1.0000000000003462
1.0000000000003488
1.0000000000003533
1.0000000000003590
1.0000000000003666
1.0000000000003761
1.0000000000003884
1.0000000000004048
1.0000000000004243
1.0000000000004468
1.0000000000004707
1.0000000000004958
1.0000000000005218
1.0000000000005482
1.0000000000005744
1.0000000000006006
1.0000000000006275
1.0000000000006557
1.0000000000006841
1.0000000000007108
1.0000000000007347
1.0000000000007556
1.0000000000007738
1.0000000000007896
1.0000000000008029
1.0000000000008145
1.0000000000008238
1.0000000000008307
1.0000000000008356
1.0000000000008389
1.0000000000008409
1.0000000000008400
1.0000000000008353
1.0000000000008265
1.0000000000008147
1.0000000000008007
1.0000000000007851
1.0000000000007676
1.0000000000007476
1.0000000000007248
1.0000000000006990
1.0000000000006710
1.0000000000006413
1.0000000000006106
1.0000000000005795
1.0000000000005471
1.0000000000005138
1.0000000000004801
1.0000000000004465
1.0000000000004137
1.0000000000003824
1.0000000000003513
1.0000000000003211
1.0000000000002922
1.0000000000002656
1.0000000000002409
1.0000000000002167
1.0000000000001914
1.0000000000001661
1.0000000000001406
1.0000000000001144
1.0000000000000879
1.0000000000000624
1.0000000000000373
1.0000000000000113
0.9999999999999845
0.9999999999999576
0.9999999999999303
0.9999999999999013
0.9999999999998700
0.9999999999998365
0.9999999999998012
0.9999999999997644
0.9999999999997263
0.9999999999996869
0.9999999999996458
0.9999999999996034
0.9999999999995606
0.9999999999995181
0.9999999999994758
0.9999999999994337
0.9999999999993913
0.9999999999993472
0.9999999999993007
0.9999999999992516
0.9999999999992000
0.9999999999991458
0.9999999999990882
0.9999999999990266
0.9999999999989614
0.9999999999988944
0.9999999999988273
0.9999999999987613
0.9999999999986976
0.9999999999986364
0.9999999999985778
0.9999999999985208
0.9999999999984654
0.9999999999984116
0.9999999999983588
0.9999999999983078
0.9999999999982591
0.9999999999982140
0.9999999999981734
0.9999999999981366
0.9999999999981029
0.9999999999980717
0.9999999999980430
0.9999999999980177
0.9999999999979977
0.9999999999979837
0.9999999999979766
0.9999999999979765
0.9999999999979841
0.9999999999979990
0.9999999999980205
0.9999999999980478
0.9999999999980801
0.9999999999981156
0.9999999999981534
0.9999999999981927
0.9999999999982335
0.9999999999982770
0.9999999999983240
0.9999999999983750
0.9999999999984307
0.9999999999984912
0.9999999999985562
0.9999999999986257
0.9999999999986990
0.9999999999987778
0.9999999999988628
0.9999999999989547
0.9999999999990551
0.9999999999991632
0.9999999999992791
0.9999999999994025
0.9999999999995324
0.9999999999996674
0.9999999999998066
0.9999999999999505
1.0000000000000997
1.0000000000002545
1.0000000000004152
1.0000000000005818
1.0000000000007538
1.0000000000009308
1.0000000000011138
1.0000000000013030
1.0000000000014984
1.0000000000016993
1.0000000000019040
1.0000000000021123
1.0000000000023241
1.0000000000025386
1.0000000000027545
1.0000000000029712
1.0000000000031877
1.0000000000034028
1.0000000000036147
1.0000000000038223
1.0000000000040254
1.0000000000042240
1.0000000000044176
1.0000000000046065
1.0000000000047915
1.0000000000049738
1.0000000000051543
1.0000000000053328
1.0000000000055083
1.0000000000056797
1.0000000000058451
1.0000000000060019
1.0000000000061486
1.0000000000062850
1.0000000000064115
1.0000000000065294
1.0000000000066387
1.0000000000067384
1.0000000000068270
1.0000000000069034
1.0000000000069662
1.0000000000070159
1.0000000000070526
1.0000000000070768
1.0000000000070881
