1.0008706422106526
1.0008596427868452
1.0008465940191067
1.0008315270236807
1.0008144777217309
1.0007954867548194
1.0007745993892532
1.0007518654095151
1.0007273390010141
1.0007010786224217
1.0006731468678824
1.0006436103194065
1.0006125393897787
1.0005800081563403
1.0005460941860234
1.0005108783520291
1.0004744446425744
1.0004368799621428
1.0003982739256907
1.0003587186462888
1.0003183085166849
1.0002771399852961
1.0002353113271465
1.0001929224102855
1.0001500744582348
1.0001068698090145
1.0000634116713221
1.0000198038784345
0.9999761506404165
0.9999325562952242
0.9998891250592977
0.9998459607782374
0.9998031666781602
0.9997608451183378
0.9997190973457137
0.9996780232518897
0.9996377211331755
0.9995982874542853
0.9995598166162613
0.9995224007291896
0.9994861293902693
0.9994510894677836
0.9994173648915041
0.9993850364500518
0.9993541815957144
0.9993248742572087
0.9992971846608585
0.9992711791606325
0.9992469200774702
0.9992244655482992
0.9992038693851267
0.9991851809445591
0.9991684450080780
0.9991537016733785
0.9991409862570469
0.9991303292088219
0.9991217560376576
0.9991152872497779
0.9991109382988798
0.9991087195486089
0.9991086362474115
0.9991106885158177
0.9991148713461949
0.9991211746149684
0.9991295831072795
0.9991400765540182
0.9991526296811344
0.9991672122711054
0.9991837892363988
0.9992023207047439
0.9992227621160032
0.9992450643303870
0.9992691737477412
0.9992950324376056
0.9993225782797129
0.9993517451145749
0.9993824629037776
0.9994146578995801
0.9994482528233872
0.9994831670526600
0.9995193168157848
0.9995566153944245
0.9995949733328404
0.9996342986536684
0.9996744970796190
0.9997154722605529
0.9997571260053698
0.9997993585181461
0.9998420686379401
0.9998851540816830
0.9999285116895658
0.9999720376723243
1.0000156278598293
1.0000591779503776
1.0001025837600956
1.0001457414718515
1.0001885478830839
1.0002309006519596
1.0002726985412789
1.0003138416595496
1.0003542316986682
1.0003937721676466
1.0004323686218402
1.0004699288871419
1.0005063632786246
1.0005415848131241
1.0005755094152726
1.0006080561165105
1.0006391472466163
1.0006687086173194
1.0006966696975754
1.0007229637801049
1.0007475281388230
1.0007703041767917
1.0007912375643726
1.0008102783672603
1.0008273811641142
1.0008425051535192
1.0008556142500395
1.0008666771691461
1.0008756675008310
1.0008825637717462
1.0008873494957220
1.0008900132125573
1.0008905485149926
1.0008889540638068
1.0008852335910055
1.0008793958910911
1.0008714548004349
1.0008614291647984
1.0008493427950735
1.0008352244113434
1.0008191075753849
1.0008010306117698
1.0007810365177323
1.0007591728620095
1.0007354916728852
1.0007100493156809
1.0006829063599734
1.0006541274368370
1.0006237810864331
1.0005919395962941
1.0005586788306622
1.0005240780512765
1.0004882197300169
1.0004511893538242
1.0004130752223543
1.0003739682388255
1.0003339616945406
1.0002931510475817
1.0002516336961944
1.0002095087473826
1.0001668767812568
1.0001238396116874
1.0000805000438193
1.0000369616290274
0.9999933284178848
0.9999497047117371
0.9999061948134639
0.9998629027780271
0.9998199321634066
0.9997773857825154
0.9997353654566978
0.9996939717714024
0.9996533038346244
0.9996134590387039
0.9995745328260651
0.9995366184594672
0.9994998067973306
0.9994641860746958
0.9994298416903505
0.9993968560006592
0.9993653081205973
0.9993352737324976
0.9993068249029768
0.9992800299085047
0.9992549530700519
0.9992316545972331
0.9992101904423386
0.9991906121646176
0.9991729668051637
0.9991572967727151
0.9991436397406579
0.9991320285554974
0.9991224911570281
0.9991150505104045
0.9991097245502901
0.9991065261372193
0.9991054630262922
0.9991065378482757
0.9991097481031630
0.9991150861662053
0.9991225393064020
0.9991320897174009
0.9991437145607329
0.9991573860212666
0.9991730713747422
0.9991907330672157
0.9992103288062099
0.9992318116633373
0.9992551301881399
0.9992802285328513
0.9993070465877717
0.9993355201269111
0.9993655809635297
0.9993971571151886
0.9994301729778930
0.9994645495088920
0.9995002044176787
0.9995370523647121
0.9995750051673670
0.9996139720126012
0.9996538596758099
0.9996945727453307
0.9997360138520450
0.9997780839035101
0.9998206823220473
0.9998637072862102
0.9999070559750401
0.9999506248145201
0.9999943097256301
1.0000380063734033
1.0000816104163892
1.0001250177559220
1.0001681247846028
1.0002108286334019
1.0002530274167984
1.0002946204753749
1.0003355086152985
1.0003755943441237
1.0004147821023681
1.0004529784903218
1.0004900924895557
1.0005260356786256
1.0005607224424666
1.0005940701749987
1.0006259994744779
1.0006564343311459
1.0006853023067450
1.0007125347054997
1.0007380667361649
1.0007618376647807
1.0007837909577864
1.0008038744151728
1.0008220402933641
1.0008382454175666
1.0008524512833219
1.0008646241470407
1.0008747351053133
1.0008827601628223
1.0008886802887036
1.0008924814612306
1.0008941547007251
1.0008936960906121
1.0008911067865811
1.0008863930138319
1.0008795660524081
1.0008706422106526
1.0008596427868452
1.0008465940191067
1.0008315270236807
