1.0000000001686808
1.0000000001678404
1.0000000001666904
1.0000000001652343
1.0000000001634757
1.0000000001614202
1.0000000001590739
1.0000000001564433
1.0000000001535354
1.0000000001503575
1.0000000001469183
1.0000000001432277
1.0000000001392961
1.0000000001351337
1.0000000001307496
1.0000000001261558
1.0000000001213638
1.0000000001163853
1.0000000001112324
1.0000000001059162
1.0000000001004488
1.0000000000948430
1.0000000000891129
1.0000000000832718
1.0000000000773344
1.0000000000713145
1.0000000000652269
1.0000000000590861
1.0000000000529066
1.0000000000467038
1.0000000000404921
1.0000000000342864
1.0000000000281013
1.0000000000219516
1.0000000000158522
1.0000000000098166
1.0000000000038576
0.9999999999979873
0.9999999999922198
0.9999999999865677
0.9999999999810446
0.9999999999756618
0.9999999999704321
0.9999999999653667
0.9999999999604763
0.9999999999557710
0.9999999999512613
0.9999999999469564
0.9999999999428649
0.9999999999389944
0.9999999999353529
0.9999999999319495
0.9999999999287924
0.9999999999258873
0.9999999999232394
0.9999999999208530
0.9999999999187317
0.9999999999168785
0.9999999999152968
0.9999999999139885
0.9999999999129542
0.9999999999121940
0.9999999999117081
0.9999999999114961
0.9999999999115574
0.9999999999118889
0.9999999999124884
0.9999999999133534
0.9999999999144795
0.9999999999158600
0.9999999999174880
0.9999999999193563
0.9999999999214594
0.9999999999237896
0.9999999999263405
0.9999999999291028
0.9999999999320681
0.9999999999352266
0.9999999999385684
0.9999999999420826
0.9999999999457585
0.9999999999495848
0.9999999999535513
0.9999999999576471
0.9999999999618602
0.9999999999661774
0.9999999999705863
0.9999999999750738
0.9999999999796271
0.9999999999842331
0.9999999999888773
0.9999999999935454
0.9999999999982228
1.0000000000028957
1.0000000000075522
1.0000000000121789
1.0000000000167644
1.0000000000212959
1.0000000000257614
1.0000000000301472
1.0000000000344418
1.0000000000386331
1.0000000000427083
1.0000000000466558
1.0000000000504643
1.0000000000541229
1.0000000000576215
1.0000000000609508
1.0000000000641009
1.0000000000670621
1.0000000000698250
1.0000000000723819
1.0000000000747244
1.0000000000768452
1.0000000000787368
1.0000000000803921
1.0000000000818061
1.0000000000829732
1.0000000000838882
1.0000000000845490
1.0000000000849536
1.0000000000851008
1.0000000000849907
1.0000000000846228
1.0000000000839955
1.0000000000831084
1.0000000000819618
1.0000000000805562
1.0000000000788931
1.0000000000769758
1.0000000000748075
1.0000000000723914
1.0000000000697324
1.0000000000668368
1.0000000000637106
1.0000000000603602
1.0000000000567921
1.0000000000530151
1.0000000000490383
1.0000000000448699
1.0000000000405194
1.0000000000359959
1.0000000000313096
1.0000000000264722
1.0000000000214944
1.0000000000163864
1.0000000000111591
1.0000000000058229
1.0000000000003901
0.9999999999948732
0.9999999999892857
0.9999999999836404
0.9999999999779519
0.9999999999722342
0.9999999999665018
0.9999999999607698
0.9999999999550536
0.9999999999493676
0.9999999999437249
0.9999999999381385
0.9999999999326216
0.9999999999271874
0.9999999999218478
0.9999999999166159
0.9999999999115049
0.9999999999065280
0.9999999999016982
0.9999999998970280
0.9999999998925300
0.9999999998882160
0.9999999998840966
0.9999999998801816
0.9999999998764815
0.9999999998730059
0.9999999998697646
0.9999999998667668
0.9999999998640209
0.9999999998615364
0.9999999998593216
0.9999999998573839
0.9999999998557292
0.9999999998543637
0.9999999998532925
0.9999999998525197
0.9999999998520480
0.9999999998518797
0.9999999998520175
0.9999999998524627
0.9999999998532159
0.9999999998542767
0.9999999998556440
0.9999999998573168
0.9999999998592932
0.9999999998615711
0.9999999998641463
0.9999999998670156
0.9999999998701740
0.9999999998736160
0.9999999998773353
0.9999999998813255
0.9999999998855791
0.9999999998900885
0.9999999998948452
0.9999999998998406
0.9999999999050646
0.9999999999105074
0.9999999999161588
0.9999999999220083
0.9999999999280438
0.9999999999342531
0.9999999999406229
0.9999999999471393
0.9999999999537864
0.9999999999605503
0.9999999999674171
0.9999999999743732
0.9999999999814045
0.9999999999884973
0.9999999999956372
1.0000000000028104
1.0000000000100024
1.0000000000171987
1.0000000000243836
1.0000000000315414
1.0000000000386564
1.0000000000457141
1.0000000000527012
1.0000000000596032
1.0000000000664067
1.0000000000730966
1.0000000000796581
1.0000000000860763
1.0000000000923379
1.0000000000984295
1.0000000001043383
1.0000000001100524
1.0000000001155605
1.0000000001208507
1.0000000001259122
1.0000000001307343
1.0000000001353075
1.0000000001396241
1.0000000001436753
1.0000000001474521
1.0000000001509481
1.0000000001541574
1.0000000001570735
1.0000000001596907
1.0000000001620040
1.0000000001640097
1.0000000001657035
1.0000000001670826
1.0000000001681448
1.0000000001688887
1.0000000001693137
1.0000000001694196
1.0000000001692082
1.0000000001686808
1.0000000001678404
1.0000000001666904
1.0000000001652343
