1.0000001401163436
1.0000001384771302
1.0000001365161661
1.0000001342382723
1.0000001316490190
1.0000001287547160
1.0000001255623951
1.0000001220797945
1.0000001183153420
1.0000001142781352
1.0000001099779157
1.0000001054250482
1.0000001006304962
1.0000000956057935
1.0000000903630184
1.0000000849147639
1.0000000792741077
1.0000000734545804
1.0000000674701346
1.0000000613351114
1.0000000550642048
1.0000000486724268
1.0000000421750714
1.0000000355876792
1.0000000289259996
1.0000000222059549
1.0000000154435993
1.0000000086550818
1.0000000018566075
0.9999999950643988
0.9999999882946582
0.9999999815635258
0.9999999748870442
0.9999999682811181
0.9999999617614763
0.9999999553436368
0.9999999490428685
0.9999999428741538
0.9999999368521517
0.9999999309911664
0.9999999253051119
0.9999999198074782
0.9999999145112980
0.9999999094291160
0.9999999045729581
0.9999998999543052
0.9999998955840658
0.9999998914725478
0.9999998876294357
0.9999998840637689
0.9999998807839180
0.9999998777975648
0.9999998751116834
0.9999998727325251
0.9999998706656038
0.9999998689156813
0.9999998674867566
0.9999998663820575
0.9999998656040314
0.9999998651543416
0.9999998650338630
0.9999998652426795
0.9999998657800838
0.9999998666445776
0.9999998678338770
0.9999998693449178
0.9999998711738637
0.9999998733161167
0.9999998757663275
0.9999998785184052
0.9999998815655344
0.9999998849001913
0.9999998885141639
0.9999998923985708
0.9999998965438792
0.9999999009399306
0.9999999055759660
0.9999999104406506
0.9999999155221024
0.9999999208079189
0.9999999262852077
0.9999999319406181
0.9999999377603720
0.9999999437302974
0.9999999498358616
0.9999999560622064
0.9999999623941855
0.9999999688163985
0.9999999753132300
0.9999999818688852
0.9999999884674292
0.9999999950928258
1.0000000017289759
1.0000000083597527
1.0000000149690453
1.0000000215407949
1.0000000280590335
1.0000000345079225
1.0000000408717900
1.0000000471351671
1.0000000532828288
1.0000000592998286
1.0000000651715342
1.0000000708836625
1.0000000764223145
1.0000000817740082
1.0000000869257104
1.0000000918648688
1.0000000965794416
1.0000001010579271
1.0000001052893916
1.0000001092634945
1.0000001129705145
1.0000001164013723
1.0000001195476527
1.0000001224016226
1.0000001249562538
1.0000001272052359
1.0000001291429930
1.0000001307646975
1.0000001320662812
1.0000001330444463
1.0000001336966715
1.0000001340212206
1.0000001340171463
1.0000001336842936
1.0000001330232979
1.0000001320355836
1.0000001307233604
1.0000001290896183
1.0000001271381216
1.0000001248733994
1.0000001223007364
1.0000001194261565
1.0000001162564123
1.0000001127989673
1.0000001090619797
1.0000001050542811
1.0000001007853561
1.0000000962653204
1.0000000915048957
1.0000000865153855
1.0000000813086474
1.0000000758970640
1.0000000702935143
1.0000000645113420
1.0000000585643234
1.0000000524666357
1.0000000462328225
1.0000000398777600
1.0000000334166201
1.0000000268648341
1.0000000202380566
1.0000000135521270
1.0000000068230330
1.0000000000668725
0.9999999932998144
0.9999999865380599
0.9999999797978031
0.9999999730951942
0.9999999664462990
0.9999999598670610
0.9999999533732652
0.9999999469804988
0.9999999407041121
0.9999999345591849
0.9999999285604875
0.9999999227224470
0.9999999170591133
0.9999999115841236
0.9999999063106708
0.9999999012514730
0.9999998964187417
0.9999998918241526
0.9999998874788171
0.9999998833932572
0.9999998795773793
0.9999998760404517
0.9999998727910800
0.9999998698371881
0.9999998671859991
0.9999998648440162
0.9999998628170095
0.9999998611100006
0.9999998597272504
0.9999998586722497
0.9999998579477095
0.9999998575555568
0.9999998574969269
0.9999998577721633
0.9999998583808153
0.9999998593216395
0.9999998605926027
0.9999998621908859
0.9999998641128913
0.9999998663542496
0.9999998689098316
0.9999998717737599
0.9999998749394229
0.9999998783994902
0.9999998821459327
0.9999998861700375
0.9999998904624301
0.9999998950130966
0.9999998998114089
0.9999999048461485
0.9999999101055344
0.9999999155772517
0.9999999212484786
0.9999999271059170
0.9999999331358244
0.9999999393240480
0.9999999456560569
0.9999999521169773
0.9999999586916269
0.9999999653645520
0.9999999721200651
0.9999999789422805
0.9999999858151523
0.9999999927225152
0.9999999996481217
1.0000000065756804
1.0000000134888944
1.0000000203715000
1.0000000272073055
1.0000000339802291
1.0000000406743381
1.0000000472738879
1.0000000537633582
1.0000000601274901
1.0000000663513215
1.0000000724202243
1.0000000783199372
1.0000000840366017
1.0000000895567951
1.0000000948675611
1.0000000999564413
1.0000001048115039
1.0000001094213731
1.0000001137752561
1.0000001178629687
1.0000001216749610
1.0000001252023396
1.0000001284368860
1.0000001313710769
1.0000001339981042
1.0000001363118893
1.0000001383070987
1.0000001399791563
1.0000001413242541
1.0000001423393605
1.0000001430222287
1.0000001433714008
1.0000001433862122
1.0000001430667933
1.0000001424140676
1.0000001414297504
1.0000001401163436
1.0000001384771302
1.0000001365161661
1.0000001342382723
