1.0000000018699147
1.0000000018532547
1.0000000018326343
1.0000000018081103
1.0000000017797477
1.0000000017476192
1.0000000017118045
1.0000000016723949
1.0000000016294899
1.0000000015831978
1.0000000015336350
1.0000000014809247
1.0000000014251975
1.0000000013665897
1.0000000013052439
1.0000000012413086
1.0000000011749388
1.0000000011062946
1.0000000010355430
1.0000000009628542
1.0000000008884036
1.0000000008123699
1.0000000007349361
1.0000000006562872
1.0000000005766110
1.0000000004960978
1.0000000004149399
1.0000000003333294
1.0000000002514606
1.0000000001695284
1.0000000000877276
1.0000000000062514
0.9999999999252911
0.9999999998450368
0.9999999997656762
0.9999999996873941
0.9999999996103736
0.9999999995347956
0.9999999994608380
0.9999999993886742
0.9999999993184734
0.9999999992503987
0.9999999991846066
0.9999999991212483
0.9999999990604695
0.9999999990024079
0.9999999989471965
0.9999999988949603
0.9999999988458179
0.9999999987998803
0.9999999987572499
0.9999999987180201
0.9999999986822752
0.9999999986500917
0.9999999986215389
0.9999999985966760
0.9999999985755532
0.9999999985582128
0.9999999985446865
0.9999999985349967
0.9999999985291579
0.9999999985271751
0.9999999985290428
0.9999999985347450
0.9999999985442571
0.9999999985575458
0.9999999985745687
0.9999999985952736
0.9999999986195999
0.9999999986474781
0.9999999986788303
0.9999999987135670
0.9999999987515924
0.9999999987928027
0.9999999988370865
0.9999999988843261
0.9999999989343969
0.9999999989871675
0.9999999990425000
0.9999999991002502
0.9999999991602664
0.9999999992223909
0.9999999992864617
0.9999999993523117
0.9999999994197701
0.9999999994886639
0.9999999995588154
0.9999999996300444
0.9999999997021680
0.9999999997750008
0.9999999998483544
0.9999999999220400
0.9999999999958687
1.0000000000696501
1.0000000001431948
1.0000000002163132
1.0000000002888176
1.0000000003605225
1.0000000004312450
1.0000000005008045
1.0000000005690228
1.0000000006357248
1.0000000007007392
1.0000000007638985
1.0000000008250391
1.0000000008840031
1.0000000009406365
1.0000000009947929
1.0000000010463310
1.0000000010951156
1.0000000011410186
1.0000000011839201
1.0000000012237069
1.0000000012602719
1.0000000012935162
1.0000000013233488
1.0000000013496892
1.0000000013724653
1.0000000013916139
1.0000000014070800
1.0000000014188164
1.0000000014267858
1.0000000014309600
1.0000000014313204
1.0000000014278576
1.0000000014205728
1.0000000014094754
1.0000000013945838
1.0000000013759243
1.0000000013535344
1.0000000013274608
1.0000000012977583
1.0000000012644918
1.0000000012277364
1.0000000011875758
1.0000000011441013
1.0000000010974106
1.0000000010476107
1.0000000009948156
1.0000000009391470
1.0000000008807342
1.0000000008197134
1.0000000007562266
1.0000000006904226
1.0000000006224559
1.0000000005524874
1.0000000004806833
1.0000000004072134
1.0000000003322507
1.0000000002559735
1.0000000001785616
1.0000000001001983
1.0000000000210698
0.9999999999413660
0.9999999998612772
0.9999999997809959
0.9999999997007154
0.9999999996206299
0.9999999995409328
0.9999999994618169
0.9999999993834742
0.9999999993060941
0.9999999992298636
0.9999999991549684
0.9999999990815914
0.9999999990099117
0.9999999989401044
0.9999999988723409
0.9999999988067881
0.9999999987436075
0.9999999986829544
0.9999999986249796
0.9999999985698282
0.9999999985176384
0.9999999984685407
0.9999999984226591
0.9999999983801109
0.9999999983410052
0.9999999983054433
0.9999999982735178
0.9999999982453129
0.9999999982209041
0.9999999982003586
0.9999999981837349
0.9999999981710826
0.9999999981624417
0.9999999981578419
0.9999999981573039
0.9999999981608385
0.9999999981684476
0.9999999981801226
0.9999999981958463
0.9999999982155924
0.9999999982393243
0.9999999982669949
0.9999999982985484
0.9999999983339207
0.9999999983730375
0.9999999984158165
0.9999999984621664
0.9999999985119890
0.9999999985651772
0.9999999986216161
0.9999999986811843
0.9999999987437516
0.9999999988091819
0.9999999988773325
0.9999999989480530
0.9999999990211863
0.9999999990965700
0.9999999991740373
0.9999999992534154
0.9999999993345282
0.9999999994171953
0.9999999995012324
0.9999999995864517
0.9999999996726625
0.9999999997596719
0.9999999998472843
0.9999999999353015
1.0000000000235261
1.0000000001117590
1.0000000001998017
1.0000000002874567
1.0000000003745269
1.0000000004608187
1.0000000005461402
1.0000000006303011
1.0000000007131129
1.0000000007943906
1.0000000008739522
1.0000000009516194
1.0000000010272194
1.0000000011005832
1.0000000011715469
1.0000000012399530
1.0000000013056498
1.0000000013684915
1.0000000014283399
1.0000000014850625
1.0000000015385351
1.0000000015886417
1.0000000016352737
1.0000000016783293
1.0000000017177157
1.0000000017533492
1.0000000017851536
1.0000000018130630
1.0000000018370203
1.0000000018569768
1.0000000018728938
1.0000000018847417
1.0000000018924997
1.0000000018961572
1.0000000018957136
1.0000000018911774
1.0000000018825679
1.0000000018699147
1.0000000018532547
1.0000000018326343
1.0000000018081103
