1.0313264467752106
1.0309435589988938
1.0304892091881803
1.0299643324386756
1.0293700113604789
1.0287074749243055
1.0279780971277048
1.0271833954736491
1.0263250292529738
1.0254047976214204
1.0244246374613635
1.0233866210177058
1.0222929532969192
1.0211459692177827
1.0199481305020583
1.0187020222931442
1.0174103494906779
1.0160759327891282
1.0147017044086308
1.0132907035067160
1.0118460712601316
1.0103710456067161
1.0088689556382386
1.0073432156362707
1.0057973187445459
1.0042348302728747
1.0026593806295176
1.0010746578810064
0.9994843999407194
0.9978923863900621
0.9963024299388819
0.9947183675347433
0.9931440511338890
0.9915833381500718
0.9900400816010037
0.9885181199757981
0.9870212668505618
0.9855533002830871
0.9841179520214036
0.9827188965647319
0.9813597401190465
0.9800440094929805
0.9787751409831146
0.9775564693007248
0.9763912165947640
0.9752824816281596
0.9742332291663456
0.9732462796383009
0.9723242991311247
0.9714697897793544
0.9706850806097754
0.9699723189013219
0.9693334621178500
0.9687702704690796
0.9682843001517885
0.9678768973195262
0.9675491928246316
0.9673020977712957
0.9671362999128399
0.9670522609203455
0.9670502145433800
0.9671301656768584
0.9672918903411902
0.9675349365758693
0.9678586262396662
0.9682620577036799
0.9687441094168063
0.9693034443167574
0.9699385150537211
0.9706475699881616
0.9714286599191778
0.9722796454953517
0.9731982052561489
0.9741818442487068
0.9752279031623282
0.9763335679211377
0.9774958796741950
0.9787117451218672
0.9799779471173997
0.9812911554833768
0.9826479379840716
0.9840447713965207
0.9854780526254319
0.9869441098097207
0.9884392133714923
0.9899595869615837
0.9915014182592983
0.9930608695876263
0.9946340883090139
0.9962172169705674
0.9978064031713668
0.9993978091283371
1.0009876209207880
1.0025720573972623
1.0041473787317290
1.0057098946193583
1.0072559721051157
1.0087820430412029
1.0102846111719335
1.0117602588469521
1.0132056533658067
1.0146175529587240
1.0159928124100701
1.0173283883323656
1.0186213440998930
1.0198688544519026
1.0210682097761756
1.0222168200842816
1.0233122186902490
1.0243520656046066
1.0253341506558225
1.0262563963510962
1.0271168604882772
1.0279137385303629
1.0286453657536243
1.0293102191798846
1.0299069193029042
1.0304342316181387
1.0308910679644192
1.0312764876853087
1.0315896986170612
1.0318300579092297
1.0319970726830494
1.0320904005317950
1.0321098498663401
1.0320553801081742
1.0319271017311362
1.0317252761521329
1.0314503154701089
1.0311027820515350
1.0306833879597066
1.0301929942241661
1.0296326099456112
1.0290033912307215
1.0283066399504410
1.0275438023143959
1.0267164672533073
1.0258263646005055
1.0248753630629366
1.0238654679714314
1.0227988187994463
1.0216776864390165
1.0205044702222956
1.0192816946768024
1.0180120060023461
1.0166981682576173
1.0153430592445567
1.0139496660789287
1.0125210804359968
1.0110604934608498
1.0095711903337865
1.0080565444822156
1.0065200114318107
1.0049651222911480
1.0033954768657898
1.0018147363997356
1.0002266159443751
0.9986348763574987
0.9970433159375969
0.9954557617015700
0.9938760603170734
0.9923080687040078
0.9907556443231348
0.9892226351734015
0.9877128695232642
0.9862301454051080
0.9847782199056669
0.9833607982891477
0.9819815229935034
0.9806439625439047
0.9793516004308770
0.9781078240037663
0.9769159134330549
0.9757790307975733
0.9747002093547227
0.9736823430534270
0.9727281763505951
0.9718402943923303
0.9710211136210041
0.9702728728684795
0.9695976249943072
0.9689972291255370
0.9684733435519415
0.9680274193269256
0.9676606946202194
0.9673741898636841
0.9671687037262348
0.9670448099480655
0.9670028550581229
0.9670429569922182
0.9671650046223370
0.9673686582007580
0.9676533507155702
0.9680182901472135
0.9684624626088496
0.9689846363467912
0.9695833665709753
0.9702570010796359
0.9710036866369856
0.9718213760579337
0.9727078359496791
0.9736606550564695
0.9746772531509525
0.9757548904133559
0.9768906772382280
0.9780815844076574
0.9793244535697121
0.9806160079613033
0.9819528633157210
0.9833315388966692
0.9847484686027026
0.9862000120884520
0.9876824658519079
0.9891920742401915
0.9907250403296695
0.9922775366398657
0.9938457156443612
0.9954257200456681
0.9970136927848833
0.9986057867607232
1.0001981742362478
1.0017870559152069
1.0033686696733919
1.0049392989336929
1.0064952806766476
1.0080330130811803
1.0095489627928966
1.0110396718197410
1.0125017640570422
1.0139319514459302
1.0153270397708494
1.0166839341033977
1.0179996439009993
1.0192712877699812
1.0204960979034823
1.0216714242052882
1.0227947381111595
1.0238636361195306
1.0248758430436031
1.0258292149968595
1.0267217421238837
1.0275515510881372
1.0283169073279577
1.0290162170915897
1.0296480292615093
1.0302110369776618
1.0307040790685413
1.0311261412982760
1.0314763574370702
1.0317540101614988
1.0319585317902531
1.0320895048600047
1.0321466625451106
1.0321298889239108
1.0320392190933778
1.0318748391328880
1.0316370859168842
1.0313264467752106
1.0309435589988938
1.0304892091881803
1.0299643324386756
