1.0923928644603851
1.0913429395824965
1.0900957562044133
1.0886531672209723
1.0870173290707432
1.0851907045346416
1.0831760658644114
1.0809764982166448
1.0785954033638545
1.0760365036495609
1.0733038461493356
1.0704018069942332
1.0673350958069965
1.0641087601948029
1.0607281902350991
1.0571991228832327
1.0535276462221179
1.0497202034650661
1.0457835966131868
1.0417249896584571
1.0375519112127225
1.0332722564316141
1.0288942880907621
1.0244266366599069
1.0198782992087467
1.0152586369668668
1.0105773713491426
1.0058445782479786
1.0010706803850045
0.9962664375079132
0.9914429342134802
0.9866115651760732
0.9817840175627621
0.9769722504221503
0.9721884708449806
0.9674451067111376
0.9627547758605144
0.9581302515550113
0.9535844241361688
0.9491302588280163
0.9447807496878110
0.9405488697684091
0.9364475176246740
0.9324894603719313
0.9286872735858732
0.9250532784190602
0.9215994763973157
0.9183374824475140
0.9152784567938413
0.9124330364395314
0.9098112670221395
0.9074225358893191
0.9052755072856082
0.9033780605659414
0.9017372323559790
0.9003591635609839
0.8992490520827484
0.8984111120378031
0.8978485401805850
0.8975634901242852
0.8975570548225120
0.8978292576304649
0.8983790521094678
0.8992043305784705
0.9003019412557629
0.9016677136789560
0.9032964919462656
0.9051821751918142
0.9073177645957902
0.9096954161397597
0.9123064982500801
0.9151416534290630
0.9181908629541122
0.9214435137284701
0.9248884663915177
0.9285141238393660
0.9323084993647557
0.9362592836958586
0.9403539102931917
0.9445796183492245
0.9489235130234246
0.9533726225336793
0.9579139518109313
0.9625345325054936
0.9672214692093959
0.9719619818281023
0.9767434440963676
0.9815534182864443
0.9863796862022922
0.9912102765910196
0.9960334891329069
1.0008379151945184
1.0056124555462294
1.0103463352566686
1.0150291159827987
1.0196507058763342
1.0242013673255943
1.0286717227473823
1.0330527586366169
1.0373358280727873
1.0415126518723108
1.0455753185649572
1.0495162833610294
1.0533283662642283
1.0570047494733545
1.0605389742043785
1.0639249370531156
1.0671568860078875
1.0702294162112151
1.0731374655598394
1.0758763102232305
1.0784415601522468
1.0808291546417315
1.0830353580035930
1.0850567554002717
1.0868902488824232
1.0885330536691040
1.0899826947037206
1.0912370035144081
1.0922941154033574
1.0931524669857950
1.0938107940958550
1.0942681300733894
1.0945238044427972
1.0945774419921843
1.0944289622585390
1.0940785794220746
1.0935268026104263
1.0927744366109202
1.0918225829866472
1.0906726415894972
1.0893263124606252
1.0877855981059645
1.0860528061313399
1.0841305522184101
1.0820217634190550
1.0797296817418531
1.0772578679999421
1.0746102058847657
1.0717909062249475
1.0688045113837330
1.0656558997421184
1.0623502902078525
1.0588932466829482
1.0552906824141826
1.0515488641422510
1.0476744159558053
1.0436743227465684
1.0395559331511051
1.0353269618537522
1.0309954911137138
1.0265699713675978
1.0220592207468446
1.0174724233378067
1.0128191260009531
1.0081092335551041
1.0033530021231432
0.9985610304277248
0.9937442488196240
0.9889139058180969
0.9840815519425720
0.9792590206188134
0.9744584059510994
0.9696920371656542
0.9649724495502384
0.9603123517411115
0.9557245892421207
0.9512221041018916
0.9468178907242846
0.9425249478445265
0.9383562267685100
0.9343245760451740
0.9304426828207157
0.9267230112073657
0.9231777380868640
0.9198186868574567
0.9166572597206597
0.9137043691873380
0.9109703695586627
0.9084649892029920
0.9061972645013636
0.9041754763689819
0.9024070902750693
0.9008987006765034
0.8996559807502381
0.8986836382549492
0.8979853782739392
0.8975638734904278
0.8974207425252668
0.8975565367291862
0.8979707356710301
0.8986617514048747
0.8996269414375921
0.9008626301597166
0.9023641383515294
0.9041258202379325
0.9061411074440895
0.9084025591022964
0.9109019172814972
0.9136301668556330
0.9165775988959309
0.9197338766646390
0.9230881033021432
0.9266288903335695
0.9303444261722033
0.9342225438621760
0.9382507873786664
0.9424164758869862
0.9467067654492749
0.9511087077562226
0.9556093055486997
0.9601955644782763
0.9648545412346188
0.9695733878403567
0.9743393920793103
0.9791400140814339
0.9839629191372476
0.9887960068559637
0.9936274368152542
0.9984456508771252
1.0032393923641951
1.0079977223045191
1.0127100329616556
1.0173660588705946
1.0219558856002253
1.0264699564598259
1.0308990773612403
1.0352344200405332
1.0394675238334974
1.0435902961888364
1.0475950120915822
1.0514743125576156
1.0552212023483389
1.0588290470428119
1.0622915695931598
1.0656028464779681
1.0687573035577538
1.0717497117265515
1.0745751824442014
1.0772291632250905
1.0797074331509209
1.0820060984675222
1.0841215883187745
1.0860506506643592
1.0877903484222595
1.0893380558716415
1.0906914553469511
1.0918485342497026
1.0928075824004446
1.0935671897497861
1.0941262444640136
1.0944839313977834
1.0946397309635021
1.0945934184043253
1.0943450634751244
1.0938950305332906
1.0932439790387876
1.0923928644603851
1.0913429395824965
1.0900957562044133
1.0886531672209723
