1.0000000298475151
1.0000000295169431
1.0000000291190045
1.0000000286546968
1.0000000281251729
1.0000000275317398
1.0000000268758555
1.0000000261591255
1.0000000253832977
1.0000000245502594
1.0000000236620343
1.0000000227207748
1.0000000217287579
1.0000000206883795
1.0000000196021497
1.0000000184726869
1.0000000173027110
1.0000000160950349
1.0000000148525596
1.0000000135782672
1.0000000122752131
1.0000000109465201
1.0000000095953709
1.0000000082249978
1.0000000068386783
1.0000000054397251
1.0000000040314789
1.0000000026173006
1.0000000012005632
0.9999999997846439
0.9999999983729169
0.9999999969687419
0.9999999955754587
0.9999999941963794
0.9999999928347802
0.9999999914938925
0.9999999901768957
0.9999999888869093
0.9999999876269869
0.9999999864001089
0.9999999852091738
0.9999999840569925
0.9999999829462815
0.9999999818796564
0.9999999808596257
0.9999999798885838
0.9999999789688064
0.9999999781024446
0.9999999772915191
0.9999999765379167
0.9999999758433857
0.9999999752095313
0.9999999746378123
0.9999999741295379
0.9999999736858634
0.9999999733077889
0.9999999729961562
0.9999999727516456
0.9999999725747749
0.9999999724658984
0.9999999724252067
0.9999999724527260
0.9999999725483191
0.9999999727116847
0.9999999729423583
0.9999999732397140
0.9999999736029637
0.9999999740311607
0.9999999745232033
0.9999999750778354
0.9999999756936485
0.9999999763690883
0.9999999771024563
0.9999999778919154
0.9999999787354942
0.9999999796310894
0.9999999805764733
0.9999999815692989
0.9999999826071060
0.9999999836873272
0.9999999848072930
0.9999999859642376
0.9999999871553062
0.9999999883775605
0.9999999896279868
0.9999999909035039
0.9999999922009730
0.9999999935172023
0.9999999948489546
0.9999999961929567
0.9999999975459060
0.9999999989044791
1.0000000002653386
1.0000000016251409
1.0000000029805440
1.0000000043282187
1.0000000056648539
1.0000000069871668
1.0000000082919078
1.0000000095758697
1.0000000108358966
1.0000000120688906
1.0000000132718174
1.0000000144417160
1.0000000155757047
1.0000000166709901
1.0000000177248733
1.0000000187347537
1.0000000196981360
1.0000000206126369
1.0000000214759914
1.0000000222860586
1.0000000230408255
1.0000000237384123
1.0000000243770772
1.0000000249552212
1.0000000254713914
1.0000000259242836
1.0000000263127475
1.0000000266357878
1.0000000268925655
1.0000000270824034
1.0000000272047849
1.0000000272593574
1.0000000272459306
1.0000000271644793
1.0000000270151435
1.0000000267982267
1.0000000265141955
1.0000000261636792
1.0000000257474675
1.0000000252665091
1.0000000247219079
1.0000000241149203
1.0000000234469550
1.0000000227195707
1.0000000219344700
1.0000000210934961
1.0000000201986259
1.0000000192519687
1.0000000182557593
1.0000000172123533
1.0000000161242211
1.0000000149939425
1.0000000138242000
1.0000000126177717
1.0000000113775258
1.0000000101064139
1.0000000088074628
1.0000000074837689
1.0000000061384899
1.0000000047748367
1.0000000033960670
1.0000000020054762
1.0000000006063907
0.9999999992021584
0.9999999977961423
0.9999999963917121
0.9999999949922368
0.9999999936010753
0.9999999922215690
0.9999999908570327
0.9999999895107481
0.9999999881859567
0.9999999868858495
0.9999999856135597
0.9999999843721571
0.9999999831646383
0.9999999819939211
0.9999999808628387
0.9999999797741314
0.9999999787304404
0.9999999777343017
0.9999999767881385
0.9999999758942573
0.9999999750548414
0.9999999742719462
0.9999999735474940
0.9999999728832690
0.9999999722809128
0.9999999717419203
0.9999999712676366
0.9999999708592544
0.9999999705178106
0.9999999702441835
0.9999999700390910
0.9999999699030876
0.9999999698365648
0.9999999698397506
0.9999999699127070
0.9999999700553319
0.9999999702673569
0.9999999705483483
0.9999999708977083
0.9999999713146779
0.9999999717983378
0.9999999723476112
0.9999999729612650
0.9999999736379133
0.9999999743760203
0.9999999751739054
0.9999999760297452
0.9999999769415784
0.9999999779073104
0.9999999789247193
0.9999999799914592
0.9999999811050679
0.9999999822629712
0.9999999834624906
0.9999999847008479
0.9999999859751729
0.9999999872825086
0.9999999886198189
0.9999999899839955
0.9999999913718678
0.9999999927802099
0.9999999942057474
0.9999999956451644
0.9999999970951118
0.9999999985522136
1.0000000000130760
1.0000000014742965
1.0000000029324718
1.0000000043842068
1.0000000058261209
1.0000000072548569
1.0000000086670882
1.0000000100595265
1.0000000114289307
1.0000000127721143
1.0000000140859528
1.0000000153673927
1.0000000166134555
1.0000000178212460
1.0000000189879616
1.0000000201108949
1.0000000211874436
1.0000000222151146
1.0000000231915298
1.0000000241144327
1.0000000249816940
1.0000000257913164
1.0000000265414397
1.0000000272303442
1.0000000278564543
1.0000000284183441
1.0000000289147393
1.0000000293445206
1.0000000297067277
1.0000000300005603
1.0000000302253789
1.0000000303807075
1.0000000304662349
1.0000000304818137
1.0000000304274637
1.0000000303033703
1.0000000301098830
1.0000000298475151
1.0000000295169431
1.0000000291190045
1.0000000286546968
