1.0002999351468995
1.0002961509422303
1.0002916607947892
1.0002864754476424
1.0002806073025468
1.0002740703904531
1.0002668803381343
1.0002590543310177
1.0002506110723028
1.0002415707384662
1.0002319549312553
1.0002217866262835
1.0002110901183485
1.0001998909636001
1.0001882159186957
1.0001760928770818
1.0001635508025606
1.0001506196602883
1.0001373303453751
1.0001237146092514
1.0001098049839705
1.0000956347046368
1.0000812376301329
1.0000666481623419
1.0000519011640512
1.0000370318757312
1.0000220758313949
1.0000070687737297
0.9999920465687078
0.9999770451198792
0.9999621002825503
0.9999472477780540
0.9999325231083153
0.9999179614709194
0.9999035976748833
0.9998894660573399
0.9998756004013225
0.9998620338548581
0.9998487988515609
0.9998359270329218
0.9998234491724695
0.9998113951019993
0.9997997936400419
0.9997886725227477
0.9997780583373523
0.9997679764583857
0.9997584509867804
0.9997495046920245
0.9997411589575025
0.9997334337291542
0.9997263474675804
0.9997199171037109
0.9997141579981409
0.9997090839042353
0.9997047069350935
0.9997010375344547
0.9996980844516136
0.9996958547204067
0.9996943536423227
0.9996935847737779
0.9996935499175873
0.9996942491186516
0.9996956806638716
0.9996978410862918
0.9997007251734579
0.9997043259799744
0.9997086348442251
0.9997136414092239
0.9997193336475326
0.9997256978901990
0.9997327188596311
0.9997403797063381
0.9997486620494428
0.9997575460208655
0.9997670103130787
0.9997770322303043
0.9997875877430429
0.9997986515457903
0.9998101971178087
0.9998221967868014
0.9998346217953328
0.9998474423698418
0.9998606277920744
0.9998741464727645
0.9998879660273846
0.9999020533537825
0.9999163747115152
0.9999308958026937
0.9999455818541405
0.9999603977006609
0.9999753078692284
0.9999902766638860
1.0000052682511538
1.0000202467457422
1.0000351762963631
1.0000500211714372
1.0000647458444878
1.0000793150790230
1.0000936940127005
1.0001078482405772
1.0001217438972403
1.0001353477376307
1.0001486272163664
1.0001615505653731
1.0001740868696427
1.0001862061409412
1.0001978793892883
1.0002090786920441
1.0002197772604358
1.0002299495033706
1.0002395710883829
1.0002486189995730
1.0002570715924000
1.0002649086452058
1.0002721114073441
1.0002786626438007
1.0002845466762056
1.0002897494201366
1.0002942584186270
1.0002980628718017
1.0003011536625706
1.0003035233783195
1.0003051663285503
1.0003060785584239
1.0003062578581803
1.0003057037684082
1.0003044175811568
1.0003024023368852
1.0002996628172520
1.0002962055337705
1.0002920387123491
1.0002871722737572
1.0002816178100593
1.0002753885570748
1.0002684993629254
1.0002609666527464
1.0002528083896409
1.0002440440319704
1.0002346944870841
1.0002247820615915
1.0002143304082953
1.0002033644699095
1.0001919104196968
1.0001799955991639
1.0001676484529609
1.0001548984611368
1.0001417760689126
1.0001283126141371
1.0001145402525928
1.0001004918813370
1.0000862010602509
1.0000717019319878
1.0000570291405095
1.0000422177483996
1.0000273031531557
1.0000123210026564
0.9999973071100066
0.9999822973679630
0.9999673276631422
0.9999524337902201
0.9999376513663241
0.9999230157458282
0.9999085619357470
0.9998943245119409
0.9998803375363278
0.9998666344753017
0.9998532481195564
0.9998402105055066
0.9998275528384923
0.9998153054179598
0.9998034975647940
0.9997921575509821
0.9997813125317724
0.9997709884805016
0.9997612101262408
0.9997520008944181
0.9997433828505571
0.9997353766472727
0.9997280014746495
0.9997212750141246
0.9997152133959896
0.9997098311606117
0.9997051412234716
0.9997011548441018
0.9996978815990026
0.9996953293586012
0.9996935042683088
0.9996924107337245
0.9996920514100215
0.9996924271955412
0.9996935372296106
0.9996953788945886
0.9996979478221365
0.9997012379036984
0.9997052413051620
0.9997099484856690
0.9997153482205247
0.9997214276281552
0.9997281722010420
0.9997355658405601
0.9997435908956351
0.9997522282051270
0.9997614571438334
0.9997712556720008
0.9997816003882266
0.9997924665856190
0.9998038283110802
0.9998156584275664
0.9998279286791791
0.9998406097589239
0.9998536713789742
0.9998670823432725
0.9998808106222886
0.9998948234297564
0.9999090873012054
0.9999235681740943
0.9999382314693579
0.9999530421741656
0.9999679649256963
0.9999829640957265
0.9999980038758297
1.0000130483629825
1.0000280616453734
1.0000430078882072
1.0000578514192997
1.0000725568142601
1.0000870889810571
1.0001014132437680
1.0001154954253135
1.0001293019289781
1.0001427998185242
1.0001559568967087
1.0001687417820180
1.0001811239834399
1.0001930739730966
1.0002045632565608
1.0002155644406991
1.0002260512988779
1.0002359988333753
1.0002453833348608
1.0002541824387896
1.0002623751785928
1.0002699420355308
1.0002768649850942
1.0002831275398483
1.0002887147886148
1.0002936134319009
1.0002978118134946
1.0003012999481500
1.0003040695452978
1.0003061140287299
1.0003074285522051
1.0003080100109474
1.0003078570490032
1.0003069700624430
1.0003053511984044
1.0003030043499703
1.0002999351468995
1.0002961509422303
1.0002916607947892
1.0002864754476424
