1.0000037564383786
1.0000037100406047
1.0000036548624558
1.0000035910370868
1.0000035187182694
1.0000034380800225
1.0000033493161959
1.0000032526400067
1.0000031482835299
1.0000030364971424
1.0000029175489249
1.0000027917240202
1.0000026593239491
1.0000025206658925
1.0000023760819317
1.0000022259182522
1.0000020705343178
1.0000019103020112
1.0000017456047454
1.0000015768365444
1.0000014044011041
1.0000012287108246
1.0000010501858263
1.0000008692529445
1.0000006863447100
1.0000005018983136
1.0000003163545621
1.0000001301568235
0.9999999437499701
0.9999997575793119
0.9999995720895333
0.9999993877236322
0.9999992049218601
0.9999990241206709
0.9999988457516746
0.9999986702406087
0.9999984980063198
0.9999983294597642
0.9999981650030261
0.9999980050283561
0.9999978499172341
0.9999977000394568
0.9999975557522551
0.9999974173994413
0.9999972853105880
0.9999971598002398
0.9999970411671639
0.9999969296936346
0.9999968256447593
0.9999967292678472
0.9999966407918188
0.9999965604266600
0.9999964883629188
0.9999964247712509
0.9999963698020147
0.9999963235849104
0.9999962862286735
0.9999962578208146
0.9999962384274116
0.9999962280929523
0.9999962268402292
0.9999962346702862
0.9999962515624190
0.9999962774742239
0.9999963123417013
0.9999963560794080
0.9999964085806650
0.9999964697178134
0.9999965393425212
0.9999966172861373
0.9999967033600983
0.9999967973563790
0.9999968990479919
0.9999970081895301
0.9999971245177547
0.9999972477522274
0.9999973775959818
0.9999975137362348
0.9999976558451353
0.9999978035805511
0.9999979565868850
0.9999981144959281
0.9999982769277426
0.9999984434915692
0.9999986137867656
0.9999987874037637
0.9999989639250492
0.9999991429261609
0.9999993239767102
0.9999995066414090
0.9999996904811123
0.9999998750538697
1.0000000599159817
1.0000002446230647
1.0000004287311115
1.0000006117975562
1.0000007933823327
1.0000009730489303
1.0000011503654369
1.0000013249055721
1.0000014962497088
1.0000016639858764
1.0000018277107483
1.0000019870306063
1.0000021415622835
1.0000022909340809
1.0000024347866581
1.0000025727738935
1.0000027045637137
1.0000028298388879
1.0000029482977875
1.0000030596551086
1.0000031636425553
1.0000032600094810
1.0000033485234914
1.0000034289709985
1.0000035011577335
1.0000035649092116
1.0000036200711508
1.0000036665098408
1.0000037041124654
1.0000037327873730
1.0000037524642948
1.0000037630945162
1.0000037646509925
1.0000037571284170
1.0000037405432323
1.0000037149335914
1.0000036803592693
1.0000036369015199
1.0000035846628832
1.0000035237669405
1.0000034543580196
1.0000033766008525
1.0000032906801797
1.0000031968003114
1.0000030951846395
1.0000029860751012
1.0000028697316052
1.0000027464314083
1.0000026164684548
1.0000024801526743
1.0000023378092411
1.0000021897777964
1.0000020364116375
1.0000018780768745
1.0000017151515528
1.0000015480247531
1.0000013770956593
1.0000012027726082
1.0000010254721083
1.0000008456178477
1.0000006636396808
1.0000004799726006
1.0000002950556985
1.0000001093311155
0.9999999232429841
0.9999997372363664
0.9999995517561917
0.9999993672461907
0.9999991841478371
0.9999990028992919
0.9999988239343536
0.9999986476814228
0.9999984745624778
0.9999983049920637
0.9999981393763024
0.9999979781119208
0.9999978215853018
0.9999976701715599
0.9999975242336449
0.9999973841214735
0.9999972501710916
0.9999971227038710
0.9999970020257390
0.9999968884264476
0.9999967821788802
0.9999966835383981
0.9999965927422302
0.9999965100089033
0.9999964355377197
0.9999963695082794
0.9999963120800511
0.9999962633919878
0.9999962235621953
0.9999961926876493
0.9999961708439616
0.9999961580851986
0.9999961544437497
0.9999961599302488
0.9999961745335499
0.9999961982207511
0.9999962309372724
0.9999962726069840
0.9999963231323881
0.9999963823948502
0.9999964502548820
0.9999965265524734
0.9999966111074728
0.9999967037200193
0.9999968041710168
0.9999969122226563
0.9999970276189827
0.9999971500865066
0.9999972793348553
0.9999974150574671
0.9999975569323213
0.9999977046227061
0.9999978577780229
0.9999980160346228
0.9999981790166758
0.9999983463370660
0.9999985175983166
0.9999986923935373
0.9999988703073965
0.9999990509171116
0.9999992337934590
0.9999994185017989
0.9999996046031124
0.9999997916550507
0.9999999792129893
1.0000001668310901
1.0000003540633648
1.0000005404647407
1.0000007255921217
1.0000009090054480
1.0000010902687446
1.0000012689511613
1.0000014446280021
1.0000016168817398
1.0000017853030110
1.0000019494915955
1.0000021090573701
1.0000022636212405
1.0000024128160447
1.0000025562874293
1.0000026936946940
1.0000028247116091
1.0000029490271918
1.0000030663464474
1.0000031763910739
1.0000032789001247
1.0000033736306313
1.0000034603581829
1.0000035388774622
1.0000036090027344
1.0000036705682918
1.0000037234288466
1.0000037674598765
1.0000038025579219
1.0000038286408328
1.0000038456479663
1.0000038535403273
1.0000038523006620
1.0000038419334969
1.0000038224651282
1.0000037939435580
1.0000037564383786
1.0000037100406047
1.0000036548624558
1.0000035910370868
