1.0000009536660581
1.0000009420725646
1.0000009282616373
1.0000009122667834
1.0000008941267093
1.0000008738852268
1.0000008515911507
1.0000008272981822
1.0000008010647770
1.0000007729540072
1.0000007430334090
1.0000007113748219
1.0000006780542188
1.0000006431515218
1.0000006067504117
1.0000005689381273
1.0000005298052583
1.0000004894455274
1.0000004479555671
1.0000004054346887
1.0000003619846425
1.0000003177093741
1.0000002727147788
1.0000002271084467
1.0000001809994077
1.0000001344978697
1.0000000877149540
1.0000000407624303
0.9999999937524501
0.9999999467972777
0.9999999000090228
0.9999998534993728
0.9999998073793244
0.9999997617589202
0.9999997167469861
0.9999996724508696
0.9999996289761848
0.9999995864265584
0.9999995449033836
0.9999995045055766
0.9999994653293413
0.9999994274679395
0.9999993910114682
0.9999993560466441
0.9999993226565979
0.9999992909206725
0.9999992609142374
0.9999992327085073
0.9999992063703720
0.9999991819622377
0.9999991595418769
0.9999991391622916
0.9999991208715873
0.9999991047128561
0.9999990907240764
0.9999990789380203
0.9999990693821771
0.9999990620786883
0.9999990570442948
0.9999990542902993
0.9999990538225361
0.9999990556413593
0.9999990597416427
0.9999990661127932
0.9999990747387751
0.9999990855981485
0.9999990986641212
0.9999991139046132
0.9999991312823345
0.9999991507548754
0.9999991722748068
0.9999991957897967
0.9999992212427355
0.9999992485718728
0.9999992777109634
0.9999993085894265
0.9999993411325158
0.9999993752614991
0.9999994108938463
0.9999994479434289
0.9999994863207242
0.9999995259330315
0.9999995666846937
0.9999996084773266
0.9999996512100557
0.9999996947797567
0.9999997390813019
0.9999997840078122
0.9999998294509130
0.9999998753009949
0.9999999214474788
0.9999999677790763
1.0000000141840564
1.0000000605505164
1.0000001067666477
1.0000001527210050
1.0000001983027731
1.0000002434020332
1.0000002879100243
1.0000003317194039
1.0000003747245068
1.0000004168215961
1.0000004579091135
1.0000004978879213
1.0000005366615397
1.0000005741363789
1.0000006102219630
1.0000006448311469
1.0000006778803257
1.0000007092896344
1.0000007389831396
1.0000007668890227
1.0000007929397499
1.0000008170722345
1.0000008392279909
1.0000008593532719
1.0000008773991984
1.0000008933218758
1.0000009070825020
1.0000009186474581
1.0000009279883901
1.0000009350822772
1.0000009399114866
1.0000009424638165
1.0000009427325249
1.0000009407163477
1.0000009364195011
1.0000009298516717
1.0000009210279932
1.0000009099690128
1.0000008967006395
1.0000008812540859
1.0000008636657909
1.0000008439773347
1.0000008222353398
1.0000007984913588
1.0000007728017521
1.0000007452275521
1.0000007158343189
1.0000006846919827
1.0000006518746769
1.0000006174605625
1.0000005815316397
1.0000005441735538
1.0000005054753882
1.0000004655294534
1.0000004244310667
1.0000003822783239
1.0000003391718646
1.0000002952146325
1.0000002505116286
1.0000002051696619
1.0000001592970915
1.0000001130035694
1.0000000663997770
1.0000000195971628
0.9999999727076738
0.9999999258434888
0.9999998791167505
0.9999998326392965
0.9999997865223914
0.9999997408764610
0.9999996958108299
0.9999996514334591
0.9999996078506870
0.9999995651669752
0.9999995234846590
0.9999994829037041
0.9999994435214657
0.9999994054324567
0.9999993687281205
0.9999993334966120
0.9999992998225868
0.9999992677869990
0.9999992374669062
0.9999992089352890
0.9999991822608725
0.9999991575079620
0.9999991347362901
0.9999991140008722
0.9999990953518753
0.9999990788344976
0.9999990644888614
0.9999990523499148
0.9999990424473489
0.9999990348055267
0.9999990294434233
0.9999990263745803
0.9999990256070737
0.9999990271434935
0.9999990309809385
0.9999990371110207
0.9999990455198866
0.9999990561882492
0.9999990690914341
0.9999990841994395
0.9999991014770045
0.9999991208836934
0.9999991423739912
0.9999991658974123
0.9999991913986230
0.9999992188175704
0.9999992480896264
0.9999992791457420
0.9999993119126119
0.9999993463128470
0.9999993822651623
0.9999994196845692
0.9999994584825783
0.9999994985674107
0.9999995398442149
0.9999995822152928
0.9999996255803355
0.9999996698366602
0.9999997148794565
0.9999997606020360
0.9999998068960867
0.9999998536519316
0.9999999007587880
0.9999999481050337
0.9999999955784720
1.0000000430666001
1.0000000904568784
1.0000001376369978
1.0000001844951498
1.0000002309202911
1.0000002768024077
1.0000003220327787
1.0000003665042350
1.0000004101114151
1.0000004527510158
1.0000004943220393
1.0000005347260355
1.0000005738673345
1.0000006116532754
1.0000006479944261
1.0000006828047987
1.0000007160020530
1.0000007475076937
1.0000007772472566
1.0000008051504867
1.0000008311515074
1.0000008551889765
1.0000008772062305
1.0000008971514214
1.0000009149776377
1.0000009306430186
1.0000009441108526
1.0000009553496636
1.0000009643332890
1.0000009710409383
1.0000009754572443
1.0000009775723004
1.0000009773816823
1.0000009748864569
1.0000009700931825
1.0000009630138904
1.0000009536660581
1.0000009420725646
1.0000009282616373
1.0000009122667834
