1.0006390995202059
1.0006310272757515
1.0006214505915942
1.0006103923330734
1.0005978788959988
1.0005839401442742
1.0005686093393069
1.0005519230613762
1.0005339211231339
1.0005146464754322
1.0004941451056999
1.0004724659290960
1.0004496606726934
1.0004257837529538
1.0004008921467857
1.0003750452564695
1.0003483047687731
1.0003207345085785
1.0002924002873588
1.0002633697468608
1.0002337121983531
1.0002034984578207
1.0001728006774859
1.0001416921740538
1.0001102472540846
1.0000785410369073
1.0000466492754869
1.0000146481756735
0.9999826142142624
0.9999506239562951
0.9999187538720391
0.9998870801540863
0.9998556785350021
0.9998246241059686
0.9997939911368553
0.9997638528981535
0.9997342814852063
0.9997053476451562
0.9996771206070327
0.9996496679153991
0.9996230552679563
0.9995973463575060
0.9995726027186599
0.9995488835796701
0.9995262457197460
0.9995047433322105
0.9994844278938319
0.9994653480406587
0.9994475494506594
0.9994310747334619
0.9994159633274660
0.9994022514045858
0.9993899717828600
0.9993791538471453
0.9993698234780942
0.9993620029895890
0.9993557110747978
0.9993509627609820
0.9993477693731674
0.9993461385067721
0.9993460740092610
0.9993475759708697
0.9993506407244234
0.9993552608542519
0.9993614252141746
0.9993691189545155
0.9993783235580745
0.9993890168849713
0.9994011732262433
0.9994147633660668
0.9994297546524471
0.9994461110761965
0.9994637933580075
0.9994827590433988
0.9995029626053018
0.9995243555540296
0.9995468865543571
0.9995705015494176
0.9995951438911156
0.9996207544767259
0.9996472718913486
0.9996746325558596
0.9997027708800015
0.9997316194202301
0.9997611090419375
0.9997911690856510
0.9998217275368031
0.9998527111986564
0.9998840458679652
0.9999156565129462
0.9999474674531317
0.9999794025406665
1.0000113853426147
1.0000433393238362
1.0000751880299967
1.0001068552702712
1.0001382652993063
1.0001693429980112
1.0002000140527449
1.0002302051324772
1.0002598440635027
1.0002888600012978
1.0003171835991189
1.0003447471729399
1.0003714848623482
1.0003973327870250
1.0004222291984399
1.0004461146264132
1.0004689320202023
1.0004906268837852
1.0005111474050319
1.0005304445784582
1.0005484723212887
1.0005651875825574
1.0005805504449938
1.0005945242194676
1.0006070755317666
1.0006181744015192
1.0006277943130728
1.0006359122781734
1.0006425088902995
1.0006475683705283
1.0006510786048251
1.0006530311726793
1.0006534213670182
1.0006522482053524
1.0006495144321264
1.0006452265122716
1.0006393946159753
1.0006320325947009
1.0006231579485125
1.0006127917847789
1.0006009587683513
1.0005876870633290
1.0005730082665421
1.0005569573329047
1.0005395724928097
1.0005208951617537
1.0005009698423950
1.0004798440192770
1.0004575680464483
1.0004341950282469
1.0004097806935153
1.0003843832635406
1.0003580633140206
1.0003308836313802
1.0003029090637714
1.0002742063670946
1.0002448440464067
1.0002148921930847
1.0001844223181231
1.0001535071819554
1.0001222206212035
1.0000906373727609
1.0000588328956199
1.0000268831908687
0.9999948646202875
0.9999628537239671
0.9999309270373905
0.9998991609084116
0.9998676313145702
0.9998364136811814
0.9998055827006374
0.9997752121533559
0.9997453747308074
0.9997161418610517
0.9996875835372093
0.9996597681492786
0.9996327623197172
0.9996066307431830
0.9995814360308282
0.9995572385595330
0.9995340963264449
0.9995120648091825
0.9994911968320525
0.9994715424386060
0.9994531487708539
0.9994360599554376
0.9994203169970411
0.9994059576793066
0.9993930164735013
0.9993815244551654
0.9993715092289472
0.9993629948618143
0.9993560018248072
0.9993505469434800
0.9993466433571534
0.9993443004870843
0.9993435240136299
0.9993443158624614
0.9993466741998703
0.9993505934371665
0.9993560642441648
0.9993630735717289
0.9993716046833089
0.9993816371953980
0.9993931471268040
0.9994061069566149
0.9994204856907123
0.9994362489366686
0.9994533589868374
0.9994717749094274
0.9994914526473389
0.9995123451245146
0.9995344023595379
0.9995575715861995
0.9995817973807298
0.9996070217953853
0.9996331844980566
0.9996602229175561
0.9996880723942217
0.9997166663354742
0.9997459363759382
0.9997758125417403
0.9998062234185825
0.9998370963231777
0.9998683574776317
0.9998999321863493
0.9999317450150361
0.9999637199713627
0.9999957806868531
1.0000278505995654
1.0000598531371225
1.0000917118996542
1.0001233508422156
1.0001546944562496
1.0001856679496575
1.0002161974250543
1.0002462100557854
1.0002756342592913
1.0003043998674108
1.0003324382932230
1.0003596826940413
1.0003860681301686
1.0004115317190563
1.0004360127844969
1.0004594530005126
1.0004817965296020
1.0005029901550246
1.0005229834068237
1.0005417286812899
1.0005591813535948
1.0005752998833335
1.0005900459127384
1.0006033843573323
1.0006152834888202
1.0006257150100293
1.0006346541217241
1.0006420795811477
1.0006479737521508
1.0006523226467983
1.0006551159583590
1.0006563470856042
1.0006560131483562
1.0006541149942529
1.0006506571967149
1.0006456480441197
1.0006390995202059
1.0006310272757515
1.0006214505915942
1.0006103923330734
