1.0000000017361832
1.0000000017208686
1.0000000017018906
1.0000000016793000
1.0000000016531572
1.0000000016235300
1.0000000015904931
1.0000000015541302
1.0000000015145323
1.0000000014717978
1.0000000014260322
1.0000000013773489
1.0000000013258683
1.0000000012717152
1.0000000012150221
1.0000000011559267
1.0000000010945724
1.0000000010311076
1.0000000009656853
1.0000000008984629
1.0000000008296028
1.0000000007592702
1.0000000006876346
1.0000000006148679
1.0000000005411438
1.0000000004666389
1.0000000003915313
1.0000000003160003
1.0000000002402252
1.0000000001643858
1.0000000000886613
1.0000000000132296
0.9999999999382682
0.9999999998639534
0.9999999997904598
0.9999999997179604
0.9999999996466244
0.9999999995766200
0.9999999995081124
0.9999999994412614
0.9999999993762220
0.9999999993131441
0.9999999992521728
0.9999999991934487
0.9999999991371087
0.9999999990832817
0.9999999990320905
0.9999999989836499
0.9999999989380695
0.9999999988954507
0.9999999988558884
0.9999999988194700
0.9999999987862755
0.9999999987563759
0.9999999987298342
0.9999999987067051
0.9999999986870352
0.9999999986708630
0.9999999986582185
0.9999999986491233
0.9999999986435899
0.9999999986416215
0.9999999986432122
0.9999999986483480
0.9999999986570068
0.9999999986691573
0.9999999986847599
0.9999999987037679
0.9999999987261260
0.9999999987517693
0.9999999987806247
0.9999999988126125
0.9999999988476442
0.9999999988856240
0.9999999989264491
0.9999999989700102
0.9999999990161927
0.9999999990648744
0.9999999991159245
0.9999999991692069
0.9999999992245815
0.9999999992819034
0.9999999993410248
0.9999999994017925
0.9999999994640489
0.9999999995276323
0.9999999995923786
0.9999999996581200
0.9999999997246871
0.9999999997919076
0.9999999998596086
0.9999999999276163
0.9999999999957556
1.0000000000638507
1.0000000001317264
1.0000000001992086
1.0000000002661236
1.0000000003322989
1.0000000003975629
1.0000000004617486
1.0000000005246916
1.0000000005862306
1.0000000006462075
1.0000000007044674
1.0000000007608596
1.0000000008152377
1.0000000008674599
1.0000000009173902
1.0000000009648982
1.0000000010098613
1.0000000010521619
1.0000000010916883
1.0000000011283361
1.0000000011620065
1.0000000011926093
1.0000000012200607
1.0000000012442840
1.0000000012652119
1.0000000012827852
1.0000000012969539
1.0000000013076766
1.0000000013149197
1.0000000013186572
1.0000000013188712
1.0000000013155519
1.0000000013086994
1.0000000012983215
1.0000000012844357
1.0000000012670680
1.0000000012462551
1.0000000012220405
1.0000000011944761
1.0000000011636230
1.0000000011295502
1.0000000010923338
1.0000000010520578
1.0000000010088144
1.0000000009627013
1.0000000009138243
1.0000000008622965
1.0000000008082366
1.0000000007517706
1.0000000006930301
1.0000000006321501
1.0000000005692731
1.0000000005045460
1.0000000004381204
1.0000000003701539
1.0000000003008076
1.0000000002302463
1.0000000001586371
1.0000000000861515
1.0000000000129634
0.9999999999392488
0.9999999998651852
0.9999999997909493
0.9999999997167198
0.9999999996426748
0.9999999995689928
0.9999999994958504
0.9999999994234242
0.9999999993518897
0.9999999992814206
0.9999999992121885
0.9999999991443618
0.9999999990781058
0.9999999990135827
0.9999999989509514
0.9999999988903664
0.9999999988319775
0.9999999987759297
0.9999999987223623
0.9999999986714092
0.9999999986231979
0.9999999985778502
0.9999999985354805
0.9999999984961966
0.9999999984600996
0.9999999984272835
0.9999999983978346
0.9999999983718310
0.9999999983493431
0.9999999983304336
0.9999999983151573
0.9999999983035587
0.9999999982956737
0.9999999982915294
0.9999999982911439
0.9999999982945278
0.9999999983016811
0.9999999983125968
0.9999999983272603
0.9999999983456475
0.9999999983677245
0.9999999983934487
0.9999999984227687
0.9999999984556245
0.9999999984919493
0.9999999985316673
0.9999999985746946
0.9999999986209395
0.9999999986703018
0.9999999987226743
0.9999999987779438
0.9999999988359900
0.9999999988966862
0.9999999989598993
0.9999999990254909
0.9999999990933164
0.9999999991632259
0.9999999992350639
0.9999999993086708
0.9999999993838837
0.9999999994605347
0.9999999995384534
0.9999999996174653
0.9999999996973938
0.9999999997780611
0.9999999998592867
0.9999999999408888
1.0000000000226854
1.0000000001044940
1.0000000001861302
1.0000000002674105
1.0000000003481526
1.0000000004281759
1.0000000005073018
1.0000000005853535
1.0000000006621561
1.0000000007375374
1.0000000008113279
1.0000000008833638
1.0000000009534846
1.0000000010215335
1.0000000010873593
1.0000000011508150
1.0000000012117594
1.0000000012700572
1.0000000013255805
1.0000000013782078
1.0000000014278239
1.0000000014743200
1.0000000015175947
1.0000000015575536
1.0000000015941106
1.0000000016271884
1.0000000016567172
1.0000000016826374
1.0000000017048978
1.0000000017234552
1.0000000017382742
1.0000000017493282
1.0000000017565984
1.0000000017600754
1.0000000017597594
1.0000000017556592
1.0000000017477917
1.0000000017361832
1.0000000017208686
1.0000000017018906
1.0000000016793000
