1.0000013776039554
1.0000013607731395
1.0000013407339001
1.0000013175347737
1.0000012912318237
1.0000012618885044
1.0000012295755107
1.0000011943706077
1.0000011563584446
1.0000011156303517
1.0000010722841250
1.0000010264237884
1.0000009781593466
1.0000009276065218
1.0000008748864759
1.0000008201255215
1.0000007634548194
1.0000007050100652
1.0000006449311660
1.0000005833619037
1.0000005204495921
1.0000004563447247
1.0000003912006143
1.0000003251730265
1.0000002584198084
1.0000001911005103
1.0000001233760047
1.0000000554081050
0.9999999873591744
0.9999999193917387
0.9999998516680985
0.9999997843499407
0.9999997175979530
0.9999996515714382
0.9999995864279357
0.9999995223228446
0.9999994594090517
0.9999993978365650
0.9999993377521583
0.9999992792990187
0.9999992226164036
0.9999991678393125
0.9999991150981615
0.9999990645184721
0.9999990162205720
0.9999989703193074
0.9999989269237672
0.9999988861370245
0.9999988480558905
0.9999988127706833
0.9999987803650133
0.9999987509155827
0.9999987244920014
0.9999987011566241
0.9999986809643989
0.9999986639627365
0.9999986501913996
0.9999986396824060
0.9999986324599540
0.9999986285403664
0.9999986279320490
0.9999986306354731
0.9999986366431752
0.9999986459397745
0.9999986585020109
0.9999986742988011
0.9999986932913135
0.9999987154330612
0.9999987406700125
0.9999987689407223
0.9999988001764807
0.9999988343014764
0.9999988712329794
0.9999989108815395
0.9999989531511995
0.9999989979397265
0.9999990451388574
0.9999990946345568
0.9999991463072909
0.9999992000323141
0.9999992556799686
0.9999993131159938
0.9999993722018495
0.9999994327950475
0.9999994947494925
0.9999995579158317
0.9999996221418128
0.9999996872726491
0.9999997531513892
0.9999998196192958
0.9999998865162233
0.9999999536810010
1.0000000209518203
1.0000000881666207
1.0000001551634794
1.0000002217810000
1.0000002878586989
1.0000003532373867
1.0000004177595521
1.0000004812697394
1.0000005436149204
1.0000006046448613
1.0000006642124806
1.0000007221742029
1.0000007783903015
1.0000008327252341
1.0000008850479654
1.0000009352322849
1.0000009831571079
1.0000010287067642
1.0000010717712771
1.0000011122466248
1.0000011500349912
1.0000011850449997
1.0000012171919321
1.0000012463979320
1.0000012725921918
1.0000012957111228
1.0000013156985086
1.0000013325056376
1.0000013460914206
1.0000013564224928
1.0000013634732896
1.0000013672261110
1.0000013676711625
1.0000013648065815
1.0000013586384404
1.0000013491807318
1.0000013364553368
1.0000013204919735
1.0000013013281246
1.0000012790089501
1.0000012535871798
1.0000012251229866
1.0000011936838429
1.0000011593443607
1.0000011221861145
1.0000010822974446
1.0000010397732459
1.0000009947147417
1.0000009472292428
1.0000008974298911
1.0000008454353879
1.0000007913697111
1.0000007353618194
1.0000006775453452
1.0000006180582739
1.0000005570426163
1.0000004946440670
1.0000004310116575
1.0000003662973993
1.0000003006559206
1.0000002342440963
1.0000001672206744
1.0000000997458953
1.0000000319811109
0.9999999640883961
0.9999998962301632
0.9999998285687700
0.9999997612661365
0.9999996944833548
0.9999996283803053
0.9999995631152747
0.9999994988445750
0.9999994357221726
0.9999993738993179
0.9999993135241846
0.9999992547415155
0.9999991976922764
0.9999991425133187
0.9999990893370511
0.9999990382911226
0.9999989894981176
0.9999989430752615
0.9999988991341414
0.9999988577804396
0.9999988191136790
0.9999987832269869
0.9999987502068708
0.9999987201330107
0.9999986930780683
0.9999986691075126
0.9999986482794634
0.9999986306445525
0.9999986162458023
0.9999986051185200
0.9999985972902147
0.9999985927805304
0.9999985916011994
0.9999985937560137
0.9999985992408144
0.9999986080435019
0.9999986201440639
0.9999986355146219
0.9999986541194982
0.9999986759152998
0.9999987008510210
0.9999987288681663
0.9999987599008900
0.9999987938761505
0.9999988307138866
0.9999988703272057
0.9999989126225930
0.9999989575001322
0.9999990048537443
0.9999990545714412
0.9999991065355925
0.9999991606232063
0.9999992167062237
0.9999992746518216
0.9999993343227304
0.9999993955775621
0.9999994582711471
0.9999995222548793
0.9999995873770712
0.9999996534833158
0.9999997204168558
0.9999997880189581
0.9999998561292912
0.9999999245863063
0.9999999932276239
1.0000000618904232
1.0000001304118291
1.0000001986293006
1.0000002663810192
1.0000003335062730
1.0000003998458418
1.0000004652423764
1.0000005295407752
1.0000005925885536
1.0000006542362072
1.0000007143375682
1.0000007727501545
1.0000008293355096
1.0000008839595320
1.0000009364927975
1.0000009868108646
1.0000010347945720
1.0000010803303261
1.0000011233103692
1.0000011636330377
1.0000012012030026
1.0000012359314987
1.0000012677365344
1.0000012965430887
1.0000013222832866
1.0000013448965626
1.0000013643298058
1.0000013805374866
1.0000013934817651
1.0000014031325803
1.0000014094677210
1.0000014124728789
1.0000014121416816
1.0000014084757072
1.0000014014844814
1.0000013911854537
1.0000013776039554
1.0000013607731395
1.0000013407339001
1.0000013175347737
