1.0000000000997986
1.0000000000994076
1.0000000000988389
1.0000000000980953
1.0000000000971783
1.0000000000960905
1.0000000000948353
1.0000000000934162
1.0000000000918370
1.0000000000901028
1.0000000000882181
1.0000000000861875
1.0000000000840161
1.0000000000817091
1.0000000000792721
1.0000000000767122
1.0000000000740359
1.0000000000712506
1.0000000000683640
1.0000000000653844
1.0000000000623188
1.0000000000591738
1.0000000000559577
1.0000000000526774
1.0000000000493403
1.0000000000459548
1.0000000000425289
1.0000000000390707
1.0000000000355882
1.0000000000320883
1.0000000000285789
1.0000000000250693
1.0000000000215676
1.0000000000180833
1.0000000000146263
1.0000000000112041
1.0000000000078244
1.0000000000044935
1.0000000000012188
0.9999999999980076
0.9999999999948661
0.9999999999918018
0.9999999999888218
0.9999999999859337
0.9999999999831436
0.9999999999804579
0.9999999999778821
0.9999999999754204
0.9999999999730763
0.9999999999708553
0.9999999999687612
0.9999999999667988
0.9999999999649726
0.9999999999632864
0.9999999999617438
0.9999999999603465
0.9999999999590961
0.9999999999579939
0.9999999999570417
0.9999999999562400
0.9999999999555896
0.9999999999550903
0.9999999999547415
0.9999999999545431
0.9999999999544946
0.9999999999545947
0.9999999999548412
0.9999999999552335
0.9999999999557692
0.9999999999564455
0.9999999999572587
0.9999999999582053
0.9999999999592819
0.9999999999604842
0.9999999999618080
0.9999999999632491
0.9999999999648028
0.9999999999664640
0.9999999999682267
0.9999999999700842
0.9999999999720310
0.9999999999740598
0.9999999999761633
0.9999999999783354
0.9999999999805688
0.9999999999828582
0.9999999999851968
0.9999999999875776
0.9999999999899928
0.9999999999924356
0.9999999999948994
0.9999999999973772
0.9999999999998606
1.0000000000023410
1.0000000000048104
1.0000000000072622
1.0000000000096900
1.0000000000120861
1.0000000000144436
1.0000000000167553
1.0000000000190143
1.0000000000212146
1.0000000000233500
1.0000000000254148
1.0000000000274036
1.0000000000293119
1.0000000000311333
1.0000000000328624
1.0000000000344926
1.0000000000360192
1.0000000000374363
1.0000000000387403
1.0000000000399274
1.0000000000409930
1.0000000000419342
1.0000000000427460
1.0000000000434255
1.0000000000439695
1.0000000000443776
1.0000000000446487
1.0000000000447808
1.0000000000447742
1.0000000000446281
1.0000000000443421
1.0000000000439160
1.0000000000433507
1.0000000000426461
1.0000000000418023
1.0000000000408200
1.0000000000397000
1.0000000000384432
1.0000000000370526
1.0000000000355309
1.0000000000338816
1.0000000000321070
1.0000000000302107
1.0000000000281963
1.0000000000260680
1.0000000000238309
1.0000000000214893
1.0000000000190474
1.0000000000165115
1.0000000000138876
1.0000000000111817
1.0000000000084002
1.0000000000055485
1.0000000000026328
0.9999999999996609
0.9999999999966399
0.9999999999935764
0.9999999999904764
0.9999999999873471
0.9999999999841948
0.9999999999810260
0.9999999999778485
0.9999999999746703
0.9999999999714982
0.9999999999683409
0.9999999999652061
0.9999999999621030
0.9999999999590393
0.9999999999560232
0.9999999999530631
0.9999999999501665
0.9999999999473400
0.9999999999445915
0.9999999999419291
0.9999999999393594
0.9999999999368896
0.9999999999345250
0.9999999999322728
0.9999999999301389
0.9999999999281290
0.9999999999262489
0.9999999999245033
0.9999999999228963
0.9999999999214312
0.9999999999201120
0.9999999999189435
0.9999999999179302
0.9999999999170771
0.9999999999163874
0.9999999999158621
0.9999999999155028
0.9999999999153111
0.9999999999152882
0.9999999999154351
0.9999999999157529
0.9999999999162423
0.9999999999169029
0.9999999999177346
0.9999999999187367
0.9999999999199080
0.9999999999212471
0.9999999999227530
0.9999999999244240
0.9999999999262570
0.9999999999282497
0.9999999999303982
0.9999999999326989
0.9999999999351474
0.9999999999377398
0.9999999999404741
0.9999999999433464
0.9999999999463516
0.9999999999494834
0.9999999999527344
0.9999999999560975
0.9999999999595645
0.9999999999631279
0.9999999999667819
0.9999999999705191
0.9999999999743311
0.9999999999782101
0.9999999999821495
0.9999999999861422
0.9999999999901810
0.9999999999942581
0.9999999999983664
1.0000000000024964
1.0000000000066398
1.0000000000107880
1.0000000000149321
1.0000000000190628
1.0000000000231708
1.0000000000272475
1.0000000000312850
1.0000000000352749
1.0000000000392089
1.0000000000430791
1.0000000000468781
1.0000000000505973
1.0000000000542300
1.0000000000577691
1.0000000000612081
1.0000000000645395
1.0000000000677562
1.0000000000708513
1.0000000000738176
1.0000000000766478
1.0000000000793361
1.0000000000818778
1.0000000000842686
1.0000000000865035
1.0000000000885783
1.0000000000904887
1.0000000000922324
1.0000000000938065
1.0000000000952085
1.0000000000964357
1.0000000000974867
1.0000000000983595
1.0000000000990519
1.0000000000995635
1.0000000000998936
1.0000000001000424
1.0000000001000104
1.0000000000997986
1.0000000000994076
1.0000000000988389
1.0000000000980953
