1.0000000000044513
1.0000000000044644
1.0000000000044713
1.0000000000044709
1.0000000000044622
1.0000000000044451
1.0000000000044198
1.0000000000043867
1.0000000000043456
1.0000000000042968
1.0000000000042411
1.0000000000041802
1.0000000000041160
1.0000000000040492
1.0000000000039793
1.0000000000039053
1.0000000000038278
1.0000000000037466
1.0000000000036615
1.0000000000035731
1.0000000000034812
1.0000000000033860
1.0000000000032869
1.0000000000031841
1.0000000000030773
1.0000000000029674
1.0000000000028557
1.0000000000027429
1.0000000000026292
1.0000000000025155
1.0000000000024039
1.0000000000022948
1.0000000000021887
1.0000000000020854
1.0000000000019860
1.0000000000018912
1.0000000000018003
1.0000000000017124
1.0000000000016274
1.0000000000015457
1.0000000000014668
1.0000000000013911
1.0000000000013192
1.0000000000012521
1.0000000000011895
1.0000000000011315
1.0000000000010774
1.0000000000010250
1.0000000000009732
1.0000000000009222
1.0000000000008724
1.0000000000008247
1.0000000000007789
1.0000000000007361
1.0000000000006968
1.0000000000006610
1.0000000000006286
1.0000000000006002
1.0000000000005760
1.0000000000005558
1.0000000000005391
1.0000000000005258
1.0000000000005160
1.0000000000005105
1.0000000000005083
1.0000000000005094
1.0000000000005136
1.0000000000005211
1.0000000000005325
1.0000000000005467
1.0000000000005627
1.0000000000005802
1.0000000000005997
1.0000000000006211
1.0000000000006424
1.0000000000006632
1.0000000000006837
1.0000000000007037
1.0000000000007221
1.0000000000007392
1.0000000000007550
1.0000000000007692
1.0000000000007823
1.0000000000007945
1.0000000000008047
1.0000000000008129
1.0000000000008193
1.0000000000008238
1.0000000000008262
1.0000000000008265
1.0000000000008236
1.0000000000008171
1.0000000000008078
1.0000000000007949
1.0000000000007776
1.0000000000007563
1.0000000000007314
1.0000000000007043
1.0000000000006757
1.0000000000006470
1.0000000000006195
1.0000000000005931
1.0000000000005682
1.0000000000005451
1.0000000000005236
1.0000000000005034
1.0000000000004841
1.0000000000004654
1.0000000000004468
1.0000000000004285
1.0000000000004106
1.0000000000003928
1.0000000000003755
1.0000000000003588
1.0000000000003428
1.0000000000003280
1.0000000000003149
1.0000000000003029
1.0000000000002922
1.0000000000002820
1.0000000000002716
1.0000000000002616
1.0000000000002516
1.0000000000002423
1.0000000000002336
1.0000000000002260
1.0000000000002198
1.0000000000002152
1.0000000000002121
1.0000000000002109
1.0000000000002114
1.0000000000002127
1.0000000000002156
1.0000000000002218
1.0000000000002314
1.0000000000002427
1.0000000000002549
1.0000000000002676
1.0000000000002802
1.0000000000002922
1.0000000000003031
1.0000000000003135
1.0000000000003244
1.0000000000003360
1.0000000000003477
1.0000000000003604
1.0000000000003737
1.0000000000003877
1.0000000000004023
1.0000000000004174
1.0000000000004319
1.0000000000004445
1.0000000000004539
1.0000000000004594
1.0000000000004616
1.0000000000004614
1.0000000000004601
1.0000000000004587
1.0000000000004567
1.0000000000004523
1.0000000000004452
1.0000000000004359
1.0000000000004248
1.0000000000004117
1.0000000000003972
1.0000000000003824
1.0000000000003675
1.0000000000003535
1.0000000000003393
1.0000000000003242
1.0000000000003066
1.0000000000002855
1.0000000000002609
1.0000000000002331
1.0000000000002021
1.0000000000001679
1.0000000000001297
1.0000000000000875
1.0000000000000417
0.9999999999999936
0.9999999999999440
0.9999999999998934
0.9999999999998416
0.9999999999997898
0.9999999999997388
0.9999999999996875
0.9999999999996362
0.9999999999995857
0.9999999999995369
0.9999999999994910
0.9999999999994481
0.9999999999994089
0.9999999999993728
0.9999999999993403
0.9999999999993118
0.9999999999992885
0.9999999999992709
0.9999999999992589
0.9999999999992530
0.9999999999992536
0.9999999999992601
0.9999999999992724
0.9999999999992911
0.9999999999993168
0.9999999999993492
0.9999999999993879
0.9999999999994325
0.9999999999994815
0.9999999999995345
0.9999999999995922
0.9999999999996546
0.9999999999997219
0.9999999999997949
0.9999999999998740
0.9999999999999584
1.0000000000000475
1.0000000000001414
1.0000000000002389
1.0000000000003395
1.0000000000004425
1.0000000000005485
1.0000000000006579
1.0000000000007712
1.0000000000008884
1.0000000000010094
1.0000000000011340
1.0000000000012619
1.0000000000013927
1.0000000000015261
1.0000000000016618
1.0000000000017999
1.0000000000019396
1.0000000000020806
1.0000000000022218
1.0000000000023623
1.0000000000025018
1.0000000000026397
1.0000000000027767
1.0000000000029139
1.0000000000030518
1.0000000000031888
1.0000000000033225
1.0000000000034508
1.0000000000035716
1.0000000000036831
1.0000000000037850
1.0000000000038778
1.0000000000039617
1.0000000000040383
1.0000000000041087
1.0000000000041736
1.0000000000042326
1.0000000000042855
1.0000000000043319
1.0000000000043718
1.0000000000044051
1.0000000000044313
1.0000000000044513
1.0000000000044644
1.0000000000044713
1.0000000000044709
