1.0000000226029835
1.0000000223559418
1.0000000220580987
1.0000000217102036
1.0000000213131233
1.0000000208678401
1.0000000203754504
1.0000000198371617
1.0000000192542897
1.0000000186282545
1.0000000179605781
1.0000000172528807
1.0000000165068759
1.0000000157243676
1.0000000149072445
1.0000000140574776
1.0000000131771138
1.0000000122682713
1.0000000113331335
1.0000000103739461
1.0000000093930097
1.0000000083926754
1.0000000073753388
1.0000000063434327
1.0000000052994240
1.0000000042458070
1.0000000031850966
1.0000000021198245
1.0000000010525314
0.9999999999857603
0.9999999989220508
0.9999999978639338
0.9999999968139246
0.9999999957745187
0.9999999947481840
0.9999999937373546
0.9999999927444260
0.9999999917717487
0.9999999908216242
0.9999999898962973
0.9999999889979516
0.9999999881287059
0.9999999872906076
0.9999999864856264
0.9999999857156520
0.9999999849824902
0.9999999842878575
0.9999999836333755
0.9999999830205668
0.9999999824508541
0.9999999819255557
0.9999999814458825
0.9999999810129352
0.9999999806277010
0.9999999802910522
0.9999999800037436
0.9999999797664094
0.9999999795795625
0.9999999794435950
0.9999999793587750
0.9999999793252483
0.9999999793430376
0.9999999794120426
0.9999999795320383
0.9999999797026780
0.9999999799234915
0.9999999801938878
0.9999999805131558
0.9999999808804655
0.9999999812948718
0.9999999817553172
0.9999999822606329
0.9999999828095441
0.9999999834006692
0.9999999840325257
0.9999999847035318
0.9999999854120123
0.9999999861562006
0.9999999869342446
0.9999999877442112
0.9999999885840920
0.9999999894518063
0.9999999903452076
0.9999999912620865
0.9999999922001775
0.9999999931571644
0.9999999941306849
0.9999999951183356
0.9999999961176806
0.9999999971262562
0.9999999981415755
0.9999999991611365
1.0000000001824272
1.0000000012029309
1.0000000022201336
1.0000000032315290
1.0000000042346264
1.0000000052269551
1.0000000062060703
1.0000000071695598
1.0000000081150482
1.0000000090402046
1.0000000099427482
1.0000000108204519
1.0000000116711492
1.0000000124927382
1.0000000132831861
1.0000000140405354
1.0000000147629089
1.0000000154485145
1.0000000160956473
1.0000000167026959
1.0000000172681462
1.0000000177905835
1.0000000182686968
1.0000000187012834
1.0000000190872509
1.0000000194256187
1.0000000197155212
1.0000000199562109
1.0000000201470580
1.0000000202875536
1.0000000203773116
1.0000000204160679
1.0000000204036821
1.0000000203401376
1.0000000202255401
1.0000000200601187
1.0000000198442254
1.0000000195783358
1.0000000192630454
1.0000000188990692
1.0000000184872408
1.0000000180285094
1.0000000175239372
1.0000000169746985
1.0000000163820744
1.0000000157474509
1.0000000150723183
1.0000000143582655
1.0000000136069778
1.0000000128202295
1.0000000119998809
1.0000000111478751
1.0000000102662336
1.0000000093570500
1.0000000084224858
1.0000000074647650
1.0000000064861683
1.0000000054890275
1.0000000044757200
1.0000000034486640
1.0000000024103126
1.0000000013631474
1.0000000003096721
0.9999999992524096
0.9999999981938921
0.9999999971366578
0.9999999960832424
0.9999999950361743
0.9999999939979689
0.9999999929711234
0.9999999919581094
0.9999999909613650
0.9999999899832928
0.9999999890262519
0.9999999880925527
0.9999999871844524
0.9999999863041497
0.9999999854537782
0.9999999846354016
0.9999999838510083
0.9999999831025077
0.9999999823917239
0.9999999817203914
0.9999999810901530
0.9999999805025551
0.9999999799590434
0.9999999794609595
0.9999999790095393
0.9999999786059081
0.9999999782510780
0.9999999779459461
0.9999999776912916
0.9999999774877744
0.9999999773359336
0.9999999772361856
0.9999999771888244
0.9999999771940197
0.9999999772518169
0.9999999773621370
0.9999999775247753
0.9999999777394042
0.9999999780055719
0.9999999783227044
0.9999999786901065
0.9999999791069653
0.9999999795723520
0.9999999800852201
0.9999999806444114
0.9999999812486566
0.9999999818965805
0.9999999825867036
0.9999999833174470
0.9999999840871334
0.9999999848939942
0.9999999857361724
0.9999999866117284
0.9999999875186432
0.9999999884548224
0.9999999894181015
0.9999999904062508
0.9999999914169817
0.9999999924479519
0.9999999934967705
0.9999999945610055
0.9999999956381881
0.9999999967258177
0.9999999978213711
0.9999999989223046
1.0000000000260609
1.0000000011300765
1.0000000022317868
1.0000000033286316
1.0000000044180626
1.0000000054975486
1.0000000065645820
1.0000000076166862
1.0000000086514191
1.0000000096663804
1.0000000106592148
1.0000000116276184
1.0000000125693451
1.0000000134822111
1.0000000143641028
1.0000000152129809
1.0000000160268832
1.0000000168039309
1.0000000175423327
1.0000000182403881
1.0000000188964926
1.0000000195091399
1.0000000200769277
1.0000000205985604
1.0000000210728510
1.0000000214987252
1.0000000218752214
1.0000000222014955
1.0000000224768224
1.0000000227005963
1.0000000228723342
1.0000000229916770
1.0000000230583896
1.0000000230723618
1.0000000230336068
1.0000000229422628
1.0000000227985930
1.0000000226029835
1.0000000223559418
1.0000000220580987
1.0000000217102036
