1.0003099405187903
1.0003060298389894
1.0003013896569877
1.0002960310740356
1.0002899669053715
1.0002832116497464
1.0002757814549463
1.0002676940793918
1.0002589688498995
1.0002496266157128
1.0002396896989043
1.0002291818412623
1.0002181281477966
1.0002065550269865
1.0001944901279154
1.0001819622744381
1.0001690013965370
1.0001556384590273
1.0001419053877829
1.0001278349936520
1.0001134608942450
1.0000988174337770
1.0000839396011596
1.0000688629465300
1.0000536234964186
1.0000382576677604
1.0000228021809423
1.0000072939721047
0.9999917701049029
0.9999762676819401
0.9999608237560789
0.9999454752418443
0.9999302588271385
0.9999152108854675
0.9999003673888961
0.9998857638219401
0.9998714350966016
0.9998574154687545
0.9998437384560778
0.9998304367577356
0.9998175421760018
0.9998050855400114
0.9997930966318329
0.9997816041150311
0.9997706354658997
0.9997602169075269
0.9997503733468597
0.9997411283149124
0.9997325039102704
0.9997245207460258
0.9997171979002719
0.9997105528702804
0.9997046015304691
0.9996993580942678
0.9996948350799705
0.9996910432806614
0.9996879917382869
0.9996856877219333
0.9996841367103687
0.9996833423788916
0.9996833065905142
0.9996840293915039
0.9996855090112962
0.9996877418667748
0.9996907225709143
0.9996944439457582
0.9996988970397045
0.9997040711490537
0.9997099538437714
0.9997165309973945
0.9997237868210166
0.9997317039012623
0.9997402632421623
0.9997494443108251
0.9997592250867942
0.9997695821149701
0.9997804905619702
0.9997919242757844
0.9998038558485876
0.9998162566825491
0.9998290970584897
0.9998423462072054
0.9998559723833000
0.9998699429413345
0.9998842244141175
0.9998987825929461
0.9999135826095970
0.9999285890198780
0.9999437658885360
0.9999590768753133
0.9999744853219517
0.9999899543399304
1.0000054468987305
1.0000209259144102
1.0000363543382842
1.0000516952454916
1.0000669119232413
1.0000819679585251
1.0000968273250879
1.0001114544694518
1.0001258143957847
1.0001398727494168
1.0001535958988024
1.0001669510157376
1.0001799061536396
1.0001924303237044
1.0002044935687653
1.0002160670346731
1.0002271230390325
1.0002376351371376
1.0002475781849409
1.0002569283989176
1.0002656634126774
1.0002737623301998
1.0002812057755572
1.0002879759390142
1.0002940566193999
1.0002994332626489
1.0003040929964215
1.0003080246607212
1.0003112188344396
1.0003136678577660
1.0003153658504109
1.0003163087256002
1.0003164941998040
1.0003159217981852
1.0003145928557438
1.0003125105141657
1.0003096797143760
1.0003061071848176
1.0003018014254814
1.0002967726877234
1.0002910329499173
1.0002845958890014
1.0002774768479850
1.0002696927994892
1.0002612623054068
1.0002522054727767
1.0002425439059768
1.0002323006553473
1.0002215001623642
1.0002101682014883
1.0001983318188330
1.0001860192677909
1.0001732599417674
1.0001600843041856
1.0001465238159262
1.0001326108603699
1.0001183786662196
1.0001038612282898
1.0000890932264443
1.0000741099428803
1.0000589471779462
1.0000436411647036
1.0000282284824287
1.0000127459692594
0.9999972306341989
0.9999817195686848
0.9999662498579317
0.9999508584922664
0.9999355822786578
0.9999204577526631
0.9999055210909944
0.9998908080249184
0.9998763537546969
0.9998621928652739
0.9998483592434134
0.9998348859964882
0.9998218053731119
0.9998091486858095
0.9997969462359128
0.9997852272408614
0.9997740197640879
0.9997633506476551
0.9997532454478100
0.9997437283736114
0.9997348222287774
0.9997265483568994
0.9997189265901508
0.9997119752016209
0.9997057108613863
0.9997001485964285
0.9996953017544942
0.9996911819719901
0.9996877991459878
0.9996851614104061
0.9996832751164301
0.9996821448172168
0.9996817732569244
0.9996821613640916
0.9996833082493815
0.9996852112076965
0.9996878657246605
0.9996912654874469
0.9996954023999396
0.9997002666021708
0.9997058464940060
0.9997121287630059
0.9997190984164012
0.9997267388171062
0.9997350317236755
0.9997439573341114
0.9997534943334141
0.9997636199447576
0.9997743099841682
0.9997855389185737
0.9997972799270775
0.9998095049653105
0.9998221848327051
0.9998352892425284
0.9998487868945053
0.9998626455498529
0.9998768321085468
0.9998913126886301
0.9999060527073749
0.9999210169641009
0.9999361697244510
0.9999514748059202
0.9999668956644356
0.9999823954817729
0.9999979372536016
1.0000134838779544
1.0000289982439006
1.0000444433202154
1.0000597822438304
1.0000749784078600
1.0000899955489888
1.0001047978340118
1.0001193499453269
1.0001336171651687
1.0001475654583900
1.0001611615535939
1.0001743730224231
1.0001871683568178
1.0001995170440632
1.0002113896394456
1.0002227578363483
1.0002335945336229
1.0002438739000756
1.0002535714359173
1.0002626640310346
1.0002711300199443
1.0002789492332995
1.0002861030458334
1.0002925744206199
1.0002983479495542
1.0003034098899584
1.0003077481972222
1.0003113525534064
1.0003142143917394
1.0003163269169517
1.0003176851214008
1.0003182857969484
1.0003181275425646
1.0003172107676364
1.0003155376909751
1.0003131123355258
1.0003099405187903
1.0003060298389894
1.0003013896569877
1.0002960310740356
