1.0206790390499649
1.0204231119156586
1.0201194760668850
1.0197687897926149
1.0193718144708279
1.0189294134227271
1.0184425506012198
1.0179122891109949
1.0173397895573084
1.0167263082204399
1.0160731950526449
1.0153818914943662
1.0146539281064566
1.0138909220152001
1.0130945741670354
1.0122666663900537
1.0114090582595971
1.0105236837656077
1.0096125477797677
1.0086777223209791
1.0077213426182774
1.0067456029709481
1.0057527524063496
1.0047450901367778
1.0037249608176328
1.0026947496101444
1.0016568770530145
1.0006137937484860
0.9995679748696048
0.9985219144967444
0.9974781197928339
0.9964391050281504
0.9954073854669967
0.9943854711300807
0.9933758604479017
0.9923810338219675
0.9914034471121324
0.9904455250698176
0.9895096547382510
0.9885981788422071
0.9877133891909537
0.9868575201192403
0.9860327419921512
0.9852411548005015
0.9844847818741220
0.9837655637408748
0.9830853521595228
0.9824459043546667
0.9818488774818063
0.9812958233501871
0.9807881834304840
0.9803272841734800
0.9799143326647991
0.9795504126393766
0.9792364808777732
0.9789733640046065
0.9787617557073637
0.9786022143916319
0.9784951612863999
0.9784408790105537
0.9784395106090238
0.9784910590643081
0.9785953872862692
0.9787522185802714
0.9789611375908781
0.9792215917155129
0.9795328929797426
0.9798942203631735
0.9803046225624200
0.9807630211752023
0.9812682142874153
0.9818188804429664
0.9824135829743607
0.9830507746704087
0.9837288027560585
0.9844459141582309
0.9852002610306440
0.9859899065099875
0.9868128306753924
0.9876669366830026
0.9885500570474993
0.9894599600427265
0.9903943561940394
0.9913509048356700
0.9923272207072453
0.9933208805645729
0.9943294297809295
0.9953503889163311
0.9963812602335630
0.9974195341411646
0.9984626955449994
0.9995082300915336
1.0005536302874338
1.0015964014816139
1.0026340676973380
1.0036641773034560
1.0046843085152644
1.0056920747168645
1.0066851295981984
1.0076611721011874
1.0086179511705753
1.0095532703061618
1.0104649919141331
1.0113510414561013
1.0122094113953215
1.0130381649402822
1.0138354395865399
1.0145994504582367
1.0153284934512294
1.0160209481801601
1.0166752807321349
1.0172900462299195
1.0178638912077438
1.0183955558029179
1.0188838757665106
1.0193277842963213
1.0197263136953194
1.0200785968585981
1.0203838685917335
1.0206414667632235
1.0208508332934512
1.0210115149823340
1.0211231641775231
1.0211855392846940
1.0211985051211208
1.0211620331133764
1.0210762013396237
1.0209411944166038
1.0207573032310375
1.0205249245147956
1.0202445602628314
1.0199168169925119
1.0195424048426482
1.0191221365102148
1.0186569260224592
1.0181477873418410
1.0175958328010128
1.0170022713648712
1.0163684067165608
1.0156956351642199
1.0149854433652103
1.0142394058645952
1.0134591824446999
1.0126465152827286
1.0118032259136316
1.0109312119956970
1.0100324438767059
1.0091089609589328
1.0081628678618042
1.0071963303816360
1.0062115712485797
1.0052108656816936
1.0041965367439272
1.0031709504997723
1.0021365109793885
1.0010956549541272
1.0000508465296085
0.9990045715637591
0.9979593319185758
0.9969176395557678
0.9958820104878912
0.9948549585980458
0.9938389893427189
0.9928365933538558
0.9918502399577358
0.9908823706297044
0.9899353924052422
0.9890116712692117
0.9881135255464072
0.9872432193177150
0.9864029558872566
0.9855948713268003
0.9848210281245012
0.9840834089656084
0.9833839106731651
0.9827243383369199
0.9821063996586259
0.9815316995416355
0.9810017349521888
0.9805178900790419
0.9800814318170855
0.9796935055993572
0.9793551316003797
0.9790672013320363
0.9788304746512821
0.9786455771968531
0.9785129982698314
0.9784330891704641
0.9784060620010215
0.9784319889417838
0.9785108020044490
0.9786422932644305
0.9788261155706606
0.9790617837286785
0.9793486761500023
0.9796860369580660
0.9800729785384021
0.9805084845182822
0.9809914131587060
0.9815205011395116
0.9820943677164390
0.9827115192272649
0.9833703539226405
0.9840691670960189
0.9848061564860470
0.9855794279240472
0.9863870011986859
0.9872268161096622
0.9880967386822004
0.9889945675143040
0.9899180402291240
0.9908648400053651
0.9918326021594192
0.9928189207538248
0.9938213552077193
0.9948374368861159
0.9958646756461299
0.9969005663196401
0.9979425951132930
0.9989882459082285
1.0000350064434014
1.0010803743678791
1.0021218631489976
1.0031570078247285
1.0041833705900636
1.0051985462086142
1.0062001672419705
1.0071859090906528
1.0081534948416808
1.0091006999189369
1.0100253565335349
1.0109253579323816
1.0117986624439947
1.0126432973214303
1.0134573623828791
1.0142390334511089
1.0149865655934520
1.0156982961644991
1.0163726476540045
1.0170081303428196
1.0176033447698694
1.0181569840133382
1.0186678357893015
1.0191347843710703
1.0195568123324570
1.0199330021180872
1.0202625374437431
1.0205447045295275
1.0207788931684203
1.0209645976325423
1.0211014174191460
1.0211890578380425
1.0212273304418420
1.0212161533000303
1.0211555511175394
1.0210456551981062
1.0208867032523281
1.0206790390499649
1.0204231119156586
1.0201194760668850
1.0197687897926149
