1.0000003185790183
1.0000003147788445
1.0000003102425017
1.0000003049810666
1.0000002990073373
1.0000002923358056
1.0000002849826213
1.0000002769655538
1.0000002683039497
1.0000002590186856
1.0000002491321176
1.0000002386680278
1.0000002276515685
1.0000002161092023
1.0000002040686367
1.0000001915587604
1.0000001786095727
1.0000001652521122
1.0000001515183816
1.0000001374412733
1.0000001230544879
1.0000001083924559
1.0000000934902535
1.0000000783835203
1.0000000631083739
1.0000000477013216
1.0000000321991762
1.0000000166389658
1.0000000010578460
0.9999999854930103
0.9999999699816018
0.9999999545606263
0.9999999392668615
0.9999999241367711
0.9999999092064167
0.9999998945113713
0.9999998800866348
0.9999998659665491
0.9999998521847170
0.9999998387739217
0.9999998257660481
0.9999998131920078
0.9999998010816648
0.9999997894637642
0.9999997783658647
0.9999997678142738
0.9999997578339823
0.9999997484486053
0.9999997396803254
0.9999997315498403
0.9999997240763162
0.9999997172773375
0.9999997111688694
0.9999997057652172
0.9999997010789927
0.9999996971210843
0.9999996939006305
0.9999996914249980
0.9999996896997655
0.9999996887287109
0.9999996885138033
0.9999996890551964
0.9999996903512293
0.9999996923984300
0.9999996951915244
0.9999996987234491
0.9999997029853677
0.9999997079666936
0.9999997136551148
0.9999997200366223
0.9999997270955452
0.9999997348145899
0.9999997431748811
0.9999997521560052
0.9999997617360610
0.9999997718917109
0.9999997825982395
0.9999997938296106
0.9999998055585292
0.9999998177565077
0.9999998303939356
0.9999998434401497
0.9999998568635071
0.9999998706314628
0.9999998847106458
0.9999998990669409
0.9999999136655680
0.9999999284711673
0.9999999434478846
0.9999999585594560
0.9999999737692953
0.9999999890405832
1.0000000043363551
1.0000000196195873
1.0000000348532874
1.0000000500005821
1.0000000650248075
1.0000000798895958
1.0000000945589620
1.0000001089973904
1.0000001231699225
1.0000001370422387
1.0000001505807392
1.0000001637526250
1.0000001765259783
1.0000001888698389
1.0000002007542765
1.0000002121504643
1.0000002230307483
1.0000002333687137
1.0000002431392472
1.0000002523185978
1.0000002608844329
1.0000002688158929
1.0000002760936408
1.0000002826999088
1.0000002886185411
1.0000002938350319
1.0000002983365610
1.0000003021120252
1.0000003051520632
1.0000003074490815
1.0000003089972693
1.0000003097926162
1.0000003098329195
1.0000003091177911
1.0000003076486552
1.0000003054287481
1.0000003024631097
1.0000002987585717
1.0000002943237418
1.0000002891689836
1.0000002833063919
1.0000002767497624
1.0000002695145593
1.0000002616178800
1.0000002530784127
1.0000002439163920
1.0000002341535525
1.0000002238130756
1.0000002129195338
1.0000002014988323
1.0000001895781485
1.0000001771858646
1.0000001643515002
1.0000001511056433
1.0000001374798764
1.0000001235067022
1.0000001092194650
1.0000000946522709
1.0000000798399065
1.0000000648177565
1.0000000496217176
1.0000000342881143
1.0000000188536113
1.0000000033551253
0.9999999878297376
0.9999999723146048
0.9999999568468692
0.9999999414635709
0.9999999262015598
0.9999999110974083
0.9999998961873209
0.9999998815070493
0.9999998670918065
0.9999998529761847
0.9999998391940702
0.9999998257785626
0.9999998127618958
0.9999998001753605
0.9999997880492303
0.9999997764126896
0.9999997652937622
0.9999997547192440
0.9999997447146391
0.9999997353041005
0.9999997265103691
0.9999997183547222
0.9999997108569216
0.9999997040351647
0.9999996979060408
0.9999996924844919
0.9999996877837776
0.9999996838154432
0.9999996805892926
0.9999996781133630
0.9999996763939070
0.9999996754353767
0.9999996752404136
0.9999996758098405
0.9999996771426599
0.9999996792360568
0.9999996820854061
0.9999996856842817
0.9999996900244704
0.9999996950959946
0.9999997008871332
0.9999997073844503
0.9999997145728274
0.9999997224354990
0.9999997309540922
0.9999997401086717
0.9999997498777865
0.9999997602385203
0.9999997711665466
0.9999997826361854
0.9999997946204664
0.9999998070911914
0.9999998200190011
0.9999998333734459
0.9999998471230593
0.9999998612354321
0.9999998756772897
0.9999998904145718
0.9999999054125126
0.9999999206357228
0.9999999360482764
0.9999999516137941
0.9999999672955310
0.9999999830564643
0.9999999988593822
1.0000000146669721
1.0000000304419101
1.0000000461469480
1.0000000617450027
1.0000000771992443
1.0000000924731842
1.0000001075307610
1.0000001223364279
1.0000001368552380
1.0000001510529279
1.0000001648959969
1.0000001783517876
1.0000001913885659
1.0000002039755942
1.0000002160832042
1.0000002276828703
1.0000002387472753
1.0000002492503772
1.0000002591674697
1.0000002684752396
1.0000002771518244
1.0000002851768659
1.0000002925315559
1.0000002991986829
1.0000003051626729
1.0000003104096229
1.0000003149273380
1.0000003187053585
1.0000003217349833
1.0000003240092934
1.0000003255231671
1.0000003262732919
1.0000003262581725
1.0000003254781344
1.0000003239353223
1.0000003216336957
1.0000003185790183
1.0000003147788445
1.0000003102425017
1.0000003049810666
