1.0000000239428841
1.0000000236804483
1.0000000233641495
1.0000000229947825
1.0000000225732673
1.0000000221006469
1.0000000215780847
1.0000000210068616
1.0000000203883734
1.0000000197241270
1.0000000190157363
1.0000000182649209
1.0000000174734991
1.0000000166433838
1.0000000157765789
1.0000000148751746
1.0000000139413419
1.0000000129773268
1.0000000119854446
1.0000000109680780
1.0000000099276669
1.0000000088667049
1.0000000077877325
1.0000000066933310
1.0000000055861171
1.0000000044687369
1.0000000033438579
1.0000000022141637
1.0000000010823471
0.9999999999511049
0.9999999988231306
0.9999999977011079
0.9999999965877049
0.9999999954855670
0.9999999943973107
0.9999999933255189
0.9999999922727328
0.9999999912414463
0.9999999902340992
0.9999999892530723
0.9999999883006806
0.9999999873791696
0.9999999864907101
0.9999999856373912
0.9999999848212174
0.9999999840441025
0.9999999833078648
0.9999999826142237
0.9999999819647968
0.9999999813610926
0.9999999808045095
0.9999999802963317
0.9999999798377256
0.9999999794297368
0.9999999790732894
0.9999999787691823
0.9999999785180886
0.9999999783205531
0.9999999781769910
0.9999999780876868
0.9999999780527939
0.9999999780723351
0.9999999781462020
0.9999999782741550
0.9999999784558242
0.9999999786907109
0.9999999789781882
0.9999999793175022
0.9999999797077744
0.9999999801480045
0.9999999806370709
0.9999999811737345
0.9999999817566400
0.9999999823843218
0.9999999830552074
0.9999999837676187
0.9999999845197785
0.9999999853098139
0.9999999861357604
0.9999999869955670
0.9999999878871040
0.9999999888081633
0.9999999897564674
0.9999999907296718
0.9999999917253725
0.9999999927411105
0.9999999937743804
0.9999999948226346
0.9999999958832901
0.9999999969537339
0.9999999980313299
0.9999999991134254
1.0000000001973566
1.0000000012804553
1.0000000023600544
1.0000000034334964
1.0000000044981374
1.0000000055513552
1.0000000065905557
1.0000000076131790
1.0000000086167056
1.0000000095986621
1.0000000105566274
1.0000000114882401
1.0000000123912014
1.0000000132632805
1.0000000141023222
1.0000000149062513
1.0000000156730766
1.0000000164008973
1.0000000170879046
1.0000000177323898
1.0000000183327460
1.0000000188874740
1.0000000193951841
1.0000000198545991
1.0000000202645598
1.0000000206240265
1.0000000209320823
1.0000000211879334
1.0000000213909124
1.0000000215404787
1.0000000216362213
1.0000000216778591
1.0000000216652420
1.0000000215983504
1.0000000214772964
1.0000000213023224
1.0000000210738016
1.0000000207922390
1.0000000204582671
1.0000000200726453
1.0000000196362577
1.0000000191501108
1.0000000186153313
1.0000000180331636
1.0000000174049670
1.0000000167322136
1.0000000160164835
1.0000000152594604
1.0000000144629295
1.0000000136287721
1.0000000127589614
1.0000000118555572
1.0000000109207023
1.0000000099566169
1.0000000089655920
1.0000000079499858
1.0000000069122177
1.0000000058547613
1.0000000047801394
1.0000000036909169
1.0000000025896951
1.0000000014791057
1.0000000003618055
0.9999999992404679
0.9999999981177790
0.9999999969964298
0.9999999958791105
0.9999999947685031
0.9999999936672763
0.9999999925780780
0.9999999915035303
0.9999999904462197
0.9999999894086934
0.9999999883934534
0.9999999874029499
0.9999999864395780
0.9999999855056694
0.9999999846034862
0.9999999837352159
0.9999999829029670
0.9999999821087630
0.9999999813545387
0.9999999806421354
0.9999999799732960
0.9999999793496612
0.9999999787727650
0.9999999782440313
0.9999999777647696
0.9999999773361726
0.9999999769593150
0.9999999766351495
0.9999999763645028
0.9999999761480750
0.9999999759864384
0.9999999758800361
0.9999999758291804
0.9999999758340511
0.9999999758946967
0.9999999760110315
0.9999999761828408
0.9999999764097768
0.9999999766913622
0.9999999770269890
0.9999999774159205
0.9999999778572949
0.9999999783501261
0.9999999788933055
0.9999999794856047
0.9999999801256796
0.9999999808120720
0.9999999815432127
0.9999999823174258
0.9999999831329334
0.9999999839878596
0.9999999848802360
0.9999999858080053
0.9999999867690254
0.9999999877610763
0.9999999887818642
0.9999999898290256
0.9999999909001344
0.9999999919927067
0.9999999931042088
0.9999999942320604
0.9999999953736433
0.9999999965263066
0.9999999976873728
0.9999999988541448
1.0000000000239118
1.0000000011939560
1.0000000023615585
1.0000000035240049
1.0000000046785924
1.0000000058226362
1.0000000069534765
1.0000000080684863
1.0000000091650751
1.0000000102406967
1.0000000112928549
1.0000000123191086
1.0000000133170790
1.0000000142844530
1.0000000152189896
1.0000000161185261
1.0000000169809813
1.0000000178043618
1.0000000185867670
1.0000000193263947
1.0000000200215438
1.0000000206706170
1.0000000212721269
1.0000000218246985
1.0000000223270720
1.0000000227781067
1.0000000231767852
1.0000000235222142
1.0000000238136262
1.0000000240503810
1.0000000242319671
1.0000000243580029
1.0000000244282383
1.0000000244425551
1.0000000244009666
1.0000000243036182
1.0000000241507876
1.0000000239428841
1.0000000236804483
1.0000000233641495
1.0000000229947825
