1.0000022298345563
1.0000022024363859
1.0000021698351917
1.0000021321097861
1.0000020893511907
1.0000020416624218
1.0000019891582406
1.0000019319648816
1.0000018702197482
1.0000018040710845
1.0000017336776204
1.0000016592081913
1.0000015808413349
1.0000014987648655
1.0000014131754233
1.0000013242780033
1.0000012322854666
1.0000011374180300
1.0000010399027415
1.0000009399729362
1.0000008378676786
1.0000007338311900
1.0000006281122664
1.0000005209636820
1.0000004126415836
1.0000003034048819
1.0000001935146317
1.0000000832334068
0.9999999728246737
0.9999998625521597
0.9999997526792240
0.9999996434682292
0.9999995351799130
0.9999994280727663
0.9999993224024165
0.9999992184210139
0.9999991163766300
0.9999990165126632
0.9999989190672589
0.9999988242727417
0.9999987323550601
0.9999986435332477
0.9999985580188977
0.9999984760156578
0.9999983977187449
0.9999983233144787
0.9999982529798356
0.9999981868820279
0.9999981251781032
0.9999980680145694
0.9999980155270464
0.9999979678399429
0.9999979250661583
0.9999978873068156
0.9999978546510179
0.9999978271756366
0.9999978049451296
0.9999977880113856
0.9999977764136011
0.9999977701781890
0.9999977693187160
0.9999977738358719
0.9999977837174674
0.9999977989384642
0.9999978194610353
0.9999978452346564
0.9999978761962279
0.9999979122702269
0.9999979533688872
0.9999979993924119
0.9999980502292118
0.9999981057561749
0.9999981658389606
0.9999982303323215
0.9999982990804517
0.9999983719173596
0.9999984486672667
0.9999985291450274
0.9999986131565726
0.9999987004993770
0.9999987909629424
0.9999988843293013
0.9999989803735393
0.9999990788643355
0.9999991795645140
0.9999992822316134
0.9999993866184678
0.9999994924737978
0.9999995995428121
0.9999997075678182
0.9999998162888400
0.9999999254442402
1.0000000347713458
1.0000001440070785
1.0000002528885823
1.0000003611538548
1.0000004685423736
1.0000005747957175
1.0000006796581891
1.0000007828774271
1.0000008842050101
1.0000009833970509
1.0000010802147794
1.0000011744251154
1.0000012658012252
1.0000013541230683
1.0000014391779217
1.0000015207608897
1.0000015986753936
1.0000016727336445
1.0000017427570913
1.0000018085768489
1.0000018700341049
1.0000019269804969
1.0000019792784702
1.0000020268016068
1.0000020694349279
1.0000021070751699
1.0000021396310326
1.0000021670233967
1.0000021891855151
1.0000022060631735
1.0000022176148200
1.0000022238116657
1.0000022246377538
1.0000022200900003
1.0000022101781980
1.0000021949249955
1.0000021743658432
1.0000021485489103
1.0000021175349709
1.0000020813972585
1.0000020402212926
1.0000019941046734
1.0000019431568490
1.0000018874988532
1.0000018272630171
1.0000017625926547
1.0000016936417198
1.0000016205744369
1.0000015435649121
1.0000014627967149
1.0000013784624424
1.0000012907632594
1.0000011999084140
1.0000011061147405
1.0000010096061402
1.0000009106130443
1.0000008093718651
1.0000007061244323
1.0000006011174138
1.0000004946017278
1.0000003868319423
1.0000002780656674
1.0000001685629369
1.0000000585855893
0.9999999483966383
0.9999998382596469
0.9999997284380973
0.9999996191947605
0.9999995107910676
0.9999994034864846
0.9999992975378924
0.9999991931989712
0.9999990907195951
0.9999989903452344
0.9999988923163697
0.9999987968679169
0.9999987042286628
0.9999986146207180
0.9999985282589876
0.9999984453506560
0.9999983660946913
0.9999982906813691
0.9999982192918171
0.9999981520975821
0.9999980892602196
0.9999980309309060
0.9999979772500779
0.9999979283470940
0.9999978843399258
0.9999978453348773
0.9999978114263293
0.9999977826965097
0.9999977592153019
0.9999977410400712
0.9999977282155296
0.9999977207736288
0.9999977187334823
0.9999977221013189
0.9999977308704673
0.9999977450213712
0.9999977645216350
0.9999977893260996
0.9999978193769500
0.9999978546038523
0.9999978949241233
0.9999979402429247
0.9999979904534896
0.9999980454373780
0.9999981050647585
0.9999981691947154
0.9999982376755863
0.9999983103453233
0.9999983870318812
0.9999984675536259
0.9999985517197670
0.9999986393308150
0.9999987301790537
0.9999988240490392
0.9999989207181111
0.9999990199569267
0.9999991215300067
0.9999992251962969
0.9999993307097439
0.9999994378198827
0.9999995462724334
0.9999996558099086
0.9999997661722264
0.9999998770973332
0.9999999883218273
1.0000000995815883
1.0000002106124057
1.0000003211506125
1.0000004309337125
1.0000005397010077
1.0000006471942193
1.0000007531581052
1.0000008573410677
1.0000009594957546
1.0000010593796500
1.0000011567556519
1.0000012513926395
1.0000013430660224
1.0000014315582784
1.0000015166594716
1.0000015981677546
1.0000016758898487
1.0000017496415061
1.0000018192479478
1.0000018845442817
1.0000019453758946
1.0000020015988211
1.0000020530800895
1.0000020996980350
1.0000021413425910
1.0000021779155539
1.0000022093308150
1.0000022355145652
1.0000022564054707
1.0000022719548181
1.0000022821266321
1.0000022868977592
1.0000022862579221
1.0000022802097439
1.0000022687687424
1.0000022519632923
1.0000022298345563
1.0000022024363859
1.0000021698351917
1.0000021321097861
