1.1016360890753689
1.1004941157018095
1.0991373915107017
1.0975678237118964
1.0957876336120502
1.0937993602670482
1.0916058645903288
1.0892103338954557
1.0866162868472145
1.0838275787909111
1.0808484074243712
1.0776833187713266
1.0743372134083518
1.0708153528902267
1.0671233663104869
1.0632672569249391
1.0592534087559935
1.0550885930848013
1.0507799747263278
1.0463351179696494
1.0417619920519674
1.0370689760201048
1.0322648628177207
1.0273588624202441
1.0223606038227648
1.0172801356691237
1.0121279252934641
1.0069148559289820
1.0016522218230073
0.9963517209834338
0.9910254452695844
0.9856858675316024
0.9803458254973035
0.9750185021050555
0.9697174019867280
0.9644563238171908
0.9592493282673158
0.9541107013271299
0.9490549128056397
0.9440965698648053
0.9392503655078863
0.9345310220172307
0.9299532294235179
0.9255315791869932
0.9212804933802143
0.9172141497795733
0.9133464033969215
0.9096907051098473
0.9062600181757609
0.9030667335364823
0.9001225849316286
0.8974385649355718
0.8950248431088793
0.8928906875059964
0.8910443908020619
0.8894932022896386
0.8882432669484953
0.8872995727074281
0.8866659068972708
0.8863448227411120
0.8863376165454914
0.8866443160506426
0.8872636801757122
0.8881932101641375
0.8894291719034665
0.8909666289711738
0.8927994857514522
0.8949205397845217
0.8973215423554726
0.8999932662082543
0.9029255791846614
0.9061075225388935
0.9095273926646019
0.9131728249910578
0.9170308788546810
0.9210881222272773
0.9253307152780150
0.9297444918572046
0.9343150381111494
0.9390277675638012
0.9438679921282650
0.9488209886354444
0.9538720605852136
0.9590065949349249
0.9642101138390726
0.9694683213414093
0.9747671450962182
0.9800927732587015
0.9854316867359342
0.9907706870301871
0.9960969199365349
1.0013978953775444
1.0066615036705984
1.0118760285291837
1.0170301570993379
1.0221129873274859
1.0271140329470598
1.0320232263594693
1.0368309196709662
1.0415278841313891
1.0461053082042810
1.0505547944809195
1.0548683556337610
1.0590384095880623
1.0630577740741545
1.0669196607072866
1.0706176687271884
1.0741457785156729
1.0774983449977016
1.0806700910194413
1.0836561007859296
1.0864518134309973
1.0890530167830768
1.0914558413823741
1.0936567547975407
1.0956525562834509
1.0974403718158312
1.0990176495332791
1.1003821556125981
1.1015319705992659
1.1024654862112069
1.1031814026307949
1.1036787262970897
1.1039567682076947
1.1040151427372100
1.1038537669770199
1.1034728605990392
1.1028729462439997
1.1020548504328125
1.1010197049974704
1.0997689490257958
1.0983043313120235
1.0966279133027155
1.0947420725247425
1.0926495064790072
1.0903532369801623
1.0878566149187170
1.0851633254175905
1.0822773933502916
1.0792031891823972
1.0759454350918347
1.0725092113165684
1.0688999626705731
1.0651235051604309
1.0611860326254099
1.0570941233134834
1.0528547462943545
1.0484752675981888
1.0439634559553896
1.0393274879984709
1.0345759527718912
1.0297178553797859
1.0247626195849560
1.0197200891555382
1.0146005277386896
1.0094146170237748
1.0041734529413786
0.9988885396294781
0.9935717808849630
0.9882354688080893
0.9828922693402402
0.9775552043924624
0.9722376302646595
0.9669532120641569
0.9617158938487063
0.9565398642440006
0.9514395173205152
0.9464294085599139
0.9415242057981995
0.9367386351017312
0.9320874216133661
0.9275852254990569
0.9232465732294368
0.9190857845448390
0.9151168955737522
0.9113535787010960
0.9078090599104429
0.9044960344492443
0.9014265817835613
0.8986120809136848
0.8960631272090775
0.8937894519852086
0.8917998460812503
0.8901020887023295
0.8887028827600739
0.8876077978789189
0.8868212221329782
0.8863463234408244
0.8861850213766049
0.8863379699605087
0.8868045517761028
0.8875828835339663
0.8886698329686300
0.8900610467274969
0.8917509886944794
0.8937329879950183
0.8959992957594217
0.8985411495830827
0.9013488445184699
0.9044118093664981
0.9077186870039403
0.9112574174873302
0.9150153227093947
0.9189791914474564
0.9231353637297459
0.9274698135500180
0.9319682290780303
0.9366160896382362
0.9413987388567531
0.9463014535031558
0.9513095076753568
0.9564082320900062
0.9615830683453354
0.9668196181167532
0.9721036873269887
0.9774213254018488
0.9827588597799261
0.9881029258903289
0.9934404928475284
0.9987588851376823
1.0040458005873747
1.0092893249147250
1.0144779431654081
1.0196005483333528
1.0246464474587778
1.0296053654857040
1.0344674471479951
1.0392232571380382
1.0438637787960308
1.0483804115410025
1.0527649672476258
1.0570096657559043
1.0611071296842625
1.0650503787005896
1.0688328233905950
1.0724482588485158
1.0758908581018252
1.0791551654692042
1.0822360899396175
1.0851288986498964
1.0878292105287519
1.0903329901665448
1.0926365419624169
1.0947365045934569
1.0966298458443835
1.0983138578307134
1.0997861526434802
1.1010446584392215
1.1020876159950854
1.1029135757454716
1.1035213953135559
1.1039102375482823
1.1040795690748992
1.1040291593648150
1.1037590803283746
1.1032697064320891
1.1025617153398204
1.1016360890753689
1.1004941157018095
1.0991373915107017
1.0975678237118964
