1.0000024010776649
1.0000023715518926
1.0000023364220441
1.0000022957730208
1.0000022497028784
1.0000021983225886
1.0000021417557767
1.0000020801384246
1.0000020136185452
1.0000019423558304
1.0000018665212671
1.0000017862967279
1.0000017018745360
1.0000016134570049
1.0000015212559550
1.0000014254922052
1.0000013263950480
1.0000012242017002
1.0000011191567366
1.0000010115115039
1.0000009015235194
1.0000007894558551
1.0000006755765092
1.0000005601577644
1.0000004434755392
1.0000003258087262
1.0000002074385277
1.0000000886477813
0.9999999697202848
0.9999998509401195
0.9999997325909697
0.9999996149554458
0.9999994983144077
0.9999993829462941
0.9999992691264570
0.9999991571265039
0.9999990472136491
0.9999989396500745
0.9999988346923014
0.9999987325905813
0.9999986335882974
0.9999985379213805
0.9999984458177478
0.9999983574967584
0.9999982731686896
0.9999981930342331
0.9999981172840177
0.9999980460981535
0.9999979796458012
0.9999979180847693
0.9999978615611378
0.9999978102089083
0.9999977641496859
0.9999977234923885
0.9999976883329862
0.9999976587542738
0.9999976348256709
0.9999976166030595
0.9999976041286507
0.9999975974308857
0.9999975965243679
0.9999976014098285
0.9999976120741259
0.9999976284902772
0.9999976506175237
0.9999976784014291
0.9999977117740106
0.9999977506539037
0.9999977949465571
0.9999978445444576
0.9999978993273919
0.9999979591627332
0.9999980239057585
0.9999980933999973
0.9999981674776043
0.9999982459597614
0.9999983286571075
0.9999984153701923
0.9999985058899550
0.9999985999982236
0.9999986974682381
0.9999987980651932
0.9999989015468018
0.9999990076638732
0.9999991161609110
0.9999992267767264
0.9999993392450617
0.9999994532952285
0.9999995686527561
0.9999996850400485
0.9999998021770499
0.9999999197819147
1.0000000375716827
1.0000001552629549
1.0000002725725734
1.0000003892182989
1.0000005049194876
1.0000006193977617
1.0000007323776756
1.0000008435873748
1.0000009527592486
1.0000010596305711
1.0000011639441286
1.0000012654488364
1.0000013639003404
1.0000014590616033
1.0000015507034683
1.0000016386052117
1.0000017225550706
1.0000018023507498
1.0000018777999051
1.0000019487206067
1.0000020149417714
1.0000020763035744
1.0000021326578319
1.0000021838683546
1.0000022298112770
1.0000022703753537
1.0000023054622278
1.0000023349866640
1.0000023588767539
1.0000023770740898
1.0000023895339036
1.0000023962251763
1.0000023971307110
1.0000023922471744
1.0000023815851045
1.0000023651688874
1.0000023430367013
1.0000023152404249
1.0000022818455157
1.0000022429308515
1.0000021985885443
1.0000021489237201
1.0000020940542664
1.0000020341105524
1.0000019692351174
1.0000018995823305
1.0000018253180230
1.0000017466190911
1.0000016636730751
1.0000015766777102
1.0000014858404558
1.0000013913779975
1.0000012935157301
1.0000011924872179
1.0000010885336381
1.0000009819032047
1.0000008728505771
1.0000007616362487
1.0000006485259259
1.0000005337898912
1.0000004177023591
1.0000003005408200
1.0000001825853777
1.0000000641180788
0.9999999454222381
0.9999998267817625
0.9999997084804726
0.9999995908014222
0.9999994740262222
0.9999993584343672
0.9999992443025661
0.9999991319040822
0.9999990215080793
0.9999989133789789
0.9999988077758264
0.9999987049516715
0.9999986051529646
0.9999985086189656
0.9999984155811722
0.9999983262627667
0.9999982408780816
0.9999981596320863
0.9999980827198965
0.9999980103263073
0.9999979426253505
0.9999978797798789
0.9999978219411767
0.9999977692485981
0.9999977218292310
0.9999976797975938
0.9999976432553600
0.9999976122911154
0.9999975869801453
0.9999975673842538
0.9999975535516151
0.9999975455166570
0.9999975432999775
0.9999975469082961
0.9999975563344378
0.9999975715573469
0.9999975925421388
0.9999976192401819
0.9999976515892126
0.9999976895134822
0.9999977329239375
0.9999977817184338
0.9999978357819773
0.9999978949869992
0.9999979591936592
0.9999980282501791
0.9999981019932042
0.9999981802481946
0.9999982628298392
0.9999983495424989
0.9999984401806732
0.9999985345294884
0.9999986323652126
0.9999987334557888
0.9999988375613876
0.9999989444349801
0.9999990538229276
0.9999991654655876
0.9999992790979312
0.9999993944501754
0.9999995112484282
0.9999996292153416
0.9999997480707751
0.9999998675324633
0.9999999873166892
1.0000001071389626
1.0000002267146970
1.0000003457598898
1.0000004639918012
1.0000005811296273
1.0000006968951689
1.0000008110134968
1.0000009232136087
1.0000010332290759
1.0000011407986789
1.0000012456670306
1.0000013475851854
1.0000014463112321
1.0000015416108732
1.0000016332579837
1.0000017210351508
1.0000018047341930
1.0000018841566556
1.0000019591142841
1.0000020294294727
1.0000020949356880
1.0000021554778669
1.0000022109127860
1.0000022611094035
1.0000023059491709
1.0000023453263165
1.0000023791480954
1.0000024073350113
1.0000024298210060
1.0000024465536170
1.0000024574941020
1.0000024626175288
1.0000024619128374
1.0000024553828639
1.0000024430443324
1.0000024249278170
1.0000024010776649
1.0000023715518926
1.0000023364220441
1.0000022957730208
