1.0000352020148136
1.0000347608062994
1.0000342369141724
1.0000336315963254
1.0000329463050173
1.0000321826833976
1.0000313425615794
1.0000304279522654
1.0000294410459363
1.0000283842056141
1.0000272599612148
1.0000260710035018
1.0000248201776563
1.0000235104764772
1.0000221450332298
1.0000207271141559
1.0000192601106686
1.0000177475312471
1.0000161929930518
1.0000146002132790
1.0000129730002778
1.0000113152444490
1.0000096309089477
1.0000079240202124
1.0000061986583428
1.0000044589473447
1.0000027090452752
1.0000009531343035
0.9999991954107180
0.9999974400748948
0.9999956913212579
0.9999939533282529
0.9999922302483594
0.9999905261981650
0.9999888452485263
0.9999871914148376
0.9999855686474324
0.9999839808221404
0.9999824317310215
0.9999809250733016
0.9999794644465302
0.9999780533379797
0.9999766951163096
0.9999753930235122
0.9999741501671631
0.9999729695129914
0.9999718538777941
0.9999708059227015
0.9999698281468145
0.9999689228812324
0.9999680922834826
0.9999673383323621
0.9999666628232088
0.9999660673636136
0.9999655533695785
0.9999651220621341
0.9999647744644231
0.9999645113992577
0.9999643334871571
0.9999642411448688
0.9999642345843757
0.9999643138123945
0.9999644786303656
0.9999647286349328
0.9999650632189153
0.9999654815727627
0.9999659826864994
0.9999665653521447
0.9999672281666098
0.9999679695350600
0.9999687876747351
0.9999696806192193
0.9999706462231512
0.9999716821673618
0.9999727859644256
0.9999739549646179
0.9999751863622570
0.9999764772024217
0.9999778243880244
0.9999792246872259
0.9999806747411691
0.9999821710720205
0.9999837100912915
0.9999852881084276
0.9999869013396380
0.9999885459169497
0.9999902178974636
0.9999919132727875
0.9999936279786293
0.9999953579045194
0.9999970989036431
0.9999988468027624
1.0000005974122010
1.0000023465358616
1.0000040899812666
1.0000058235695841
1.0000075431456252
1.0000092445877820
1.0000109238178843
1.0000125768109545
1.0000141996048320
1.0000157883096503
1.0000173391171381
1.0000188483097261
1.0000203122694393
1.0000217274865488
1.0000230905679617
1.0000243982453392
1.0000256473829088
1.0000268349849630
1.0000279582030231
1.0000290143426498
1.0000300008698861
1.0000309154173199
1.0000317557897431
1.0000325199694029
1.0000332061208272
1.0000338125952140
1.0000343379343759
1.0000347808742298
1.0000351403478203
1.0000354154878752
1.0000356056288802
1.0000357103086752
1.0000357292695605
1.0000356624589184
1.0000355100293417
1.0000352723382764
1.0000349499471697
1.0000345436201319
1.0000340543221187
1.0000334832166269
1.0000328316629186
1.0000321012127773
1.0000312936068052
1.0000304107702696
1.0000294548085056
1.0000284280018881
1.0000273328003879
1.0000261718177184
1.0000249478250947
1.0000236637446163
1.0000223226422877
1.0000209277206948
1.0000194823113542
1.0000179898667541
1.0000164539521073
1.0000148782368312
1.0000132664857806
1.0000116225502520
1.0000099503587825
1.0000082539077613
1.0000065372518769
1.0000048044944290
1.0000030597775189
1.0000013072721532
0.9999995511682707
0.9999977956647281
0.9999960449592640
0.9999943032384611
0.9999925746677382
0.9999908633813915
0.9999891734727089
0.9999875089841820
0.9999858738978411
0.9999842721257319
0.9999827075005602
0.9999811837665258
0.9999797045703667
0.9999782734526359
0.9999768938392335
0.9999755690332105
0.9999743022068687
0.9999730963941695
0.9999719544834756
0.9999708792106395
0.9999698731524579
0.9999689387205044
0.9999680781553579
0.9999672935212393
0.9999665867010713
0.9999659593919688
0.9999654131011775
0.9999649491424625
0.9999645686329615
0.9999642724905080
0.9999640614314309
0.9999639359688367
0.9999638964113771
0.9999639428625053
0.9999640752202228
0.9999642931773172
0.9999645962220916
0.9999649836395840
0.9999654545132717
0.9999660077272580
0.9999666419689363
0.9999673557321223
0.9999681473206518
0.9999690148524315
0.9999699562639346
0.9999709693151289
0.9999720515948272
0.9999732005264499
0.9999744133741805
0.9999756872495009
0.9999770191180939
0.9999784058070940
0.9999798440126682
0.9999813303079093
0.9999828611510244
0.9999844328937972
0.9999860417903050
0.9999876840058695
0.9999893556262183
0.9999910526668365
0.9999927710824870
0.9999945067768736
0.9999962556124293
0.9999980134202006
0.9999997760098066
1.0000015391794499
1.0000032987259515
1.0000050504547942
1.0000067901901402
1.0000085137848047
1.0000102171301624
1.0000118961659599
1.0000135468900144
1.0000151653677685
1.0000167477416888
1.0000182902404779
1.0000197891880798
1.0000212410124569
1.0000226422541183
1.0000239895743832
1.0000252797633498
1.0000265097475578
1.0000276765973275
1.0000287775337513
1.0000298099353284
1.0000307713442225
1.0000316594721248
1.0000324722057174
1.0000332076117142
1.0000338639414761
1.0000344396351837
1.0000349333255565
1.0000353438411149
1.0000356702089725
1.0000359116571576
1.0000360676164499
1.0000361377217364
1.0000361218128793
1.0000360199350942
1.0000358323388350
1.0000355594791950
1.0000352020148136
1.0000347608062994
1.0000342369141724
1.0000336315963254
