1.0000000000232208
1.0000000000232303
1.0000000000232001
1.0000000000231313
1.0000000000230240
1.0000000000228790
1.0000000000226972
1.0000000000224796
1.0000000000222267
1.0000000000219398
1.0000000000216209
1.0000000000212712
1.0000000000208911
1.0000000000204810
1.0000000000200420
1.0000000000195739
1.0000000000190774
1.0000000000185552
1.0000000000180098
1.0000000000174438
1.0000000000168590
1.0000000000162566
1.0000000000156386
1.0000000000150071
1.0000000000143636
1.0000000000137095
1.0000000000130462
1.0000000000123763
1.0000000000117018
1.0000000000110254
1.0000000000103486
1.0000000000096718
1.0000000000089957
1.0000000000083222
1.0000000000076532
1.0000000000069902
1.0000000000063360
1.0000000000056912
1.0000000000050573
1.0000000000044345
1.0000000000038254
1.0000000000032307
1.0000000000026521
1.0000000000020908
1.0000000000015479
1.0000000000010245
1.0000000000005214
1.0000000000000382
0.9999999999995747
0.9999999999991320
0.9999999999987111
0.9999999999983137
0.9999999999979406
0.9999999999975929
0.9999999999972708
0.9999999999969752
0.9999999999967067
0.9999999999964670
0.9999999999962559
0.9999999999960728
0.9999999999959175
0.9999999999957896
0.9999999999956880
0.9999999999956123
0.9999999999955623
0.9999999999955375
0.9999999999955375
0.9999999999955614
0.9999999999956088
0.9999999999956781
0.9999999999957679
0.9999999999958770
0.9999999999960045
0.9999999999961497
0.9999999999963126
0.9999999999964924
0.9999999999966885
0.9999999999969011
0.9999999999971296
0.9999999999973727
0.9999999999976298
0.9999999999978996
0.9999999999981808
0.9999999999984712
0.9999999999987692
0.9999999999990733
0.9999999999993828
0.9999999999996967
1.0000000000000149
1.0000000000003377
1.0000000000006648
1.0000000000009945
1.0000000000013261
1.0000000000016578
1.0000000000019889
1.0000000000023179
1.0000000000026441
1.0000000000029652
1.0000000000032792
1.0000000000035838
1.0000000000038782
1.0000000000041627
1.0000000000044373
1.0000000000047016
1.0000000000049529
1.0000000000051903
1.0000000000054130
1.0000000000056206
1.0000000000058122
1.0000000000059872
1.0000000000061449
1.0000000000062854
1.0000000000064071
1.0000000000065077
1.0000000000065856
1.0000000000066396
1.0000000000066693
1.0000000000066760
1.0000000000066600
1.0000000000066218
1.0000000000065616
1.0000000000064793
1.0000000000063745
1.0000000000062474
1.0000000000060989
1.0000000000059299
1.0000000000057412
1.0000000000055342
1.0000000000053091
1.0000000000050646
1.0000000000048006
1.0000000000045175
1.0000000000042151
1.0000000000038936
1.0000000000035527
1.0000000000031923
1.0000000000028133
1.0000000000024170
1.0000000000020040
1.0000000000015750
1.0000000000011318
1.0000000000006757
1.0000000000002083
0.9999999999997302
0.9999999999992417
0.9999999999987431
0.9999999999982346
0.9999999999977170
0.9999999999971909
0.9999999999966581
0.9999999999961202
0.9999999999955786
0.9999999999950351
0.9999999999944906
0.9999999999939462
0.9999999999934031
0.9999999999928630
0.9999999999923278
0.9999999999917984
0.9999999999912770
0.9999999999907643
0.9999999999902621
0.9999999999897726
0.9999999999892973
0.9999999999888382
0.9999999999883967
0.9999999999879743
0.9999999999875719
0.9999999999871904
0.9999999999868305
0.9999999999864915
0.9999999999861725
0.9999999999858732
0.9999999999855947
0.9999999999853382
0.9999999999851034
0.9999999999848922
0.9999999999847061
0.9999999999845456
0.9999999999844115
0.9999999999843032
0.9999999999842210
0.9999999999841644
0.9999999999841348
0.9999999999841334
0.9999999999841612
0.9999999999842195
0.9999999999843092
0.9999999999844301
0.9999999999845826
0.9999999999847665
0.9999999999849820
0.9999999999852298
0.9999999999855094
0.9999999999858213
0.9999999999861646
0.9999999999865381
0.9999999999869401
0.9999999999873697
0.9999999999878277
0.9999999999883138
0.9999999999888263
0.9999999999893650
0.9999999999899287
0.9999999999905153
0.9999999999911238
0.9999999999917535
0.9999999999924034
0.9999999999930717
0.9999999999937574
0.9999999999944599
0.9999999999951785
0.9999999999959132
0.9999999999966622
0.9999999999974244
0.9999999999981989
0.9999999999989850
0.9999999999997816
1.0000000000005864
1.0000000000013982
1.0000000000022162
1.0000000000030391
1.0000000000038660
1.0000000000046940
1.0000000000055218
1.0000000000063474
1.0000000000071689
1.0000000000079856
1.0000000000087961
1.0000000000095990
1.0000000000103937
1.0000000000111788
1.0000000000119527
1.0000000000127141
1.0000000000134603
1.0000000000141891
1.0000000000148992
1.0000000000155891
1.0000000000162570
1.0000000000169018
1.0000000000175222
1.0000000000181162
1.0000000000186817
1.0000000000192180
1.0000000000197242
1.0000000000202012
1.0000000000206484
1.0000000000210632
1.0000000000214435
1.0000000000217886
1.0000000000220968
1.0000000000223674
1.0000000000226015
1.0000000000227998
1.0000000000229612
1.0000000000230858
1.0000000000231726
1.0000000000232208
1.0000000000232303
1.0000000000232001
1.0000000000231313
