1.0000071789908545
1.0000070898412057
1.0000069838811851
1.0000068613660293
1.0000067225904643
1.0000065678879986
1.0000063976301266
1.0000062122254398
1.0000060121186487
1.0000057977895171
1.0000055697517174
1.0000053285515995
1.0000050747668849
1.0000048090052862
1.0000045319030533
1.0000042441234522
1.0000039463551802
1.0000036393107183
1.0000033237246271
1.0000030003517921
1.0000026699656182
1.0000023333561809
1.0000019913283380
1.0000016446998050
1.0000012942992009
1.0000009409640671
1.0000005855388652
1.0000002288729606
0.9999998718185906
0.9999995152288270
0.9999991599555383
0.9999988068473521
0.9999984567476276
0.9999981104924424
0.9999977689085927
0.9999974328116173
0.9999971030038474
0.9999967802724888
0.9999964653877444
0.9999961591009714
0.9999958621428855
0.9999955752218171
0.9999952990220167
0.9999950342020185
0.9999947813930716
0.9999945411976296
0.9999943141879125
0.9999941009045390
0.9999939018552366
0.9999937175136271
0.9999935483180965
0.9999933946707490
0.9999932569364475
0.9999931354419402
0.9999930304750823
0.9999929422841504
0.9999928710772498
0.9999928170218177
0.9999927802442254
0.9999927608294785
0.9999927588210140
0.9999927742206002
0.9999928069883337
0.9999928570427354
0.9999929242609473
0.9999930084790279
0.9999931094923467
0.9999932270560771
0.9999933608857806
0.9999935106580903
0.9999936760114849
0.9999938565471583
0.9999940518299727
0.9999942613895015
0.9999944847211560
0.9999947212873951
0.9999949705190111
0.9999952318164910
0.9999955045514548
0.9999957880681583
0.9999960816850645
0.9999963846964743
0.9999966963742163
0.9999970159693889
0.9999973427141547
0.9999976758235768
0.9999980144974964
0.9999983579224490
0.9999987052736121
0.9999990557167793
0.9999994084103553
0.9999997625073710
1.0000001171575090
1.0000004715091406
1.0000008247113628
1.0000011759160345
1.0000015242798088
1.0000018689661481
1.0000022091473271
1.0000025440064111
1.0000028727392134
1.0000031945562200
1.0000035086844796
1.0000038143694514
1.0000041108768123
1.0000043974942121
1.0000046735329797
1.0000049383297709
1.0000051912481560
1.0000054316801452
1.0000056590476407
1.0000058728038237
1.0000060724344599
1.0000062574591342
1.0000064274323976
1.0000065819448360
1.0000067206240493
1.0000068431355418
1.0000069491835264
1.0000070385116320
1.0000071109035178
1.0000071661833934
1.0000072042164394
1.0000072249091312
1.0000072282094639
1.0000072141070799
1.0000071826332928
1.0000071338610155
1.0000070679045863
1.0000069849194986
1.0000068851020294
1.0000067686887710
1.0000066359560664
1.0000064872193504
1.0000063228323968
1.0000061431864746
1.0000059487094142
1.0000057398645854
1.0000055171497895
1.0000052810960709
1.0000050322664500
1.0000047712545777
1.0000044986833163
1.0000042152032522
1.0000039214911416
1.0000036182482914
1.0000033061988858
1.0000029860882547
1.0000026586810933
1.0000023247596328
1.0000019851217730
1.0000016405791738
1.0000012919553163
1.0000009400835330
1.0000005858050172
1.0000002299668127
0.9999998734197887
0.9999995170166038
0.9999991616096697
0.9999988080491122
0.9999984571807383
0.9999981098440150
0.9999977668700626
0.9999974290796667
0.9999970972813160
0.9999967722692690
0.9999964548216532
0.9999961456986074
0.9999958456404596
0.9999955553659597
0.9999952755705592
0.9999950069247472
0.9999947500724476
0.9999945056294790
0.9999942741820799
0.9999940562855071
0.9999938524627060
0.9999936632030594
0.9999934889612170
0.9999933301560076
0.9999931871694356
0.9999930603457675
0.9999929499907050
0.9999928563706546
0.9999927797120886
0.9999927202010020
0.9999926779824670
0.9999926531602819
0.9999926457967241
0.9999926559123998
0.9999926834861912
0.9999927284553066
0.9999927907154280
0.9999928701209564
0.9999929664853601
0.9999930795816180
0.9999932091427607
0.9999933548625063
0.9999935163959921
0.9999936933605970
0.9999938853368527
0.9999940918694445
0.9999943124682987
0.9999945466097497
0.9999947937377911
0.9999950532654028
0.9999953245759537
0.9999956070246716
0.9999958999401818
0.9999962026261108
0.9999965143627488
0.9999968344087673
0.9999971620029900
0.9999974963662089
0.9999978367030450
0.9999981822038482
0.9999985320466304
0.9999988853990284
0.9999992414202892
0.9999995992632789
0.9999999580765058
1.0000003170061542
1.0000006751981212
1.0000010318000572
1.0000013859633987
1.0000017368453959
1.0000020836111256
1.0000024254354842
1.0000027615051574
1.0000030910205615
1.0000034131977535
1.0000037272703033
1.0000040324911226
1.0000043281342474
1.0000046134965730
1.0000048878995300
1.0000051506907064
1.0000054012454020
1.0000056389681218
1.0000058632939968
1.0000060736901311
1.0000062696568752
1.0000064507290172
1.0000066164768933
1.0000067665074139
1.0000069004649990
1.0000070180324268
1.0000071189315916
1.0000072029241658
1.0000072698121683
1.0000073194384356
1.0000073516869958
1.0000073664833449
1.0000073637946225
1.0000073436296888
1.0000073060391015
1.0000072511149940
1.0000071789908545
1.0000070898412057
1.0000069838811851
1.0000068613660293
