1.0009043617413820
1.0008929360900733
1.0008793817580048
1.0008637310612505
1.0008460213061647
1.0008262947016582
1.0008045982599150
1.0007809836857811
1.0007555072550645
1.0007282296820219
1.0006992159763346
1.0006685352898852
1.0006362607536874
1.0006024693053372
1.0005672415073750
1.0005306613569696
1.0004928160873630
1.0004537959615214
1.0004136940584711
1.0003726060528046
1.0003306299878694
1.0002878660431616
1.0002444162964623
1.0002003844812732
1.0001558757401150
1.0001109963742667
1.0000658535905314
1.0000205552456327
0.9999752095888367
0.9999299250034172
0.9998848097475789
0.9998399716954540
0.9997955180787983
0.9997515552300045
0.9997081883270590
0.9996655211410512
0.9996236557868572
0.9995826924776032
0.9995427292835105
0.9995038618957109
0.9994661833956149
0.9994297840304065
0.9993947509952131
0.9993611682225005
0.9993291161792095
0.9992986716721483
0.9992699076621214
0.9992428930872655
0.9992176926960304
0.9991943668902343
0.9991729715785819
0.9991535580410252
0.9991361728043020
0.9991208575289756
0.9991076489082552
0.9990965785788580
0.9990876730441418
0.9990809536097035
0.9990764363316065
0.9990741319773717
0.9990740459998281
0.9990761785238943
0.9990805243463206
0.9990870729483942
0.9990958085215749
0.9991067100059985
0.9991197511417439
0.9991349005327382
0.9991521217231299
0.9991713732859437
0.9991926089237846
0.9992157775813375
0.9992408235693772
0.9992676866999676
0.9992963024325174
0.9993266020303162
0.9993585127271565
0.9993919579036208
0.9994268572725927
0.9994631270735270
0.9995006802749867
0.9995394267849464
0.9995792736683384
0.9996201253712989
0.9996618839515580
0.9997044493144085
0.9997477194536641
0.9997915906970285
0.9998359579552617
0.9998807149745425
0.9999257545914135
0.9999709689896892
1.0000162499587042
1.0000614891522861
1.0001065783478280
1.0001514097048398
1.0001958760223633
1.0002398709946436
1.0002832894644469
1.0003260276734305
1.0003679835089758
1.0004090567469059
1.0004491492895202
1.0004881653983961
1.0005260119214161
1.0005625985134916
1.0005978378504810
1.0006316458358073
1.0006639417993055
1.0006946486878421
1.0007236932472716
1.0007510061953198
1.0007765223850040
1.0008001809582145
1.0008219254891184
1.0008417041170563
1.0008594696686386
1.0008751797687658
1.0008887969403248
1.0009002886923362
1.0009096275963587
1.0009167913509815
1.0009217628342566
1.0009245301439580
1.0009250866255761
1.0009234308879855
1.0009195668067528
1.0009135035150789
1.0009052553823892
1.0008948419806256
1.0008822880383095
1.0008676233824876
1.0008508828686766
1.0008321062989727
1.0008113383285038
1.0007886283604348
1.0007640304297616
1.0007376030761497
1.0007094092061068
1.0006795159447996
1.0006479944778446
1.0006149198834318
1.0005803709551626
1.0005444300160020
1.0005071827237668
1.0004687178685967
1.0004291271628678
1.0003885050240335
1.0003469483508904
1.0003045562937842
1.0002614300192900
1.0002176724699112
1.0001733881193591
1.0001286827239819
1.0000836630709298
1.0000384367236448
0.9999931117652809
0.9999477965406623
0.9999025993973848
0.9998576284266879
0.9998129912047169
0.9997687945347906
0.9997251441913053
0.9996821446658819
0.9996398989163865
0.9995985081194251
0.9995580714269233
0.9995186857273826
0.9994804454124054
0.9994434421490607
0.9994077646586549
0.9993734985024588
0.9993407258749181
0.9993095254048681
0.9992799719652478
0.9992521364917906
0.9992260858111488
0.9992018824788803
0.9991795846277123
0.9991592458264612
0.9991409149499660
0.9991246360603674
0.9991104483000325
0.9990983857964002
0.9990884775789883
0.9990807475087696
0.9990752142201056
0.9990718910753787
0.9990707861324442
0.9990719021249816
0.9990752364557973
0.9990807812030961
0.9990885231397073
0.9990984437652088
0.9991105193508759
0.9991247209973357
0.9991410147047802
0.9991593614555586
0.9991797173089372
0.9992020335077896
0.9992262565969391
0.9992523285528593
0.9992801869244011
0.9993097649841914
0.9993409918903134
0.9993737928578710
0.9994080893399997
0.9994437992178686
0.9994808369991987
0.9995191140248000
0.9995585386826167
0.9995990166287428
0.9996404510148617
0.9996827427215458
0.9997257905968461
0.9997694916995771
0.9998137415467064
0.9998584343642425
0.9999034633410109
0.9999487208847020
0.9999940988795708
1.0000394889451667
1.0000847826954742
1.0001298719978422
1.0001746492310806
1.0002190075421180
1.0002628411006085
1.0003060453508830
1.0003485172606574
1.0003901555659118
1.0004308610113657
1.0004705365859956
1.0005090877530431
1.0005464226739833
1.0005824524259370
1.0006170912120245
1.0006502565641773
1.0006818695379509
1.0007118548988905
1.0007401413000245
1.0007666614500830
1.0007913522720655
1.0008141550517948
1.0008350155761259
1.0008538842604970
1.0008707162655384
1.0008854716024784
1.0008981152271093
1.0009086171221029
1.0009169523674952
1.0009231011991817
1.0009270490552939
1.0009287866103527
1.0009283097971235
1.0009256198161232
1.0009207231327599
1.0009136314621130
1.0009043617413820
1.0008929360900733
1.0008793817580048
1.0008637310612505
