1.0000000000175151
1.0000000000175484
1.0000000000175555
1.0000000000175371
1.0000000000174940
1.0000000000174261
1.0000000000173341
1.0000000000172193
1.0000000000170826
1.0000000000169247
1.0000000000167455
1.0000000000165454
1.0000000000163261
1.0000000000160876
1.0000000000158307
1.0000000000155547
1.0000000000152593
1.0000000000149460
1.0000000000146161
1.0000000000142704
1.0000000000139091
1.0000000000135330
1.0000000000131439
1.0000000000127414
1.0000000000123266
1.0000000000119005
1.0000000000114639
1.0000000000110176
1.0000000000105629
1.0000000000100999
1.0000000000096292
1.0000000000091520
1.0000000000086691
1.0000000000081812
1.0000000000076894
1.0000000000071942
1.0000000000066971
1.0000000000062010
1.0000000000057068
1.0000000000052154
1.0000000000047284
1.0000000000042464
1.0000000000037708
1.0000000000033029
1.0000000000028439
1.0000000000023954
1.0000000000019582
1.0000000000015323
1.0000000000011198
1.0000000000007212
1.0000000000003382
0.9999999999999726
0.9999999999996249
0.9999999999992951
0.9999999999989839
0.9999999999986908
0.9999999999984156
0.9999999999981588
0.9999999999979199
0.9999999999977005
0.9999999999975027
0.9999999999973266
0.9999999999971728
0.9999999999970415
0.9999999999969332
0.9999999999968470
0.9999999999967818
0.9999999999967378
0.9999999999967150
0.9999999999967136
0.9999999999967331
0.9999999999967729
0.9999999999968325
0.9999999999969108
0.9999999999970073
0.9999999999971215
0.9999999999972528
0.9999999999973997
0.9999999999975606
0.9999999999977348
0.9999999999979208
0.9999999999981179
0.9999999999983259
0.9999999999985437
0.9999999999987708
0.9999999999990067
0.9999999999992505
0.9999999999995020
0.9999999999997601
1.0000000000000235
1.0000000000002902
1.0000000000005589
1.0000000000008287
1.0000000000010993
1.0000000000013693
1.0000000000016371
1.0000000000019016
1.0000000000021623
1.0000000000024187
1.0000000000026701
1.0000000000029154
1.0000000000031539
1.0000000000033848
1.0000000000036053
1.0000000000038145
1.0000000000040126
1.0000000000042000
1.0000000000043761
1.0000000000045399
1.0000000000046918
1.0000000000048295
1.0000000000049525
1.0000000000050613
1.0000000000051545
1.0000000000052309
1.0000000000052895
1.0000000000053295
1.0000000000053497
1.0000000000053499
1.0000000000053295
1.0000000000052880
1.0000000000052260
1.0000000000051452
1.0000000000050464
1.0000000000049294
1.0000000000047937
1.0000000000046381
1.0000000000044629
1.0000000000042688
1.0000000000040565
1.0000000000038274
1.0000000000035834
1.0000000000033251
1.0000000000030529
1.0000000000027662
1.0000000000024654
1.0000000000021498
1.0000000000018208
1.0000000000014799
1.0000000000011282
1.0000000000007663
1.0000000000003946
1.0000000000000147
0.9999999999996272
0.9999999999992316
0.9999999999988283
0.9999999999984179
0.9999999999980008
0.9999999999975773
0.9999999999971481
0.9999999999967142
0.9999999999962772
0.9999999999958379
0.9999999999953980
0.9999999999949596
0.9999999999945243
0.9999999999940928
0.9999999999936662
0.9999999999932438
0.9999999999928264
0.9999999999924147
0.9999999999920111
0.9999999999916177
0.9999999999912358
0.9999999999908677
0.9999999999905147
0.9999999999901775
0.9999999999898579
0.9999999999895558
0.9999999999892718
0.9999999999890061
0.9999999999887598
0.9999999999885332
0.9999999999883279
0.9999999999881437
0.9999999999879815
0.9999999999878419
0.9999999999877243
0.9999999999876291
0.9999999999875567
0.9999999999875074
0.9999999999874821
0.9999999999874808
0.9999999999875031
0.9999999999875493
0.9999999999876196
0.9999999999877134
0.9999999999878292
0.9999999999879664
0.9999999999881258
0.9999999999883078
0.9999999999885123
0.9999999999887397
0.9999999999889907
0.9999999999892666
0.9999999999895676
0.9999999999898930
0.9999999999902427
0.9999999999906161
0.9999999999910103
0.9999999999914243
0.9999999999918571
0.9999999999923076
0.9999999999927754
0.9999999999932597
0.9999999999937598
0.9999999999942752
0.9999999999948054
0.9999999999953484
0.9999999999959035
0.9999999999964679
0.9999999999970407
0.9999999999976219
0.9999999999982118
0.9999999999988093
0.9999999999994128
1.0000000000000195
1.0000000000006273
1.0000000000012352
1.0000000000018430
1.0000000000024498
1.0000000000030556
1.0000000000036608
1.0000000000042664
1.0000000000048712
1.0000000000054741
1.0000000000060731
1.0000000000066664
1.0000000000072533
1.0000000000078320
1.0000000000084013
1.0000000000089597
1.0000000000095064
1.0000000000100411
1.0000000000105640
1.0000000000110734
1.0000000000115667
1.0000000000120439
1.0000000000125036
1.0000000000129450
1.0000000000133691
1.0000000000137752
1.0000000000141638
1.0000000000145339
1.0000000000148850
1.0000000000152169
1.0000000000155298
1.0000000000158233
1.0000000000160969
1.0000000000163491
1.0000000000165794
1.0000000000167870
1.0000000000169706
1.0000000000171303
1.0000000000172646
1.0000000000173734
1.0000000000174569
1.0000000000175151
1.0000000000175484
1.0000000000175555
1.0000000000175371
