1.0000002914250521
1.0000002879552563
1.0000002838124473
1.0000002790067464
1.0000002735498494
1.0000002674550001
1.0000002607369582
1.0000002534119636
1.0000002454976966
1.0000002370132375
1.0000002279790188
1.0000002184167767
1.0000002083494994
1.0000001978013715
1.0000001867977175
1.0000001753649408
1.0000001635304605
1.0000001513226446
1.0000001387707449
1.0000001259048248
1.0000001127556872
1.0000000993548017
1.0000000857342282
1.0000000719265414
1.0000000579647526
1.0000000438822290
1.0000000297126181
1.0000000154897648
1.0000000012476307
0.9999999870202120
0.9999999728414596
0.9999999587451969
0.9999999447650401
0.9999999309343174
0.9999999172859902
0.9999999038525725
0.9999998906660539
0.9999998777578252
0.9999998651586007
0.9999998528983475
0.9999998410062114
0.9999998295104500
0.9999998184383621
0.9999998078162239
0.9999997976692278
0.9999997880214201
0.9999997788956448
0.9999997703134885
0.9999997622952287
0.9999997548597873
0.9999997480246835
0.9999997418059919
0.9999997362183074
0.9999997312747074
0.9999997269867218
0.9999997233643055
0.9999997204158144
0.9999997181479858
0.9999997165659226
0.9999997156730802
0.9999997154712623
0.9999997159606132
0.9999997171396178
0.9999997190051069
0.9999997215522625
0.9999997247746311
0.9999997286641396
0.9999997332111146
0.9999997384043060
0.9999997442309134
0.9999997506766192
0.9999997577256199
0.9999997653606655
0.9999997735631004
0.9999997823129109
0.9999997915887715
0.9999998013680953
0.9999998116270871
0.9999998223408006
0.9999998334832025
0.9999998450272329
0.9999998569448696
0.9999998692071950
0.9999998817844652
0.9999998946461831
0.9999999077611708
0.9999999210976447
0.9999999346232911
0.9999999483053424
0.9999999621106576
0.9999999760058007
0.9999999899571218
1.0000000039308377
1.0000000178931114
1.0000000318101352
1.0000000456482112
1.0000000593738325
1.0000000729537628
1.0000000863551151
1.0000000995454323
1.0000001124927644
1.0000001251657458
1.0000001375336696
1.0000001495665611
1.0000001612352514
1.0000001725114449
1.0000001833677905
1.0000001937779441
1.0000002037166331
1.0000002131597177
1.0000002220842472
1.0000002304685165
1.0000002382921176
1.0000002455359869
1.0000002521824518
1.0000002582152738
1.0000002636196887
1.0000002683824407
1.0000002724918160
1.0000002759376698
1.0000002787114506
1.0000002808062216
1.0000002822166754
1.0000002829391488
1.0000002829716297
1.0000002823137653
1.0000002809668600
1.0000002789338749
1.0000002762194191
1.0000002728297399
1.0000002687727072
1.0000002640577959
1.0000002586960619
1.0000002527001171
1.0000002460840982
1.0000002388636340
1.0000002310558067
1.0000002226791131
1.0000002137534205
1.0000002042999176
1.0000001943410661
1.0000001839005459
1.0000001730031969
1.0000001616749612
1.0000001499428208
1.0000001378347336
1.0000001253795676
1.0000001126070319
1.0000000995476046
1.0000000862324603
1.0000000726933946
1.0000000589627491
1.0000000450733320
1.0000000310583428
1.0000000169512928
1.0000000027859239
0.9999999885961285
0.9999999744158683
0.9999999602790925
0.9999999462196585
0.9999999322712479
0.9999999184672878
0.9999999048408695
0.9999998914246716
0.9999998782508792
0.9999998653511082
0.9999998527563300
0.9999998404967975
0.9999998286019716
0.9999998171004517
0.9999998060199067
0.9999997953870081
0.9999997852273672
0.9999997755654733
0.9999997664246359
0.9999997578269278
0.9999997497931329
0.9999997423426963
0.9999997354936775
0.9999997292627075
0.9999997236649477
0.9999997187140541
0.9999997144221434
0.9999997107997659
0.9999997078558791
0.9999997055978260
0.9999997040313189
0.9999997031604231
0.9999997029875489
0.9999997035134458
0.9999997047371999
0.9999997066562352
0.9999997092663199
0.9999997125615756
0.9999997165344928
0.9999997211759478
0.9999997264752226
0.9999997324200326
0.9999997389965556
0.9999997461894635
0.9999997539819605
0.9999997623558208
0.9999997712914337
0.9999997807678496
0.9999997907628284
0.9999998012528957
0.9999998122133955
0.9999998236185508
0.9999998354415224
0.9999998476544748
0.9999998602286431
0.9999998731344000
0.9999998863413293
0.9999998998182956
0.9999999135335184
0.9999999274546483
0.9999999415488456
0.9999999557828549
0.9999999701230873
0.9999999845356997
0.9999999989866755
1.0000000134419047
1.0000000278672678
1.0000000422287163
1.0000000564923517
1.0000000706245062
1.0000000845918235
1.0000000983613400
1.0000001119005615
1.0000001251775430
1.0000001381609620
1.0000001508201941
1.0000001631253874
1.0000001750475314
1.0000001865585273
1.0000001976312547
1.0000002082396366
1.0000002183587027
1.0000002279646463
1.0000002370348826
1.0000002455481019
1.0000002534843198
1.0000002608249245
1.0000002675527218
1.0000002736519746
1.0000002791084428
1.0000002839094138
1.0000002880437358
1.0000002915018451
1.0000002942757864
1.0000002963592329
1.0000002977475011
1.0000002984375620
1.0000002984280467
1.0000002977192510
1.0000002963131338
1.0000002942133122
1.0000002914250521
1.0000002879552563
1.0000002838124473
1.0000002790067464
