1.0069830098246306
1.0068952223617069
1.0067910915061662
1.0066708583405983
1.0065348013332340
1.0063832357569251
1.0062165130296117
1.0060350199770212
1.0058391780184306
1.0056294422764542
1.0054063006119267
1.0051702725850726
1.0049219083442960
1.0046617874440504
1.0043905175933956
1.0041087333370022
1.0038170946705154
1.0035162855923569
1.0032070125942165
1.0028900030926515
1.0025660038044046
1.0022357790682219
1.0019001091161552
1.0015597882975120
1.0012156232588207
1.0008684310833698
1.0005190373940700
1.0001682744235909
0.9998169790559057
0.9994659908435674
0.9991161500052215
0.9987682954080392
0.9984232625399049
0.9980818814763641
0.9977449748474690
0.9974133558097953
0.9970878260290105
0.9967691736784813
0.9964581714594744
0.9961555746485729
0.9958621191779674
0.9955785197542909
0.9953054680216629
0.9950436307745774
0.9947936482262020
0.9945561323375783
0.9943316652131030
0.9941207975675233
0.9939240472695230
0.9937418979667805
0.9935747977971608
0.9934231581904585
0.9932873527648487
0.9931677163218984
0.9930645439436767
0.9929780901951772
0.9929085684348987
0.9928561502360659
0.9928209649205771
0.9928030992073716
0.9928025969764929
0.9928194591497123
0.9928536436881442
0.9929050657068696
0.9929735977061375
0.9930590699183152
0.9931612707693167
0.9932799474528391
0.9934148066153340
0.9935655151492510
0.9937317010917138
0.9939129546254445
0.9941088291784029
0.9943188426182962
0.9945424785378241
0.9947791876262473
0.9950283891226290
0.9952894723458733
0.9955617982964972
0.9958447013249028
0.9961374908607771
0.9964394531981347
0.9967498533304382
0.9970679368301620
0.9973929317671347
0.9977240506599936
0.9980604924550837
0.9984014445271860
0.9987460846965093
0.9990935832564573
0.9994431050067857
0.9997938112868692
1.0001448620039324
1.0004954176512406
1.0008446413113967
1.0011917006400615
1.0015357698255807
1.0018760315201944
1.0022116787386692
1.0025419167204097
1.0028659647512850
1.0031830579416028
1.0034924489568569
1.0037934096980714
1.0040852329287560
1.0043672338456722
1.0046387515908000
1.0048991507020748
1.0051478225006381
1.0053841864125164
1.0056076912228014
1.0058178162605722
1.0060140725129427
1.0061960036667632
1.0063631870766505
1.0065152346581376
1.0066517937048656
1.0067725476288640
1.0068772166230713
1.0069655582453507
1.0070373679233731
1.0070924793798122
1.0071307649774155
1.0071521359835860
1.0071565427542075
1.0071439748365192
1.0071144609909417
1.0070680691318290
1.0070049061872051
1.0069251178776280
1.0068288884144057
1.0067164401174764
1.0065880329533490
1.0064439639935943
1.0062845667944738
1.0061102106983870
1.0059213000579268
1.0057182733834373
1.0055016024150936
1.0052717911206261
1.0050293746199566
1.0047749180381376
1.0045090152881349
1.0042322877851293
1.0039453830941767
1.0036489735132268
1.0033437545936603
1.0030304436006798
1.0027097779160712
1.0023825133860333
1.0020494226169570
1.0017112932222336
1.0013689260233565
1.0010231332087798
1.0006747364541948
1.0003245650080712
0.9999734537465118
0.9996222412016506
0.9992717675680164
0.9989228726914539
0.9985763940453646
0.9982331646991968
0.9978940112842600
0.9975597519620660
0.9972311944005381
0.9969091337635213
0.9965943507191189
0.9962876094724537
0.9959896558284952
0.9957012152906254
0.9954229912006103
0.9951556629256403
0.9948998840980373
0.9946562809131695
0.9944254504910068
0.9942079593066336
0.9940043416948773
0.9938150984340336
0.9936406954134646
0.9934815623896160
0.9933380918347422
0.9932106378823415
0.9930995153730107
0.9930049990040858
0.9929273225861049
0.9928666784087551
0.9928232167185942
0.9927970453104319
0.9927882292338553
0.9927967906159701
0.9928227086010007
0.9928659194069732
0.9929263164992682
0.9930037508804144
0.9930980314950664
0.9932089257486960
0.9933361601381170
0.9934794209915699
0.9936383553157149
0.9938125717465139
0.9940016416006349
0.9942051000236845
0.9944224472312764
0.9946531498386491
0.9948966422743025
0.9951523282728791
0.9954195824423178
0.9956977519001224
0.9959861579734410
0.9962840979575170
0.9965908469269829
0.9969056595943913
0.9972277722103342
0.9975564044994725
0.9978907616268063
0.9982300361885460
0.9985734102219863
0.9989200572288529
0.9992691442066810
0.9996198336828970
0.9999712857463806
1.0003226600714383
1.0006731179292545
1.0010218241820481
1.0013679492553405
1.0017106710839121
1.0020491770272080
1.0023826657501393
1.0027103490654301
1.0030314537338372
1.0033452232187856
1.0036509193921415
1.0039478241880384
1.0042352412018725
1.0045124972317638
1.0047789437599610
1.0050339583718504
1.0052769461104032
1.0055073407640585
1.0057246060861986
1.0059282369445337
1.0061177603988536
1.0062927367057524
1.0064527602490556
1.0065974603948216
1.0067265022698908
1.0068395874630942
1.0069364546483233
1.0070168801287769
1.0070806783017983
1.0071277020438070
1.0071578430149228
1.0071710318829750
1.0071672384666643
1.0071464717977339
1.0071087801020870
1.0070542506998714
1.0069830098246306
1.0068952223617069
1.0067910915061662
1.0066708583405983
