1.0000000042288975
1.0000000041877100
1.0000000041373418
1.0000000040779256
1.0000000040096140
1.0000000039325809
1.0000000038470200
1.0000000037531456
1.0000000036511905
1.0000000035414074
1.0000000034240668
1.0000000032994554
1.0000000031678766
1.0000000030296519
1.0000000028851181
1.0000000027346250
1.0000000025785361
1.0000000024172293
1.0000000022510953
1.0000000020805351
1.0000000019059587
1.0000000017277852
1.0000000015464414
1.0000000013623604
1.0000000011759833
1.0000000009877534
1.0000000007981191
1.0000000006075316
1.0000000004164431
1.0000000002253080
1.0000000000345797
0.9999999998447109
0.9999999996561518
0.9999999994693493
0.9999999992847447
0.9999999991027740
0.9999999989238650
0.9999999987484379
0.9999999985769037
0.9999999984096644
0.9999999982471116
0.9999999980896241
0.9999999979375690
0.9999999977913003
0.9999999976511580
0.9999999975174654
0.9999999973905305
0.9999999972706448
0.9999999971580813
0.9999999970530958
0.9999999969559252
0.9999999968667864
0.9999999967858785
0.9999999967133798
0.9999999966494487
0.9999999965942231
0.9999999965478196
0.9999999965103318
0.9999999964818322
0.9999999964623713
0.9999999964519782
0.9999999964506581
0.9999999964583963
0.9999999964751571
0.9999999965008817
0.9999999965354894
0.9999999965788786
0.9999999966309255
0.9999999966914856
0.9999999967603931
0.9999999968374628
0.9999999969224900
0.9999999970152508
0.9999999971155022
0.9999999972229826
0.9999999973374111
0.9999999974584913
0.9999999975859124
0.9999999977193477
0.9999999978584569
0.9999999980028850
0.9999999981522634
0.9999999983062123
0.9999999984643404
0.9999999986262452
0.9999999987915161
0.9999999989597333
0.9999999991304717
0.9999999993033004
0.9999999994777836
0.9999999996534807
0.9999999998299477
1.0000000000067393
1.0000000001834100
1.0000000003595149
1.0000000005346101
1.0000000007082555
1.0000000008800132
1.0000000010494496
1.0000000012161367
1.0000000013796533
1.0000000015395851
1.0000000016955277
1.0000000018470867
1.0000000019938786
1.0000000021355322
1.0000000022716877
1.0000000024019993
1.0000000025261342
1.0000000026437748
1.0000000027546192
1.0000000028583826
1.0000000029547982
1.0000000030436167
1.0000000031246061
1.0000000031975531
1.0000000032622645
1.0000000033185676
1.0000000033663103
1.0000000034053624
1.0000000034356138
1.0000000034569765
1.0000000034693841
1.0000000034727925
1.0000000034671797
1.0000000034525460
1.0000000034289114
1.0000000033963183
1.0000000033548304
1.0000000033045329
1.0000000032455327
1.0000000031779595
1.0000000031019631
1.0000000030177150
1.0000000029254075
1.0000000028252523
1.0000000027174794
1.0000000026023366
1.0000000024800901
1.0000000023510249
1.0000000022154429
1.0000000020736606
1.0000000019260098
1.0000000017728381
1.0000000016145065
1.0000000014513890
1.0000000012838715
1.0000000011123515
1.0000000009372363
1.0000000007589409
1.0000000005778895
1.0000000003945133
1.0000000002092502
1.0000000000225444
0.9999999998348444
0.9999999996466014
0.9999999994582676
0.9999999992702955
0.9999999990831357
0.9999999988972396
0.9999999987130551
0.9999999985310272
0.9999999983515949
0.9999999981751920
0.9999999980022458
0.9999999978331768
0.9999999976683986
0.9999999975083144
0.9999999973533150
0.9999999972037803
0.9999999970600773
0.9999999969225590
0.9999999967915638
0.9999999966674152
0.9999999965504205
0.9999999964408709
0.9999999963390416
0.9999999962451905
0.9999999961595549
0.9999999960823532
0.9999999960137836
0.9999999959540250
0.9999999959032352
0.9999999958615509
0.9999999958290873
0.9999999958059372
0.9999999957921735
0.9999999957878463
0.9999999957929837
0.9999999958075917
0.9999999958316550
0.9999999958651351
0.9999999959079705
0.9999999959600784
0.9999999960213537
0.9999999960916701
0.9999999961708795
0.9999999962588128
0.9999999963552807
0.9999999964600732
0.9999999965729603
0.9999999966936935
0.9999999968220059
0.9999999969576127
0.9999999971002116
0.9999999972494837
0.9999999974050944
0.9999999975666934
0.9999999977339186
0.9999999979063929
0.9999999980837284
0.9999999982655245
0.9999999984513691
0.9999999986408398
0.9999999988335057
0.9999999990289299
0.9999999992266697
0.9999999994262760
0.9999999996272947
0.9999999998292675
1.0000000000317346
1.0000000002342355
1.0000000004363088
1.0000000006374943
1.0000000008373340
1.0000000010353733
1.0000000012311621
1.0000000014242552
1.0000000016142143
1.0000000018006074
1.0000000019830104
1.0000000021610091
1.0000000023342002
1.0000000025021913
1.0000000026646023
1.0000000028210658
1.0000000029712273
1.0000000031147462
1.0000000032512995
1.0000000033805814
1.0000000035023027
1.0000000036161931
1.0000000037220000
1.0000000038194901
1.0000000039084482
1.0000000039886798
1.0000000040600105
1.0000000041222876
1.0000000041753787
1.0000000042191735
1.0000000042535826
1.0000000042785397
1.0000000042940012
1.0000000042999455
1.0000000042963737
1.0000000042833082
1.0000000042607935
1.0000000042288975
1.0000000041877100
1.0000000041373418
1.0000000040779256
