1.0008041450844110
1.0007939862571931
1.0007819345568465
1.0007680187321575
1.0007522719711126
1.0007347318227098
1.0007154401084759
1.0006944428238889
1.0006717900299258
1.0006475357349833
1.0006217377674371
1.0005944576391301
1.0005657604000961
1.0005357144848526
1.0005043915506091
1.0004718663077643
1.0004382163430792
1.0004035219359326
1.0003678658680779
1.0003313332273462
1.0002940112057443
1.0002559888924181
1.0002173570619612
1.0001782079585693
1.0001386350765342
1.0000987329376048
1.0000585968657261
1.0000183227597004
0.9999780068643034
0.9999377455403958
0.9998976350345837
0.9998577712489759
0.9998182495115905
0.9997791643479651
0.9997406092545152
0.9997026764741959
0.9996654567750083
0.9996290392318911
0.9995935110125255
0.9995589571675851
0.9995254604259420
0.9994931009953265
0.9994619563689425
0.9994321011385143
0.9994036068142234
0.9993765416519863
0.9993509704885053
0.9993269545845027
0.9993045514765283
0.9992838148377121
0.9992647943478140
0.9992475355728979
0.9992320798549291
0.9992184642115767
0.9992067212464749
0.9991968790701677
0.9991889612319360
0.9991829866626823
0.9991789696290193
0.9991769196986761
0.9991768417173096
0.9991787357967821
0.9991825973149336
0.9991884169268465
0.9991961805875805
0.9992058695863160
0.9992174605918179
0.9992309257091082
0.9992462325471997
0.9992633442977249
0.9992822198242535
0.9993028137620763
0.9993250766282076
0.9993489549413228
0.9993743913513298
0.9994013247782483
0.9994296905600512
0.9994594206090952
0.9994904435767505
0.9995226850258168
0.9995560676102963
0.9995905112620791
0.9996259333840782
0.9996622490493313
0.9996993712055826
0.9997372108848382
0.9997756774173863
0.9998146786497506
0.9998541211660498
0.9998939105122227
0.9999339514225764
0.9999741480481050
1.0000144041860324
1.0000546235100263
1.0000947098005299
1.0001345671746611
1.0001741003151292
1.0002132146976304
1.0002518168161796
1.0002898144058465
1.0003271166623722
1.0003636344581530
1.0003992805540824
1.0004339698067573
1.0004676193705673
1.0005001488942005
1.0005314807111061
1.0005615400234791
1.0005902550793422
1.0006175573423164
1.0006433816536955
1.0006676663864529
1.0006903535908245
1.0007113891311428
1.0007307228136122
1.0007483085047291
1.0007641042400872
1.0007780723233162
1.0007901794149343
1.0008003966109114
1.0008086995107672
1.0008150682750572
1.0008194876721079
1.0008219471139057
1.0008224406810484
1.0008209671367145
1.0008175299296080
1.0008121371858842
1.0008048016900633
1.0007955408549825
1.0007843766808486
1.0007713357034882
1.0007564489319054
1.0007397517752910
1.0007212839596458
1.0007010894342079
1.0006792162678924
1.0006557165359768
1.0006306461972887
1.0006040649621748
1.0005760361515494
1.0005466265473437
1.0005159062346933
1.0004839484362285
1.0004508293388439
1.0004166279133440
1.0003814257273795
1.0003453067521044
1.0003083571630047
1.0002706651353528
1.0002323206347690
1.0001934152033753
1.0001540417420431
1.0001142942892409
1.0000742677970076
1.0000340579045757
0.9999937607101791
0.9999534725415894
0.9999132897259264
0.9998733083592887
0.9998336240767618
0.9997943318233485
0.9997555256263807
0.9997172983699588
0.9996797415719664
0.9996429451642013
0.9996069972761613
0.9995719840230093
0.9995379892982383
0.9995050945715510
0.9994733786924421
0.9994429176999785
0.9994137846392456
0.9993860493849128
0.9993597784723596
0.9993350349367822
0.9993118781606823
0.9992903637301219
0.9992705433001081
0.9992524644694348
0.9992361706653050
0.9992217010380269
0.9992090903660397
0.9991983689715203
0.9991895626467767
0.9991826925916183
0.9991777753618589
0.9991748228290863
0.9991738421517991
0.9991748357579815
0.9991778013391672
0.9991827318560019
0.9991896155552880
0.9991984359984746
0.9992091721015183
0.9992217981860123
0.9992362840414540
0.9992525949984957
0.9992706920129912
0.9992905317606232
0.9993120667418776
0.9993352453970957
0.9993600122313142
0.9993863079485862
0.9994140695954322
0.9994432307130738
0.9994737214980609
0.9995054689708935
0.9995383971522215
0.9995724272461796
0.9996074778304002
0.9996434650522374
0.9996803028307198
0.9997179030637292
0.9997561758398956
0.9997950296546956
0.9998343716302176
0.9998741077380655
0.9999141430248537
0.9999543818397514
0.9999947280635207
1.0000350853385034
1.0000753572989989
1.0001154478014862
1.0001552611541367
1.0001947023450721
1.0002336772688301
1.0002720929504947
1.0003098577669725
1.0003468816648833
1.0003830763745671
1.0004183556196942
1.0004526353220031
1.0004858338006823
1.0005178719659349
1.0005486735062834
1.0005781650691783
1.0006062764344967
1.0006329406805359
1.0006580943421188
1.0006816775604552
1.0007036342244102
1.0007239121028662
1.0007424629678743
1.0007592427083170
1.0007742114338318
1.0007873335687476
1.0007985779358357
1.0008079178296792
1.0008153310794978
1.0008208001012933
1.0008243119391860
1.0008258582958616
1.0008254355520536
1.0008230447750213
1.0008186917159994
1.0008123867966312
1.0008041450844110
1.0007939862571931
1.0007819345568465
1.0007680187321575
