1.0000051837571018
1.0000051195492654
1.0000050432134633
1.0000049549337333
1.0000048549225955
1.0000047434205441
1.0000046206954720
1.0000044870420313
1.0000043427809273
1.0000041882581499
1.0000040238441459
1.0000038499329349
1.0000036669411643
1.0000034753071150
1.0000032754896528
1.0000030679671312
1.0000028532362470
1.0000026318108539
1.0000024042207334
1.0000021710103286
1.0000019327374419
1.0000016899719031
1.0000014432942033
1.0000011932941095
1.0000009405692547
1.0000006857237087
1.0000004293665359
1.0000001721103393
0.9999999145697948
0.9999996573601815
0.9999994010959122
0.9999991463890685
0.9999988938479346
0.9999986440755420
0.9999983976682298
0.9999981552142201
0.9999979172922122
0.9999976844699988
0.9999974573031102
0.9999972363334875
0.9999970220881872
0.9999968150781217
0.9999966157968376
0.9999964247193387
0.9999962423009494
0.9999960689762295
0.9999959051579351
0.9999957512360339
0.9999956075767721
0.9999954745217995
0.9999953523873550
0.9999952414635108
0.9999951420134797
0.9999950542729894
0.9999949784497183
0.9999949147228013
0.9999948632424027
0.9999948241293571
0.9999947974748838
0.9999947833403676
0.9999947817572162
0.9999947927267836
0.9999948162203711
0.9999948521792950
0.9999949005150296
0.9999949611094237
0.9999950338149795
0.9999951184552097
0.9999952148250604
0.9999953226914026
0.9999954417935911
0.9999955718440889
0.9999957125291550
0.9999958635095990
0.9999960244215912
0.9999961948775353
0.9999963744669981
0.9999965627576902
0.9999967592965034
0.9999969636105945
0.9999971752085157
0.9999973935813951
0.9999976182041524
0.9999978485367561
0.9999980840255163
0.9999983241044111
0.9999985681964411
0.9999988157150093
0.9999990660653247
0.9999993186458279
0.9999995728496298
0.9999998280659670
1.0000000836816609
1.0000003390825885
1.0000005936551479
1.0000008467877279
1.0000010978721725
1.0000013463052366
1.0000015914900291
1.0000018328374409
1.0000020697675576
1.0000023017110449
1.0000025281105152
1.0000027484218592
1.0000029621155468
1.0000031686778965
1.0000033676123028
1.0000035584404263
1.0000037407033384
1.0000039139626187
1.0000040778014057
1.0000042318253948
1.0000043756637838
1.0000045089701592
1.0000046314233280
1.0000047427280829
1.0000048426159123
1.0000049308456413
1.0000050072040121
1.0000050715061932
1.0000051235962237
1.0000051633473874
1.0000051906625160
1.0000052054742250
1.0000052077450736
1.0000051974676571
1.0000051746646246
1.0000051393886249
1.0000050917221837
1.0000050317775069
1.0000049596962135
1.0000048756489979
1.0000047798352223
1.0000046724824425
1.0000045538458637
1.0000044242077319
1.0000042838766594
1.0000041331868912
1.0000039724975025
1.0000038021915436
1.0000036226751239
1.0000034343764426
1.0000032377447641
1.0000030332493466
1.0000028213783196
1.0000026026375179
1.0000023775492728
1.0000021466511648
1.0000019104947386
1.0000016696441849
1.0000014246749906
1.0000011761725640
1.0000009247308355
1.0000006709508391
1.0000004154392752
1.0000001588070599
0.9999999016678660
0.9999996446366554
0.9999993883282094
0.9999991333556582
0.9999988803290136
0.9999986298537124
0.9999983825291682
0.9999981389473379
0.9999978996913053
0.9999976653338872
0.9999974364362644
0.9999972135466402
0.9999969971989293
0.9999967879114806
0.9999965861858355
0.9999963925055295
0.9999962073349351
0.9999960311181524
0.9999958642779450
0.9999957072147291
0.9999955603056153
0.9999954239035058
0.9999952983362507
0.9999951839058626
0.9999950808877918
0.9999949895302676
0.9999949100537038
0.9999948426501717
0.9999947874829396
0.9999947446860804
0.9999947143641499
0.9999946965919357
0.9999946914142768
0.9999946988459535
0.9999947188716538
0.9999947514460074
0.9999947964936907
0.9999948539096075
0.9999949235591368
0.9999950052784565
0.9999950988749315
0.9999952041275724
0.9999953207875614
0.9999954485788459
0.9999955871987970
0.9999957363189305
0.9999958955856931
0.9999960646213049
0.9999962430246584
0.9999964303722766
0.9999966262193246
0.9999968301006694
0.9999970415319922
0.9999972600109419
0.9999974850183357
0.9999977160193999
0.9999979524650459
0.9999981937931780
0.9999984394300380
0.9999986887915737
0.9999989412848340
0.9999991963093839
0.9999994532587390
0.9999997115218114
0.9999999704843701
1.0000002295305055
1.0000004880441011
1.0000007454103035
1.0000010010169915
1.0000012542562380
1.0000015045257598
1.0000017512303561
1.0000019937833291
1.0000022316078860
1.0000024641385150
1.0000026908223343
1.0000029111204138
1.0000031245090606
1.0000033304810683
1.0000035285469291
1.0000037182360000
1.0000038990976285
1.0000040707022266
1.0000042326422953
1.0000043845333977
1.0000045260150774
1.0000046567517185
1.0000047764333464
1.0000048847763643
1.0000049815242313
1.0000050664480737
1.0000051393472305
1.0000052000497326
1.0000052484127138
1.0000052843227489
1.0000053076961222
1.0000053184790276
1.0000053166476985
1.0000053022084610
1.0000052751977178
1.0000052356818583
1.0000051837571018
1.0000051195492654
1.0000050432134633
1.0000049549337333
