1.0111415332125475
1.0110021147057657
1.0108367322364280
1.0106457611782373
1.0104296352912046
1.0101888458941350
1.0099239409231817
1.0096355238767165
1.0093242526468542
1.0089908382380546
1.0086360433733346
1.0082606809887507
1.0078656126169525
1.0074517466607862
1.0070200365580968
1.0065714788390969
1.0061071110778905
1.0056280097399983
1.0051352879279940
1.0046300930276624
1.0041136042573999
1.0035870301239198
1.0030516057876653
1.0025085903417237
1.0019592640084132
1.0014049252581121
1.0008468878553278
1.0002864778374214
0.9997250304318372
0.9991638869181222
0.9986043914414559
0.9980478877848499
0.9974957161075980
0.9969492096579772
0.9964096914685949
0.9958784710431670
0.9953568410438667
0.9948460739887083
0.9943474189687340
0.9938620983950249
0.9933913047857729
0.9929361976038298
0.9924979001552695
0.9920774965595685
0.9916760288020171
0.9912944938789345
0.9909338410461515
0.9905949691810526
0.9902787242682405
0.9899858970185754
0.9897172206309902
0.9894733687060423
0.9892549533196803
0.9890625232651524
0.9888965624703686
0.9887574885973733
0.9886456518298650
0.9885613338539535
0.9885047470365372
0.9884760338048513
0.9884752662298891
0.9885024458155103
0.9885575034941551
0.9886402998291874
0.9887506254229850
0.9888882015289898
0.9890526808650731
0.9892436486246876
0.9894606236814577
0.9897030599820632
0.9899703481214979
0.9902618170940867
0.9905767362129674
0.9909143171901369
0.9912737163686163
0.9916540370977764
0.9920543322424560
0.9924736068161217
0.9929108207280279
0.9933648916340844
0.9938346978809796
0.9943190815329865
0.9948168514708408
0.9953267865520773
0.9958476388222922
0.9963781367669066
0.9969169885931836
0.9974628855324662
0.9980145051528548
0.9985705146728483
0.9991295742667876
0.9996903403533098
1.0002514688583950
1.0008116184449851
1.0013694537015756
1.0019236482826039
1.0024728879938898
1.0030158738168273
1.0035513248654584
1.0040779812709850
1.0045946069887208
1.0050999925228810
1.0055929575650138
1.0060723535422820
1.0065370660721589
1.0069860173204701
1.0074181682600367
1.0078325208275065
1.0082281199762377
1.0086040556233860
1.0089594644895878
1.0092935318298704
1.0096054930546192
1.0098946352396261
1.0101602985244014
1.0104018773980927
1.0106188218724566
1.0108106385414672
1.0109768915272195
1.0111172033118661
1.0112312554553962
1.0113187891991144
1.0113796059547084
1.0114135676788460
1.0114205971332437
1.0114006780301796
1.0113538550634351
1.0112802338246623
1.0111799806051842
1.0110533220832456
1.0109005448967510
1.0107219951015436
1.0105180775153118
1.0102892549472389
1.0100360473135608
1.0097590306392494
1.0094588359461201
1.0091361480277308
1.0087917041115519
1.0084262924090024
1.0080407505540778
1.0076359639314620
1.0072128638951785
1.0067724258790427
1.0063156674003866
1.0058436459587787
1.0053574568317101
1.0048582307695069
1.0043471315920358
1.0038253536900927
1.0032941194347080
1.0027546764979722
1.0022082950893567
1.0016562651119070
1.0010998932430983
1.0005404999455600
0.9999794164133037
0.9994179814595285
0.9988575383525103
0.9982994316065242
0.9977450037351721
0.9971955919749154
0.9966525249870223
0.9961171195465243
0.9955906772271550
0.9950744810915839
0.9945697923965698
0.9940778473229395
0.9935998537405342
0.9931369880184638
0.9926903918911560
0.9922611693907766
0.9918503838566507
0.9914590550322857
0.9910881562605293
0.9907386117872523
0.9904112941837419
0.9901070218977266
0.9898265569426201
0.9895706027341756
0.9893398020832767
0.9891347353530729
0.9889559187880966
0.9888038030223372
0.9886787717725856
0.9885811407226121
0.9885111566029574
0.9884689964703153
0.9884547671896255
0.9884685051211414
0.9885101760138221
0.9885796751055221
0.9886768274295401
0.9888013883261859
0.9889530441571426
0.9891314132195189
0.9893360468556501
0.9895664307538857
0.9898219864348132
0.9901020729166449
0.9904059885527956
0.9907329730340405
0.9910822095470634
0.9914528270806774
0.9918439028705428
0.9922544649728056
0.9926834949567482
0.9931299307062680
0.9935926693198002
0.9940705700981640
0.9945624576097201
0.9950671248222197
0.9955833362907669
0.9961098313913949
0.9966453275899230
0.9971885237359406
0.9977381033720066
0.9982927380484340
0.9988510906343335
0.9994118186159358
0.9999735773735898
1.0005350234292121
1.0010948176563783
1.0016516284456718
1.0022041348183353
1.0027510294816959
1.0032910218202864
1.0038228408170122
1.0043452378991451
1.0048569897043462
1.0053569007623313
1.0058438060881860
1.0063165736837256
1.0067741069436471
1.0072153469635863
1.0076392747474965
1.0080449133120861
1.0084313296863294
1.0087976368043308
1.0091429952900575
1.0094666151326814
1.0097677572514645
1.0100457349492926
1.0102999152541317
1.0105297201478054
1.0107346276816167
1.0109141729784359
1.0110679491209609
1.0111956079259334
1.0112968606041410
1.0113714783060868
1.0114192925532473
1.0114401955548551
1.0114341404101801
1.0114011411962798
1.0113412729412206
1.0112546714827648
1.0111415332125475
1.0110021147057657
1.0108367322364280
1.0106457611782373
