1.0000000000083860
1.0000000000084086
1.0000000000084157
1.0000000000084068
1.0000000000083824
1.0000000000083429
1.0000000000082880
1.0000000000082183
1.0000000000081355
1.0000000000080409
1.0000000000079359
1.0000000000078211
1.0000000000076958
1.0000000000075608
1.0000000000074167
1.0000000000072651
1.0000000000071054
1.0000000000069376
1.0000000000067619
1.0000000000065787
1.0000000000063889
1.0000000000061935
1.0000000000059939
1.0000000000057923
1.0000000000055893
1.0000000000053855
1.0000000000051807
1.0000000000049767
1.0000000000047728
1.0000000000045703
1.0000000000043712
1.0000000000041762
1.0000000000039853
1.0000000000037985
1.0000000000036156
1.0000000000034355
1.0000000000032592
1.0000000000030869
1.0000000000029181
1.0000000000027529
1.0000000000025906
1.0000000000024301
1.0000000000022717
1.0000000000021161
1.0000000000019644
1.0000000000018179
1.0000000000016773
1.0000000000015417
1.0000000000014109
1.0000000000012856
1.0000000000011655
1.0000000000010509
1.0000000000009419
1.0000000000008387
1.0000000000007407
1.0000000000006484
1.0000000000005609
1.0000000000004792
1.0000000000004028
1.0000000000003315
1.0000000000002651
1.0000000000002047
1.0000000000001510
1.0000000000001044
1.0000000000000635
1.0000000000000284
0.9999999999999986
0.9999999999999738
0.9999999999999544
0.9999999999999403
0.9999999999999321
0.9999999999999298
0.9999999999999336
0.9999999999999427
0.9999999999999577
0.9999999999999771
1.0000000000000013
1.0000000000000306
1.0000000000000637
1.0000000000001001
1.0000000000001392
1.0000000000001799
1.0000000000002225
1.0000000000002673
1.0000000000003133
1.0000000000003602
1.0000000000004072
1.0000000000004534
1.0000000000004987
1.0000000000005420
1.0000000000005831
1.0000000000006208
1.0000000000006559
1.0000000000006881
1.0000000000007181
1.0000000000007454
1.0000000000007701
1.0000000000007923
1.0000000000008127
1.0000000000008324
1.0000000000008518
1.0000000000008700
1.0000000000008871
1.0000000000009024
1.0000000000009142
1.0000000000009222
1.0000000000009270
1.0000000000009297
1.0000000000009308
1.0000000000009308
1.0000000000009306
1.0000000000009304
1.0000000000009299
1.0000000000009277
1.0000000000009228
1.0000000000009142
1.0000000000009026
1.0000000000008886
1.0000000000008722
1.0000000000008531
1.0000000000008311
1.0000000000008069
1.0000000000007798
1.0000000000007505
1.0000000000007194
1.0000000000006872
1.0000000000006544
1.0000000000006195
1.0000000000005831
1.0000000000005449
1.0000000000005045
1.0000000000004614
1.0000000000004159
1.0000000000003686
1.0000000000003202
1.0000000000002713
1.0000000000002214
1.0000000000001708
1.0000000000001197
1.0000000000000675
1.0000000000000147
0.9999999999999610
0.9999999999999064
0.9999999999998503
0.9999999999997934
0.9999999999997343
0.9999999999996734
0.9999999999996099
0.9999999999995439
0.9999999999994766
0.9999999999994093
0.9999999999993424
0.9999999999992777
0.9999999999992152
0.9999999999991536
0.9999999999990916
0.9999999999990289
0.9999999999989644
0.9999999999988991
0.9999999999988345
0.9999999999987710
0.9999999999987079
0.9999999999986456
0.9999999999985837
0.9999999999985213
0.9999999999984582
0.9999999999983952
0.9999999999983324
0.9999999999982703
0.9999999999982089
0.9999999999981474
0.9999999999980864
0.9999999999980259
0.9999999999979665
0.9999999999979078
0.9999999999978503
0.9999999999977942
0.9999999999977408
0.9999999999976906
0.9999999999976434
0.9999999999975987
0.9999999999975570
0.9999999999975191
0.9999999999974861
0.9999999999974586
0.9999999999974363
0.9999999999974195
0.9999999999974086
0.9999999999974041
0.9999999999974063
0.9999999999974146
0.9999999999974294
0.9999999999974502
0.9999999999974766
0.9999999999975095
0.9999999999975498
0.9999999999975973
0.9999999999976518
0.9999999999977127
0.9999999999977800
0.9999999999978536
0.9999999999979340
0.9999999999980207
0.9999999999981135
0.9999999999982127
0.9999999999983191
0.9999999999984333
0.9999999999985555
0.9999999999986858
0.9999999999988236
0.9999999999989685
0.9999999999991205
0.9999999999992796
0.9999999999994470
0.9999999999996229
0.9999999999998070
0.9999999999999988
1.0000000000001972
1.0000000000004010
1.0000000000006108
1.0000000000008262
1.0000000000010478
1.0000000000012761
1.0000000000015099
1.0000000000017490
1.0000000000019935
1.0000000000022422
1.0000000000024942
1.0000000000027480
1.0000000000030027
1.0000000000032581
1.0000000000035145
1.0000000000037719
1.0000000000040286
1.0000000000042841
1.0000000000045377
1.0000000000047897
1.0000000000050400
1.0000000000052887
1.0000000000055360
1.0000000000057809
1.0000000000060214
1.0000000000062559
1.0000000000064824
1.0000000000067000
1.0000000000069074
1.0000000000071045
1.0000000000072911
1.0000000000074667
1.0000000000076295
1.0000000000077796
1.0000000000079161
1.0000000000080373
1.0000000000081413
1.0000000000082276
1.0000000000082967
1.0000000000083491
1.0000000000083860
1.0000000000084086
1.0000000000084157
1.0000000000084068
