1.0150363368933739
1.0148490199541016
1.0146268055243559
1.0143701886530274
1.0140797416054628
1.0137561128665256
1.0134000260037805
1.0130122783901192
1.0125937397851441
1.0121453507746470
1.0116681210675642
1.0111631276498736
1.0106315127950112
1.0100744819305334
1.0094933013609366
1.0088892958467721
1.0082638460404558
1.0076183857794829
1.0069543992381069
1.0062734179389281
1.0055770176262810
1.0048668150037852
1.0041444643389430
1.0034116539382305
1.0026701024967277
1.0019215553269751
1.0011677804724051
1.0004105647114099
0.9996517094588284
0.9988930265723819
0.9981363340723648
0.9973834517836567
0.9966361969099153
0.9958963795505760
0.9951657981720501
0.9944462350452666
0.9937394516624146
0.9930471841464208
0.9923711386673461
0.9917129868804582
0.9910743614012648
0.9904568513332339
0.9898619978643036
0.9892912899485619
0.9887461600896607
0.9882279802426155
0.9877380578506150
0.9872776320333309
0.9868478699429586
0.9864498633038518
0.9860846251511209
0.9857530867829493
0.9854560949406507
0.9851944092296411
0.9849686997935468
0.9847795452526050
0.9846274309163484
0.9845127472793259
0.9844357888072757
0.9843967530197830
0.9843957398739934
0.9844327514524746
0.9845076919567919
0.9846203680068302
0.9847704892443633
0.9849576692378486
0.9851814266839312
0.9854411868996967
0.9857362835983059
0.9860659609393245
0.9864293758438037
0.9868256005630031
0.9872536254885801
0.9877123621911150
0.9882006466729769
0.9887172428208060
0.9892608460422703
0.9898300870712504
0.9904235359252314
0.9910397059984253
0.9916770582739967
0.9923340056387446
0.9930089172836691
0.9937001231740230
0.9944059185727427
0.9951245686015053
0.9958543128241109
0.9965933698374005
0.9973399418555102
0.9980922192738867
0.9988483852001755
0.9996066199398129
1.0003651054248908
1.0011220295756291
1.0018755905845702
1.0026240011143848
1.0033654924009565
1.0040983182541758
1.0048207589496292
1.0055311250050920
1.0062277608364394
1.0069090482882612
1.0075734100351084
1.0082193128498951
1.0088452707365492
1.0094498479245200
1.0100316617232421
1.0105893852350798
1.0111217499256784
1.0116275480510011
1.0121056349406299
1.0125549311371871
1.0129744243919481
1.0133631715169182
1.0137203000937822
1.0140450100402605
1.0143365750344802
1.0145943437980263
1.0148177412383514
1.0150062694512265
1.0151595085838789
1.0152771175594224
1.0153588346631113
1.0154044779908749
1.0154139457604898
1.0153872164856419
1.0153243490130235
1.0152254824224938
1.0150908357902162
1.0149207078145772
1.0147154763045765
1.0144755975302817
1.0142016054348535
1.0138941107075703
1.0135537997172168
1.0131814333051745
1.0127778454375209
1.0123439417154647
1.0118806977434625
1.0113891573544449
1.0108704306916647
1.0103256921468133
1.0097561781542210
1.0091631848411562
1.0085480655344967
1.0079122281243154
1.0072571322852639
1.0065842865570029
1.0058952452853489
1.0051916054262533
1.0044750032152410
1.0037471107054727
1.0030096321781747
1.0022643004298006
1.0015128729409515
1.0007571279327581
0.9999988603171512
0.9992398775481836
0.9984819953823256
0.9977270335564297
0.9969768113928337
0.9962331433418556
0.9954978344727071
0.9947726759246011
0.9940594403305680
0.9933598772271990
0.9926757084641873
0.9920086236281592
0.9913602754958323
0.9907322755320295
0.9901261894484855
0.9895435328397066
0.9889857669123776
0.9884542943249525
0.9879504551540811
0.9874755230044614
0.9870307012784901
0.9866171196217890
0.9862358305602369
0.9858878063435922
0.9855739360101093
0.9852950226857697
0.9850517811308334
0.9848448355454121
0.9846747176446499
0.9845418650128885
0.9844466197449102
0.9843892273809750
0.9843698361409615
0.9843884964614327
0.9844451608379541
0.9845396839734513
0.9846718232318598
0.9848412393947936
0.9850474977174447
0.9852900692784557
0.9855683326170810
0.9858815756495855
0.9862289978555399
0.9866097127234632
0.9870227504441396
0.9874670608389284
0.9879415165094789
0.9884449161944597
0.9889759883182468
0.9895333947159427
0.9901157345186735
0.9907215481827858
0.9913493216463706
0.9919974905964529
0.9926644448302153
0.9933485326937570
0.9940480655821169
0.9947613224846140
0.9954865545599682
0.9962219897261461
0.9969658372504286
0.9977162923258056
0.9984715406204644
0.9992297627878387
0.9999891389254173
1.0007478529712701
1.0015040970280142
1.0022560756047292
1.0030020097681072
1.0037401411948899
1.0044687361184124
1.0051860891628073
1.0058905270591449
1.0065804122384665
1.0072541462973299
1.0079101733321052
1.0085469831388421
1.0091631142760717
1.0097571569884085
1.0103277559892752
1.0108736131014924
1.0113934897548404
1.0118862093400411
1.0123506594188834
1.0127857937904716
1.0131906344137791
1.0135642731868535
1.0139058735831630
1.0142146721456566
1.0144899798391873
1.0147311832619799
1.0149377457168292
1.0151092081427007
1.0152451899073702
1.0153453894616742
1.0154095848558706
1.0154376341185234
1.0154294754982187
1.0153851275683188
1.0153046891948423
1.0151883393674468
1.0150363368933739
1.0148490199541016
1.0146268055243559
1.0143701886530274
