1.0000292173002334
1.0000288514137063
1.0000284169200149
1.0000279148627280
1.0000273464466822
1.0000267130350990
1.0000260161463255
1.0000252574502053
1.0000244387640862
1.0000235620484741
1.0000226294023498
1.0000216430581490
1.0000206053764287
1.0000195188402201
1.0000183860490992
1.0000172097129720
1.0000159926455976
1.0000147377578623
1.0000134480508249
1.0000121266085420
1.0000107765906994
1.0000094012250573
1.0000080037997383
1.0000065876553677
1.0000051561770877
1.0000037127864676
1.0000022609333270
1.0000008040874886
0.9999993457304869
0.9999978893472465
0.9999964384177509
0.9999949964087264
0.9999935667653548
0.9999921529030396
0.9999907581992412
0.9999893859854032
0.9999880395389880
0.9999867220756463
0.9999854367415286
0.9999841866057638
0.9999829746531229
0.9999818037768867
0.9999806767719293
0.9999795963280360
0.9999785650234757
0.9999775853188358
0.9999766595511440
0.9999757899282818
0.9999749785237071
0.9999742272714988
0.9999735379617343
0.9999729122362137
0.9999723515845356
0.9999718573405392
0.9999714306791179
0.9999710726134106
0.9999707839923874
0.9999705654988201
0.9999704176476552
0.9999703407847865
0.9999703350862335
0.9999704005577215
0.9999705370346738
0.9999707441826100
0.9999710214979523
0.9999713683092347
0.9999717837787144
0.9999722669043797
0.9999728165223529
0.9999734313096764
0.9999741097874844
0.9999748503245440
0.9999756511411640
0.9999765103134546
0.9999774257779346
0.9999783953364730
0.9999794166615492
0.9999804873018255
0.9999816046880153
0.9999827661390328
0.9999839688684105
0.9999852099909683
0.9999864865297173
0.9999877954229839
0.9999891335317374
0.9999904976471023
0.9999918844980354
0.9999932907591510
0.9999947130586776
0.9999961479865257
0.9999975921024449
0.9999990419442566
1.0000004940361347
1.0000019448969226
1.0000033910484594
1.0000048290238983
1.0000062553760003
1.0000076666853812
1.0000090595686890
1.0000104306866959
1.0000117767522851
1.0000130945383117
1.0000143808853237
1.0000156327091156
1.0000168470081066
1.0000180208705169
1.0000191514813328
1.0000202361290389
1.0000212722121020
1.0000222572451944
1.0000231888651361
1.0000240648365470
1.0000248830571943
1.0000256415630195
1.0000263385328347
1.0000269722926816
1.0000275413198352
1.0000280442464466
1.0000284798628147
1.0000288471202812
1.0000291451337402
1.0000293731837582
1.0000295307182951
1.0000296173540295
1.0000296328772769
1.0000295772445058
1.0000294505824427
1.0000292531877759
1.0000289855264495
1.0000286482325547
1.0000282421068156
1.0000277681146807
1.0000272273840207
1.0000266212024354
1.0000259510141822
1.0000252184167264
1.0000244251569268
1.0000235731268661
1.0000226643593322
1.0000217010229639
1.0000206854170721
1.0000196199661449
1.0000185072140588
1.0000173498180009
1.0000161505421212
1.0000149122509288
1.0000136379024473
1.0000123305411492
1.0000109932906809
1.0000096293463969
1.0000082419677234
1.0000068344703708
1.0000054102184097
1.0000039726162302
1.0000025251004045
1.0000010711314737
0.9999996141856767
0.9999981577466392
0.9999967052970468
0.9999952603103192
0.9999938262423060
0.9999924065230249
0.9999910045484606
0.9999896236724442
0.9999882671986333
0.9999869383726114
0.9999856403741271
0.9999843763094896
0.9999831492041389
0.9999819619954105
0.9999808175255089
0.9999797185347111
0.9999786676548088
0.9999776674028119
0.9999767201749280
0.9999758282408299
0.9999749937382252
0.9999742186677397
0.9999735048881284
0.9999728541118273
0.9999722679008557
0.9999717476630763
0.9999712946488236
0.9999709099479110
0.9999705944870183
0.9999703490274718
0.9999701741634189
0.9999700703204037
0.9999700377543441
0.9999700765509164
0.9999701866253452
0.9999703677225998
0.9999706194180020
0.9999709411182350
0.9999713320627589
0.9999717913256225
0.9999723178176738
0.9999729102891592
0.9999735673327060
0.9999742873866844
0.9999750687389368
0.9999759095308686
0.9999768077618859
0.9999777612941733
0.9999787678578019
0.9999798250561523
0.9999809303716393
0.9999820811717263
0.9999832747152152
0.9999845081587946
0.9999857785638315
0.9999870829033938
0.9999884180694801
0.9999897808804494
0.9999911680886178
0.9999925763880188
0.9999940024223013
0.9999954427927465
0.9999968940663885
0.9999983527842153
0.9999998154694305
1.0000012786357590
1.0000027387957751
1.0000041924692316
1.0000056361913734
1.0000070665212144
1.0000084800497528
1.0000098734081144
1.0000112432755992
1.0000125863876121
1.0000138995434564
1.0000151796139793
1.0000164235490447
1.0000176283848150
1.0000187912508296
1.0000199093768591
1.0000209800995168
1.0000220008686191
1.0000229692532729
1.0000238829476786
1.0000247397766346
1.0000255377007292
1.0000262748212088
1.0000269493845091
1.0000275597864410
1.0000281045760164
1.0000285824589110
1.0000289923005510
1.0000293331288208
1.0000296041363803
1.0000298046825888
1.0000299342950330
1.0000299926706491
1.0000299796764451
1.0000298953498128
1.0000297398984359
1.0000295136997890
1.0000292173002334
1.0000288514137063
1.0000284169200149
1.0000279148627280
