1.0000000000227769
1.0000000000227873
1.0000000000227569
1.0000000000226874
1.0000000000225804
1.0000000000224367
1.0000000000222571
1.0000000000220428
1.0000000000217961
1.0000000000215190
1.0000000000212126
1.0000000000208775
1.0000000000205136
1.0000000000201210
1.0000000000197007
1.0000000000192544
1.0000000000187828
1.0000000000182876
1.0000000000177698
1.0000000000172309
1.0000000000166727
1.0000000000160951
1.0000000000154987
1.0000000000148863
1.0000000000142590
1.0000000000136178
1.0000000000129652
1.0000000000123028
1.0000000000116336
1.0000000000109583
1.0000000000102798
1.0000000000095994
1.0000000000089204
1.0000000000082447
1.0000000000075737
1.0000000000069091
1.0000000000062530
1.0000000000056068
1.0000000000049731
1.0000000000043532
1.0000000000037474
1.0000000000031573
1.0000000000025833
1.0000000000020266
1.0000000000014866
1.0000000000009646
1.0000000000004625
0.9999999999999823
0.9999999999995248
0.9999999999990903
0.9999999999986794
0.9999999999982931
0.9999999999979311
0.9999999999975950
0.9999999999972859
0.9999999999970036
0.9999999999967465
0.9999999999965145
0.9999999999963074
0.9999999999961252
0.9999999999959684
0.9999999999958374
0.9999999999957315
0.9999999999956504
0.9999999999955945
0.9999999999955628
0.9999999999955541
0.9999999999955682
0.9999999999956045
0.9999999999956631
0.9999999999957430
0.9999999999958440
0.9999999999959658
0.9999999999961081
0.9999999999962702
0.9999999999964506
0.9999999999966488
0.9999999999968645
0.9999999999970975
0.9999999999973460
0.9999999999976097
0.9999999999978861
0.9999999999981741
0.9999999999984730
0.9999999999987812
0.9999999999990973
0.9999999999994194
0.9999999999997455
1.0000000000000739
1.0000000000004026
1.0000000000007305
1.0000000000010567
1.0000000000013813
1.0000000000017037
1.0000000000020230
1.0000000000023388
1.0000000000026503
1.0000000000029570
1.0000000000032572
1.0000000000035481
1.0000000000038283
1.0000000000040976
1.0000000000043567
1.0000000000046054
1.0000000000048419
1.0000000000050662
1.0000000000052758
1.0000000000054696
1.0000000000056464
1.0000000000058058
1.0000000000059477
1.0000000000060718
1.0000000000061779
1.0000000000062668
1.0000000000063380
1.0000000000063909
1.0000000000064249
1.0000000000064391
1.0000000000064335
1.0000000000064091
1.0000000000063656
1.0000000000063032
1.0000000000062217
1.0000000000061211
1.0000000000059996
1.0000000000058564
1.0000000000056897
1.0000000000054987
1.0000000000052840
1.0000000000050469
1.0000000000047888
1.0000000000045104
1.0000000000042124
1.0000000000038960
1.0000000000035607
1.0000000000032074
1.0000000000028368
1.0000000000024496
1.0000000000020461
1.0000000000016271
1.0000000000011933
1.0000000000007470
1.0000000000002900
0.9999999999998223
0.9999999999993432
0.9999999999988525
0.9999999999983512
0.9999999999978411
0.9999999999973228
0.9999999999967970
0.9999999999962655
0.9999999999957307
0.9999999999951955
0.9999999999946616
0.9999999999941296
0.9999999999936000
0.9999999999930734
0.9999999999925507
0.9999999999920334
0.9999999999915237
0.9999999999910238
0.9999999999905351
0.9999999999900591
0.9999999999895962
0.9999999999891473
0.9999999999887128
0.9999999999882933
0.9999999999878895
0.9999999999875031
0.9999999999871355
0.9999999999867881
0.9999999999864619
0.9999999999861574
0.9999999999858757
0.9999999999856174
0.9999999999853831
0.9999999999851734
0.9999999999849890
0.9999999999848297
0.9999999999846960
0.9999999999845888
0.9999999999845085
0.9999999999844568
0.9999999999844337
0.9999999999844396
0.9999999999844733
0.9999999999845345
0.9999999999846233
0.9999999999847405
0.9999999999848869
0.9999999999850631
0.9999999999852690
0.9999999999855060
0.9999999999857743
0.9999999999860739
0.9999999999864050
0.9999999999867657
0.9999999999871553
0.9999999999875734
0.9999999999880185
0.9999999999884898
0.9999999999889865
0.9999999999895077
0.9999999999900536
0.9999999999906227
0.9999999999912151
0.9999999999918304
0.9999999999924680
0.9999999999931263
0.9999999999938041
0.9999999999945004
0.9999999999952129
0.9999999999959401
0.9999999999966808
0.9999999999974331
0.9999999999981957
0.9999999999989670
0.9999999999997453
1.0000000000005302
1.0000000000013209
1.0000000000021165
1.0000000000029159
1.0000000000037179
1.0000000000045215
1.0000000000053249
1.0000000000061271
1.0000000000069262
1.0000000000077214
1.0000000000085110
1.0000000000092937
1.0000000000100671
1.0000000000108291
1.0000000000115785
1.0000000000123146
1.0000000000130367
1.0000000000137441
1.0000000000144347
1.0000000000151075
1.0000000000157603
1.0000000000163922
1.0000000000170020
1.0000000000175886
1.0000000000181508
1.0000000000186871
1.0000000000191960
1.0000000000196758
1.0000000000201261
1.0000000000205458
1.0000000000209333
1.0000000000212870
1.0000000000216054
1.0000000000218865
1.0000000000221305
1.0000000000223370
1.0000000000225056
1.0000000000226352
1.0000000000227260
1.0000000000227769
1.0000000000227873
1.0000000000227569
1.0000000000226874
