1.0000017891268793
1.0000017671983672
1.0000017410986068
1.0000017108907457
1.0000016766477176
1.0000016384520694
1.0000015963957636
1.0000015505799580
1.0000015011147627
1.0000014481189761
1.0000013917198014
1.0000013320525436
1.0000012692602844
1.0000012034935397
1.0000011349099005
1.0000010636736560
1.0000009899554017
1.0000009139316275
1.0000008357843000
1.0000007557004251
1.0000006738715999
1.0000005904935556
1.0000005057656911
1.0000004198905939
1.0000003330735576
1.0000002455220913
1.0000001574454216
1.0000000690539950
0.9999999805589740
0.9999998921717308
0.9999998041033432
0.9999997165640905
0.9999996297629509
0.9999995439071026
0.9999994592014272
0.9999993758480223
0.9999992940457177
0.9999992139896003
0.9999991358705489
0.9999990598747768
0.9999989861833883
0.9999989149719452
0.9999988464100458
0.9999987806609214
0.9999987178810454
0.9999986582197625
0.9999986018189293
0.9999985488125772
0.9999984993265935
0.9999984534784205
0.9999984113767730
0.9999983731213821
0.9999983388027545
0.9999983085019566
0.9999982822904225
0.9999982602297849
0.9999982423717286
0.9999982287578664
0.9999982194196394
0.9999982143782421
0.9999982136445741
0.9999982172192139
0.9999982250924193
0.9999982372441504
0.9999982536441195
0.9999982742518621
0.9999982990168356
0.9999983278785414
0.9999983607666691
0.9999983976012669
0.9999984382929317
0.9999984827430256
0.9999985308439105
0.9999985824792067
0.9999986375240714
0.9999986958454995
0.9999987573026425
0.9999988217471444
0.9999988890234993
0.9999989589694227
0.9999990314162422
0.9999991061893002
0.9999991831083702
0.9999992619880901
0.9999993426384067
0.9999994248650310
0.9999995084699020
0.9999995932516630
0.9999996790061431
0.9999997655268449
0.9999998526054418
0.9999999400322738
1.0000000275968526
1.0000001150883635
1.0000002022961707
1.0000002890103217
1.0000003750220505
1.0000004601242773
1.0000005441121038
1.0000006267833046
1.0000007079388105
1.0000007873831867
1.0000008649250989
1.0000009403777725
1.0000010135594413
1.0000010842937814
1.0000011524103325
1.0000012177449078
1.0000012801399882
1.0000013394450988
1.0000013955171669
1.0000014482208670
1.0000014974289448
1.0000015430225220
1.0000015848913795
1.0000016229342250
1.0000016570589354
1.0000016871827753
1.0000017132325960
1.0000017351450126
1.0000017528665541
1.0000017663537955
1.0000017755734574
1.0000017805024883
1.0000017811281212
1.0000017774479049
1.0000017694697083
1.0000017572117028
1.0000017407023212
1.0000017199801896
1.0000016950940358
1.0000016661025715
1.0000016330743542
1.0000015960876230
1.0000015552301120
1.0000015105988416
1.0000014622998856
1.0000014104481183
1.0000013551669402
1.0000012965879856
1.0000012348508063
1.0000011701025384
1.0000011024975513
1.0000010321970769
1.0000009593688275
1.0000008841865935
1.0000008068298296
1.0000007274832243
1.0000006463362598
1.0000005635827600
1.0000004794204240
1.0000003940503561
1.0000003076765844
1.0000002205055720
1.0000001327457251
1.0000000446068951
0.9999999562998759
0.9999998680359009
0.9999997800261374
0.9999996924811808
0.9999996056105531
0.9999995196221998
0.9999994347219944
0.9999993511132449
0.9999992689962092
0.9999991885676147
0.9999991100201873
0.9999990335421913
0.9999989593169777
0.9999988875225470
0.9999988183311236
0.9999987519087439
0.9999986884148580
0.9999986280019498
0.9999985708151713
0.9999985169919936
0.9999984666618803
0.9999984199459747
0.9999983769568109
0.9999983377980461
0.9999983025642111
0.9999982713404826
0.9999982442024796
0.9999982212160826
0.9999982024372748
0.9999981879120085
0.9999981776760950
0.9999981717551174
0.9999981701643680
0.9999981729088117
0.9999981799830732
0.9999981913714505
0.9999982070479513
0.9999982269763544
0.9999982511102941
0.9999982793933719
0.9999983117592904
0.9999983481320102
0.9999983884259307
0.9999984325460958
0.9999984803884192
0.9999985318399315
0.9999985867790484
0.9999986450758633
0.9999987065924542
0.9999987711832147
0.9999988386951982
0.9999989089684871
0.9999989818365718
0.9999990571267474
0.9999991346605278
0.9999992142540696
0.9999992957186105
0.9999993788609204
0.9999994634837622
0.9999995493863618
0.9999996363648886
0.9999997242129401
0.9999998127220351
0.9999999016821125
0.9999999908820315
1.0000000801100741
1.0000001691544511
1.0000002578038081
1.0000003458477305
1.0000004330772430
1.0000005192853110
1.0000006042673317
1.0000006878216252
1.0000007697499138
1.0000008498577957
1.0000009279552087
1.0000010038568838
1.0000010773827881
1.0000011483585522
1.0000012166158907
1.0000012819929995
1.0000013443349425
1.0000014034940217
1.0000014593301283
1.0000015117110768
1.0000015605129202
1.0000016056202461
1.0000016469264532
1.0000016843340045
1.0000017177546605
1.0000017471096889
1.0000017723300505
1.0000017933565639
1.0000018101400467
1.0000018226414333
1.0000018308318670
1.0000018346927684
1.0000018342158792
1.0000018294032815
1.0000018202673930
1.0000018068309353
1.0000017891268793
1.0000017671983672
1.0000017410986068
1.0000017108907457
