1.0013132928760082
1.0012966997773083
1.0012770162277882
1.0012542890584046
1.0012285723334597
1.0011999272244454
1.0011684218672403
1.0011341312029705
1.0010971368028827
1.0010575266776047
1.0010153950712115
1.0009708422405483
1.0009239742202911
1.0008749025742638
1.0008237441335581
1.0007706207220408
1.0007156588698558
1.0006589895155600
1.0006007476975620
1.0005410722355623
1.0004801054027115
1.0004179925892340
1.0003548819582855
1.0002909240948326
1.0002262716483674
1.0001610789702826
1.0000955017467528
1.0000296966279836
0.9999638208546986
0.9998980318827489
0.9998324870067359
0.9997673429835496
0.9997027556567254
0.9996388795825202
0.9995758676586290
0.9995138707564317
0.9994530373576790
0.9993935131965052
0.9993354409076637
0.9992789596818485
0.9992242049289629
0.9991713079501845
0.9991203956196441
0.9990715900765289
0.9990250084283858
0.9989807624663829
0.9989389583932513
0.9988996965646130
0.9988630712443528
0.9988291703746665
0.9987980753613834
0.9987698608751168
0.9987445946687578
0.9987223374117911
0.9987031425418641
0.9986870561339987
0.9986741167877847
0.9986643555328566
0.9986577957528968
0.9986544531283659
0.9986543355981163
0.9986574433399824
0.9986637687704033
0.9986732965630798
0.9986860036866106
0.9987018594610169
0.9987208256329975
0.9987428564697253
0.9987678988709329
0.9987958924989927
0.9988267699266560
0.9988604568020601
0.9988968720305768
0.9989359279730191
0.9989775306597066
0.9990215800198183
0.9990679701254475
0.9991165894497291
0.9991673211383767
0.9992200432939286
0.9992746292719785
0.9993309479886431
0.9993888642384767
0.9994482390220377
0.9995089298822796
0.9995707912489237
0.9996336747899556
0.9996974297693683
0.9997619034102744
0.9998269412624901
0.9998923875736883
0.9999580856632163
1.0000238782976785
1.0000896080673676
1.0001551177626469
1.0002202507493794
1.0002848513425133
1.0003487651769432
1.0004118395747650
1.0004739239080715
1.0005348699564454
1.0005945322583107
1.0006527684553441
1.0007094396291427
1.0007644106293887
1.0008175503927619
1.0008687322518754
1.0009178342335399
1.0009647393456913
1.0010093358523326
1.0010515175358830
1.0010911839463557
1.0011282406368078
1.0011625993845474
1.0011941783976157
1.0012229025060895
1.0012487033377842
1.0012715194779824
1.0012912966128380
1.0013079876561450
1.0013215528591999
1.0013319599035193
1.0013391839762156
1.0013432078278637
1.0013440218127412
1.0013416239113531
1.0013360197351857
1.0013272225136927
1.0013152530635312
1.0013001397401169
1.0012819183716024
1.0012606321754209
1.0012363316575736
1.0012090744948747
1.0011789254004149
1.0011459559725275
1.0011102445275857
1.0010718759169921
1.0010309413287641
1.0009875380741460
1.0009417693597091
1.0008937440454477
1.0008435763893979
1.0007913857793471
1.0007372964522308
1.0006814372018407
1.0006239410754980
1.0005649450603737
1.0005045897601661
1.0004430190628659
1.0003803798003690
1.0003168214007165
1.0002524955337599
1.0001875557510718
1.0001221571209402
1.0000564558592988
0.9999906089574589
0.9999247738075222
0.9998591078263596
0.9997937680790597
0.9997289109027410
0.9996646915316386
0.9996012637243703
0.9995387793942886
0.9994773882438241
0.9994172374037135
0.9993584710780057
0.9993012301957270
0.9992456520700690
0.9991918700659502
0.9991400132767905
0.9990902062113073
0.9990425684911340
0.9989972145600211
0.9989542534053656
0.9989137882927812
0.9988759165143865
0.9988407291514660
0.9988083108521105
0.9987787396244172
0.9987520866457860
0.9987284160888052
0.9987077849641850
0.9986902429811454
0.9986758324256282
0.9986645880566466
0.9986565370210505
0.9986516987869282
0.9986500850958205
0.9986516999338755
0.9986565395220142
0.9986645923251390
0.9986758390803564
0.9986902528441405
0.9987077990583174
0.9987284356346915
0.9987521130580925
0.9987787745075765
0.9988083559954554
0.9988407865237999
0.9988759882579982
0.9989138767169234
0.9989543609792189
0.9989973439051546
0.9990427223734870
0.9990903875327084
0.9991402250660394
0.9991921154694868
0.9992459343422530
0.9993015526887546
0.9993588372314854
0.9994176507339324
0.9994778523327298
0.9995392978782159
0.9996018402825424
0.9996653298744730
0.9997296147599872
0.9997945411878010
0.9998599539189089
0.9999256965992400
0.9999916121345319
1.0000575430664997
1.0001233319494085
1.0001888217261405
1.0002538561028635
1.0003182799214070
1.0003819395284703
1.0004446831407994
1.0005063612054732
1.0005668267544623
1.0006259357526472
1.0006835474384868
1.0007395246565594
1.0007937341812219
1.0008460470306504
1.0008963387705518
1.0009444898068662
1.0009903856668001
1.0010339172675689
1.0010749811722508
1.0011134798321852
1.0011493218153860
1.0011824220204601
1.0012127018755659
1.0012400895219842
1.0012645199818968
1.0012859353100074
1.0013042847286782
1.0013195247462934
1.0013316192585919
1.0013405396327506
1.0013462647740381
1.0013487811748965
1.0013480829463439
1.0013441718316369
1.0013370572021543
1.0013267560355203
1.0013132928760082
1.0012966997773083
1.0012770162277882
1.0012542890584046
