1.0000000013155916
1.0000000013044421
1.0000000012905363
1.0000000012739128
1.0000000012546166
1.0000000012326988
1.0000000012082166
1.0000000011812340
1.0000000011518211
1.0000000011200525
1.0000000010860093
1.0000000010497765
1.0000000010114436
1.0000000009711045
1.0000000009288570
1.0000000008848033
1.0000000008390508
1.0000000007917114
1.0000000007428995
1.0000000006927341
1.0000000006413352
1.0000000005888270
1.0000000005353351
1.0000000004809877
1.0000000004259151
1.0000000003702487
1.0000000003141214
1.0000000002576654
1.0000000002010152
1.0000000001443052
1.0000000000876703
1.0000000000312446
0.9999999999751618
0.9999999999195541
0.9999999998645517
0.9999999998102829
0.9999999997568737
0.9999999997044494
0.9999999996531314
0.9999999996030384
0.9999999995542855
0.9999999995069854
0.9999999994612464
0.9999999994171738
0.9999999993748678
0.9999999993344258
0.9999999992959373
0.9999999992594879
0.9999999992251584
0.9999999991930258
0.9999999991631616
0.9999999991356323
0.9999999991104996
0.9999999990878180
0.9999999990676354
0.9999999990499930
0.9999999990349263
0.9999999990224644
0.9999999990126299
0.9999999990054380
0.9999999990008979
0.9999999989990115
0.9999999989997761
0.9999999990031812
0.9999999990092099
0.9999999990178385
0.9999999990290380
0.9999999990427729
0.9999999990590015
0.9999999990776753
0.9999999990987405
0.9999999991221376
0.9999999991478007
0.9999999991756593
0.9999999992056378
0.9999999992376558
0.9999999992716275
0.9999999993074619
0.9999999993450628
0.9999999993843302
0.9999999994251592
0.9999999994674411
0.9999999995110647
0.9999999995559159
0.9999999996018772
0.9999999996488282
0.9999999996966462
0.9999999997452071
0.9999999997943845
0.9999999998440513
0.9999999998940794
0.9999999999443397
0.9999999999947031
1.0000000000450393
1.0000000000952169
1.0000000001451050
1.0000000001945737
1.0000000002434939
1.0000000002917382
1.0000000003391816
1.0000000003857008
1.0000000004311755
1.0000000004754892
1.0000000005185268
1.0000000005601759
1.0000000006003276
1.0000000006388754
1.0000000006757193
1.0000000007107619
1.0000000007439116
1.0000000007750800
1.0000000008041841
1.0000000008311460
1.0000000008558927
1.0000000008783565
1.0000000008984753
1.0000000009161933
1.0000000009314596
1.0000000009442311
1.0000000009544698
1.0000000009621437
1.0000000009672274
1.0000000009697019
1.0000000009695551
1.0000000009667815
1.0000000009613825
1.0000000009533638
1.0000000009427381
1.0000000009295245
1.0000000009137486
1.0000000008954422
1.0000000008746441
1.0000000008513994
1.0000000008257586
1.0000000007977792
1.0000000007675249
1.0000000007350649
1.0000000007004726
1.0000000006638272
1.0000000006252125
1.0000000005847172
1.0000000005424343
1.0000000004984630
1.0000000004529059
1.0000000004058696
1.0000000003574643
1.0000000003078049
1.0000000002570082
1.0000000002051943
1.0000000001524856
1.0000000000990086
1.0000000000448908
0.9999999999902606
0.9999999999352479
0.9999999998799842
0.9999999998246010
0.9999999997692309
0.9999999997140078
0.9999999996590653
0.9999999996045360
0.9999999995505522
0.9999999994972452
0.9999999994447443
0.9999999993931777
0.9999999993426716
0.9999999992933508
0.9999999992453373
0.9999999991987500
0.9999999991537030
0.9999999991103067
0.9999999990686688
0.9999999990288934
0.9999999989910809
0.9999999989553268
0.9999999989217210
0.9999999988903491
0.9999999988612908
0.9999999988346209
0.9999999988104096
0.9999999987887214
0.9999999987696159
0.9999999987531466
0.9999999987393603
0.9999999987282955
0.9999999987199852
0.9999999987144562
0.9999999987117284
0.9999999987118159
0.9999999987147266
0.9999999987204606
0.9999999987290126
0.9999999987403694
0.9999999987545126
0.9999999987714180
0.9999999987910537
0.9999999988133809
0.9999999988383543
0.9999999988659229
0.9999999988960303
0.9999999989286151
0.9999999989636095
0.9999999990009393
0.9999999990405245
0.9999999990822784
0.9999999991261098
0.9999999991719222
0.9999999992196160
0.9999999992690877
0.9999999993202281
0.9999999993729244
0.9999999994270604
0.9999999994825165
0.9999999995391703
0.9999999995968984
0.9999999996555742
0.9999999997150674
0.9999999997752452
0.9999999998359732
0.9999999998971161
0.9999999999585387
1.0000000000201053
1.0000000000816782
1.0000000001431204
1.0000000002042950
1.0000000002650660
1.0000000003252982
1.0000000003848586
1.0000000004436151
1.0000000005014371
1.0000000005581955
1.0000000006137639
1.0000000006680194
1.0000000007208412
1.0000000007721115
1.0000000008217185
1.0000000008695531
1.0000000009155114
1.0000000009594927
1.0000000010014010
1.0000000010411449
1.0000000010786383
1.0000000011137993
1.0000000011465520
1.0000000011768264
1.0000000012045573
1.0000000012296864
1.0000000012521622
1.0000000012719386
1.0000000012889749
1.0000000013032382
1.0000000013147012
1.0000000013233437
1.0000000013291506
1.0000000013321135
1.0000000013322305
1.0000000013295072
1.0000000013239547
1.0000000013155916
1.0000000013044421
1.0000000012905363
1.0000000012739128
