1.0000000015230626
1.0000000015098707
1.0000000014934778
1.0000000014739285
1.0000000014512742
1.0000000014255739
1.0000000013968930
1.0000000013653039
1.0000000013308856
1.0000000012937247
1.0000000012539143
1.0000000012115544
1.0000000011667503
1.0000000011196122
1.0000000010702552
1.0000000010188004
1.0000000009653731
1.0000000009101031
1.0000000008531245
1.0000000007945731
1.0000000007345897
1.0000000006733174
1.0000000006109033
1.0000000005474985
1.0000000004832543
1.0000000004183254
1.0000000003528660
1.0000000002870317
1.0000000002209799
1.0000000001548672
1.0000000000888500
1.0000000000230844
0.9999999999577263
0.9999999998929283
0.9999999998288406
0.9999999997656136
0.9999999997033956
0.9999999996423318
0.9999999995825645
0.9999999995242322
0.9999999994674714
0.9999999994124132
0.9999999993591852
0.9999999993079101
0.9999999992587053
0.9999999992116834
0.9999999991669506
0.9999999991246089
0.9999999990847526
0.9999999990474717
0.9999999990128494
0.9999999989809616
0.9999999989518765
0.9999999989256559
0.9999999989023548
0.9999999988820215
0.9999999988646969
0.9999999988504155
0.9999999988392034
0.9999999988310794
0.9999999988260538
0.9999999988241295
0.9999999988253012
0.9999999988295583
0.9999999988368807
0.9999999988472404
0.9999999988606026
0.9999999988769255
0.9999999988961599
0.9999999989182496
0.9999999989431319
0.9999999989707361
0.9999999990009877
0.9999999990338044
0.9999999990690971
0.9999999991067694
0.9999999991467203
0.9999999991888444
0.9999999992330296
0.9999999992791585
0.9999999993271093
0.9999999993767558
0.9999999994279680
0.9999999994806116
0.9999999995345485
0.9999999995896388
0.9999999996457402
0.9999999997027085
0.9999999997603963
0.9999999998186540
0.9999999998773315
0.9999999999362773
0.9999999999953401
1.0000000000543667
1.0000000001132046
1.0000000001717018
1.0000000002297078
1.0000000002870728
1.0000000003436491
1.0000000003992910
1.0000000004538547
1.0000000005071994
1.0000000005591871
1.0000000006096827
1.0000000006585534
1.0000000007056717
1.0000000007509153
1.0000000007941654
1.0000000008353098
1.0000000008742425
1.0000000009108603
1.0000000009450665
1.0000000009767693
1.0000000010058827
1.0000000010323273
1.0000000010560304
1.0000000010769263
1.0000000010949563
1.0000000011100680
1.0000000011222181
1.0000000011313694
1.0000000011374923
1.0000000011405639
1.0000000011405694
1.0000000011375025
1.0000000011313641
1.0000000011221624
1.0000000011099133
1.0000000010946404
1.0000000010763741
1.0000000010551526
1.0000000010310213
1.0000000010040326
1.0000000009742454
1.0000000009417236
1.0000000009065395
1.0000000008687713
1.0000000008285046
1.0000000007858323
1.0000000007408543
1.0000000006936756
1.0000000006444063
1.0000000005931611
1.0000000005400602
1.0000000004852283
1.0000000004287943
1.0000000003708929
1.0000000003116614
1.0000000002512388
1.0000000001897684
1.0000000001273954
1.0000000000642688
1.0000000000005391
0.9999999999363598
0.9999999998718853
0.9999999998072705
0.9999999997426695
0.9999999996782365
0.9999999996141264
0.9999999995504941
0.9999999994874937
0.9999999994252788
0.9999999993640009
0.9999999993038092
0.9999999992448506
0.9999999991872667
0.9999999991311983
0.9999999990767825
0.9999999990241536
0.9999999989734434
0.9999999989247775
0.9999999988782766
0.9999999988340568
0.9999999987922290
0.9999999987528989
0.9999999987161667
0.9999999986821264
0.9999999986508652
0.9999999986224652
0.9999999985970014
0.9999999985745415
0.9999999985551469
0.9999999985388708
0.9999999985257586
0.9999999985158484
0.9999999985091719
0.9999999985057531
0.9999999985056079
0.9999999985087461
0.9999999985151681
0.9999999985248677
0.9999999985378308
0.9999999985540373
0.9999999985734578
0.9999999985960554
0.9999999986217863
0.9999999986505987
0.9999999986824336
0.9999999987172247
0.9999999987548982
0.9999999987953748
0.9999999988385700
0.9999999988843919
0.9999999989327416
0.9999999989835143
0.9999999990365992
0.9999999990918799
0.9999999991492354
0.9999999992085401
0.9999999992696641
0.9999999993324737
0.9999999993968298
0.9999999994625891
0.9999999995296059
0.9999999995977317
0.9999999996668154
0.9999999997367032
0.9999999998072381
0.9999999998782628
0.9999999999496177
1.0000000000211431
1.0000000000926785
1.0000000001640639
1.0000000002351401
1.0000000003057485
1.0000000003757317
1.0000000004449343
1.0000000005132028
1.0000000005803849
1.0000000006463305
1.0000000007108922
1.0000000007739251
1.0000000008352887
1.0000000008948469
1.0000000009524679
1.0000000010080237
1.0000000010613910
1.0000000011124521
1.0000000011610954
1.0000000012072141
1.0000000012507066
1.0000000012914771
1.0000000013294363
1.0000000013645025
1.0000000013966008
1.0000000014256631
1.0000000014516290
1.0000000014744459
1.0000000014940689
1.0000000015104598
1.0000000015235864
1.0000000015334247
1.0000000015399593
1.0000000015431831
1.0000000015430948
1.0000000015397008
1.0000000015330159
1.0000000015230626
1.0000000015098707
1.0000000014934778
1.0000000014739285
