1.0003088717908686
1.0003049746207255
1.0003003504648889
1.0002950103863484
1.0002889671561745
1.0002822352231517
1.0002748306794158
1.0002667712221844
1.0002580761116671
1.0002487661252482
1.0002388635080617
1.0002283919200612
1.0002173763797182
1.0002058432044740
1.0001938199480895
1.0001813353350388
1.0001684191921005
1.0001551023773130
1.0001414167064486
1.0001273948771938
1.0001130703912060
1.0000984774742316
1.0000836509944784
1.0000686263794327
1.0000534395313196
1.0000381267414080
1.0000227246033613
1.0000072699258407
0.9999917996445707
0.9999763507340760
0.9999609601192992
0.9999456645873133
0.9999305006993380
0.9999155047032694
0.9999007124469372
0.9998861592922942
0.9998718800307473
0.9998579087998312
0.9998442790014254
0.9998310232217141
0.9998181731530797
0.9998057595181211
0.9997938119959803
0.9997823591511538
0.9997714283649647
0.9997610457698570
0.9997512361866783
0.9997420230650952
0.9997334284272962
0.9997254728151078
0.9997181752406636
0.9997115531407373
0.9997056223348586
0.9997003969873124
0.9996958895731086
0.9996921108480130
0.9996890698227078
0.9996867737411484
0.9996852280631668
0.9996844364513622
0.9996844007623162
0.9996851210421489
0.9996865955264340
0.9996888206444643
0.9996917910278632
0.9996954995235199
0.9996999372108111
0.9997050934230760
0.9997109557732864
0.9997175101838514
0.9997247409204836
0.9997326306300424
0.9997411603822642
0.9997503097152741
0.9997600566847709
0.9997703779167673
0.9997812486637520
0.9997926428641388
0.9998045332048623
0.9998168911869592
0.9998296871939840
0.9998428905630904
0.9998564696586030
0.9998703919479039
0.9998846240794524
0.9998991319627458
0.9999138808500283
0.9999288354195552
0.9999439598602022
0.9999592179572295
0.9999745731789826
0.9999899887643264
1.0000054278106070
1.0000208533619193
1.0000362284974817
1.0000515164198971
1.0000666805430913
1.0000816845797265
1.0000964926278710
1.0001110692567283
1.0001253795912126
1.0001393893951780
1.0001530651530965
1.0001663741500004
1.0001792845494928
1.0001917654696442
1.0002037870565956
1.0002153205556956
1.0002263383799983
1.0002368141759725
1.0002467228862570
1.0002560408093173
1.0002647456558673
1.0002728166019177
1.0002802343383284
1.0002869811167516
1.0002930407918587
1.0002983988597478
1.0003030424924459
1.0003069605684212
1.0003101436990354
1.0003125842508815
1.0003142763639417
1.0003152159655342
1.0003154007800108
1.0003148303341818
1.0003135059584602
1.0003114307837198
1.0003086097338747
1.0003050495141981
1.0003007585954056
1.0002957471935428
1.0002900272457216
1.0002836123817649
1.0002765178918225
1.0002687606900369
1.0002603592743420
1.0002513336824903
1.0002417054444090
1.0002314975309994
1.0002207342994966
1.0002094414355227
1.0001976458919597
1.0001853758247983
1.0001726605261037
1.0001595303542610
1.0001460166616642
1.0001321517200163
1.0001179686434192
1.0001035013094317
1.0000887842782880
1.0000738527104649
1.0000587422827925
1.0000434891033074
1.0000281296250526
1.0000127005590256
0.9999972387864878
0.9999817812708366
0.9999663649692574
0.9999510267443595
0.9999358032760165
0.9999207309736136
0.9999058458889173
0.9998911836297750
0.9998767792748511
0.9998626672896053
0.9998488814437210
0.9998354547301715
0.9998224192861292
0.9998098063159016
0.9997976460160891
0.9997859675031392
0.9997747987434732
0.9997641664863567
0.9997540961996758
0.9997446120087790
0.9997357366385283
0.9997274913587019
0.9997198959328839
0.9997129685709613
0.9997067258853498
0.9997011828510490
0.9996963527696299
0.9996922472372398
0.9996888761167058
0.9996862475137989
0.9996843677577236
0.9996832413858753
0.9996828711329067
0.9996832579241313
0.9996844008732737
0.9996862972845783
0.9996889426592672
0.9996923307063362
0.9996964533576572
0.9997013007873520
0.9997068614353916
0.9997131220353627
0.9997200676463319
0.9997276816887324
0.9997359459841817
0.9997448407991396
0.9997543448922919
0.9997644355655489
0.9997750887185332
0.9997862789064259
0.9997979794010287
0.9998101622548932
0.9998227983683613
0.9998358575593557
0.9998493086357513
0.9998631194701494
0.9998772570768748
0.9998916876910111
0.9999063768492810
0.9999212894725773
0.9999363899499495
0.9999516422238354
0.9999670098763404
0.9999824562163533
0.9999979443672889
1.0000134373552487
1.0000288981973888
1.0000442899902817
1.0000595759980653
1.0000747197401614
1.0000896850783649
1.0001044363030869
1.0001189382185491
1.0001331562267302
1.0001470564098618
1.0001606056112813
1.0001737715144479
1.0001865227199365
1.0001988288202250
1.0002106604721017
1.0002219894665223
1.0002327887957481
1.0002430327176119
1.0002526968167558
1.0002617580627025
1.0002701948646204
1.0002779871226546
1.0002851162757040
1.0002915653455331
1.0002973189771136
1.0003023634751034
1.0003066868363777
1.0003102787785332
1.0003131307642998
1.0003152360218071
1.0003165895606534
1.0003171881837427
1.0003170304948612
1.0003161169019725
1.0003144496162322
1.0003120326467145
1.0003088717908686
1.0003049746207255
1.0003003504648889
1.0002950103863484
