1.0000000000098486
1.0000000000098681
1.0000000000098703
1.0000000000098566
1.0000000000098277
1.0000000000097842
1.0000000000097253
1.0000000000096523
1.0000000000095650
1.0000000000094642
1.0000000000093514
1.0000000000092266
1.0000000000090887
1.0000000000089377
1.0000000000087745
1.0000000000086002
1.0000000000084166
1.0000000000082250
1.0000000000080262
1.0000000000078217
1.0000000000076124
1.0000000000073972
1.0000000000071776
1.0000000000069531
1.0000000000067253
1.0000000000064957
1.0000000000062661
1.0000000000060367
1.0000000000058082
1.0000000000055802
1.0000000000053522
1.0000000000051241
1.0000000000048970
1.0000000000046709
1.0000000000044469
1.0000000000042248
1.0000000000040039
1.0000000000037841
1.0000000000035663
1.0000000000033502
1.0000000000031362
1.0000000000029248
1.0000000000027172
1.0000000000025131
1.0000000000023124
1.0000000000021159
1.0000000000019251
1.0000000000017411
1.0000000000015632
1.0000000000013918
1.0000000000012270
1.0000000000010700
1.0000000000009210
1.0000000000007809
1.0000000000006497
1.0000000000005276
1.0000000000004137
1.0000000000003093
1.0000000000002143
1.0000000000001290
1.0000000000000528
0.9999999999999855
0.9999999999999261
0.9999999999998735
0.9999999999998265
0.9999999999997852
0.9999999999997501
0.9999999999997217
0.9999999999997014
0.9999999999996889
0.9999999999996847
0.9999999999996877
0.9999999999996977
0.9999999999997129
0.9999999999997321
0.9999999999997554
0.9999999999997836
0.9999999999998163
0.9999999999998521
0.9999999999998922
0.9999999999999362
0.9999999999999830
1.0000000000000326
1.0000000000000846
1.0000000000001383
1.0000000000001934
1.0000000000002496
1.0000000000003066
1.0000000000003646
1.0000000000004239
1.0000000000004834
1.0000000000005418
1.0000000000005982
1.0000000000006519
1.0000000000007032
1.0000000000007514
1.0000000000007974
1.0000000000008420
1.0000000000008848
1.0000000000009255
1.0000000000009646
1.0000000000010021
1.0000000000010392
1.0000000000010756
1.0000000000011107
1.0000000000011442
1.0000000000011751
1.0000000000012017
1.0000000000012244
1.0000000000012434
1.0000000000012585
1.0000000000012708
1.0000000000012799
1.0000000000012845
1.0000000000012856
1.0000000000012836
1.0000000000012788
1.0000000000012708
1.0000000000012599
1.0000000000012472
1.0000000000012332
1.0000000000012161
1.0000000000011948
1.0000000000011682
1.0000000000011364
1.0000000000011002
1.0000000000010594
1.0000000000010147
1.0000000000009672
1.0000000000009173
1.0000000000008646
1.0000000000008091
1.0000000000007507
1.0000000000006897
1.0000000000006268
1.0000000000005627
1.0000000000004972
1.0000000000004308
1.0000000000003642
1.0000000000002969
1.0000000000002294
1.0000000000001608
1.0000000000000904
1.0000000000000180
0.9999999999999455
0.9999999999998725
0.9999999999997996
0.9999999999997258
0.9999999999996506
0.9999999999995736
0.9999999999994947
0.9999999999994135
0.9999999999993299
0.9999999999992443
0.9999999999991573
0.9999999999990694
0.9999999999989810
0.9999999999988929
0.9999999999988046
0.9999999999987159
0.9999999999986267
0.9999999999985383
0.9999999999984509
0.9999999999983638
0.9999999999982762
0.9999999999981881
0.9999999999980996
0.9999999999980109
0.9999999999979228
0.9999999999978366
0.9999999999977535
0.9999999999976742
0.9999999999975995
0.9999999999975289
0.9999999999974619
0.9999999999973976
0.9999999999973344
0.9999999999972716
0.9999999999972113
0.9999999999971547
0.9999999999971031
0.9999999999970584
0.9999999999970223
0.9999999999969937
0.9999999999969718
0.9999999999969552
0.9999999999969436
0.9999999999969367
0.9999999999969351
0.9999999999969400
0.9999999999969519
0.9999999999969711
0.9999999999969974
0.9999999999970307
0.9999999999970720
0.9999999999971212
0.9999999999971780
0.9999999999972427
0.9999999999973156
0.9999999999973975
0.9999999999974879
0.9999999999975875
0.9999999999976965
0.9999999999978155
0.9999999999979443
0.9999999999980831
0.9999999999982317
0.9999999999983905
0.9999999999985607
0.9999999999987426
0.9999999999989357
0.9999999999991394
0.9999999999993535
0.9999999999995780
0.9999999999998128
1.0000000000000566
1.0000000000003095
1.0000000000005702
1.0000000000008378
1.0000000000011100
1.0000000000013856
1.0000000000016644
1.0000000000019473
1.0000000000022342
1.0000000000025249
1.0000000000028191
1.0000000000031160
1.0000000000034150
1.0000000000037161
1.0000000000040183
1.0000000000043210
1.0000000000046230
1.0000000000049232
1.0000000000052203
1.0000000000055136
1.0000000000058034
1.0000000000060889
1.0000000000063700
1.0000000000066465
1.0000000000069180
1.0000000000071840
1.0000000000074429
1.0000000000076934
1.0000000000079348
1.0000000000081655
1.0000000000083835
1.0000000000085880
1.0000000000087779
1.0000000000089524
1.0000000000091114
1.0000000000092553
1.0000000000093845
1.0000000000094991
1.0000000000095997
1.0000000000096858
1.0000000000097564
1.0000000000098113
1.0000000000098486
1.0000000000098681
1.0000000000098703
1.0000000000098566
