1.0008934935138305
1.0008822052391215
1.0008688138543997
1.0008533512890680
1.0008358544030722
1.0008163649002080
1.0007949292300100
1.0007715984784400
1.0007464282476206
1.0007194785248856
1.0006908135414398
1.0006605016209460
1.0006286150183827
1.0005952297495335
1.0005604254114984
1.0005242849946319
1.0004868946863406
1.0004483436671816
1.0004087238997355
1.0003681299107345
1.0003266585669497
1.0002844088453537
1.0002414815980951
1.0001979793128279
1.0001540058689571
1.0001096662903717
1.0000650664952437
1.0000203130434884
0.9999755128824767
0.9999307730916080
0.9998862006263467
0.9998419020623383
0.9997979833402217
0.9997545495117475
0.9997117044878122
0.9996695507890242
0.9996281892994076
0.9995877190238410
0.9995482368498297
0.9995098373141914
0.9994726123752294
0.9994366511909587
0.9994020399039333
0.9993688614332080
0.9993371952739525
0.9993071173052206
0.9992786996063497
0.9992520102824581
0.9992271132994739
0.9992040683291121
0.9991829306041906
0.9991637507846521
0.9991465748346343
0.9991314439108919
0.9991183942628621
0.9991074571446236
0.9990986587389747
0.9990920200938234
0.9990875570710516
0.9990852803079849
0.9990851951915669
0.9990873018453026
0.9990915951290037
0.9990980646513364
0.9991066947951455
0.9991174647554795
0.9991303485902279
0.9991453152832392
0.9991623288197575
0.9991813482739863
0.9992023279085545
0.9992252172856372
0.9992499613894403
0.9992765007597426
0.9993047716361591
0.9993347061127589
0.9993662323026481
0.9993992745120988
0.9994337534237917
0.9994695862887117
0.9995066871262154
0.9995449669317683
0.9995843338918374
0.9996246936054095
0.9996659493115797
0.9997080021226484
0.9997507512621625
0.9997940943073034
0.9998379274350375
0.9998821456714265
0.9999266431434892
0.9999713133330064
1.0000160493316583
1.0000607440968778
1.0001052907078043
1.0001495826207289
1.0001935139234215
1.0002369795877328
1.0002798757198805
1.0003220998078235
1.0003635509651452
1.0004041301708742
1.0004437405046789
1.0004822873768993
1.0005196787528683
1.0005558253710158
1.0005906409542460
1.0006240424141031
1.0006559500472603
1.0006862877238820
1.0007149830674296
1.0007419676255009
1.0007671770313187
1.0007905511554980
1.0008120342477609
1.0008315750682646
1.0008491270082616
1.0008646481998098
1.0008781016142962
1.0008894551495477
1.0008986817053360
1.0009057592471116
1.0009106708578202
1.0009134047776875
1.0009139544318844
1.0009123184460127
1.0009085006493741
1.0009025100660172
1.0008943608935807
1.0008840724699819
1.0008716692280193
1.0008571806379973
1.0008406411384985
1.0008220900554532
1.0008015715096947
1.0007791343131998
1.0007548318542501
1.0007287219717718
1.0007008668191317
1.0006713327177030
1.0006401900005228
1.0006075128464011
1.0005733791048541
1.0005378701122547
1.0005010704996287
1.0004630679925266
1.0004239532034327
1.0003838194171852
1.0003427623699013
1.0003008800219186
1.0002582723252780
1.0002150409862913
1.0001712892237424
1.0001271215232905
1.0000826433886481
1.0000379610901227
0.9999931814111128
0.9999484113931625
0.9999037580801791
0.9998593282624253
0.9998152282208980
0.9997715634727078
0.9997284385180704
0.9996859565895280
0.9996442194040071
0.9996033269183129
0.9995633770886616
0.9995244656348368
0.9994866858095502
0.9994501281735791
0.9994148803772315
0.9993810269486851
0.9993486490897218
0.9993178244793679
0.9992886270859368
0.9992611269879375
0.9992353902043017
0.9992114785343563
0.9991894494079454
0.9991693557460828
0.9991512458324804
0.9991351631962850
0.9991211465063191
0.9991092294770955
0.9990994407868428
0.9990918040077534
0.9990863375486292
0.9990830546100744
0.9990819631523464
0.9990830658759494
0.9990863602150196
0.9990918383435198
0.9990994871942253
0.9991092884904574
0.9991212187904778
0.9991352495444327
0.9991513471637009
0.9991694731024737
0.9991895839513490
0.9992116315427129
0.9992355630676272
0.9992613212039400
0.9992888442552841
0.9993180663006198
0.9993489173539366
0.9993813235337167
0.9994152072417288
0.9994504873507103
0.9994870794004623
0.9995248958018678
0.9995638460483239
0.9996038369340663
0.9996447727788410
0.9996865556583713
0.9997290856400447
0.9997722610232488
0.9998159785837637
0.9998601338216129
0.9999046212117703
0.9999493344571153
0.9999941667430241
1.0000390109929806
1.0000837601245980
1.0001283073054326
1.0001725462079851
1.0002163712632797
1.0002596779124144
1.0003023628555001
1.0003443242973939
1.0003854621896524
1.0004256784681425
1.0004648772857505
1.0005029652396533
1.0005398515926216
1.0005754484878495
1.0006096711568111
1.0006424381196706
1.0006736713777860
1.0007032965978677
1.0007312432873725
1.0007574449607370
1.0007818392960706
1.0008043682819581
1.0008249783540359
1.0008436205210436
1.0008602504800590
1.0008748287206624
1.0008873206177962
1.0008976965131153
1.0009059317846418
1.0009120069045732
1.0009159074851111
1.0009176243122164
1.0009171533672048
1.0009144958361456
1.0009096581070347
1.0009026517547508
1.0008934935138305
1.0008822052391215
1.0008688138543997
1.0008533512890680
