1.0000059190695691
1.0000058456749181
1.0000057584269895
1.0000056575360512
1.0000055432449100
1.0000054158283298
1.0000052755923732
1.0000051228736726
1.0000049580386225
1.0000047814825006
1.0000045936285249
1.0000043949268405
1.0000041858534419
1.0000039669090355
1.0000037386178420
1.0000035015263438
1.0000032562019774
1.0000030032317797
1.0000027432209813
1.0000024767915594
1.0000022045807531
1.0000019272395375
1.0000016454310694
1.0000013598291015
1.0000010711163718
1.0000007799829724
1.0000004871246990
1.0000001932413884
0.9999998990352447
0.9999996052091604
0.9999993124650380
0.9999990215021112
0.9999987330152752
0.9999984476934261
0.9999981662178132
0.9999978892604100
0.9999976174823115
0.9999973515321530
0.9999970920445600
0.9999968396386320
0.9999965949164626
0.9999963584617014
0.9999961308381604
0.9999959125884661
0.9999957042327615
0.9999955062674660
0.9999953191640902
0.9999951433681088
0.9999949792978958
0.9999948273437266
0.9999946878668455
0.9999945611986036
0.9999944476396678
0.9999943474593025
0.9999942608947291
0.9999941881505585
0.9999941293983043
0.9999940847759736
0.9999940543877385
0.9999940383036898
0.9999940365596698
0.9999940491571884
0.9999940760634222
0.9999941172112922
0.9999941724996273
0.9999942417934086
0.9999943249240903
0.9999944216900081
0.9999945318568632
0.9999946551582812
0.9999947912964526
0.9999949399428457
0.9999951007389944
0.9999952732973587
0.9999954572022509
0.9999956520108322
0.9999958572541729
0.9999960724383754
0.9999962970457585
0.9999965305360955
0.9999967723479068
0.9999970218998050
0.9999972785918858
0.9999975418071650
0.9999978109130552
0.9999980852628798
0.9999983641974204
0.9999986470464968
0.9999989331305686
0.9999992217623620
0.9999995122485169
0.9999998038912457
1.0000000959900019
1.0000003878431576
1.0000006787496818
1.0000009680108186
1.0000012549317612
1.0000015388233119
1.0000018190035347
1.0000020947993851
1.0000023655483212
1.0000026305998895
1.0000028893172828
1.0000031410788615
1.0000033852796411
1.0000036213327437
1.0000038486708003
1.0000040667473094
1.0000042750379463
1.0000044730418185
1.0000046602826620
1.0000048363099829
1.0000050007001353
1.0000051530573357
1.0000052930146108
1.0000054202346764
1.0000055344107464
1.0000056352672655
1.0000057225605705
1.0000057960794748
1.0000058556457734
1.0000059011146725
1.0000059323751345
1.0000059493501459
1.0000059519969027
1.0000059403069144
1.0000059143060238
1.0000058740543469
1.0000058196461321
1.0000057512095357
1.0000056689063170
1.0000055729314503
1.0000054635126625
1.0000053409098895
1.0000052054146571
1.0000050573493831
1.0000048970666067
1.0000047249481483
1.0000045414041971
1.0000043468723323
1.0000041418164776
1.0000039267257919
1.0000037021135002
1.0000034685156707
1.0000032264899295
1.0000029766141316
1.0000027194849810
1.0000024557166034
1.0000021859390780
1.0000019107969322
1.0000016309475992
1.0000013470598477
1.0000010598121856
1.0000007698912359
1.0000004779900957
1.0000001848066804
0.9999998910420554
0.9999995973987593
0.9999993045791253
0.9999990132836002
0.9999987242090719
0.9999984380472020
0.9999981554827740
0.9999978771920538
0.9999976038411731
0.9999973360845364
0.9999970745632569
0.9999968199036223
0.9999965727155976
0.9999963335913660
0.9999961031039113
0.9999958818056476
0.9999956702270992
0.9999954688756316
0.9999952782342382
0.9999950987603825
0.9999949308849043
0.9999947750109897
0.9999946315132038
0.9999945007365959
0.9999943829958733
0.9999942785746477
0.9999941877247552
0.9999941106656530
0.9999940475838945
0.9999939986326821
0.9999939639314974
0.9999939435658141
0.9999939375868938
0.9999939460116619
0.9999939688226649
0.9999940059681106
0.9999940573619907
0.9999941228842830
0.9999942023812389
0.9999942956657477
0.9999944025177825
0.9999945226849256
0.9999946558829708
0.9999948017965999
0.9999949600801333
0.9999951303583533
0.9999953122274028
0.9999955052557464
0.9999957089852030
0.9999959229320369
0.9999961465881136
0.9999963794221123
0.9999966208807919
0.9999968703903129
0.9999971273576080
0.9999973911717973
0.9999976612056457
0.9999979368170617
0.9999982173506297
0.9999985021391747
0.9999987905053562
0.9999990817632848
0.9999993752201586
0.9999996701779181
0.9999999659349126
1.0000002617875752
1.0000005570321018
1.0000008509661322
1.0000011428904272
1.0000014321105393
1.0000017179384679
1.0000019996943030
1.0000022767078489
1.0000025483202255
1.0000028138854393
1.0000030727719269
1.0000033243640605
1.0000035680636183
1.0000038032912135
1.0000040294876764
1.0000042461153886
1.0000044526595677
1.0000046486294945
1.0000048335596845
1.0000050070109996
1.0000051685716962
1.0000053178584063
1.0000054545170525
1.0000055782236918
1.0000056886852910
1.0000057856404239
1.0000058688598934
1.0000059381472799
1.0000059933394074
1.0000060343067316
1.0000060609536496
1.0000060732187281
1.0000060710748475
1.0000060545292655
1.0000060236235970
1.0000059784337154
1.0000059190695691
1.0000058456749181
1.0000057584269895
1.0000056575360512
