1.0000037758931701
1.0000037292528872
1.0000036737866154
1.0000036096282008
1.0000035369322138
1.0000034558735789
1.0000033666471553
1.0000032694672722
1.0000031645672132
1.0000030521986591
1.0000029326310860
1.0000028061511195
1.0000026730618499
1.0000025336821072
1.0000023883456994
1.0000022374006134
1.0000020812081833
1.0000019201422257
1.0000017545881459
1.0000015849420167
1.0000014116096327
1.0000012350055383
1.0000010555520384
1.0000008736781889
1.0000006898187701
1.0000005044132458
1.0000003179047150
1.0000001307388524
0.9999999433628426
0.9999997562243115
0.9999995697702563
0.9999993844459780
0.9999992006940170
0.9999990189530966
0.9999988396570729
0.9999986632338986
0.9999984901045991
0.9999983206822672
0.9999981553710782
0.9999979945653217
0.9999978386484597
0.9999976879922110
0.9999975429556635
0.9999974038844162
0.9999972711097540
0.9999971449478567
0.9999970256990431
0.9999969136470550
0.9999968090583795
0.9999967121816127
0.9999966232468652
0.9999965424652133
0.9999964700281944
0.9999964061073511
0.9999963508538218
0.9999963043979813
0.9999962668491299
0.9999962382952313
0.9999962188027064
0.9999962084162738
0.9999962071588442
0.9999962150314674
0.9999962320133300
0.9999962580618070
0.9999962931125653
0.9999963370797174
0.9999963898560269
0.9999964513131695
0.9999965213020380
0.9999965996531028
0.9999966861768175
0.9999967806640732
0.9999968828867005
0.9999969925980157
0.9999971095334110
0.9999972334109891
0.9999973639322379
0.9999975007827471
0.9999976436329591
0.9999977921389595
0.9999979459433003
0.9999981046758558
0.9999982679547094
0.9999984353870679
0.9999986065702035
0.9999987810924174
0.9999989585340235
0.9999991384683541
0.9999993204627801
0.9999995040797484
0.9999996888778296
0.9999998744127739
1.0000000602385732
1.0000002459085313
1.0000004309763304
1.0000006149971026
1.0000007975284921
1.0000009781317165
1.0000011563726152
1.0000013318226897
1.0000015040601291
1.0000016726708192
1.0000018372493342
1.0000019973999064
1.0000021527373748
1.0000023028881058
1.0000024474908893
1.0000025861978039
1.0000027186750482
1.0000028446037408
1.0000029636806842
1.0000030756190887
1.0000031801492619
1.0000032770192522
1.0000033659954546
1.0000034468631678
1.0000035194271100
1.0000035835118881
1.0000036389624167
1.0000036856442902
1.0000037234441055
1.0000037522697345
1.0000037720505430
1.0000037827375612
1.0000037843036029
1.0000037767433319
1.0000037600732752
1.0000037343317842
1.0000036995789465
1.0000036558964387
1.0000036033873339
1.0000035421758562
1.0000034724070839
1.0000033942466036
1.0000033078801140
1.0000032135129859
1.0000031113697703
1.0000030016936619
1.0000028847459197
1.0000027608052422
1.0000026301671023
1.0000024931430409
1.0000023500599216
1.0000022012591525
1.0000020470958684
1.0000018879380823
1.0000017241658068
1.0000015561701461
1.0000013843523619
1.0000012091229142
1.0000010309004785
1.0000008501109465
1.0000006671864068
1.0000004825641133
1.0000002966854400
1.0000001099948246
0.9999999229387080
0.9999997359644678
0.9999995495193481
0.9999993640493902
0.9999991799983659
0.9999989978067159
0.9999988179104957
0.9999986407403337
0.9999984667204026
0.9999982962674036
0.9999981297895706
0.9999979676856936
0.9999978103441657
0.9999976581420532
0.9999975114441942
0.9999973706023253
0.9999972359542397
0.9999971078229810
0.9999969865160677
0.9999968723247590
0.9999967655233583
0.9999966663685564
0.9999965750988167
0.9999964919338031
0.9999964170738559
0.9999963506995108
0.9999962929710668
0.9999962440282011
0.9999962039896344
0.9999961729528469
0.9999961509938441
0.9999961381669736
0.9999961345047936
0.9999961400179946
0.9999961546953726
0.9999961785038552
0.9999962113885797
0.9999962532730234
0.9999963040591836
0.9999963636278119
0.9999964318386967
0.9999965085309975
0.9999965935236285
0.9999966866156894
0.9999967875869442
0.9999968961983471
0.9999970121926129
0.9999971352948313
0.9999972652131207
0.9999974016393259
0.9999975442497533
0.9999976927059415
0.9999978466554692
0.9999980057327971
0.9999981695601415
0.9999983377483758
0.9999985098979570
0.9999986855998810
0.9999988644366580
0.9999990459833091
0.9999992298083803
0.9999994154749726
0.9999996025417860
0.9999997905641712
0.9999999790951923
1.0000001676866936
1.0000003558903694
1.0000005432588328
1.0000007293466846
1.0000009137115760
1.0000010959152639
1.0000012755246592
1.0000014521128597
1.0000016252601684
1.0000017945550961
1.0000019595953435
1.0000021199887610
1.0000022753542850
1.0000024253228454
1.0000025695382488
1.0000027076580276
1.0000028393542564
1.0000029643143351
1.0000030822417347
1.0000031928567052
1.0000032958969440
1.0000033911182191
1.0000034782949536
1.0000035572207633
1.0000036277089484
1.0000036895929396
1.0000037427266939
1.0000037869850427
1.0000038222639904
1.0000038484809624
1.0000038655750003
1.0000038735069068
1.0000038722593401
1.0000038618368512
1.0000038422658744
1.0000038135946623
1.0000037758931701
1.0000037292528872
1.0000036737866154
1.0000036096282008
