1.0000000411411438
1.0000000406791365
1.0000000401238751
1.0000000394767443
1.0000000387393457
1.0000000379134930
1.0000000370012094
1.0000000360047225
1.0000000349264582
1.0000000337690356
1.0000000325352607
1.0000000312281194
1.0000000298507719
1.0000000284065411
1.0000000268989071
1.0000000253314998
1.0000000237080899
1.0000000220325793
1.0000000203089907
1.0000000185414579
1.0000000167342176
1.0000000148915991
1.0000000130180151
1.0000000111179492
1.0000000091959451
1.0000000072565958
1.0000000053045328
1.0000000033444154
1.0000000013809200
0.9999999994187267
0.9999999974625101
0.9999999955169288
0.9999999935866130
0.9999999916761521
0.9999999897900869
0.9999999879328973
0.9999999861089924
0.9999999843226982
0.9999999825782478
0.9999999808797708
0.9999999792312850
0.9999999776366872
0.9999999760997417
0.9999999746240731
0.9999999732131575
0.9999999718703136
0.9999999705986947
0.9999999694012813
0.9999999682808735
0.9999999672400841
0.9999999662813351
0.9999999654068495
0.9999999646186479
0.9999999639185425
0.9999999633081329
0.9999999627888015
0.9999999623617122
0.9999999620278052
0.9999999617877970
0.9999999616421776
0.9999999615912090
0.9999999616349238
0.9999999617731267
0.9999999620053943
0.9999999623310779
0.9999999627493027
0.9999999632589732
0.9999999638587743
0.9999999645471725
0.9999999653224231
0.9999999661825726
0.9999999671254625
0.9999999681487352
0.9999999692498390
0.9999999704260353
0.9999999716744050
0.9999999729918565
0.9999999743751310
0.9999999758208123
0.9999999773253339
0.9999999788849889
0.9999999804959381
0.9999999821542197
0.9999999838557587
0.9999999855963755
0.9999999873717972
0.9999999891776673
0.9999999910095555
0.9999999928629705
0.9999999947333680
0.9999999966161638
0.9999999985067449
1.0000000004004801
1.0000000022927300
1.0000000041788577
1.0000000060542420
1.0000000079142877
1.0000000097544377
1.0000000115701839
1.0000000133570759
1.0000000151107331
1.0000000168268561
1.0000000185012357
1.0000000201297625
1.0000000217084386
1.0000000232333845
1.0000000247008509
1.0000000261072293
1.0000000274490577
1.0000000287230304
1.0000000299260030
1.0000000310550035
1.0000000321072369
1.0000000330800944
1.0000000339711583
1.0000000347782072
1.0000000354992242
1.0000000361323989
1.0000000366761317
1.0000000371290394
1.0000000374899563
1.0000000377579390
1.0000000379322693
1.0000000380124563
1.0000000379982339
1.0000000378895650
1.0000000376866385
1.0000000373898714
1.0000000369999082
1.0000000365176192
1.0000000359440966
1.0000000352806546
1.0000000345288236
1.0000000336903478
1.0000000327671810
1.0000000317614808
1.0000000306756065
1.0000000295121101
1.0000000282737325
1.0000000269633949
1.0000000255841932
1.0000000241393909
1.0000000226324113
1.0000000210668289
1.0000000194463610
1.0000000177748583
1.0000000160562978
1.0000000142947718
1.0000000124944775
1.0000000106597069
1.0000000087948384
1.0000000069043253
1.0000000049926838
1.0000000030644831
1.0000000011243333
0.9999999991768770
0.9999999972267767
0.9999999952787054
0.9999999933373341
0.9999999914073192
0.9999999894932945
0.9999999875998571
0.9999999857315598
0.9999999838928962
0.9999999820882919
0.9999999803220925
0.9999999785985546
0.9999999769218358
0.9999999752959842
0.9999999737249289
0.9999999722124695
0.9999999707622694
0.9999999693778456
0.9999999680625603
0.9999999668196129
0.9999999656520335
0.9999999645626748
0.9999999635542048
0.9999999626291002
0.9999999617896392
0.9999999610378972
0.9999999603757422
0.9999999598048297
0.9999999593265997
0.9999999589422737
0.9999999586528505
0.9999999584591035
0.9999999583615793
0.9999999583605974
0.9999999584562480
0.9999999586483914
0.9999999589366602
0.9999999593204583
0.9999999597989626
0.9999999603711255
0.9999999610356761
0.9999999617911232
0.9999999626357592
0.9999999635676653
0.9999999645847152
0.9999999656845804
0.9999999668647358
0.9999999681224655
0.9999999694548708
0.9999999708588746
0.9999999723312307
0.9999999738685292
0.9999999754672050
0.9999999771235470
0.9999999788337063
0.9999999805937061
0.9999999823994506
0.9999999842467358
0.9999999861312574
0.9999999880486227
0.9999999899943608
0.9999999919639331
0.9999999939527452
0.9999999959561572
0.9999999979694946
0.9999999999880588
1.0000000020071380
1.0000000040220183
1.0000000060279952
1.0000000080203855
1.0000000099945363
1.0000000119458388
1.0000000138697378
1.0000000157617437
1.0000000176174428
1.0000000194325065
1.0000000212027047
1.0000000229239117
1.0000000245921177
1.0000000262034385
1.0000000277541248
1.0000000292405704
1.0000000306593217
1.0000000320070859
1.0000000332807384
1.0000000344773319
1.0000000355941008
1.0000000366284687
1.0000000375780544
1.0000000384406786
1.0000000392143680
1.0000000398973603
1.0000000404881091
1.0000000409852861
1.0000000413877843
1.0000000416947201
1.0000000419054360
1.0000000420195032
1.0000000420367223
1.0000000419571231
1.0000000417809645
1.0000000415087331
1.0000000411411438
1.0000000406791365
1.0000000401238751
1.0000000394767443
