1.0000007800405717
1.0000007705860527
1.0000007593195854
1.0000007462685314
1.0000007314644994
1.0000007149432710
1.0000006967447130
1.0000006769126824
1.0000006554949221
1.0000006325429467
1.0000006081119182
1.0000005822605149
1.0000005550507902
1.0000005265480234
1.0000004968205640
1.0000004659396702
1.0000004339793360
1.0000004010161165
1.0000003671289415
1.0000003323989302
1.0000002969091950
1.0000002607446445
1.0000002239917791
1.0000001867384840
1.0000001490738191
1.0000001110878078
1.0000000728712204
1.0000000345153592
0.9999999961118365
0.9999999577523566
0.9999999195284984
0.9999998815314977
0.9999998438520276
0.9999998065799807
0.9999997698042551
0.9999997336125411
0.9999996980911139
0.9999996633246264
0.9999996293959076
0.9999995963857647
0.9999995643727891
0.9999995334331701
0.9999995036405125
0.9999994750656584
0.9999994477765214
0.9999994218379220
0.9999993973114349
0.9999993742552412
0.9999993527239892
0.9999993327686658
0.9999993144364722
0.9999992977707135
0.9999992828106949
0.9999992695916275
0.9999992581445452
0.9999992484962308
0.9999992406691531
0.9999992346814123
0.9999992305466957
0.9999992282742490
0.9999992278688521
0.9999992293308080
0.9999992326559433
0.9999992378356188
0.9999992448567483
0.9999992537018338
0.9999992643490064
0.9999992767720786
0.9999992909406067
0.9999993068199662
0.9999993243714315
0.9999993435522717
0.9999993643158533
0.9999993866117495
0.9999994103858642
0.9999994355805600
0.9999994621347974
0.9999994899842806
0.9999995190616124
0.9999995492964570
0.9999995806157058
0.9999996129436530
0.9999996462021794
0.9999996803109369
0.9999997151875423
0.9999997507477753
0.9999997869057788
0.9999998235742652
0.9999998606647259
0.9999998980876442
0.9999999357527103
0.9999999735690362
1.0000000114453744
1.0000000492903343
1.0000000870126042
1.0000001245211663
1.0000001617255183
1.0000001985358882
1.0000002348634500
1.0000002706205380
1.0000003057208551
1.0000003400796809
1.0000003736140739
1.0000004062430707
1.0000004378878777
1.0000004684720631
1.0000004979217378
1.0000005261657336
1.0000005531357723
1.0000005787666328
1.0000006029963029
1.0000006257661318
1.0000006470209692
1.0000006667092989
1.0000006847833605
1.0000007011992649
1.0000007159170985
1.0000007289010187
1.0000007401193425
1.0000007495446201
1.0000007571537028
1.0000007629277987
1.0000007668525164
1.0000007689179002
1.0000007691184554
1.0000007674531604
1.0000007639254709
1.0000007585433108
1.0000007513190527
1.0000007422694897
1.0000007314157959
1.0000007187834770
1.0000007044023078
1.0000006883062624
1.0000006705334330
1.0000006511259392
1.0000006301298257
1.0000006075949530
1.0000005835748793
1.0000005581267339
1.0000005313110794
1.0000005031917667
1.0000004738357835
1.0000004433130933
1.0000004116964685
1.0000003790613172
1.0000003454855029
1.0000003110491575
1.0000002758344917
1.0000002399255978
1.0000002034082491
1.0000001663696936
1.0000001288984450
1.0000000910840727
1.0000000530169864
1.0000000147882213
0.9999999764892221
0.9999999382116195
0.9999999000470154
0.9999998620867613
0.9999998244217412
0.9999997871421543
0.9999997503373004
0.9999997140953647
0.9999996785032060
0.9999996436461493
0.9999996096077826
0.9999995764697568
0.9999995443115909
0.9999995132104808
0.9999994832411145
0.9999994544754947
0.9999994269827643
0.9999994008290424
0.9999993760772657
0.9999993527870389
0.9999993310144896
0.9999993108121353
0.9999992922287575
0.9999992753092843
0.9999992600946834
0.9999992466218645
0.9999992349235894
0.9999992250283942
0.9999992169605192
0.9999992107398542
0.9999992063818866
0.9999992038976643
0.9999992032937712
0.9999992045723106
0.9999992077308996
0.9999992127626736
0.9999992196563022
0.9999992283960157
0.9999992389616423
0.9999992513286577
0.9999992654682429
0.9999992813473511
0.9999992989287865
0.9999993181712936
0.9999993390296553
0.9999993614548007
0.9999993853939230
0.9999994107906020
0.9999994375849411
0.9999994657137102
0.9999994951104937
0.9999995257058509
0.9999995574274813
0.9999995902003959
0.9999996239470975
0.9999996585877637
0.9999996940404382
0.9999997302212258
0.9999997670444939
0.9999998044230755
0.9999998422684773
0.9999998804910913
0.9999999190004064
0.9999999577052261
0.9999999965138857
1.0000000353344698
1.0000000740750330
1.0000001126438183
1.0000001509494758
1.0000001889012808
1.0000002264093497
1.0000002633848544
1.0000002997402353
1.0000003353894107
1.0000003702479812
1.0000004042334316
1.0000004372653257
1.0000004692654993
1.0000005001582459
1.0000005298704977
1.0000005583319989
1.0000005854754734
1.0000006112367854
1.0000006355550939
1.0000006583729966
1.0000006796366665
1.0000006992959798
1.0000007173046359
1.0000007336202676
1.0000007482045408
1.0000007610232462
1.0000007720463826
1.0000007812482263
1.0000007886073925
1.0000007941068862
1.0000007977341436
1.0000007994810600
1.0000007993440105
1.0000007973238569
1.0000007934259456
1.0000007876600954
1.0000007800405717
1.0000007705860527
1.0000007593195854
1.0000007462685314
