1.0000000178967148
1.0000000177034838
1.0000000174701784
1.0000000171973895
1.0000000168857994
1.0000000165361818
1.0000000161493985
1.0000000157264002
1.0000000152682216
1.0000000147759822
1.0000000142508816
1.0000000136941969
1.0000000131072766
1.0000000124915400
1.0000000118484724
1.0000000111796246
1.0000000104866089
1.0000000097710937
1.0000000090347989
1.0000000082794929
1.0000000075069893
1.0000000067191406
1.0000000059178336
1.0000000051049851
1.0000000042825388
1.0000000034524594
1.0000000026167286
1.0000000017773392
1.0000000009362913
1.0000000000955871
0.9999999992572270
0.9999999984232048
0.9999999975955027
0.9999999967760889
0.9999999959669088
0.9999999951698825
0.9999999943868978
0.9999999936198061
0.9999999928704199
0.9999999921405083
0.9999999914317926
0.9999999907459419
0.9999999900845684
0.9999999894492250
0.9999999888414007
0.9999999882625177
0.9999999877139273
0.9999999871969079
0.9999999867126613
0.9999999862623107
0.9999999858468966
0.9999999854673731
0.9999999851246086
0.9999999848193822
0.9999999845523833
0.9999999843242072
0.9999999841353548
0.9999999839862310
0.9999999838771446
0.9999999838083085
0.9999999837798385
0.9999999837917541
0.9999999838439778
0.9999999839363332
0.9999999840685473
0.9999999842402496
0.9999999844509735
0.9999999847001600
0.9999999849871581
0.9999999853112251
0.9999999856715301
0.9999999860671549
0.9999999864970969
0.9999999869602701
0.9999999874555094
0.9999999879815719
0.9999999885371403
0.9999999891208267
0.9999999897311727
0.9999999903666571
0.9999999910256979
0.9999999917066563
0.9999999924078414
0.9999999931275146
0.9999999938638934
0.9999999946151534
0.9999999953794341
0.9999999961548452
0.9999999969394699
0.9999999977313687
0.9999999985285855
0.9999999993291503
1.0000000001310867
1.0000000009324141
1.0000000017311532
1.0000000025253315
1.0000000033129872
1.0000000040921750
1.0000000048609701
1.0000000056174725
1.0000000063598129
1.0000000070861559
1.0000000077947055
1.0000000084837091
1.0000000091514603
1.0000000097963055
1.0000000104166460
1.0000000110109413
1.0000000115777135
1.0000000121155521
1.0000000126231157
1.0000000130991362
1.0000000135424219
1.0000000139518594
1.0000000143264189
1.0000000146651546
1.0000000149672073
1.0000000152318054
1.0000000154582676
1.0000000156460067
1.0000000157945279
1.0000000159034321
1.0000000159724156
1.0000000160012705
1.0000000159898852
1.0000000159382472
1.0000000158464413
1.0000000157146491
1.0000000155431503
1.0000000153323207
1.0000000150826309
1.0000000147946451
1.0000000144690198
1.0000000141065037
1.0000000137079337
1.0000000132742348
1.0000000128064175
1.0000000123055761
1.0000000117728856
1.0000000112095979
1.0000000106170404
1.0000000099966126
1.0000000093497814
1.0000000086780769
1.0000000079830904
1.0000000072664699
1.0000000065299173
1.0000000057751834
1.0000000050040647
1.0000000042183990
1.0000000034200596
1.0000000026109512
1.0000000017930062
1.0000000009681791
1.0000000001384421
0.9999999993057825
0.9999999984721952
0.9999999976396795
0.9999999968102327
0.9999999959858463
0.9999999951685022
0.9999999943601673
0.9999999935627888
0.9999999927782885
0.9999999920085579
0.9999999912554562
0.9999999905208034
0.9999999898063775
0.9999999891139082
0.9999999884450743
0.9999999878014998
0.9999999871847502
0.9999999865963289
0.9999999860376729
0.9999999855101476
0.9999999850150469
0.9999999845535890
0.9999999841269125
0.9999999837360741
0.9999999833820463
0.9999999830657137
0.9999999827878721
0.9999999825492270
0.9999999823503916
0.9999999821918850
0.9999999820741305
0.9999999819974563
0.9999999819620928
0.9999999819681717
0.9999999820157269
0.9999999821046952
0.9999999822349156
0.9999999824061285
0.9999999826179774
0.9999999828700100
0.9999999831616786
0.9999999834923411
0.9999999838612628
0.9999999842676178
0.9999999847104919
0.9999999851888849
0.9999999857017120
0.9999999862478067
0.9999999868259247
0.9999999874347439
0.9999999880728686
0.9999999887388340
0.9999999894311097
0.9999999901481021
0.9999999908881594
0.9999999916495738
0.9999999924305879
0.9999999932293987
0.9999999940441596
0.9999999948729864
0.9999999957139615
0.9999999965651379
0.9999999974245439
0.9999999982901883
0.9999999991600645
1.0000000000321569
1.0000000009044454
1.0000000017749087
1.0000000026415292
1.0000000035022989
1.0000000043552220
1.0000000051983222
1.0000000060296463
1.0000000068472672
1.0000000076492910
1.0000000084338603
1.0000000091991612
1.0000000099434241
1.0000000106649292
1.0000000113620104
1.0000000120330597
1.0000000126765303
1.0000000132909403
1.0000000138748766
1.0000000144269985
1.0000000149460406
1.0000000154308148
1.0000000158802143
1.0000000162932159
1.0000000166688836
1.0000000170063692
1.0000000173049148
1.0000000175638559
1.0000000177826194
1.0000000179607273
1.0000000180977984
1.0000000181935476
1.0000000182477893
1.0000000182604347
1.0000000182314923
1.0000000181610709
1.0000000180493769
1.0000000178967148
1.0000000177034838
1.0000000174701784
1.0000000171973895
