1.0000001958999958
1.0000001935884244
1.0000001908257612
1.0000001876187774
1.0000001839752968
1.0000001799041811
1.0000001754153063
1.0000001705195394
1.0000001652287138
1.0000001595555996
1.0000001535138716
1.0000001471180793
1.0000001403836114
1.0000001333266586
1.0000001259641749
1.0000001183138356
1.0000001103939955
1.0000001022236469
1.0000000938223725
1.0000000852103008
1.0000000764080554
1.0000000674367060
1.0000000583177173
1.0000000490728986
1.0000000397243527
1.0000000302944214
1.0000000208056330
1.0000000112806480
1.0000000017422055
0.9999999922130698
0.9999999827159749
0.9999999732735703
0.9999999639083683
0.9999999546426865
0.9999999454985972
0.9999999364978746
0.9999999276619435
0.9999999190118247
0.9999999105680886
0.9999999023508043
0.9999998943794912
0.9999998866730749
0.9999998792498405
0.9999998721273873
0.9999998653225894
0.9999998588515544
0.9999998527295835
0.9999998469711368
0.9999998415897985
0.9999998365982449
0.9999998320082143
0.9999998278304794
0.9999998240748202
0.9999998207500026
0.9999998178637536
0.9999998154227477
0.9999998134325891
0.9999998118977996
0.9999998108218063
0.9999998102069335
0.9999998100543973
0.9999998103643045
0.9999998111356521
0.9999998123663283
0.9999998140531183
0.9999998161917125
0.9999998187767163
0.9999998218016646
0.9999998252590377
0.9999998291402782
0.9999998334358117
0.9999998381350693
0.9999998432265147
0.9999998486976700
0.9999998545351466
0.9999998607246768
0.9999998672511491
0.9999998740986448
0.9999998812504748
0.9999998886892207
0.9999998963967773
0.9999999043543955
0.9999999125427251
0.9999999209418655
0.9999999295314094
0.9999999382904941
0.9999999471978510
0.9999999562318562
0.9999999653705828
0.9999999745918539
0.9999999838732950
0.9999999931923891
1.0000000025265292
1.0000000118530734
1.0000000211493987
1.0000000303929542
1.0000000395613171
1.0000000486322462
1.0000000575837344
1.0000000663940625
1.0000000750418501
1.0000000835061078
1.0000000917662892
1.0000000998023379
1.0000001075947351
1.0000001151245486
1.0000001223734769
1.0000001293238938
1.0000001359588897
1.0000001422623124
1.0000001482188066
1.0000001538138505
1.0000001590337908
1.0000001638658744
1.0000001682982789
1.0000001723201415
1.0000001759215871
1.0000001790937503
1.0000001818287980
1.0000001841199471
1.0000001859614800
1.0000001873487614
1.0000001882782465
1.0000001887474921
1.0000001887551611
1.0000001883010259
1.0000001873859687
1.0000001860119796
1.0000001841821520
1.0000001819006756
1.0000001791728259
1.0000001760049528
1.0000001724044651
1.0000001683798125
1.0000001639404661
1.0000001590968954
1.0000001538605445
1.0000001482438030
1.0000001422599791
1.0000001359232646
1.0000001292487037
1.0000001222521548
1.0000001149502540
1.0000001073603753
1.0000000995005893
1.0000000913896188
1.0000000830467948
1.0000000744920106
1.0000000657456747
1.0000000568286618
1.0000000477622626
1.0000000385681336
1.0000000292682441
1.0000000198848247
1.0000000104403117
1.0000000009572958
0.9999999914584680
0.9999999819665656
0.9999999725043178
0.9999999630943910
0.9999999537593359
0.9999999445215320
0.9999999354031337
0.9999999264260190
0.9999999176117349
0.9999999089814461
0.9999999005558855
0.9999998923553044
0.9999998843994238
0.9999998767073878
0.9999998692977169
0.9999998621882656
0.9999998553961771
0.9999998489378421
0.9999998428288606
0.9999998370840035
0.9999998317171783
0.9999998267413969
0.9999998221687446
0.9999998180103489
0.9999998142763541
0.9999998109758956
0.9999998081170787
0.9999998057069585
0.9999998037515236
0.9999998022556815
0.9999998012232468
0.9999998006569322
0.9999998005583410
0.9999998009279648
0.9999998017651814
0.9999998030682558
0.9999998048343427
0.9999998070594964
0.9999998097386771
0.9999998128657636
0.9999998164335691
0.9999998204338564
0.9999998248573589
0.9999998296938026
0.9999998349319296
0.9999998405595258
0.9999998465634489
0.9999998529296589
0.9999998596432530
0.9999998666884995
0.9999998740488766
0.9999998817071100
0.9999998896452154
0.9999998978445426
0.9999999062858194
0.9999999149491964
0.9999999238142943
0.9999999328602511
0.9999999420657742
0.9999999514091893
0.9999999608684920
0.9999999704214027
0.9999999800454189
0.9999999897178683
0.9999999994159620
1.0000000091168482
1.0000000187976676
1.0000000284356079
1.0000000380079586
1.0000000474921629
1.0000000568658738
1.0000000661070061
1.0000000751937914
1.0000000841048273
1.0000000928191304
1.0000001013161837
1.0000001095759872
1.0000001175791040
1.0000001253067083
1.0000001327406287
1.0000001398633922
1.0000001466582673
1.0000001531093017
1.0000001592013619
1.0000001649201680
1.0000001702523280
1.0000001751853693
1.0000001797077669
1.0000001838089740
1.0000001874794469
1.0000001907106661
1.0000001934951563
1.0000001958265035
1.0000001976993722
1.0000001991095173
1.0000002000537935
1.0000002005301629
1.0000002005376993
1.0000002000765928
1.0000001991481471
1.0000001977547752
1.0000001958999958
1.0000001935884244
1.0000001908257612
1.0000001876187774
