1.0000378479105534
1.0000373733888199
1.0000368099593924
1.0000361589749336
1.0000354219971055
1.0000346007928365
1.0000336973300952
1.0000327137731884
1.0000316524775876
1.0000305159842975
1.0000293070137849
1.0000280284594767
1.0000266833808453
1.0000252749960958
1.0000238066744758
1.0000222819282227
1.0000207044041740
1.0000190778750493
1.0000174062304346
1.0000156934674871
1.0000139436813829
1.0000121610555313
1.0000103498515758
1.0000085143992099
1.0000066590858288
1.0000047883460443
1.0000029066510852
1.0000010184981112
0.9999991283994647
0.9999972408718847
0.9999953604257117
0.9999934915541057
0.9999916387223070
0.9999898063569616
0.9999879988355409
0.9999862204758772
0.9999844755258422
0.9999827681531940
0.9999811024356107
0.9999794823509459
0.9999779117677163
0.9999763944358551
0.9999749339777468
0.9999735338795700
0.9999721974829613
0.9999709279770249
0.9999697283907114
0.9999686015855764
0.9999675502489408
0.9999665768874658
0.9999656838211598
0.9999648731778372
0.9999641468880333
0.9999635066803889
0.9999629540775218
0.9999624903923884
0.9999621167251493
0.9999618339605405
0.9999616427657610
0.9999615435888838
0.9999615366577898
0.9999616219796282
0.9999617993408059
0.9999620683075022
0.9999624282267147
0.9999628782278243
0.9999634172246855
0.9999640439182311
0.9999647567995835
0.9999655541536732
0.9999664340633456
0.9999673944139549
0.9999684328984282
0.9999695470227892
0.9999707341121328
0.9999719913170285
0.9999733156203411
0.9999747038444549
0.9999761526588788
0.9999776585882197
0.9999792180205010
0.9999808272158092
0.9999824823152421
0.9999841793501444
0.9999859142516037
0.9999876828601868
0.9999894809358949
0.9999913041683077
0.9999931481868959
0.9999950085714775
0.9999968808627906
0.9999987605731651
1.0000006431972537
1.0000025242228137
1.0000043991414969
1.0000062634596327
1.0000081127089795
1.0000099424574096
1.0000117483195090
1.0000135259670666
1.0000152711394250
1.0000169796536689
1.0000186474146271
1.0000202704246655
1.0000218447932463
1.0000233667462328
1.0000248326349139
1.0000262389447285
1.0000275823036682
1.0000288594903417
1.0000300674416782
1.0000312032602494
1.0000322642211985
1.0000332477787566
1.0000341515723301
1.0000349734321443
1.0000357113844336
1.0000363636561611
1.0000369286792621
1.0000374050943930
1.0000377917541856
1.0000380877259936
1.0000382922941218
1.0000384049615443
1.0000384254510932
1.0000383537061279
1.0000381898906743
1.0000379343890364
1.0000375878048851
1.0000371509598180
1.0000366248914028
1.0000360108507014
1.0000353102992858
1.0000345249057501
1.0000336565417274
1.0000327072774251
1.0000316793766799
1.0000305752915544
1.0000293976564802
1.0000281492819671
1.0000268331478919
1.0000254523963830
1.0000240103243148
1.0000225103754323
1.0000209561321238
1.0000193513068654
1.0000176997333510
1.0000160053573321
1.0000142722271910
1.0000125044842680
1.0000107063529657
1.0000088821306541
1.0000070361774012
1.0000051729055541
1.0000032967691916
1.0000014122534764
0.9999995238639355
0.9999976361156933
0.9999957535226763
0.9999938805868221
0.9999920217873163
0.9999901815698837
0.9999883643361580
0.9999865744331572
0.9999848161428896
0.9999830936721122
0.9999814111422717
0.9999797725796442
0.9999781819057090
0.9999766429277677
0.9999751593298353
0.9999737346638295
0.9999723723410721
0.9999710756241276
0.9999698476189970
0.9999686912676854
0.9999676093411622
0.9999666044327316
0.9999656789518229
0.9999648351182236
0.9999640749567678
0.9999634002924869
0.9999628127462397
0.9999623137308310
0.9999619044476259
0.9999615858836723
0.9999613588093351
0.9999612237764468
0.9999611811169835
0.9999612309422645
0.9999613731426802
0.9999616073879490
0.9999619331279027
0.9999623495937952
0.9999628558001356
0.9999634505470395
0.9999641324230943
0.9999648998087273
0.9999657508800741
0.9999666836133353
0.9999676957896093
0.9999687850001938
0.9999699486523425
0.9999711839754573
0.9999724880277087
0.9999738577030660
0.9999752897387194
0.9999767807228754
0.9999783271029089
0.9999799251938526
0.9999815711872014
0.9999832611600136
0.9999849910842855
0.9999867568365750
0.9999885542078533
0.9999903789135620
0.9999922266038493
0.9999940928739648
0.9999959732747795
0.9999978633234158
0.9999997585139587
1.0000016543282217
1.0000035462465373
1.0000054297585537
1.0000073003740086
1.0000091536334563
1.0000109851189181
1.0000127904644325
1.0000145653664845
1.0000163055942837
1.0000180069998663
1.0000196655280005
1.0000212772258710
1.0000228382525171
1.0000243448880031
1.0000257935423003
1.0000271807638585
1.0000285032478453
1.0000297578440378
1.0000309415643398
1.0000320515899170
1.0000330852779236
1.0000340401678092
1.0000349139871918
1.0000357046572788
1.0000364102978272
1.0000370292316321
1.0000375599885245
1.0000380013088797
1.0000383521466185
1.0000386116717028
1.0000387792721135
1.0000388545553074
1.0000388373491487
1.0000387277023159
1.0000385258841813
1.0000382323841632
1.0000378479105534
1.0000373733888199
1.0000368099593924
1.0000361589749336
