1.0000000006347114
1.0000000006299437
1.0000000006238965
1.0000000006165886
1.0000000006080407
1.0000000005982765
1.0000000005873215
1.0000000005752052
1.0000000005619565
1.0000000005476075
1.0000000005321938
1.0000000005157541
1.0000000004983294
1.0000000004799627
1.0000000004606986
1.0000000004405840
1.0000000004196679
1.0000000003980014
1.0000000003756375
1.0000000003526297
1.0000000003290317
1.0000000003048999
1.0000000002802927
1.0000000002552676
1.0000000002298857
1.0000000002042089
1.0000000001782980
1.0000000001522154
1.0000000001260234
1.0000000000997842
1.0000000000735580
1.0000000000474059
1.0000000000213887
0.9999999999955669
0.9999999999700012
0.9999999999447516
0.9999999999198776
0.9999999998954360
0.9999999998714820
0.9999999998480715
0.9999999998252574
0.9999999998030921
0.9999999997816259
0.9999999997609088
0.9999999997409871
0.9999999997219065
0.9999999997037100
0.9999999996864383
0.9999999996701299
0.9999999996548190
0.9999999996405391
0.9999999996273203
0.9999999996151903
0.9999999996041724
0.9999999995942890
0.9999999995855589
0.9999999995779998
0.9999999995716276
0.9999999995664538
0.9999999995624864
0.9999999995597290
0.9999999995581829
0.9999999995578467
0.9999999995587173
0.9999999995607878
0.9999999995640495
0.9999999995684900
0.9999999995740937
0.9999999995808420
0.9999999995887131
0.9999999995976835
0.9999999996077268
0.9999999996188133
0.9999999996309105
0.9999999996439836
0.9999999996579962
0.9999999996729094
0.9999999996886815
0.9999999997052671
0.9999999997226194
0.9999999997406914
0.9999999997594338
0.9999999997787965
0.9999999997987279
0.9999999998191753
0.9999999998400841
0.9999999998613980
0.9999999998830604
0.9999999999050129
0.9999999999271968
0.9999999999495527
0.9999999999720216
0.9999999999945439
1.0000000000170599
1.0000000000395080
1.0000000000618265
1.0000000000839566
1.0000000001058402
1.0000000001274185
1.0000000001486333
1.0000000001694289
1.0000000001897507
1.0000000002095446
1.0000000002287579
1.0000000002473390
1.0000000002652385
1.0000000002824081
1.0000000002988021
1.0000000003143759
1.0000000003290879
1.0000000003428970
1.0000000003557639
1.0000000003676512
1.0000000003785261
1.0000000003883571
1.0000000003971161
1.0000000004047767
1.0000000004113159
1.0000000004167144
1.0000000004209553
1.0000000004240239
1.0000000004259100
1.0000000004266050
1.0000000004261043
1.0000000004244045
1.0000000004215057
1.0000000004174103
1.0000000004121254
1.0000000004056600
1.0000000003980256
1.0000000003892369
1.0000000003793108
1.0000000003682685
1.0000000003561338
1.0000000003429332
1.0000000003286973
1.0000000003134588
1.0000000002972522
1.0000000002801137
1.0000000002620815
1.0000000002431975
1.0000000002235050
1.0000000002030491
1.0000000001818765
1.0000000001600362
1.0000000001375791
1.0000000001145581
1.0000000000910274
1.0000000000670430
1.0000000000426625
1.0000000000179441
0.9999999999929475
0.9999999999677334
0.9999999999423627
0.9999999999168963
0.9999999998913950
0.9999999998659210
0.9999999998405350
0.9999999998152981
0.9999999997902714
0.9999999997655152
0.9999999997410898
0.9999999997170552
0.9999999996934705
0.9999999996703942
0.9999999996478818
0.9999999996259873
0.9999999996047649
0.9999999995842681
0.9999999995645478
0.9999999995456533
0.9999999995276335
0.9999999995105345
0.9999999994944007
0.9999999994792726
0.9999999994651901
0.9999999994521904
0.9999999994403088
0.9999999994295774
0.9999999994200250
0.9999999994116799
0.9999999994045672
0.9999999993987090
0.9999999993941234
0.9999999993908255
0.9999999993888261
0.9999999993881331
0.9999999993887516
0.9999999993906837
0.9999999993939280
0.9999999993984806
0.9999999994043350
0.9999999994114823
0.9999999994199122
0.9999999994296105
0.9999999994405600
0.9999999994527398
0.9999999994661264
0.9999999994806928
0.9999999994964106
0.9999999995132481
0.9999999995311702
0.9999999995501387
0.9999999995701140
0.9999999995910533
0.9999999996129129
0.9999999996356457
0.9999999996592034
0.9999999996835355
0.9999999997085912
0.9999999997343170
0.9999999997606569
0.9999999997875533
0.9999999998149470
0.9999999998427774
0.9999999998709840
0.9999999998995058
0.9999999999282805
0.9999999999572449
0.9999999999863356
1.0000000000154885
1.0000000000446392
1.0000000000737230
1.0000000001026765
1.0000000001314360
1.0000000001599392
1.0000000001881244
1.0000000002159315
1.0000000002432998
1.0000000002701697
1.0000000002964824
1.0000000003221809
1.0000000003472107
1.0000000003715177
1.0000000003950493
1.0000000004177547
1.0000000004395859
1.0000000004604959
1.0000000004804395
1.0000000004993734
1.0000000005172571
1.0000000005340532
1.0000000005497274
1.0000000005642478
1.0000000005775842
1.0000000005897089
1.0000000006005967
1.0000000006102248
1.0000000006185747
1.0000000006256318
1.0000000006313829
1.0000000006358201
1.0000000006389376
1.0000000006407317
1.0000000006412020
1.0000000006403509
1.0000000006381844
1.0000000006347114
1.0000000006299437
1.0000000006238965
1.0000000006165886
