1.0000008412711809
1.0000008310628323
1.0000008188995662
1.0000008048109121
1.0000007888309825
1.0000007709983909
1.0000007513561588
1.0000007299516132
1.0000007068362722
1.0000006820657239
1.0000006556994936
1.0000006278008997
1.0000005984369025
1.0000005676779431
1.0000005355977775
1.0000005022732974
1.0000004677843484
1.0000004322135363
1.0000003956460326
1.0000003581693699
1.0000003198732317
1.0000002808492383
1.0000002411907294
1.0000002009925384
1.0000001603507669
1.0000001193625538
1.0000000781258429
1.0000000367391513
0.9999999953013319
0.9999999539113384
0.9999999126679888
0.9999998716697297
0.9999998310144000
0.9999997907989968
0.9999997511194433
0.9999997120703601
0.9999996737448406
0.9999996362342256
0.9999995996278889
0.9999995640130217
0.9999995294744237
0.9999994960943019
0.9999994639520746
0.9999994331241822
0.9999994036839022
0.9999993757011751
0.9999993492424406
0.9999993243704755
0.9999993011442447
0.9999992796187602
0.9999992598449512
0.9999992418695428
0.9999992257349446
0.9999992114791474
0.9999991991356340
0.9999991887332987
0.9999991802963800
0.9999991738444007
0.9999991693921255
0.9999991669495245
0.9999991665217492
0.9999991681091207
0.9999991717071290
0.9999991773064444
0.9999991848929430
0.9999991944477384
0.9999992059472264
0.9999992193631418
0.9999992346626284
0.9999992518083161
0.9999992707584119
0.9999992914668003
0.9999993138831543
0.9999993379530550
0.9999993636181231
0.9999993908161586
0.9999994194812898
0.9999994495441309
0.9999994809319485
0.9999995135688384
0.9999995473759064
0.9999995822714549
0.9999996181711821
0.9999996549883824
0.9999996926341534
0.9999997310176102
0.9999997700461025
0.9999998096254357
0.9999998496600989
0.9999998900534925
0.9999999307081602
0.9999999715260197
1.0000000124086019
1.0000000532572859
1.0000000939735347
1.0000001344591312
1.0000001746164124
1.0000002143485052
1.0000002535595569
1.0000002921549651
1.0000003300416040
1.0000003671280493
1.0000004033247960
1.0000004385444721
1.0000004727020495
1.0000005057150474
1.0000005375037284
1.0000005679912927
1.0000005971040604
1.0000006247716491
1.0000006509271393
1.0000006755072390
1.0000006984524330
1.0000007197071263
1.0000007392197772
1.0000007569430196
1.0000007728337792
1.0000007868533753
1.0000007989676141
1.0000008091468715
1.0000008173661623
1.0000008236052027
1.0000008278484585
1.0000008300851828
1.0000008303094401
1.0000008285201238
1.0000008247209577
1.0000008189204885
1.0000008111320642
1.0000008013738029
1.0000007896685483
1.0000007760438179
1.0000007605317351
1.0000007431689559
1.0000007239965800
1.0000007030600520
1.0000006804090522
1.0000006560973795
1.0000006301828239
1.0000006027270265
1.0000005737953344
1.0000005434566441
1.0000005117832365
1.0000004788506025
1.0000004447372657
1.0000004095245929
1.0000003732966005
1.0000003361397554
1.0000002981427663
1.0000002593963728
1.0000002199931268
1.0000001800271727
1.0000001395940212
1.0000000987903208
1.0000000577136277
1.0000000164621738
0.9999999751346316
0.9999999338298766
0.9999998926467526
0.9999998516838328
0.9999998110391864
0.9999997708101444
0.9999997310930646
0.9999996919831040
0.9999996535739890
0.9999996159577924
0.9999995792247119
0.9999995434628548
0.9999995087580269
0.9999994751935291
0.9999994428499553
0.9999994118050027
0.9999993821332824
0.9999993539061436
0.9999993271915026
0.9999993020536797
0.9999992785532441
0.9999992567468694
0.9999992366871984
0.9999992184227161
0.9999992019976343
0.9999991874517834
0.9999991748205203
0.9999991641346405
0.9999991554203055
0.9999991486989809
0.9999991439873841
0.9999991412974424
0.9999991406362672
0.9999991420061327
0.9999991454044722
0.9999991508238836
0.9999991582521465
0.9999991676722529
0.9999991790624443
0.9999991923962634
0.9999992076426183
0.9999992247658558
0.9999992437258477
0.9999992644780841
0.9999992869737816
0.9999993111599981
0.9999993369797574
0.9999993643721861
0.9999993932726597
0.9999994236129559
0.9999994553214175
0.9999994883231229
0.9999995225400631
0.9999995578913297
0.9999995942933074
0.9999996316598714
0.9999996699025943
0.9999997089309578
0.9999997486525675
0.9999997889733726
0.9999998297978919
0.9999998710294395
0.9999999125703578
0.9999999543222485
0.9999999961862092
1.0000000380630674
1.0000000798536191
1.0000001214588621
1.0000001627802342
1.0000002037198479
1.0000002441807228
1.0000002840670177
1.0000003232842594
1.0000003617395674
1.0000003993418767
1.0000004360021546
1.0000004716336128
1.0000005061519135
1.0000005394753719
1.0000005715251503
1.0000006022254455
1.0000006315036711
1.0000006592906303
1.0000006855206791
1.0000007101318840
1.0000007330661691
1.0000007542694538
1.0000007736917838
1.0000007912874496
1.0000008070150934
1.0000008208378091
1.0000008327232290
1.0000008426436016
1.0000008505758562
1.0000008565016596
1.0000008604074593
1.0000008622845147
1.0000008621289187
1.0000008599416050
1.0000008557283462
1.0000008494997388
1.0000008412711809
1.0000008310628323
1.0000008188995662
1.0000008048109121
