1.0000000014741350
1.0000000014614214
1.0000000014456096
1.0000000014267441
1.0000000014048755
1.0000000013800614
1.0000000013523649
1.0000000013218573
1.0000000012886159
1.0000000012527241
1.0000000012142722
1.0000000011733550
1.0000000011300727
1.0000000010845311
1.0000000010368422
1.0000000009871219
1.0000000009354917
1.0000000008820766
1.0000000008270060
1.0000000007704135
1.0000000007124359
1.0000000006532139
1.0000000005928908
1.0000000005316125
1.0000000004695262
1.0000000004067811
1.0000000003435268
1.0000000002799139
1.0000000002160940
1.0000000001522156
1.0000000000884286
1.0000000000248830
0.9999999999617282
0.9999999998991140
0.9999999998371883
0.9999999997760970
0.9999999997159832
0.9999999996569874
0.9999999995992462
0.9999999995428924
0.9999999994880557
0.9999999994348627
0.9999999993834359
0.9999999993338935
0.9999999992863490
0.9999999992409107
0.9999999991976809
0.9999999991567570
0.9999999991182301
0.9999999990821871
0.9999999990487083
0.9999999990178685
0.9999999989897346
0.9999999989643663
0.9999999989418168
0.9999999989221329
0.9999999989053534
0.9999999988915117
0.9999999988806324
0.9999999988727329
0.9999999988678235
0.9999999988659086
0.9999999988669840
0.9999999988710383
0.9999999988780529
0.9999999988880011
0.9999999989008498
0.9999999989165577
0.9999999989350778
0.9999999989563555
0.9999999989803297
0.9999999990069326
0.9999999990360898
0.9999999990677215
0.9999999991017418
0.9999999991380589
0.9999999991765757
0.9999999992171900
0.9999999992597939
0.9999999993042742
0.9999999993505138
0.9999999993983910
0.9999999994477816
0.9999999994985556
0.9999999995505806
0.9999999996037213
0.9999999996578401
0.9999999997127966
0.9999999997684487
0.9999999998246529
0.9999999998812644
0.9999999999381365
0.9999999999951216
1.0000000000520721
1.0000000001088412
1.0000000001652816
1.0000000002212481
1.0000000002765967
1.0000000003311844
1.0000000003848704
1.0000000004375158
1.0000000004889837
1.0000000005391410
1.0000000005878578
1.0000000006350072
1.0000000006804666
1.0000000007241172
1.0000000007658452
1.0000000008055410
1.0000000008431005
1.0000000008784229
1.0000000009114134
1.0000000009419840
1.0000000009700531
1.0000000009955450
1.0000000010183907
1.0000000010385277
1.0000000010558994
1.0000000010704553
1.0000000010821526
1.0000000010909555
1.0000000010968355
1.0000000010997709
1.0000000010997478
1.0000000010967600
1.0000000010908079
1.0000000010818990
1.0000000010700476
1.0000000010552743
1.0000000010376078
1.0000000010170849
1.0000000009937495
1.0000000009676528
1.0000000009388521
1.0000000009074117
1.0000000008734025
1.0000000008369028
1.0000000007979963
1.0000000007567724
1.0000000007133250
1.0000000006677536
1.0000000006201633
1.0000000005706644
1.0000000005193732
1.0000000004664100
1.0000000004118998
1.0000000003559710
1.0000000002987548
1.0000000002403855
1.0000000001810014
1.0000000001207432
1.0000000000597549
0.9999999999981832
0.9999999999361752
0.9999999998738787
0.9999999998114435
0.9999999997490199
0.9999999996867590
0.9999999996248120
0.9999999995633285
0.9999999995024577
0.9999999994423466
0.9999999993831431
0.9999999993249916
0.9999999992680344
0.9999999992124099
0.9999999991582542
0.9999999991057006
0.9999999990548782
0.9999999990059120
0.9999999989589236
0.9999999989140306
0.9999999988713445
0.9999999988309719
0.9999999987930140
0.9999999987575681
0.9999999987247234
0.9999999986945650
0.9999999986671706
0.9999999986426116
0.9999999986209531
0.9999999986022542
0.9999999985865663
0.9999999985739346
0.9999999985643973
0.9999999985579853
0.9999999985547230
0.9999999985546267
0.9999999985577058
0.9999999985639614
0.9999999985733875
0.9999999985859700
0.9999999986016872
0.9999999986205097
0.9999999986424027
0.9999999986673237
0.9999999986952223
0.9999999987260418
0.9999999987597185
0.9999999987961816
0.9999999988353540
0.9999999988771524
0.9999999989214868
0.9999999989682622
0.9999999990173791
0.9999999990687307
0.9999999991222038
0.9999999991776815
0.9999999992350417
0.9999999992941583
0.9999999993549010
0.9999999994171360
0.9999999994807264
0.9999999995455304
0.9999999996114046
0.9999999996782029
0.9999999997457772
0.9999999998139776
0.9999999998826522
0.9999999999516477
1.0000000000208096
1.0000000000899840
1.0000000001590159
1.0000000002277512
1.0000000002960363
1.0000000003637179
1.0000000004306446
1.0000000004966652
1.0000000005616327
1.0000000006254033
1.0000000006878353
1.0000000007487913
1.0000000008081349
1.0000000008657353
1.0000000009214638
1.0000000009751973
1.0000000010268175
1.0000000010762100
1.0000000011232655
1.0000000011678807
1.0000000012099579
1.0000000012494061
1.0000000012861403
1.0000000013200827
1.0000000013511614
1.0000000013793111
1.0000000014044725
1.0000000014265933
1.0000000014456270
1.0000000014615349
1.0000000014742858
1.0000000014838564
1.0000000014902302
1.0000000014933996
1.0000000014933641
1.0000000014901309
1.0000000014837143
1.0000000014741350
1.0000000014614214
1.0000000014456096
1.0000000014267441
