1.0000026258517059
1.0000025935315715
1.0000025550808340
1.0000025105923915
1.0000024601735318
1.0000024039456759
1.0000023420440878
1.0000022746175494
1.0000022018280064
1.0000021238501797
1.0000020408711472
1.0000019530898969
1.0000018607168495
1.0000017639733561
1.0000016630911683
1.0000015583118851
1.0000014498863743
1.0000013380741717
1.0000012231428628
1.0000011053674411
1.0000009850296498
1.0000008624173107
1.0000007378236349
1.0000006115465214
1.0000004838878451
1.0000003551527359
1.0000002256488500
1.0000000956856334
0.9999999655735827
0.9999998356235015
0.9999997061457596
0.9999995774495499
0.9999994498421509
0.9999993236281898
0.9999991991089173
0.9999990765814863
0.9999989563382430
0.9999988386660272
0.9999987238454878
0.9999986121504120
0.9999985038470705
0.9999983991935819
0.9999982984392976
0.9999982018242045
0.9999981095783533
0.9999980219213077
0.9999979390616190
0.9999978611963312
0.9999977885105088
0.9999977211767972
0.9999976593550072
0.9999976031917338
0.9999975528200092
0.9999975083589842
0.9999974699136452
0.9999974375745612
0.9999974114176703
0.9999973915041001
0.9999973778800207
0.9999973705765356
0.9999973696096069
0.9999973749800206
0.9999973866733828
0.9999974046601563
0.9999974288957323
0.9999974593205375
0.9999974958601793
0.9999975384256228
0.9999975869134046
0.9999976412058813
0.9999977011715125
0.9999977666651756
0.9999978375285147
0.9999979135903194
0.9999979946669355
0.9999980805627057
0.9999981710704358
0.9999982659718946
0.9999983650383345
0.9999984680310401
0.9999985747018993
0.9999986847939997
0.9999987980422416
0.9999989141739740
0.9999990329096480
0.9999991539634843
0.9999992770441591
0.9999994018555000
0.9999995280971955
0.9999996554655162
0.9999997836540390
0.9999999123543843
1.0000000412569530
1.0000001700516665
1.0000002984287109
1.0000004260792765
1.0000005526962967
1.0000006779751858
1.0000008016145665
1.0000009233169926
1.0000010427896611
1.0000011597451124
1.0000012739019184
1.0000013849853571
1.0000014927280683
1.0000015968706983
1.0000016971625174
1.0000017933620204
1.0000018852375061
1.0000019725676319
1.0000020551419428
1.0000021327613773
1.0000022052387421
1.0000022723991613
1.0000023340804947
1.0000023901337276
1.0000024404233292
1.0000024848275748
1.0000025232388388
1.0000025555638532
1.0000025817239313
1.0000026016551555
1.0000026153085328
1.0000026226501117
1.0000026236610626
1.0000026183377273
1.0000026066916241
1.0000025887494242
1.0000025645528881
1.0000025341587664
1.0000024976386637
1.0000024550788680
1.0000024065801465
1.0000023522575048
1.0000022922399106
1.0000022266699882
1.0000021557036782
1.0000020795098652
1.0000019982699735
1.0000019121775348
1.0000018214377253
1.0000017262668757
1.0000016268919536
1.0000015235500241
1.0000014164876814
1.0000013059604598
1.0000011922322247
1.0000010755745399
1.0000009562660184
1.0000008345916562
1.0000007108421545
1.0000005853132212
1.0000004583048674
1.0000003301206883
1.0000002010671383
1.0000000714527970
0.9999999415876327
0.9999998117822627
0.9999996823472085
0.9999995535921538
0.9999994258252042
0.9999992993521506
0.9999991744757390
0.9999990514949462
0.9999989307042635
0.9999988123929942
0.9999986968445593
0.9999985843358214
0.9999984751364234
0.9999983695081428
0.9999982677042653
0.9999981699689772
0.9999980765367816
0.9999979876319385
0.9999979034679271
0.9999978242469363
0.9999977501593789
0.9999976813834397
0.9999976180846472
0.9999975604154756
0.9999975085149798
0.9999974625084630
0.9999974225071766
0.9999973886080520
0.9999973608934696
0.9999973394310603
0.9999973242735433
0.9999973154585988
0.9999973130087785
0.9999973169314491
0.9999973272187761
0.9999973438477399
0.9999973667801906
0.9999973959629368
0.9999974313278722
0.9999974727921391
0.9999975202583242
0.9999975736146898
0.9999976327354404
0.9999976974810231
0.9999977676984602
0.9999978432217128
0.9999979238720769
0.9999980094586092
0.9999980997785833
0.9999981946179729
0.9999982937519619
0.9999983969454820
0.9999985039537723
0.9999986145229630
0.9999987283906822
0.9999988452866798
0.9999989649334742
0.9999990870470133
0.9999992113373548
0.9999993375093550
0.9999994652633752
0.9999995942959966
0.9999997243007439
0.9999998549688174
0.9999999859898291
1.0000001170525443
1.0000002478456236
1.0000003780583659
1.0000005073814515
1.0000006355076787
1.0000007621326963
1.0000008869557311
1.0000010096803056
1.0000011300149456
1.0000012476738755
1.0000013623777000
1.0000014738540726
1.0000015818383430
1.0000016860741907
1.0000017863142363
1.0000018823206320
1.0000019738656272
1.0000020607321136
1.0000021427141423
1.0000022196174163
1.0000022912597522
1.0000023574715140
1.0000024180960199
1.0000024729899148
1.0000025220235125
1.0000025650811053
1.0000026020612387
1.0000026328769533
1.0000026574559913
1.0000026757409688
1.0000026876895114
1.0000026932743564
1.0000026924834156
1.0000026853198032
1.0000026718018289
1.0000026519629530
1.0000026258517059
1.0000025935315715
1.0000025550808340
1.0000025105923915
