1.0000044164922286
1.0000043618625287
1.0000042969046452
1.0000042217752565
1.0000041366552936
1.0000040417495093
1.0000039372859875
1.0000038235155968
1.0000037007113884
1.0000035691679443
1.0000034292006734
1.0000032811450550
1.0000031253558375
1.0000029622061903
1.0000027920868104
1.0000026154049890
1.0000024325836370
1.0000022440602752
1.0000020502859877
1.0000018517243432
1.0000016488502836
1.0000014421489929
1.0000012321147365
1.0000010192496789
1.0000008040626840
1.0000005870680970
1.0000003687845163
1.0000001497335540
0.9999999304385880
0.9999997114235124
0.9999994932114843
0.9999992763236745
0.9999990612780214
0.9999988485879939
0.9999986387613626
0.9999984322989884
0.9999982296936233
0.9999980314287360
0.9999978379773543
0.9999976498009373
0.9999974673482713
0.9999972910543968
0.9999971213395699
0.9999969586082577
0.9999968032481742
0.9999966556293521
0.9999965161032607
0.9999963850019653
0.9999962626373355
0.9999961493002983
0.9999960452601455
0.9999959507638895
0.9999958660356743
0.9999957912762432
0.9999957266624578
0.9999956723468756
0.9999956284573879
0.9999955950969144
0.9999955723431572
0.9999955602484176
0.9999955588394733
0.9999955681175149
0.9999955880581436
0.9999956186114329
0.9999956597020463
0.9999957112294209
0.9999957730680091
0.9999958450675792
0.9999959270535764
0.9999960188275419
0.9999961201675871
0.9999962308289273
0.9999963505444663
0.9999964790254400
0.9999966159621068
0.9999967610244913
0.9999969138631719
0.9999970741101165
0.9999972413795662
0.9999974152689580
0.9999975953598900
0.9999977812191206
0.9999979723996095
0.9999981684415870
0.9999983688736530
0.9999985732139068
0.9999987809711012
0.9999989916458174
0.9999992047316617
0.9999994197164757
0.9999996360835628
0.9999998533129273
1.0000000708825174
1.0000002882694736
1.0000005049513814
1.0000007204075219
1.0000009341201186
1.0000011455755757
1.0000013542657080
1.0000015596889571
1.0000017613515928
1.0000019587688938
1.0000021514663080
1.0000023389805877
1.0000025208608974
1.0000026966698958
1.0000028659847826
1.0000030283983090
1.0000031835197527
1.0000033309758563
1.0000034704117176
1.0000036014916400
1.0000037238999373
1.0000038373416884
1.0000039415434445
1.0000040362538833
1.0000041212444126
1.0000041963097164
1.0000042612682485
1.0000043159626661
1.0000043602602080
1.0000043940530132
1.0000044172583784
1.0000044298189590
1.0000044317029051
1.0000044229039420
1.0000044034413831
1.0000043733600859
1.0000043327303456
1.0000042816477297
1.0000042202328472
1.0000041486310629
1.0000040670121513
1.0000039755698915
1.0000038745216036
1.0000037641076303
1.0000036445907643
1.0000035162556207
1.0000033794079568
1.0000032343739425
1.0000030814993803
1.0000029211488792
1.0000027537049849
1.0000025795672651
1.0000023991513562
1.0000022128879695
1.0000020212218621
1.0000018246107718
1.0000016235243254
1.0000014184429156
1.0000012098565536
1.0000009982636973
1.0000007841700593
1.0000005680873989
1.0000003505322987
1.0000001320249297
0.9999999130878077
0.9999996942445462
0.9999994760186034
0.9999992589320301
0.9999990435042209
0.9999988302506726
0.9999986196817530
0.9999984123014785
0.9999982086063116
0.9999980090839711
0.9999978142122676
0.9999976244579599
0.9999974402756389
0.9999972621066399
0.9999970903779880
0.9999969255013754
0.9999967678721765
0.9999966178685038
0.9999964758503005
0.9999963421584811
0.9999962171141156
0.9999961010176588
0.9999959941482346
0.9999958967629655
0.9999958090963584
0.9999957313597425
0.9999956637407619
0.9999956064029262
0.9999955594852189
0.9999955231017641
0.9999954973415539
0.9999954822682328
0.9999954779199441
0.9999954843092389
0.9999955014230427
0.9999955292226879
0.9999955676440018
0.9999956165974596
0.9999956759683987
0.9999957456172910
0.9999958253800751
0.9999959150685462
0.9999960144708041
0.9999961233517586
0.9999962414536895
0.9999963684968630
0.9999965041801980
0.9999966481819851
0.9999968001606522
0.9999969597555806
0.9999971265879658
0.9999973002617213
0.9999974803644233
0.9999976664682940
0.9999978581312240
0.9999980548978280
0.9999982563005294
0.9999984618606792
0.9999986710896963
0.9999988834902355
0.9999990985573742
0.9999993157798169
0.9999995346411169
0.9999997546209082
0.9999999751961470
1.0000001958423619
1.0000004160349054
1.0000006352502080
1.0000008529670259
1.0000010686676846
1.0000012818393156
1.0000014919750819
1.0000016985753877
1.0000019011490695
1.0000020992145680
1.0000022923010796
1.0000024799496807
1.0000026617144202
1.0000028371633849
1.0000030058797325
1.0000031674626855
1.0000033215284851
1.0000034677113097
1.0000036056641473
1.0000037350596225
1.0000038555907793
1.0000039669718130
1.0000040689387506
1.0000041612500805
1.0000042436873304
1.0000043160555854
1.0000043781839534
1.0000044299259747
1.0000044711599685
1.0000045017893227
1.0000045217427247
1.0000045309743322
1.0000045294638784
1.0000045172167211
1.0000044942638269
1.0000044606616960
1.0000044164922286
1.0000043618625287
1.0000042969046452
1.0000042217752565
