1.0000000002571512
1.0000000002556311
1.0000000002536238
1.0000000002511351
1.0000000002481721
1.0000000002447431
1.0000000002408587
1.0000000002365297
1.0000000002317688
1.0000000002265890
1.0000000002210025
1.0000000002150229
1.0000000002086649
1.0000000002019451
1.0000000001948801
1.0000000001874862
1.0000000001797831
1.0000000001717890
1.0000000001635232
1.0000000001550051
1.0000000001462559
1.0000000001372962
1.0000000001281473
1.0000000001188309
1.0000000001093701
1.0000000000997873
1.0000000000901041
1.0000000000803428
1.0000000000705256
1.0000000000606752
1.0000000000508160
1.0000000000409714
1.0000000000311640
1.0000000000214158
1.0000000000117495
1.0000000000021865
0.9999999999927485
0.9999999999834572
0.9999999999743348
0.9999999999654029
0.9999999999566804
0.9999999999481871
0.9999999999399425
0.9999999999319650
0.9999999999242718
0.9999999999168798
0.9999999999098057
0.9999999999030645
0.9999999998966709
0.9999999998906384
0.9999999998849787
0.9999999998797047
0.9999999998748264
0.9999999998703533
0.9999999998662942
0.9999999998626569
0.9999999998594472
0.9999999998566714
0.9999999998543352
0.9999999998524423
0.9999999998509942
0.9999999998499915
0.9999999998494329
0.9999999998493161
0.9999999998496371
0.9999999998503923
0.9999999998515786
0.9999999998531917
0.9999999998552264
0.9999999998576754
0.9999999998605295
0.9999999998637781
0.9999999998674104
0.9999999998714145
0.9999999998757776
0.9999999998804867
0.9999999998855273
0.9999999998908840
0.9999999998965396
0.9999999999024771
0.9999999999086797
0.9999999999151290
0.9999999999218074
0.9999999999286958
0.9999999999357740
0.9999999999430205
0.9999999999504141
0.9999999999579341
0.9999999999655599
0.9999999999732717
0.9999999999810496
0.9999999999888723
0.9999999999967176
1.0000000000045641
1.0000000000123914
1.0000000000201785
1.0000000000279032
1.0000000000355440
1.0000000000430789
1.0000000000504872
1.0000000000577476
1.0000000000648386
1.0000000000717399
1.0000000000784313
1.0000000000848934
1.0000000000911096
1.0000000000970619
1.0000000001027345
1.0000000001081106
1.0000000001131746
1.0000000001179106
1.0000000001223048
1.0000000001263449
1.0000000001300193
1.0000000001333178
1.0000000001362295
1.0000000001387446
1.0000000001408558
1.0000000001425557
1.0000000001438387
1.0000000001446987
1.0000000001451306
1.0000000001451315
1.0000000001446989
1.0000000001438312
1.0000000001425289
1.0000000001407945
1.0000000001386300
1.0000000001360381
1.0000000001330231
1.0000000001295906
1.0000000001257474
1.0000000001215015
1.0000000001168621
1.0000000001118390
1.0000000001064426
1.0000000001006841
1.0000000000945768
1.0000000000881342
1.0000000000813707
1.0000000000743019
1.0000000000669438
1.0000000000593130
1.0000000000514262
1.0000000000433007
1.0000000000349556
1.0000000000264107
1.0000000000176867
1.0000000000088050
0.9999999999997856
0.9999999999906503
0.9999999999814202
0.9999999999721171
0.9999999999627626
0.9999999999533804
0.9999999999439936
0.9999999999346237
0.9999999999252940
0.9999999999160273
0.9999999999068464
0.9999999998977759
0.9999999998888391
0.9999999998800581
0.9999999998714533
0.9999999998630451
0.9999999998548539
0.9999999998468999
0.9999999998392035
0.9999999998317836
0.9999999998246593
0.9999999998178488
0.9999999998113707
0.9999999998052426
0.9999999997994805
0.9999999997941010
0.9999999997891186
0.9999999997845470
0.9999999997803984
0.9999999997766847
0.9999999997734164
0.9999999997706021
0.9999999997682507
0.9999999997663707
0.9999999997649685
0.9999999997640502
0.9999999997636210
0.9999999997636846
0.9999999997642423
0.9999999997652955
0.9999999997668445
0.9999999997688885
0.9999999997714260
0.9999999997744544
0.9999999997779696
0.9999999997819653
0.9999999997864344
0.9999999997913682
0.9999999997967584
0.9999999998025940
0.9999999998088643
0.9999999998155561
0.9999999998226561
0.9999999998301508
0.9999999998380255
0.9999999998462656
0.9999999998548544
0.9999999998637726
0.9999999998730010
0.9999999998825210
0.9999999998923125
0.9999999999023550
0.9999999999126264
0.9999999999231038
0.9999999999337655
0.9999999999445885
0.9999999999555522
0.9999999999666344
0.9999999999778125
0.9999999999890629
1.0000000000003622
1.0000000000116860
1.0000000000230100
1.0000000000343094
1.0000000000455604
1.0000000000567397
1.0000000000678237
1.0000000000787890
1.0000000000896123
1.0000000001002713
1.0000000001107427
1.0000000001210052
1.0000000001310370
1.0000000001408178
1.0000000001503260
1.0000000001595413
1.0000000001684433
1.0000000001770131
1.0000000001852329
1.0000000001930864
1.0000000002005576
1.0000000002076310
1.0000000002142928
1.0000000002205287
1.0000000002263267
1.0000000002316758
1.0000000002365661
1.0000000002409883
1.0000000002449341
1.0000000002483962
1.0000000002513687
1.0000000002538458
1.0000000002558238
1.0000000002572993
1.0000000002582716
1.0000000002587417
1.0000000002587102
1.0000000002581788
1.0000000002571512
1.0000000002556311
1.0000000002536238
1.0000000002511351
