1.0001062462635519
1.0001049091765868
1.0001033222045734
1.0001014891514004
1.0000994144084057
1.0000971029438930
1.0000945602912736
1.0000917925358570
1.0000888063003239
1.0000856087289185
1.0000822074703966
1.0000786106597648
1.0000748268988628
1.0000708652358283
1.0000667351434951
1.0000624464967784
1.0000580095490992
1.0000534349078982
1.0000487335093080
1.0000439165920350
1.0000389956705202
1.0000339825074378
1.0000288890855984
1.0000237275793262
1.0000185103253740
1.0000132497934464
1.0000079585564068
1.0000026492602307
0.9999973345937844
0.9999920272584989
0.9999867399380086
0.9999814852678324
0.9999762758051667
0.9999711239988611
0.9999660421596503
0.9999610424307163
0.9999561367586489
0.9999513368648721
0.9999466542176070
0.9999421000044380
0.9999376851055510
0.9999334200677006
0.9999293150789772
0.9999253799444305
0.9999216240626057
0.9999180564030535
0.9999146854848657
0.9999115193562871
0.9999085655754535
0.9999058311923024
0.9999033227317009
0.9999010461778266
0.9998990069598479
0.9998972099389295
0.9998956593966013
0.9998943590245123
0.9998933119155986
0.9998925205566886
0.9998919868225542
0.9998917119714296
0.9998916966420093
0.9998919408519288
0.9998924439977351
0.9998932048563431
0.9998942215879765
0.9998954917405863
0.9998970122557355
0.9998987794759370
0.9999007891534291
0.9999030364603601
0.9999055160003653
0.9999082218215020
0.9999111474305162
0.9999142858084049
0.9999176294272363
0.9999211702681886
0.9999248998407637
0.9999288092031274
0.9999328889835279
0.9999371294027452
0.9999415202975093
0.9999460511448420
0.9999507110872530
0.9999554889587369
0.9999603733115040
0.9999653524433842
0.9999704144258349
0.9999755471324917
0.9999807382681862
0.9999859753983662
0.9999912459788451
0.9999965373858128
1.0000018369460331
1.0000071319671542
1.0000124097680643
1.0000176577092175
1.0000228632228541
1.0000280138430464
1.0000330972355003
1.0000381012270407
1.0000430138347078
1.0000478232943919
1.0000525180889497
1.0000570869757217
1.0000615190133979
1.0000658035881544
1.0000699304390124
1.0000738896823471
1.0000776718354967
1.0000812678394091
1.0000846690802792
1.0000878674101208
1.0000908551662253
1.0000936251894603
1.0000961708413669
1.0000984860200099
1.0001005651745523
1.0001024033185089
1.0001039960416549
1.0001053395205568
1.0001064305277045
1.0001072664392221
1.0001078452411378
1.0001081655341990
1.0001082265372201
1.0001080280889567
1.0001075706484970
1.0001068552941756
1.0001058837210122
1.0001046582366759
1.0001031817559882
1.0001014577939753
1.0000994904574929
1.0000972844354341
1.0000948449875500
1.0000921779319087
1.0000892896310190
1.0000861869766542
1.0000828773734125
1.0000793687210532
1.0000756693956476
1.0000717882295944
1.0000677344905422
1.0000635178592709
1.0000591484065855
1.0000546365692760
1.0000499931252032
1.0000452291675654
1.0000403560784110
1.0000353855014577
1.0000303293142823
1.0000251995999543
1.0000200086181683
1.0000147687759564
1.0000094925980434
1.0000041926969181
0.9999988817426918
0.9999935724328141
0.9999882774617211
0.9999830094904862
0.9999777811165491
0.9999726048435934
0.9999674930516431
0.9999624579674534
0.9999575116352624
0.9999526658879792
0.9999479323188731
0.9999433222538339
0.9999388467242663
0.9999345164406910
0.9999303417671060
0.9999263326961783
0.9999224988253200
0.9999188493337079
0.9999153929603051
0.9999121379829321
0.9999090921984406
0.9999062629040391
0.9999036568798098
0.9999012803724684
0.9998991390803930
0.9998972381399703
0.9998955821132837
0.9998941749771785
0.9998930201137282
0.9998921203021214
0.9998914777119966
0.9998910938982346
0.9998909697972221
0.9998911057245994
0.9998915013744905
0.9998921558202271
0.9998930675165573
0.9998942343033336
0.9998956534106755
0.9998973214655904
0.9998992345000410
0.9999013879604369
0.9999037767185267
0.9999063950836677
0.9999092368164407
0.9999122951435783
0.9999155627741713
0.9999190319171124
0.9999226942997366
0.9999265411876129
0.9999305634054423
0.9999347513590066
0.9999390950581204
0.9999435841405266
0.9999482078966815
0.9999529552953678
0.9999578150100785
0.9999627754461020
0.9999678247682475
0.9999729509291430
0.9999781416980364
0.9999833846900334
0.9999886673957024
0.9999939772109722
0.9999993014672536
1.0000046274617145
1.0000099424876308
1.0000152338647454
1.0000204889695601
1.0000256952654882
1.0000308403327960
1.0000359118982636
1.0000408978644919
1.0000457863387904
1.0000505656615697
1.0000552244341749
1.0000597515460936
1.0000641362014726
1.0000683679448823
1.0000724366862668
1.0000763327250188
1.0000800467731241
1.0000835699773187
1.0000868939402077
1.0000900107402924
1.0000929129508629
1.0000955936577098
1.0000980464756102
1.0001002655635520
1.0001022456386583
1.0001039819887818
1.0001054704837333
1.0001067075851244
1.0001076903547970
1.0001084164618228
1.0001088841880534
1.0001090924322098
1.0001090407124991
1.0001087291677546
1.0001081585570966
1.0001073302581100
1.0001062462635519
1.0001049091765868
1.0001033222045734
1.0001014891514004
