1.0000031460190646
1.0000031072261519
1.0000030610837698
1.0000030077033317
1.0000029472135055
1.0000028797599041
1.0000028055047376
1.0000027246264251
1.0000026373191671
1.0000025437924809
1.0000024442707012
1.0000023389924428
1.0000022282100303
1.0000021121888925
1.0000019912069273
1.0000018655538376
1.0000017355304394
1.0000016014479411
1.0000014636272028
1.0000013223979671
1.0000011780980698
1.0000010310726328
1.0000008816732389
1.0000007302570928
1.0000005771861653
1.0000004228263277
1.0000002675464790
1.0000001117176629
0.9999999557121804
0.9999997999027019
0.9999996446613766
0.9999994903589413
0.9999993373638355
0.9999991860413207
0.9999990367526077
0.9999988898539944
0.9999987456960135
0.9999986046225939
0.9999984669702392
0.9999983330672247
0.9999982032328129
0.9999980777764911
0.9999979569972313
0.9999978411827767
0.9999977306089537
0.9999976255390139
0.9999975262230060
0.9999974328971761
0.9999973457834069
0.9999972650886859
0.9999971910046126
0.9999971237069393
0.9999970633551536
0.9999970100920988
0.9999969640436318
0.9999969253183224
0.9999968940071959
0.9999968701835158
0.9999968539026094
0.9999968452017377
0.9999968441000069
0.9999968505983226
0.9999968646793899
0.9999968863077555
0.9999969154298942
0.9999969519743359
0.9999969958518400
0.9999970469556086
0.9999971051615437
0.9999971703285436
0.9999972422988416
0.9999973208983851
0.9999974059372528
0.9999974972101081
0.9999975944966941
0.9999976975623606
0.9999978061586262
0.9999979200237734
0.9999980388834743
0.9999981624514487
0.9999982904301490
0.9999984225114742
0.9999985583775073
0.9999986977012761
0.9999988401475381
0.9999989853735798
0.9999991330300378
0.9999992827617366
0.9999994342085377
0.9999995870062043
0.9999997407872709
0.9999998951819240
1.0000000498188866
1.0000002043263096
1.0000003583326589
1.0000005114676049
1.0000006633629115
1.0000008136533163
1.0000009619774053
1.0000011079784787
1.0000012513054031
1.0000013916134518
1.0000015285651311
1.0000016618309873
1.0000017910903976
1.0000019160323366
1.0000020363561213
1.0000021517721314
1.0000022620025018
1.0000023667817879
1.0000024658576008
1.0000025589912112
1.0000026459581242
1.0000027265486144
1.0000028005682304
1.0000028678382589
1.0000029281961544
1.0000029814959279
1.0000030276084968
1.0000030664219948
1.0000030978420387
1.0000031217919565
1.0000031382129713
1.0000031470643422
1.0000031483234637
1.0000031419859190
1.0000031280654926
1.0000031065941388
1.0000030776219047
1.0000030412168124
1.0000029974646967
1.0000029464689999
1.0000028883505261
1.0000028232471534
1.0000027513135050
1.0000026727205802
1.0000025876553444
1.0000024963202843
1.0000023989329248
1.0000022957253081
1.0000021869434403
1.0000020728467032
1.0000019537072364
1.0000018298092863
1.0000017014485254
1.0000015689313482
1.0000014325741380
1.0000012927025113
1.0000011496505385
1.0000010037599469
1.0000008553793043
1.0000007048631854
1.0000005525713229
1.0000003988677488
1.0000002441199232
1.0000000886978568
0.9999999329732259
0.9999997773184851
0.9999996221059763
0.9999994677070387
0.9999993144911216
0.9999991628249005
0.9999990130714008
0.9999988655891268
0.9999987207312061
0.9999985788445467
0.9999984402690055
0.9999983053365759
0.9999981743705930
0.9999980476849607
0.9999979255834024
0.9999978083587333
0.9999976962921604
0.9999975896526087
0.9999974886960790
0.9999973936650345
0.9999973047878205
0.9999972222781177
0.9999971463344308
0.9999970771396129
0.9999970148604292
0.9999969596471551
0.9999969116332174
0.9999968709348742
0.9999968376509355
0.9999968118625269
0.9999967936328938
0.9999967830072513
0.9999967800126740
0.9999967846580317
0.9999967969339647
0.9999968168129056
0.9999968442491454
0.9999968791789393
0.9999969215206609
0.9999969711749938
0.9999970280251705
0.9999970919372502
0.9999971627604357
0.9999972403274339
0.9999973244548525
0.9999974149436390
0.9999975115795550
0.9999976141336865
0.9999977223629918
0.9999978360108795
0.9999979548078221
0.9999980784719968
0.9999982067099598
0.9999983392173449
0.9999984756795922
0.9999986157726981
0.9999987591639868
0.9999989055129053
0.9999990544718351
0.9999992056869231
0.9999993587989262
0.9999995134440688
0.9999996692549095
0.9999998258612184
0.9999999828908621
1.0000001399706921
1.0000002967274344
1.0000004527885800
1.0000006077832759
1.0000007613432085
1.0000009131034835
1.0000010627034952
1.0000012097877895
1.0000013540069115
1.0000014950182383
1.0000016324867977
1.0000017660860692
1.0000018954987628
1.0000020204175746
1.0000021405459194
1.0000022555986405
1.0000023653026890
1.0000024693977752
1.0000025676369910
1.0000026597873968
1.0000027456305800
1.0000028249631734
1.0000028975973401
1.0000029633612229
1.0000030220993534
1.0000030736730234
1.0000031179606153
1.0000031548578892
1.0000031842782335
1.0000032061528723
1.0000032204310267
1.0000032270800361
1.0000032260854337
1.0000032174509814
1.0000032011986602
1.0000031773686155
1.0000031460190646
1.0000031072261519
1.0000030610837698
1.0000030077033317
