1.0693681784358915
1.0685577125638994
1.0675953410831227
1.0664826918070001
1.0652216556359202
1.0638143873682910
1.0622633065641345
1.0605710984370493
1.0587407147469801
1.0567753746626565
1.0546785655588402
1.0524540437096483
1.0501058348351731
1.0476382344544568
1.0450558079935541
1.0423633905930105
1.0395660865545784
1.0366692683624641
1.0336785752098774
1.0305999109571991
1.0274394414437937
1.0242035910714260
1.0208990385735182
1.0175327118812270
1.0141117819946448
1.0106436557655007
1.0071359674967091
1.0035965692641700
1.0000335198675527
0.9964550723195810
0.9928696597877911
0.9892858799090714
0.9857124774056585
0.9821583249419059
0.9786324021741564
0.9751437729615813
0.9717015607240048
0.9683149219534858
0.9649930179097860
0.9617449845556710
0.9585799008160665
0.9555067552751358
0.9525344114569367
0.9496715718679458
0.9469267410128041
0.9443081876274041
0.9418239064051239
0.9394815795217084
0.9372885382911167
0.9352517253076453
0.9333776574478311
0.9316723901182260
0.9301414831412873
0.9287899686707008
0.9276223215189791
0.9266424322638721
0.9258535834759495
0.9252584293778727
0.9248589792068427
0.9246565845062071
0.9246519305211981
0.9248450318184164
0.9252352321903180
0.9258212088460521
0.9266009808300572
0.9275719215513634
0.9287307752510250
0.9300736771838846
0.9315961772450797
0.9332932667323811
0.9351594079032666
0.9371885659611077
0.9393742430881916
0.9417095141344760
0.9441870635697142
0.9467992233124466
0.9495380110616546
0.9523951687748456
0.9553622009591364
0.9584304124685509
0.9615909455303552
0.9648348157548571
0.9681529469158355
0.9715362043218307
0.9749754266311955
0.9784614559954551
0.9819851664456456
0.9855374904644739
0.9891094437130612
0.9926921479045093
0.9962768518374004
0.9998549506206064
1.0034180031364344
1.0069577478022720
1.0104661167016205
1.0139352481638844
1.0173574978787072
1.0207254486351669
1.0240319187790166
1.0272699694825291
1.0304329109216297
1.0335143074540027
1.0365079818899754
1.0394080189453350
1.0422087679620013
1.0449048449787652
1.0474911342302664
1.0499627891480776
1.0523152329333356
1.0545441587658242
1.0566455297098880
1.0586155783730529
1.0604508063688045
1.0621479836306695
1.0637041476205449
1.0651166024701884
1.0663829180908952
1.0675009292826529
1.0684687348704940
1.0692846968923306
1.0699474398592881
1.0704558501063823
1.0708090752483461
1.0710065237524773
1.0710478646375146
1.0709330273047544
1.0706622015048701
1.0702358374411769
1.0696546460073499
1.0689195991548885
1.0680319303828356
1.0669931353394424
1.0658049725225736
1.0644694640626573
1.0629888965688998
1.0613658220162547
1.0596030586472940
1.0577036918596303
1.0556710750458862
1.0535088303494022
1.0512208492949102
1.0488112932492868
1.0462845936632430
1.0436454520404388
1.0408988395760379
1.0380499964021912
1.0351044303733932
1.0320679153201533
1.0289464886950390
1.0257464485309320
1.0224743496274475
1.0191369988779353
1.0157414496465034
1.0122949951021689
1.0088051604157520
1.0052796937246073
1.0017265557709649
0.9981539081216804
0.9945700998808125
0.9909836528118031
0.9874032447934034
0.9838376915429685
0.9802959265525979
0.9767869791978719
0.9733199509958156
0.9699039900082045
0.9665482634084456
0.9632619282549141
0.9600541005406615
0.9569338226185657
0.9539100291319194
0.9509915116126981
0.9481868819427375
0.9455045349061075
0.9429526100933497
0.9405389534490907
0.9382710787829517
0.9361561295887080
0.9342008415373730
0.9324115060253685
0.9307939351683776
0.9293534286341305
0.9280947427026492
0.9270220619300491
0.9261389737716492
0.9254484464919953
0.9249528106537728
0.9246537444351068
0.9245522629762258
0.9246487119030042
0.9249427651177491
0.9254334268881728
0.9261190382052701
0.9269972873213563
0.9280652243222842
0.9293192795342802
0.9307552855171711
0.9323685023531102
0.9341536459040771
0.9361049186830821
0.9382160429634352
0.9404802957377841
0.9428905451337048
0.9454392878950864
0.9481186875477956
0.9509206128834481
0.9538366764156995
0.9568582724883890
0.9599766147432043
0.9631827726853261
0.9664677071178528
0.9698223042488625
0.9732374083079652
0.9767038525414761
0.9802124884862978
0.9837542134518215
0.9873199961662511
0.9909009005684676
0.9944881077487401
0.9980729360611514
1.0016468594475445
1.0052015240271668
1.0087287630180777
1.0122206100659592
1.0156693110633546
1.0190673345478105
1.0224073807710334
1.0256823895332552
1.0288855468777063
1.0320102907396103
1.0350503156426449
1.0379995765335035
1.0408522918422223
1.0436029458524350
1.0462462904618179
1.0487773464087902
1.0511914040371466
1.0534840236658130
1.0556510356263515
1.0576885400263305
1.0595929062922000
1.0613607725409331
1.0629890448254340
1.0644748962946076
1.0658157663050098
1.0670093595171932
1.0680536450061975
1.0689468554121484
1.0696874861535666
1.0702742947227710
1.0707063000796644
1.0709827821572049
1.0711032814889618
1.0710675989663401
1.0708757957302890
1.0705281931995672
1.0700253732349330
1.0693681784358915
1.0685577125638994
1.0675953410831227
1.0664826918070001
