1.0000000006069563
1.0000000006024699
1.0000000005967622
1.0000000005898484
1.0000000005817475
1.0000000005724818
1.0000000005620748
1.0000000005505532
1.0000000005379461
1.0000000005242868
1.0000000005096095
1.0000000004939511
1.0000000004773510
1.0000000004598504
1.0000000004414940
1.0000000004223268
1.0000000004023943
1.0000000003817451
1.0000000003604290
1.0000000003384966
1.0000000003160001
1.0000000002929930
1.0000000002695304
1.0000000002456682
1.0000000002214640
1.0000000001969751
1.0000000001722607
1.0000000001473801
1.0000000001223928
1.0000000000973586
1.0000000000723368
1.0000000000473848
1.0000000000225606
0.9999999999979231
0.9999999999735302
0.9999999999494384
0.9999999999257028
0.9999999999023786
0.9999999998795196
0.9999999998571781
0.9999999998354050
0.9999999998142501
0.9999999997937625
0.9999999997739890
0.9999999997549744
0.9999999997367612
0.9999999997193897
0.9999999997028985
0.9999999996873239
0.9999999996726994
0.9999999996590572
0.9999999996464266
0.9999999996348347
0.9999999996243044
0.9999999996148566
0.9999999996065088
0.9999999995992755
0.9999999995931718
0.9999999995882096
0.9999999995843980
0.9999999995817418
0.9999999995802421
0.9999999995798964
0.9999999995807006
0.9999999995826486
0.9999999995857298
0.9999999995899321
0.9999999995952410
0.9999999996016383
0.9999999996091041
0.9999999996176159
0.9999999996271470
0.9999999996376695
0.9999999996491534
0.9999999996615655
0.9999999996748705
0.9999999996890312
0.9999999997040093
0.9999999997197631
0.9999999997362488
0.9999999997534210
0.9999999997712321
0.9999999997896343
0.9999999998085769
0.9999999998280082
0.9999999998478757
0.9999999998681264
0.9999999998887056
0.9999999999095591
0.9999999999306312
0.9999999999518656
0.9999999999732062
0.9999999999945975
1.0000000000159821
1.0000000000373024
1.0000000000585010
1.0000000000795213
1.0000000001003071
1.0000000001208031
1.0000000001409557
1.0000000001607114
1.0000000001800176
1.0000000001988232
1.0000000002170779
1.0000000002347320
1.0000000002517382
1.0000000002680502
1.0000000002836249
1.0000000002984193
1.0000000003123932
1.0000000003255083
1.0000000003377285
1.0000000003490197
1.0000000003593494
1.0000000003686875
1.0000000003770064
1.0000000003842813
1.0000000003904901
1.0000000003956140
1.0000000003996368
1.0000000004025451
1.0000000004043270
1.0000000004049745
1.0000000004044833
1.0000000004028511
1.0000000004000784
1.0000000003961680
1.0000000003911254
1.0000000003849587
1.0000000003776801
1.0000000003693035
1.0000000003598459
1.0000000003493270
1.0000000003377687
1.0000000003251956
1.0000000003116349
1.0000000002971166
1.0000000002816745
1.0000000002653435
1.0000000002481602
1.0000000002301634
1.0000000002113942
1.0000000001918963
1.0000000001717155
1.0000000001509004
1.0000000001295009
1.0000000001075666
1.0000000000851488
1.0000000000623002
1.0000000000390747
1.0000000000155274
0.9999999999917148
0.9999999999676943
0.9999999999435233
0.9999999999192603
0.9999999998949617
0.9999999998706848
0.9999999998464882
0.9999999998224313
0.9999999997985739
0.9999999997749754
0.9999999997516940
0.9999999997287865
0.9999999997063100
0.9999999996843196
0.9999999996628695
0.9999999996420130
0.9999999996218021
0.9999999996022858
0.9999999995835127
0.9999999995655295
0.9999999995483814
0.9999999995321125
0.9999999995167653
0.9999999995023789
0.9999999994889911
0.9999999994766372
0.9999999994653496
0.9999999994551575
0.9999999994460881
0.9999999994381670
0.9999999994314173
0.9999999994258589
0.9999999994215103
0.9999999994183855
0.9999999994164968
0.9999999994158538
0.9999999994164624
0.9999999994183247
0.9999999994214408
0.9999999994258083
0.9999999994314214
0.9999999994382713
0.9999999994463473
0.9999999994556348
0.9999999994661168
0.9999999994777732
0.9999999994905799
0.9999999995045110
0.9999999995195382
0.9999999995356317
0.9999999995527573
0.9999999995708792
0.9999999995899592
0.9999999996099566
0.9999999996308296
0.9999999996525352
0.9999999996750271
0.9999999996982571
0.9999999997221756
0.9999999997467307
0.9999999997718683
0.9999999997975343
0.9999999998236727
0.9999999998502269
0.9999999998771399
0.9999999999043538
0.9999999999318101
0.9999999999594497
0.9999999999872116
1.0000000000150355
1.0000000000428606
1.0000000000706257
1.0000000000982696
1.0000000001257316
1.0000000001529508
1.0000000001798672
1.0000000002064222
1.0000000002325589
1.0000000002582206
1.0000000002833511
1.0000000003078962
1.0000000003318015
1.0000000003550160
1.0000000003774887
1.0000000003991711
1.0000000004200162
1.0000000004399796
1.0000000004590206
1.0000000004770995
1.0000000004941791
1.0000000005102241
1.0000000005252005
1.0000000005390777
1.0000000005518268
1.0000000005634224
1.0000000005738414
1.0000000005830634
1.0000000005910710
1.0000000005978493
1.0000000006033867
1.0000000006076726
1.0000000006107002
1.0000000006124659
1.0000000006129701
1.0000000006122156
1.0000000006102081
1.0000000006069563
1.0000000006024699
1.0000000005967622
1.0000000005898484
