1.0000023805075446
1.0000023512374021
1.0000023164113618
1.0000022761135938
1.0000022304413083
1.0000021795045220
1.0000021234257954
1.0000020623399406
1.0000019963936968
1.0000019257453805
1.0000018505645065
1.0000017710313813
1.0000016873366717
1.0000015996809488
1.0000015082742080
1.0000014133353681
1.0000013150917488
1.0000012137785244
1.0000011096381620
1.0000010029198438
1.0000008938788691
1.0000007827760442
1.0000006698770592
1.0000005554518547
1.0000004397739739
1.0000003231199095
1.0000002057684430
1.0000000879999789
0.9999999700958743
0.9999998523377637
0.9999997350068903
0.9999996183834315
0.9999995027458308
0.9999993883701300
0.9999992755293101
0.9999991644926410
0.9999990555250370
0.9999989488864228
0.9999988448311158
0.9999987436072157
0.9999986454560100
0.9999985506113993
0.9999984592993398
0.9999983717373037
0.9999982881337574
0.9999982086876658
0.9999981335880177
0.9999980630133729
0.9999979971314369
0.9999979360986614
0.9999978800598706
0.9999978291479141
0.9999977834833506
0.9999977431741612
0.9999977083154905
0.9999976789894200
0.9999976552647742
0.9999976371969556
0.9999976248278144
0.9999976181855484
0.9999976172846365
0.9999976221258049
0.9999976326960248
0.9999976489685453
0.9999976709029592
0.9999976984453021
0.9999977315281795
0.9999977700709303
0.9999978139798192
0.9999978631482612
0.9999979174570764
0.9999979767747805
0.9999980409578961
0.9999981098512996
0.9999981832885912
0.9999982610924947
0.9999983430752815
0.9999984290392199
0.9999985187770494
0.9999986120724775
0.9999987087006987
0.9999988084289317
0.9999989110169769
0.9999990162177914
0.9999991237780804
0.9999992334389056
0.9999993449363040
0.9999994580019195
0.9999995723636459
0.9999996877462789
0.9999998038721748
0.9999999204619143
1.0000000372349720
1.0000001539103882
1.0000002702074444
1.0000003858463313
1.0000005005488224
1.0000006140389379
1.0000007260436041
1.0000008362933090
1.0000009445227476
1.0000010504714585
1.0000011538844447
1.0000012545127848
1.0000013521142292
1.0000014464537819
1.0000015373042608
1.0000016244468442
1.0000017076715928
1.0000017867779534
1.0000018615752386
1.0000019318830846
1.0000019975318823
1.0000020583631839
1.0000021142300828
1.0000021649975650
1.0000022105428341
1.0000022507556041
1.0000022855383652
1.0000023148066175
1.0000023384890719
1.0000023565278247
1.0000023688784934
1.0000023755103258
1.0000023764062727
1.0000023715630304
1.0000023609910489
1.0000023447145066
1.0000023227712551
1.0000022952127290
1.0000022621038223
1.0000022235227344
1.0000021795607845
1.0000021303221938
1.0000020759238359
1.0000020164949592
1.0000019521768768
1.0000018831226303
1.0000018094966237
1.0000017314742320
1.0000016492413801
1.0000015629941010
1.0000014729380664
1.0000013792880980
1.0000012822676507
1.0000011821082806
1.0000010790490903
1.0000009733361586
1.0000008652219528
1.0000007549647232
1.0000006428278887
1.0000005290794061
1.0000004139911298
1.0000002978381617
1.0000001808981935
1.0000000634508435
0.9999999457769871
0.9999998281580876
0.9999997108755221
0.9999995942099086
0.9999994784404342
0.9999993638441866
0.9999992506954932
0.9999991392652646
0.9999990298203477
0.9999989226228857
0.9999988179296935
0.9999987159916430
0.9999986170530624
0.9999985213511517
0.9999984291154156
0.9999983405671137
0.9999982559187321
0.9999981753734752
0.9999980991247780
0.9999980273558449
0.9999979602392098
0.9999978979363238
0.9999978405971675
0.9999977883598937
0.9999977413504934
0.9999976996824980
0.9999976634567045
0.9999976327609343
0.9999976076698238
0.9999975882446439
0.9999975745331533
0.9999975665694832
0.9999975643740551
0.9999975679535301
0.9999975773007933
0.9999975923949698
0.9999976132014732
0.9999976396720887
0.9999976717450848
0.9999977093453647
0.9999977523846405
0.9999978007616454
0.9999978543623740
0.9999979130603533
0.9999979767169455
0.9999980451816786
0.9999981182926029
0.9999981958766773
0.9999982777501837
0.9999983637191654
0.9999984535798886
0.9999985471193283
0.9999986441156773
0.9999987443388735
0.9999988475511502
0.9999989535076027
0.9999990619567737
0.9999991726412517
0.9999992852982860
0.9999993996604153
0.9999995154561058
0.9999996324103970
0.9999997502455592
0.9999998686817558
0.9999999874377109
1.0000001062313801
1.0000002247806246
1.0000003428038846
1.0000004600208519
1.0000005761531372
1.0000006909249359
1.0000008040636852
1.0000009153007148
1.0000010243718878
1.0000011310182300
1.0000012349865504
1.0000013360300439
1.0000014339088810
1.0000015283907795
1.0000016192515597
1.0000017062756790
1.0000017892567459
1.0000018679980116
1.0000019423128390
1.0000020120251483
1.0000020769698379
1.0000021369931784
1.0000021919531781
1.0000022417199215
1.0000022861758799
1.0000023252161900
1.0000023587489049
1.0000023866952115
1.0000024089896196
1.0000024255801174
1.0000024364282947
1.0000024415094335
1.0000024408125685
1.0000024343405105
1.0000024221098389
1.0000024041508619
1.0000023805075446
1.0000023512374021
1.0000023164113618
1.0000022761135938
