1.0628487294688322
1.0621086988084996
1.0612300614330112
1.0602143564749928
1.0590633708381434
1.0577791395177214
1.0563639459093279
1.0548203220835590
1.0531510490010525
1.0513591566393554
1.0494479239998189
1.0474208789594619
1.0452817979293827
1.0430347052778848
1.0406838724730350
1.0382338168959189
1.0356893002724052
1.0330553266678564
1.0303371399859547
1.0275402209097075
1.0246702832198211
1.0217332694230801
1.0187353456211989
1.0156828955489479
1.0125825137092836
1.0094409975328655
1.0062653384898257
1.0030627120831073
0.9998404666552573
0.9966061109443551
0.9933673003299296
0.9901318217163931
0.9869075770098189
0.9837025651538863
0.9805248627026388
0.9773826029213367
0.9742839534221950
0.9712370923591107
0.9682501832245416
0.9653313483123466
0.9624886409324411
0.9597300164862639
0.9570633025359997
0.9544961680247935
0.9520360918293893
0.9496903308501943
0.9474658878660966
0.9453694794018741
0.9434075038740589
0.9415860102960348
0.9399106678343474
0.9383867365151268
0.9370190393816602
0.9358119364011436
0.9347693004101970
0.9338944953747290
0.9331903572202034
0.9326591774635085
0.9323026898478056
0.9321220601474545
0.9321178792720957
0.9322901597579798
0.9326383356916017
0.9331612660666375
0.9338572415310805
0.9347239944383725
0.9357587120752426
0.9369580529007830
0.9383181655968208
0.9398347106996322
0.9415028845579403
0.9433174453423679
0.9452727408172735
0.9473627375772005
0.9495810514469195
0.9519209787459691
0.9543755281253037
0.9569374526946871
0.9595992821742249
0.9623533548213372
0.9651918489048692
0.9681068135203185
0.9710901985636686
0.9741338837054970
0.9772297062313340
0.9803694876382139
0.9835450589005499
0.9867482843405656
0.9899710840592263
0.9932054549027451
0.9964434899571436
0.9996773965789199
1.0028995129836242
1.0061023234260109
1.0092784720155397
1.0124207752193612
1.0155222331116651
1.0185760394335117
1.0215755905311239
1.0245144932432235
1.0273865718095103
1.0301858738729006
1.0329066756478251
1.0355434863258441
1.0380910517882058
1.0405443576928097
1.0428986320005111
1.0451493470028350
1.0472922209100737
1.0493232190554811
1.0512385547678960
1.0530346899616880
1.0547083354894615
1.0562564512994945
1.0576762464364853
1.0589651789208123
1.0601209555382354
1.0611415315687474
1.0620251104801763
1.0627701436091039
1.0633753298486994
1.0638396153602232
1.0641621933221310
1.0643425037279997
1.0643802332417993
1.0642753151164126
1.0640279291786880
1.0636385018817227
1.0631077064224896
1.0624364629203262
1.0616259386491771
1.0606775483138338
1.0595929543577103
1.0583740672869228
1.0570230459926246
1.0555422980506266
1.0539344799743444
1.0522024973940478
1.0503495051322056
1.0483789071414864
1.0462943562686446
1.0440997538041334
1.0417992487738479
1.0393972369259346
1.0368983593621481
1.0343075007598086
1.0316297871270752
1.0288705830310632
1.0260354882353162
1.0231303336804194
1.0201611767391696
1.0171342956757823
1.0140561832372297
1.0109335393040713
1.0077732625282068
1.0045824408859176
1.0013683410765744
0.9981383967005474
0.9949001951543445
0.9916614631869067
0.9884300510684937
0.9852139153327358
0.9820211000633563
0.9788597167098128
0.9757379224307111
0.9726638969802903
0.9696458181715142
0.9666918359692070
0.9638100452880928
0.9610084575932605
0.9582949714242117
0.9556773419878539
0.9531631499901523
0.9507597699001369
0.9484743378630123
0.9463137195006350
0.9442844778569864
0.9423928417628289
0.9406446749068611
0.9390454459098034
0.9376001997024029
0.9363135305079263
0.9351895567239568
0.9342318979870470
0.9334436546869310
0.9328273901747071
0.9323851158819241
0.9321182795353008
0.9320277566154781
0.9321138451685096
0.9323762640365912
0.9328141545307790
0.9334260855241658
0.9342100619002146
0.9351635362486762
0.9362834236617501
0.9375661194467068
0.9390075195388743
0.9406030433712692
0.9423476589347044
0.9442359097452245
0.9462619434242809
0.9484195415911733
0.9507021507667003
0.9531029139914087
0.9556147028708144
0.9582301497729959
0.9609416799204334
0.9637415431372600
0.9666218450345601
0.9695745774393704
0.9725916478969990
0.9756649081006215
0.9787861811263371
0.9819472873755160
0.9851400691489760
0.9883564137989711
0.9915882754249306
0.9948276950971625
0.9980668196092466
1.0012979187744819
1.0045134012945605
1.0077058292396086
1.0108679311879358
1.0139926140813718
1.0170729738580244
1.0201023049288098
1.0230741085673170
1.0259821002845830
1.0288202162613531
1.0315826189104584
1.0342637016412490
1.0368580928966520
1.0393606595314970
1.0417665095983997
1.0440709946047555
1.0462697113014228
1.0483585030604592
1.0503334608959556
1.0521909241785876
1.0539274810910444
1.0555399688680271
1.0570254738610827
1.0583813314651314
1.0596051259402335
1.0606946901588870
1.0616481053059825
1.0624637005554649
1.0631400527447568
1.0636759860650926
1.0640705717830770
1.0643231280060217
1.0644332195009067
1.0644006575741578
1.0642255000168219
1.0639080511171188
1.0634488617397577
1.0628487294688322
1.0621086988084996
1.0612300614330112
1.0602143564749928
