1.0000000021266713
1.0000000021074078
1.0000000020836215
1.0000000020553765
1.0000000020227480
1.0000000019858197
1.0000000019446857
1.0000000018994497
1.0000000018502255
1.0000000017971353
1.0000000017403103
1.0000000016798907
1.0000000016160242
1.0000000015488675
1.0000000014785850
1.0000000014053483
1.0000000013293355
1.0000000012507320
1.0000000011697261
1.0000000010865138
1.0000000010012948
1.0000000009142747
1.0000000008256615
1.0000000007356666
1.0000000006445060
1.0000000005523968
1.0000000004595584
1.0000000003662115
1.0000000002725777
1.0000000001788789
1.0000000000853371
0.9999999999921735
0.9999999998996104
0.9999999998078650
0.9999999997171536
0.9999999996276894
0.9999999995396819
0.9999999994533382
0.9999999993688612
0.9999999992864477
0.9999999992062891
0.9999999991285708
0.9999999990534724
0.9999999989811674
0.9999999989118217
0.9999999988455943
0.9999999987826360
0.9999999987230892
0.9999999986670879
0.9999999986147584
0.9999999985662170
0.9999999985215710
0.9999999984809187
0.9999999984443486
0.9999999984119388
0.9999999983837563
0.9999999983598590
0.9999999983402934
0.9999999983250952
0.9999999983142899
0.9999999983078927
0.9999999983059077
0.9999999983083292
0.9999999983151406
0.9999999983263139
0.9999999983418097
0.9999999983615789
0.9999999983855624
0.9999999984136914
0.9999999984458856
0.9999999984820551
0.9999999985221010
0.9999999985659136
0.9999999986133761
0.9999999986643618
0.9999999987187361
0.9999999987763551
0.9999999988370665
0.9999999989007096
0.9999999989671176
0.9999999990361180
0.9999999991075323
0.9999999991811758
0.9999999992568577
0.9999999993343825
0.9999999994135504
0.9999999994941575
0.9999999995759966
0.9999999996588588
0.9999999997425316
0.9999999998268003
0.9999999999114489
0.9999999999962607
1.0000000000810183
1.0000000001655047
1.0000000002495049
1.0000000003328053
1.0000000004151954
1.0000000004964649
1.0000000005764045
1.0000000006548093
1.0000000007314780
1.0000000008062133
1.0000000008788226
1.0000000009491179
1.0000000010169168
1.0000000010820445
1.0000000011443335
1.0000000012036232
1.0000000012597596
1.0000000013125956
1.0000000013619921
1.0000000014078174
1.0000000014499506
1.0000000014882795
1.0000000015227009
1.0000000015531212
1.0000000015794566
1.0000000016016333
1.0000000016195878
1.0000000016332669
1.0000000016426294
1.0000000016476431
1.0000000016482868
1.0000000016445496
1.0000000016364321
1.0000000016239448
1.0000000016071082
1.0000000015859531
1.0000000015605226
1.0000000015308699
1.0000000014970589
1.0000000014591637
1.0000000014172683
1.0000000013714669
1.0000000013218635
1.0000000012685699
1.0000000012117085
1.0000000011514105
1.0000000010878163
1.0000000010210746
1.0000000009513419
1.0000000008787808
1.0000000008035606
1.0000000007258572
1.0000000006458529
1.0000000005637366
1.0000000004797032
1.0000000003939518
1.0000000003066871
1.0000000002181157
1.0000000001284481
1.0000000000378990
0.9999999999466849
0.9999999998550233
0.9999999997631328
0.9999999996712331
0.9999999995795461
0.9999999994882933
0.9999999993976955
0.9999999993079729
0.9999999992193426
0.9999999991320199
0.9999999990462175
0.9999999989621445
0.9999999988800070
0.9999999988000058
0.9999999987223368
0.9999999986471907
0.9999999985747529
0.9999999985052022
0.9999999984387113
0.9999999983754462
0.9999999983155642
0.9999999982592143
0.9999999982065374
0.9999999981576650
0.9999999981127221
0.9999999980718242
0.9999999980350786
0.9999999980025828
0.9999999979744245
0.9999999979506795
0.9999999979314137
0.9999999979166838
0.9999999979065360
0.9999999979010057
0.9999999979001162
0.9999999979038807
0.9999999979123017
0.9999999979253693
0.9999999979430639
0.9999999979653535
0.9999999979921962
0.9999999980235380
0.9999999980593161
0.9999999980994585
0.9999999981438831
0.9999999981924975
0.9999999982451980
0.9999999983018718
0.9999999983623967
0.9999999984266418
0.9999999984944677
0.9999999985657261
0.9999999986402612
0.9999999987179091
0.9999999987984980
0.9999999988818498
0.9999999989677797
0.9999999990560955
0.9999999991465990
0.9999999992390872
0.9999999993333536
0.9999999994291867
0.9999999995263721
0.9999999996246909
0.9999999997239220
0.9999999998238429
0.9999999999242293
1.0000000000248552
1.0000000001254943
1.0000000002259202
1.0000000003259071
1.0000000004252285
1.0000000005236607
1.0000000006209817
1.0000000007169727
1.0000000008114185
1.0000000009041075
1.0000000009948318
1.0000000010833876
1.0000000011695767
1.0000000012532062
1.0000000013340888
1.0000000014120445
1.0000000014869004
1.0000000015584907
1.0000000016266566
1.0000000016912483
1.0000000017521233
1.0000000018091475
1.0000000018621964
1.0000000019111546
1.0000000019559165
1.0000000019963871
1.0000000020324804
1.0000000020641202
1.0000000020912427
1.0000000021137943
1.0000000021317319
1.0000000021450217
1.0000000021536417
1.0000000021575810
1.0000000021568383
1.0000000021514237
1.0000000021413575
1.0000000021266713
1.0000000021074078
1.0000000020836215
1.0000000020553765
