1.0000009406484522
1.0000009292154715
1.0000009155954679
1.0000008998214878
1.0000008819317050
1.0000008619693297
1.0000008399825051
1.0000008160241924
1.0000007901520436
1.0000007624282643
1.0000007329194645
1.0000007016964962
1.0000006688342880
1.0000006344116636
1.0000005985111549
1.0000005612188032
1.0000005226239530
1.0000004828190381
1.0000004418993615
1.0000003999628670
1.0000003571099059
1.0000003134429967
1.0000002690665806
1.0000002240867705
1.0000001786110984
1.0000001327482582
1.0000000866078451
1.0000000403000948
0.9999999939356188
0.9999999476251393
0.9999999014792266
0.9999998556080342
0.9999998101210358
0.9999997651267615
0.9999997207325422
0.9999996770442506
0.9999996341660499
0.9999995922001441
0.9999995512465334
0.9999995114027765
0.9999994727637572
0.9999994354214572
0.9999993994647373
0.9999993649791236
0.9999993320466047
0.9999993007454360
0.9999992711499520
0.9999992433303886
0.9999992173527171
0.9999991932784856
0.9999991711646734
0.9999991510635546
0.9999991330225739
0.9999991170842333
0.9999991032859905
0.9999990916601696
0.9999990822338859
0.9999990750289787
0.9999990700619598
0.9999990673439763
0.9999990668807837
0.9999990686727328
0.9999990727147676
0.9999990789964399
0.9999990875019322
0.9999990982101000
0.9999991110945203
0.9999991261235563
0.9999991432604310
0.9999991624633199
0.9999991836854488
0.9999992068752086
0.9999992319762754
0.9999992589277465
0.9999992876642887
0.9999993181162931
0.9999993502100427
0.9999993838678888
0.9999994190084353
0.9999994555467369
0.9999994933945016
0.9999995324603030
0.9999995726497997
0.9999996138659601
0.9999996560092960
0.9999996989780988
0.9999997426686857
0.9999997869756482
0.9999998317921026
0.9999998770099485
0.9999999225201274
0.9999999682128813
1.0000000139780165
1.0000000597051684
1.0000001052840668
1.0000001506047991
1.0000001955580735
1.0000002400354819
1.0000002839297577
1.0000003271350344
1.0000003695470987
1.0000004110636391
1.0000004515844914
1.0000004910118807
1.0000005292506540
1.0000005662085101
1.0000006017962193
1.0000006359278355
1.0000006685209033
1.0000006994966573
1.0000007287802086
1.0000007563007256
1.0000007819916037
1.0000008057906247
1.0000008276401060
1.0000008474870390
1.0000008652832173
1.0000008809853518
1.0000008945551735
1.0000009059595270
1.0000009151704474
1.0000009221652315
1.0000009269264889
1.0000009294421863
1.0000009297056762
1.0000009277157142
1.0000009234764589
1.0000009169974644
1.0000009082936583
1.0000008973853061
1.0000008842979633
1.0000008690624131
1.0000008517145953
1.0000008322955201
1.0000008108511698
1.0000007874323893
1.0000007620947646
1.0000007348984905
1.0000007059082248
1.0000006751929371
1.0000006428257435
1.0000006088837310
1.0000005734477746
1.0000005366023430
1.0000004984352970
1.0000004590376803
1.0000004185034999
1.0000003769295038
1.0000003344149504
1.0000002910613701
1.0000002469723235
1.0000002022531513
1.0000001570107260
1.0000001113531918
1.0000000653897096
1.0000000192301959
0.9999999729850585
0.9999999267649344
0.9999998806804251
0.9999998348418320
0.9999997893588924
0.9999997443405162
0.9999996998945244
0.9999996561273942
0.9999996131440021
0.9999995710473744
0.9999995299384410
0.9999994899157939
0.9999994510754506
0.9999994135106258
0.9999993773115067
0.9999993425650365
0.9999993093547085
0.9999992777603647
0.9999992478580044
0.9999992197196033
0.9999991934129404
0.9999991690014375
0.9999991465440056
0.9999991260949022
0.9999991077036038
0.9999990914146877
0.9999990772677236
0.9999990652971789
0.9999990555323355
0.9999990479972192
0.9999990427105427
0.9999990396856616
0.9999990389305410
0.9999990404477349
0.9999990442343805
0.9999990502822054
0.9999990585775450
0.9999990691013773
0.9999990818293659
0.9999990967319182
0.9999991137742557
0.9999991329164954
0.9999991541137461
0.9999991773162153
0.9999992024693287
0.9999992295138563
0.9999992583860559
0.9999992890178256
0.9999993213368669
0.9999993552668549
0.9999993907276209
0.9999994276353423
0.9999994659027430
0.9999995054393017
0.9999995461514678
0.9999995879428850
0.9999996307146202
0.9999996743653996
0.9999997187918509
0.9999997638887491
0.9999998095492678
0.9999998556652331
0.9999999021273841
0.9999999488256309
0.9999999956493184
1.0000000424874882
1.0000000892291452
1.0000001357635229
1.0000001819803457
1.0000002277700923
1.0000002730242603
1.0000003176356211
1.0000003614984754
1.0000004045089073
1.0000004465650316
1.0000004875672377
1.0000005274184254
1.0000005660242377
1.0000006032932851
1.0000006391373633
1.0000006734716644
1.0000007062149792
1.0000007372898896
1.0000007666229540
1.0000007941448832
1.0000008197907033
1.0000008434999133
1.0000008652166252
1.0000008848896995
1.0000009024728678
1.0000009179248428
1.0000009312094169
1.0000009422955476
1.0000009511574304
1.0000009577745603
1.0000009621317798
1.0000009642193162
1.0000009640328047
1.0000009615732988
1.0000009568472656
1.0000009498665716
1.0000009406484522
1.0000009292154715
1.0000009155954679
1.0000008998214878
