1.0000000004643808
1.0000000004611465
1.0000000004569982
1.0000000004519474
1.0000000004460072
1.0000000004391953
1.0000000004315290
1.0000000004230267
1.0000000004137108
1.0000000004036058
1.0000000003927374
1.0000000003811325
1.0000000003688199
1.0000000003558287
1.0000000003421901
1.0000000003279370
1.0000000003131047
1.0000000002977283
1.0000000002818445
1.0000000002654907
1.0000000002487055
1.0000000002315299
1.0000000002140064
1.0000000001961766
1.0000000001780831
1.0000000001597695
1.0000000001412790
1.0000000001226548
1.0000000001039411
1.0000000000851823
1.0000000000664231
1.0000000000477081
1.0000000000290812
1.0000000000105849
0.9999999999922617
0.9999999999741538
0.9999999999563033
0.9999999999387507
0.9999999999215352
0.9999999999046975
0.9999999998882767
0.9999999998723105
0.9999999998568363
0.9999999998418886
0.9999999998275012
0.9999999998137054
0.9999999998005309
0.9999999997880074
0.9999999997761625
0.9999999997650229
0.9999999997546130
0.9999999997449558
0.9999999997360708
0.9999999997279758
0.9999999997206885
0.9999999997142244
0.9999999997085952
0.9999999997038107
0.9999999996998776
0.9999999996968003
0.9999999996945816
0.9999999996932235
0.9999999996927247
0.9999999996930835
0.9999999996942955
0.9999999996963536
0.9999999996992485
0.9999999997029694
0.9999999997075039
0.9999999997128356
0.9999999997189474
0.9999999997258205
0.9999999997334338
0.9999999997417643
0.9999999997507883
0.9999999997604794
0.9999999997708093
0.9999999997817492
0.9999999997932688
0.9999999998053358
0.9999999998179164
0.9999999998309755
0.9999999998444773
0.9999999998583842
0.9999999998726584
0.9999999998872613
0.9999999999021530
0.9999999999172934
0.9999999999326417
0.9999999999481558
0.9999999999637937
0.9999999999795128
0.9999999999952709
1.0000000000110254
1.0000000000267348
1.0000000000423572
1.0000000000578515
1.0000000000731755
1.0000000000882874
1.0000000001031455
1.0000000001177083
1.0000000001319367
1.0000000001457923
1.0000000001592371
1.0000000001722344
1.0000000001847489
1.0000000001967462
1.0000000002081935
1.0000000002190588
1.0000000002293128
1.0000000002389271
1.0000000002478755
1.0000000002561333
1.0000000002636773
1.0000000002704870
1.0000000002765408
1.0000000002818190
1.0000000002863050
1.0000000002899849
1.0000000002928466
1.0000000002948790
1.0000000002960732
1.0000000002964222
1.0000000002959215
1.0000000002945684
1.0000000002923635
1.0000000002893092
1.0000000002854099
1.0000000002806719
1.0000000002751042
1.0000000002687168
1.0000000002615239
1.0000000002535405
1.0000000002447851
1.0000000002352774
1.0000000002250389
1.0000000002140912
1.0000000002024589
1.0000000001901688
1.0000000001772489
1.0000000001637290
1.0000000001496405
1.0000000001350158
1.0000000001198888
1.0000000001042937
1.0000000000882645
1.0000000000718381
1.0000000000550520
1.0000000000379459
1.0000000000205618
1.0000000000029412
0.9999999999851261
0.9999999999671594
0.9999999999490838
0.9999999999309428
0.9999999999127811
0.9999999998946429
0.9999999998765704
0.9999999998586060
0.9999999998407942
0.9999999998231788
0.9999999998058042
0.9999999997887138
0.9999999997719503
0.9999999997555559
0.9999999997395715
0.9999999997240384
0.9999999997089952
0.9999999996944802
0.9999999996805307
0.9999999996671820
0.9999999996544668
0.9999999996424171
0.9999999996310638
0.9999999996204351
0.9999999996105580
0.9999999996014582
0.9999999995931593
0.9999999995856836
0.9999999995790528
0.9999999995732871
0.9999999995684050
0.9999999995644220
0.9999999995613505
0.9999999995592015
0.9999999995579836
0.9999999995577030
0.9999999995583637
0.9999999995599683
0.9999999995625163
0.9999999995660039
0.9999999995704265
0.9999999995757778
0.9999999995820487
0.9999999995892287
0.9999999995973043
0.9999999996062610
0.9999999996160820
0.9999999996267482
0.9999999996382379
0.9999999996505267
0.9999999996635889
0.9999999996773984
0.9999999996919279
0.9999999997071475
0.9999999997230259
0.9999999997395282
0.9999999997566186
0.9999999997742598
0.9999999997924154
0.9999999998110469
0.9999999998301146
0.9999999998495779
0.9999999998693949
0.9999999998895236
0.9999999999099205
0.9999999999305418
0.9999999999513425
0.9999999999722770
0.9999999999932997
1.0000000000143658
1.0000000000354305
1.0000000000564495
1.0000000000773777
1.0000000000981688
1.0000000001187770
1.0000000001391576
1.0000000001592659
1.0000000001790574
1.0000000001984892
1.0000000002175198
1.0000000002361098
1.0000000002542202
1.0000000002718119
1.0000000002888467
1.0000000003052869
1.0000000003210976
1.0000000003362448
1.0000000003506975
1.0000000003644265
1.0000000003774021
1.0000000003895975
1.0000000004009879
1.0000000004115503
1.0000000004212637
1.0000000004301095
1.0000000004380709
1.0000000004451324
1.0000000004512806
1.0000000004565037
1.0000000004607930
1.0000000004641409
1.0000000004665428
1.0000000004679968
1.0000000004685041
1.0000000004680671
1.0000000004666905
1.0000000004643808
1.0000000004611465
1.0000000004569982
1.0000000004519474
