1.0000000897327550
1.0000000886965215
1.0000000874550898
1.0000000860115241
1.0000000843693673
1.0000000825326325
1.0000000805057963
1.0000000782937841
1.0000000759019601
1.0000000733361118
1.0000000706024377
1.0000000677075329
1.0000000646583760
1.0000000614623088
1.0000000581270205
1.0000000546605290
1.0000000510711615
1.0000000473675346
1.0000000435585319
1.0000000396532849
1.0000000356611496
1.0000000315916850
1.0000000274546303
1.0000000232598798
1.0000000190174625
1.0000000147375152
1.0000000104302607
1.0000000061059851
1.0000000017750095
0.9999999974476668
0.9999999931342757
0.9999999888451168
0.9999999845904084
0.9999999803802809
0.9999999762247529
0.9999999721337085
0.9999999681168733
0.9999999641837908
0.9999999603437991
0.9999999566060087
0.9999999529792823
0.9999999494722122
0.9999999460931011
0.9999999428499434
0.9999999397504031
0.9999999368017960
0.9999999340110730
0.9999999313848044
0.9999999289291623
0.9999999266499082
0.9999999245523775
0.9999999226414674
0.9999999209216257
0.9999999193968390
0.9999999180706246
0.9999999169460221
0.9999999160255855
0.9999999153113763
0.9999999148049591
0.9999999145073987
0.9999999144192586
0.9999999145406000
0.9999999148709793
0.9999999154094507
0.9999999161545683
0.9999999171043882
0.9999999182564763
0.9999999196079125
0.9999999211552979
0.9999999228947627
0.9999999248219752
0.9999999269321513
0.9999999292200682
0.9999999316800766
0.9999999343061146
0.9999999370917206
0.9999999400300519
0.9999999431138984
0.9999999463357008
0.9999999496875696
0.9999999531613035
0.9999999567484087
0.9999999604401202
0.9999999642274209
0.9999999681010646
0.9999999720515982
0.9999999760693840
0.9999999801446241
0.9999999842673837
0.9999999884276146
0.9999999926151785
0.9999999968198726
1.0000000010314527
1.0000000052396576
1.0000000094342347
1.0000000136049652
1.0000000177416881
1.0000000218343261
1.0000000258729076
1.0000000298475913
1.0000000337486896
1.0000000375666918
1.0000000412922878
1.0000000449163908
1.0000000484301570
1.0000000518250087
1.0000000550926540
1.0000000582251067
1.0000000612147051
1.0000000640541322
1.0000000667364333
1.0000000692550306
1.0000000716037407
1.0000000737767871
1.0000000757688159
1.0000000775749089
1.0000000791905967
1.0000000806118672
1.0000000818351769
1.0000000828574584
1.0000000836761274
1.0000000842890902
1.0000000846947474
1.0000000848919988
1.0000000848802457
1.0000000846593946
1.0000000842298555
1.0000000835925393
1.0000000827488575
1.0000000817007204
1.0000000804505298
1.0000000790011747
1.0000000773560249
1.0000000755189216
1.0000000734941699
1.0000000712865271
1.0000000689011928
1.0000000663437938
1.0000000636203730
1.0000000607373742
1.0000000577016277
1.0000000545203342
1.0000000512010456
1.0000000477516502
1.0000000441803512
1.0000000404956475
1.0000000367063142
1.0000000328213803
1.0000000288501087
1.0000000248019727
1.0000000206866351
1.0000000165139233
1.0000000122938080
1.0000000080363769
1.0000000037518129
0.9999999994503679
0.9999999951423379
0.9999999908380394
0.9999999865477850
0.9999999822818589
0.9999999780504913
0.9999999738638338
0.9999999697319372
0.9999999656647254
0.9999999616719709
0.9999999577632740
0.9999999539480382
0.9999999502354495
0.9999999466344519
0.9999999431537265
0.9999999398016710
0.9999999365863801
0.9999999335156258
0.9999999305968398
0.9999999278370943
0.9999999252430848
0.9999999228211158
0.9999999205770836
0.9999999185164627
0.9999999166442938
0.9999999149651693
0.9999999134832247
0.9999999122021284
0.9999999111250729
0.9999999102547666
0.9999999095934270
0.9999999091427759
0.9999999089040340
0.9999999088779176
0.9999999090646378
0.9999999094639002
0.9999999100749067
0.9999999108963553
0.9999999119264437
0.9999999131628731
0.9999999146028543
0.9999999162431151
0.9999999180799054
0.9999999201090067
0.9999999223257428
0.9999999247249924
0.9999999273011984
0.9999999300483819
0.9999999329601580
0.9999999360297495
0.9999999392500044
0.9999999426134123
0.9999999461121213
0.9999999497379563
0.9999999534824400
0.9999999573368119
0.9999999612920495
0.9999999653388898
0.9999999694678523
0.9999999736692604
0.9999999779332645
0.9999999822498661
0.9999999866089413
0.9999999910002638
0.9999999954135300
0.9999999998383837
1.0000000042644415
1.0000000086813168
1.0000000130786435
1.0000000174461019
1.0000000217734435
1.0000000260505135
1.0000000302672758
1.0000000344138369
1.0000000384804701
1.0000000424576394
1.0000000463360217
1.0000000501065280
1.0000000537603260
1.0000000572888601
1.0000000606838717
1.0000000639374200
1.0000000670419007
1.0000000699900622
1.0000000727750251
1.0000000753902978
1.0000000778297906
1.0000000800878313
1.0000000821591799
1.0000000840390399
1.0000000857230693
1.0000000872073906
1.0000000884886018
1.0000000895637828
1.0000000904305033
1.0000000910868265
1.0000000915313150
1.0000000917630338
1.0000000917815526
1.0000000915869491
1.0000000911798061
1.0000000905612119
1.0000000897327550
1.0000000886965215
1.0000000874550898
1.0000000860115241
