1.1078603752459506
1.1066577451784083
1.1052288193047415
1.1035755305018775
1.1017001310959629
1.0996051970923379
1.0972936329487986
1.0947686768731963
1.0920339066225331
1.0890932457762088
1.0859509704509649
1.0826117164191666
1.0790804865854056
1.0753626587688121
1.0714639937298962
1.0673906433711384
1.0631491590297923
1.0587464997694167
1.0541900405634703
1.0494875802498129
1.0446473491191732
1.0396780159835681
1.0345886945523510
1.0293889489241270
1.0240887979823412
1.0186987184611778
1.0132296464267803
1.0076929768971601
1.0021005613029583
0.9964647024711666
0.9907981467956755
0.9851140732430932
0.9794260788306286
0.9737481602062202
0.9680946909607603
0.9624803943096886
0.9569203107978774
0.9514297607091470
0.9460243009014042
0.9407196758416829
0.9355317626834001
0.9304765103117872
0.9255698723830471
0.9208277344981091
0.9162658357819542
0.9118996852825866
0.9077444737571033
0.9038149815722889
0.9001254836090107
0.8966896522178943
0.8935204594218895
0.8906300796925706
0.8880297947342640
0.8857299017864204
0.8837396269938286
0.8820670453910566
0.8807190089982823
0.8797010844287254
0.8790175012637057
0.8786711122628619
0.8786633662495086
0.8789942942520198
0.8796625092007710
0.8806652191872287
0.8819982539985767
0.8836561043591594
0.8856319730497293
0.8879178368463451
0.8905045180303935
0.8933817640749842
0.8965383340138448
0.8999620899475391
0.9036400921366163
0.9075586961686830
0.9117036507611861
0.9160601948677110
0.9206131528858968
0.9253470269126247
0.9302460851499986
0.9352944457274678
0.9404761553656039
0.9457752624607964
0.9511758843137635
0.9566622683554946
0.9622188473402628
0.9678302885756376
0.9734815373437803
0.9791578547370343
0.9848448501847358
0.9905285089884093
0.9961952152104461
1.0018317702784569
1.0074254076752946
1.0129638040847380
1.0184350873564487
1.0238278416423821
1.0291311100415319
1.0343343950717807
1.0394276572676133
1.0444013121812992
1.0492462260435047
1.0539537103176637
1.0585155153612347
1.0629238233865101
1.0671712408941556
1.0712507907342876
1.0751559039327718
1.0788804114045811
1.0824185356615126
1.0857648826083039
1.0889144335092096
1.0918625371962758
1.0946049025809059
1.0971375915216905
1.0994570120938556
1.1015599122989603
1.1034433742475604
1.1051048088423896
1.1065419509851011
1.1077528553256797
1.1087358925702206
1.1094897463597928
1.1100134107304827
1.1103061881624396
1.1103676882236693
1.1101978268124617
1.1097968260006024
1.1091652144778439
1.1083038285964599
1.1072138140130161
1.1058966279226894
1.1043540418795361
1.1025881451939330
1.1006013488959951
1.0983963902509883
1.0959763378095906
1.0933445969722162
1.0905049160424070
1.0874613927395027
1.0842184811352993
1.0807809989731110
1.0771541353205369
1.0733434584991368
1.0693549242251368
1.0651948838850935
1.0608700928590868
1.0563877187914195
1.0517553496949428
1.0469810017599663
1.0420731267222316
1.0370406186266994
1.0318928198049586
1.0266395258640593
1.0212909894636890
1.0158579226371289
1.0103514973896544
1.0047833442865095
0.9991655487218032
0.9935106445403646
0.9878316046675902
0.9821418283886024
0.9764551249086950
0.9707856928233964
0.9651480951298235
0.9595572294228804
0.9540282929417258
0.9485767421653785
0.9432182467027512
0.9379686372830924
0.9328438477287841
0.9278598508842962
0.9230325885829167
0.9183778958560920
0.9139114197274661
0.9096485330827595
0.9056042442642320
0.9017931032004616
0.8982291050433358
0.8949255924385145
0.8918951576964766
0.8891495462515877
0.8866995628893475
0.8845549822804116
0.8827244653783490
0.8812154832118981
0.8800342495290028
0.8791856636285174
0.8786732645478990
0.8784991975655578
0.8786641937313067
0.8791675628660007
0.8800072001820878
0.8811796063815295
0.8826799207978739
0.8845019668762807
0.8866383090392033
0.8890803197746979
0.8918182556155136
0.8948413405544166
0.8981378553663828
0.9016952312808000
0.9055001464640167
0.9095386238299588
0.9137961287883953
0.9182576656600839
0.9229078716284070
0.9277311072511912
0.9327115427174614
0.9378332391959129
0.9430802247796831
0.9484365646813394
0.9538864254696118
0.9594141332630262
0.9650042259038578
0.9706414992281185
0.9763110476236928
0.9819982991298429
0.9876890453781054
0.9933694667083789
0.9990261528161896
1.0046461192992426
1.0102168204749447
1.0157261588370865
1.0211624915106978
1.0265146340504623
1.0317718619111602
1.0369239098993448
1.0419609698947123
1.0468736871080924
1.0516531551212234
1.0562909099319842
1.0607789232078362
1.0651095949302023
1.0692757455935422
1.0732706081051113
1.0770878195148790
1.0807214126898881
1.0841658080334344
1.0874158053368224
1.0904665758400676
1.0933136545676838
1.0959529329965783
1.0983806521049708
1.1005933958440903
1.1025880850681036
1.1043619719522115
1.1059126349240158
1.1072379741290557
1.1083362074477583
1.1092058670778580
1.1098457966935567
1.1102551491902624
1.1104333850215784
1.1103802711332571
1.1100958804970498
1.1095805922456798
1.1088350924085282
1.1078603752459506
1.1066577451784083
1.1052288193047415
1.1035755305018775
