1.0000015780367897
1.0000015587245057
1.0000015357349459
1.0000015091237600
1.0000014789552238
1.0000014453020876
1.0000014082453992
1.0000013678743125
1.0000013242858730
1.0000012775847869
1.0000012278831694
1.0000011753002767
1.0000011199622192
1.0000010620016606
1.0000010015575016
1.0000009387745465
1.0000008738031583
1.0000008067988977
1.0000007379221507
1.0000006673377462
1.0000005952145599
1.0000005217251122
1.0000004470451558
1.0000003713532548
1.0000002948303586
1.0000002176593694
1.0000001400247067
1.0000000621118652
0.9999999841069704
0.9999999061963334
0.9999998285660071
0.9999997514013393
0.9999996748865321
0.9999995992041990
0.9999995245349319
0.9999994510568694
0.9999993789452692
0.9999993083720909
0.9999992395055853
0.9999991725098912
0.9999991075446434
0.9999990447645924
0.9999989843192337
0.9999989263524505
0.9999988710021711
0.9999988184000403
0.9999987686711047
0.9999987219335121
0.9999986782982307
0.9999986378687856
0.9999986007410120
0.9999985670028249
0.9999985367340100
0.9999985100060336
0.9999984868818728
0.9999984674158647
0.9999984516535769
0.9999984396316997
0.9999984313779593
0.9999984269110518
0.9999984262405971
0.9999984293671190
0.9999984362820457
0.9999984469677287
0.9999984613974854
0.9999984795356639
0.9999985013377295
0.9999985267503735
0.9999985557116389
0.9999985881510709
0.9999986239898849
0.9999986631411553
0.9999987055100230
0.9999987509939265
0.9999987994828443
0.9999988508595596
0.9999989049999423
0.9999989617732453
0.9999990210424197
0.9999990826644427
0.9999991464906594
0.9999992123671387
0.9999992801350432
0.9999993496310104
0.9999994206875423
0.9999994931334065
0.9999995667940468
0.9999996414920010
0.9999997170473259
0.9999997932780303
0.9999998700005079
0.9999999470299784
1.0000000241809304
1.0000001012675657
1.0000001781042440
1.0000002545059274
1.0000003302886236
1.0000004052698228
1.0000004792689414
1.0000005521077506
1.0000006236108050
1.0000006936058612
1.0000007619242903
1.0000008284014839
1.0000008928772446
1.0000009551961726
1.0000010152080370
1.0000010727681359
1.0000011277376435
1.0000011799839423
1.0000012293809408
1.0000012758093757
1.0000013191570971
1.0000013593193386
1.0000013961989671
1.0000014297067159
1.0000014597613995
1.0000014862901061
1.0000015092283745
1.0000015285203496
1.0000015441189152
1.0000015559858073
1.0000015640917050
1.0000015684163031
1.0000015689483595
1.0000015656857251
1.0000015586353475
1.0000015478132569
1.0000015332445253
1.0000015149632093
1.0000014930122674
1.0000014674434594
1.0000014383172218
1.0000014057025242
1.0000013696767072
1.0000013303252928
1.0000012877417854
1.0000012420274456
1.0000011932910486
1.0000011416486247
1.0000010872231826
1.0000010301444158
1.0000009705483939
1.0000009085772370
1.0000008443787745
1.0000007781061937
1.0000007099176738
1.0000006399760066
1.0000005684482101
1.0000004955051249
1.0000004213210096
1.0000003460731213
1.0000002699412940
1.0000001931075091
1.0000001157554608
1.0000000380701155
0.9999999602372699
0.9999998824431081
0.9999998048737562
0.9999997277148365
0.9999996511510230
0.9999995753656001
0.9999995005400237
0.9999994268534893
0.9999993544825024
0.9999992836004578
0.9999992143772229
0.9999991469787316
0.9999990815665886
0.9999990182976820
0.9999989573238082
0.9999988987913085
0.9999988428407186
0.9999987896064313
0.9999987392163772
0.9999986917917179
0.9999986474465558
0.9999986062876587
0.9999985684142055
0.9999985339175502
0.9999985028810013
0.9999984753796224
0.9999984514800531
0.9999984312403493
0.9999984147098429
0.9999984019290242
0.9999983929294458
0.9999983877336428
0.9999983863550796
0.9999983887981194
0.9999983950580099
0.9999984051208970
0.9999984189638567
0.9999984365549497
0.9999984578532950
0.9999984828091664
0.9999985113641117
0.9999985434510925
0.9999985789946425
0.9999986179110476
0.9999986601085458
0.9999987054875451
0.9999987539408622
0.9999988053539766
0.9999988596053030
0.9999989165664850
0.9999989761026962
0.9999990380729649
0.9999991023305085
0.9999991687230838
0.9999992370933491
0.9999993072792431
0.9999993791143681
0.9999994524283884
0.9999995270474370
0.9999996027945294
0.9999996794899860
0.9999997569518614
0.9999998349963772
0.9999999134383615
0.9999999920916908
1.0000000707697354
1.0000001492858019
1.0000002274535809
1.0000003050875879
1.0000003820036094
1.0000004580191415
1.0000005329538251
1.0000006066298763
1.0000006788725118
1.0000007495103644
1.0000008183758928
1.0000008853057805
1.0000009501413261
1.0000010127288206
1.0000010729199140
1.0000011305719696
1.0000011855484054
1.0000012377190204
1.0000012869603032
1.0000013331557271
1.0000013761960276
1.0000014159794628
1.0000014524120571
1.0000014854078243
1.0000015148889732
1.0000015407860909
1.0000015630383099
1.0000015815934526
1.0000015964081561
1.0000016074479743
1.0000016146874595
1.0000016181102229
1.0000016177089732
1.0000016134855341
1.0000016054508396
1.0000015936249071
1.0000015780367897
1.0000015587245057
1.0000015357349459
1.0000015091237600
