1.0064281840249363
1.0063473232445010
1.0062514090594863
1.0061406641170461
1.0060153455772294
1.0058757445702464
1.0057221855805794
1.0055550257586854
1.0053746541611552
1.0051814909202910
1.0049759863441887
1.0047586199485299
1.0045298994214065
1.0042903595226356
1.0040405609191634
1.0037810889582817
1.0035125523805435
1.0032355819744063
1.0029508291747868
1.0026589646078727
1.0023606765846962
1.0020566695461475
1.0017476624622685
1.0014343871888405
1.0011175867844546
1.0007980137914148
1.0004764284840040
1.0001535970878117
0.9998302899739766
0.9995072798323684
0.9991853398278862
0.9988652417441968
0.9985477541193737
0.9982336403780306
0.9979236569646589
0.9976185514829909
0.9973190608462937
0.9970259094435789
0.9967398073267765
0.9964614484239593
0.9961915087837286
0.9959306448558808
0.9956794918134529
0.9954386619212046
0.9952087429555370
0.9949902966807667
0.9947838573865577
0.9945899304911979
0.9944089912152414
0.9942414833298615
0.9940878179840700
0.9939483726147272
0.9938234899430315
0.9937134770609091
0.9936186046104452
0.9935391060591985
0.9934751770739219
0.9934269749948814
0.9933946184126270
0.9933781868487042
0.9933777205414402
0.9933932203375674
0.9934246476900646
0.9934719247622289
0.9935349346376044
0.9936135216350236
0.9937074917276486
0.9938166130645335
0.9939406165928694
0.9940791967787332
0.9942320124238329
0.9943986875754186
0.9945788125262321
0.9947719449010808
0.9949776108263642
0.9951953061786342
0.9954244979080481
0.9956646254323721
0.9959151020970136
0.9961753166964153
0.9964446350520054
0.9967224016417895
0.9970079412765898
0.9973005608178708
0.9975995509320579
0.9979041878762293
0.9982137353100698
0.9985274461289975
0.9988445643134084
0.9991643267890595
0.9994859652936687
0.9998087082449159
1.0001317826051270
1.0004544157380439
1.0007758372532078
1.0010952808336306
1.0014119860425659
1.0017252001053554
1.0020341796624810
1.0023381924901220
1.0026365191846822
1.0029284548079169
1.0032133104894758
1.0034904149838400
1.0037591161787942
1.0040187825527607
1.0042688045784753
1.0045085960706528
1.0047375954754569
1.0049552670997293
1.0051611022780989
1.0053546204762280
1.0055353703285947
1.0057029306093519
1.0058569111349265
1.0059969535971567
1.0061227323258712
1.0062339549799439
1.0063303631659601
1.0064117329837303
1.0064778754980077
1.0065286371358415
1.0065639000091047
1.0065835821618279
1.0065876377420533
1.0065760570980169
1.0065488667985458
1.0065061295776494
1.0064479442033685
1.0063744452710286
1.0062858029211277
1.0061822224821881
1.0060639440389811
1.0059312419266284
1.0057844241511882
1.0056238317374213
1.0054498380045465
1.0052628477708940
1.0050632964884876
1.0048516493086890
1.0046284000801782
1.0043940702806529
1.0041492078837819
1.0038943861630654
1.0036302024344150
1.0033572767394061
1.0030762504713089
1.0027877849461688
1.0024925599213574
1.0021912720641877
1.0018846333733542
1.0015733695561266
1.0012582183643988
1.0009399278928612
1.0006192548427486
1.0002969627547673
0.9999738202149923
0.9996505990376675
0.9993280724290158
0.9990070131363125
0.9986881915866181
0.9983723740196985
0.9980603206197909
0.9977527836509861
0.9974505056010895
0.9971542173389135
0.9968646362900234
0.9965824646360056
0.9963083875423658
0.9960430714201721
0.9957871622265577
0.9955412838091680
0.9953060362995804
0.9950819945606654
0.9948697066927505
0.9946696926033417
0.9944824426449964
0.9943084163258032
0.9941480410967087
0.9940017112197401
0.9938697867209302
0.9937525924315038
0.9936504171206093
0.9935635127225840
0.9934920936614421
0.9934363362749419
0.9933963783402536
0.9933723187029023
0.9933642170102932
0.9933720935507691
0.9933959291987675
0.9934356654662775
0.9934912046604061
0.9935624101464956
0.9936491067158668
0.9937510810568762
0.9938680823276310
0.9939998228283512
0.9941459787710302
0.9943061911437173
0.9944800666664428
0.9946671788355067
0.9948670690525829
0.9950792478348376
0.9953031961020288
0.9955383665363389
0.9957841850105029
0.9960400520796364
0.9963053445320150
0.9965794169939453
0.9968616035837673
0.9971512196099559
0.9974475633082415
0.9977499176126357
0.9980575519552455
0.9983697240897687
0.9986856819336033
0.9990046654235473
0.9993259083801287
0.9996486403757074
0.9999720886015734
1.0002954797293770
1.0006180417623707
1.0009390058720438
1.0012576082159093
1.0015730917323302
1.0018847079084352
1.0021917185173430
1.0024933973210786
1.0027890317357266
1.0030779244555510
1.0033593950329727
1.0036327814114743
1.0038974414086634
1.0041527541468969
1.0043981214290414
1.0046329690570934
1.0048567480915518
1.0050689360495810
1.0052690380401574
1.0054565878345276
1.0056311488704552
1.0057923151888550
1.0059397123015521
1.0060729979890142
1.0061918630270343
1.0062960318414429
1.0063852630900483
1.0064593501710946
1.0065181216576358
1.0065614416573176
1.0065892100971496
1.0066013629329389
1.0065978722831552
1.0065787464870719
1.0065440300871165
1.0064938037354594
1.0064281840249363
1.0063473232445010
1.0062514090594863
1.0061406641170461
