1.0000000033960748
1.0000000033637135
1.0000000033240211
1.0000000032771035
1.0000000032230807
1.0000000031620899
1.0000000030942853
1.0000000030198368
1.0000000029389311
1.0000000028517690
1.0000000027585667
1.0000000026595532
1.0000000025549711
1.0000000024450766
1.0000000023301383
1.0000000022104367
1.0000000020862612
1.0000000019579129
1.0000000018257023
1.0000000016899484
1.0000000015509787
1.0000000014091257
1.0000000012647294
1.0000000011181351
1.0000000009696923
1.0000000008197556
1.0000000006686820
1.0000000005168308
1.0000000003645637
1.0000000002122429
1.0000000000602309
0.9999999999088888
0.9999999997585746
0.9999999996096423
0.9999999994624427
0.9999999993173224
0.9999999991746232
0.9999999990346798
0.9999999988978201
0.9999999987643650
0.9999999986346264
0.9999999985089062
0.9999999983874964
0.9999999982706783
0.9999999981587220
0.9999999980518846
0.9999999979504104
0.9999999978545310
0.9999999977644651
0.9999999976804161
0.9999999976025737
0.9999999975311129
0.9999999974661926
0.9999999974079562
0.9999999973565300
0.9999999973120228
0.9999999972745270
0.9999999972441184
0.9999999972208553
0.9999999972047783
0.9999999971959116
0.9999999971942600
0.9999999971998101
0.9999999972125330
0.9999999972323815
0.9999999972592911
0.9999999972931801
0.9999999973339506
0.9999999973814884
0.9999999974356624
0.9999999974963251
0.9999999975633131
0.9999999976364476
0.9999999977155362
0.9999999978003724
0.9999999978907339
0.9999999979863851
0.9999999980870777
0.9999999981925518
0.9999999983025359
0.9999999984167475
0.9999999985348936
0.9999999986566722
0.9999999987817720
0.9999999989098743
0.9999999990406535
0.9999999991737775
0.9999999993089075
0.9999999994457004
0.9999999995838096
0.9999999997228856
0.9999999998625756
1.0000000000025255
1.0000000001423801
1.0000000002817853
1.0000000004203877
1.0000000005578373
1.0000000006937857
1.0000000008278884
1.0000000009598047
1.0000000010892003
1.0000000012157479
1.0000000013391270
1.0000000014590251
1.0000000015751369
1.0000000016871657
1.0000000017948258
1.0000000018978414
1.0000000019959474
1.0000000020888919
1.0000000021764357
1.0000000022583515
1.0000000023344269
1.0000000024044642
1.0000000024682802
1.0000000025257063
1.0000000025765903
1.0000000026207956
1.0000000026582014
1.0000000026887033
1.0000000027122142
1.0000000027286655
1.0000000027380047
1.0000000027401963
1.0000000027352218
1.0000000027230809
1.0000000027037910
1.0000000026773850
1.0000000026439151
1.0000000026034497
1.0000000025560754
1.0000000025018969
1.0000000024410352
1.0000000023736271
1.0000000022998250
1.0000000022197970
1.0000000021337261
1.0000000020418103
1.0000000019442616
1.0000000018413064
1.0000000017331832
1.0000000016201427
1.0000000015024482
1.0000000013803756
1.0000000012542127
1.0000000011242582
1.0000000009908208
1.0000000008542169
1.0000000007147714
1.0000000005728151
1.0000000004286864
1.0000000002827298
1.0000000001352951
0.9999999999867354
0.9999999998374065
0.9999999996876647
0.9999999995378681
0.9999999993883762
0.9999999992395475
0.9999999990917401
0.9999999989453113
0.9999999988006151
0.9999999986580012
0.9999999985178156
0.9999999983804000
0.9999999982460899
0.9999999981152127
0.9999999979880875
0.9999999978650245
0.9999999977463255
0.9999999976322814
0.9999999975231736
0.9999999974192714
0.9999999973208316
0.9999999972280995
0.9999999971413068
0.9999999970606714
0.9999999969863977
0.9999999969186757
0.9999999968576792
0.9999999968035665
0.9999999967564801
0.9999999967165474
0.9999999966838782
0.9999999966585643
0.9999999966406808
0.9999999966302833
0.9999999966274106
0.9999999966320838
0.9999999966443074
0.9999999966640676
0.9999999966913325
0.9999999967260546
0.9999999967681675
0.9999999968175874
0.9999999968742144
0.9999999969379313
0.9999999970086036
0.9999999970860803
0.9999999971701932
0.9999999972607591
0.9999999973575802
0.9999999974604437
0.9999999975691217
0.9999999976833739
0.9999999978029467
0.9999999979275742
0.9999999980569780
0.9999999981908674
0.9999999983289415
0.9999999984708898
0.9999999986163925
0.9999999987651226
0.9999999989167442
0.9999999990709147
0.9999999992272840
0.9999999993854970
0.9999999995451943
0.9999999997060135
0.9999999998675908
1.0000000000295615
1.0000000001915588
1.0000000003532159
1.0000000005141663
1.0000000006740455
1.0000000008324910
1.0000000009891425
1.0000000011436447
1.0000000012956476
1.0000000014448069
1.0000000015907848
1.0000000017332520
1.0000000018718862
1.0000000020063731
1.0000000021364102
1.0000000022617055
1.0000000023819791
1.0000000024969615
1.0000000026063951
1.0000000027100342
1.0000000028076468
1.0000000028990161
1.0000000029839393
1.0000000030622291
1.0000000031337133
1.0000000031982363
1.0000000032556589
1.0000000033058596
1.0000000033487328
1.0000000033841907
1.0000000034121617
1.0000000034325927
1.0000000034454484
1.0000000034507104
1.0000000034483780
1.0000000034384684
1.0000000034210164
1.0000000033960748
1.0000000033637135
1.0000000033240211
1.0000000032771035
