1.0000000000322997
1.0000000000322571
1.0000000000321589
1.0000000000320066
1.0000000000318012
1.0000000000315425
1.0000000000312321
1.0000000000308704
1.0000000000304599
1.0000000000300022
1.0000000000294993
1.0000000000289535
1.0000000000283662
1.0000000000277380
1.0000000000270706
1.0000000000263649
1.0000000000256231
1.0000000000248475
1.0000000000240401
1.0000000000232034
1.0000000000223399
1.0000000000214531
1.0000000000205465
1.0000000000196232
1.0000000000186855
1.0000000000177351
1.0000000000167744
1.0000000000158051
1.0000000000148299
1.0000000000138516
1.0000000000128719
1.0000000000118929
1.0000000000109175
1.0000000000099472
1.0000000000089841
1.0000000000080296
1.0000000000070848
1.0000000000061529
1.0000000000052360
1.0000000000043365
1.0000000000034566
1.0000000000025968
1.0000000000017588
1.0000000000009437
1.0000000000001530
0.9999999999993893
0.9999999999986540
0.9999999999979489
0.9999999999972746
0.9999999999966337
0.9999999999960273
0.9999999999954557
0.9999999999949195
0.9999999999944190
0.9999999999939553
0.9999999999935312
0.9999999999931481
0.9999999999928063
0.9999999999925050
0.9999999999922450
0.9999999999920274
0.9999999999918513
0.9999999999917152
0.9999999999916180
0.9999999999915575
0.9999999999915337
0.9999999999915462
0.9999999999915951
0.9999999999916797
0.9999999999917982
0.9999999999919500
0.9999999999921336
0.9999999999923482
0.9999999999925923
0.9999999999928649
0.9999999999931654
0.9999999999934922
0.9999999999938438
0.9999999999942194
0.9999999999946172
0.9999999999950359
0.9999999999954731
0.9999999999959291
0.9999999999964019
0.9999999999968907
0.9999999999973942
0.9999999999979108
0.9999999999984381
0.9999999999989724
0.9999999999995106
1.0000000000000506
1.0000000000005920
1.0000000000011329
1.0000000000016704
1.0000000000022027
1.0000000000027276
1.0000000000032443
1.0000000000037514
1.0000000000042484
1.0000000000047340
1.0000000000052067
1.0000000000056650
1.0000000000061076
1.0000000000065323
1.0000000000069373
1.0000000000073217
1.0000000000076834
1.0000000000080211
1.0000000000083340
1.0000000000086224
1.0000000000088858
1.0000000000091229
1.0000000000093323
1.0000000000095124
1.0000000000096620
1.0000000000097791
1.0000000000098634
1.0000000000099147
1.0000000000099325
1.0000000000099161
1.0000000000098648
1.0000000000097788
1.0000000000096596
1.0000000000095082
1.0000000000093250
1.0000000000091103
1.0000000000088631
1.0000000000085829
1.0000000000082689
1.0000000000079219
1.0000000000075426
1.0000000000071321
1.0000000000066909
1.0000000000062206
1.0000000000057223
1.0000000000051961
1.0000000000046427
1.0000000000040632
1.0000000000034586
1.0000000000028308
1.0000000000021823
1.0000000000015155
1.0000000000008309
1.0000000000001301
0.9999999999994152
0.9999999999986876
0.9999999999979484
0.9999999999971977
0.9999999999964366
0.9999999999956669
0.9999999999948904
0.9999999999941095
0.9999999999933268
0.9999999999925449
0.9999999999917658
0.9999999999909911
0.9999999999902223
0.9999999999894592
0.9999999999887025
0.9999999999879533
0.9999999999872129
0.9999999999864828
0.9999999999857657
0.9999999999850646
0.9999999999843815
0.9999999999837182
0.9999999999830761
0.9999999999824567
0.9999999999818617
0.9999999999812919
0.9999999999807480
0.9999999999802308
0.9999999999797424
0.9999999999792842
0.9999999999788579
0.9999999999784656
0.9999999999781090
0.9999999999777895
0.9999999999775084
0.9999999999772670
0.9999999999770663
0.9999999999769081
0.9999999999767940
0.9999999999767256
0.9999999999767030
0.9999999999767271
0.9999999999767981
0.9999999999769161
0.9999999999770817
0.9999999999772939
0.9999999999775525
0.9999999999778566
0.9999999999782059
0.9999999999786006
0.9999999999790414
0.9999999999795293
0.9999999999800635
0.9999999999806428
0.9999999999812665
0.9999999999819320
0.9999999999826378
0.9999999999833817
0.9999999999841619
0.9999999999849775
0.9999999999858273
0.9999999999867105
0.9999999999876259
0.9999999999885717
0.9999999999895477
0.9999999999905522
0.9999999999915840
0.9999999999926420
0.9999999999937249
0.9999999999948302
0.9999999999959567
0.9999999999971022
0.9999999999982643
0.9999999999994400
1.0000000000006257
1.0000000000018190
1.0000000000030178
1.0000000000042195
1.0000000000054221
1.0000000000066229
1.0000000000078204
1.0000000000090132
1.0000000000102003
1.0000000000113791
1.0000000000125475
1.0000000000137028
1.0000000000148428
1.0000000000159652
1.0000000000170668
1.0000000000181462
1.0000000000192009
1.0000000000202285
1.0000000000212264
1.0000000000221927
1.0000000000231259
1.0000000000240234
1.0000000000248832
1.0000000000257023
1.0000000000264790
1.0000000000272113
1.0000000000278986
1.0000000000285401
1.0000000000291365
1.0000000000296869
1.0000000000301892
1.0000000000306408
1.0000000000310398
1.0000000000313851
1.0000000000316753
1.0000000000319107
1.0000000000320917
1.0000000000322171
1.0000000000322864
1.0000000000322997
1.0000000000322571
1.0000000000321589
1.0000000000320066
