1.0047530118326788
1.0046931186247070
1.0046220760016065
1.0045400501980932
1.0044472331859988
1.0043438422551638
1.0042301195382477
1.0041063314801812
1.0039727682530895
1.0038297431176049
1.0036775917315965
1.0035166714074326
1.0033473603190064
1.0031700566598509
1.0029851777537817
1.0027931591196011
1.0025944534915283
1.0023895297971144
1.0021788720945137
1.0019629784711053
1.0017423599055670
1.0015175390956126
1.0012890492537210
1.0010574328732984
1.0008232404678241
1.0005870292856334
1.0003493620031041
1.0001108053991150
0.9998719290137338
0.9996333037941973
0.9993955007313324
0.9991590894896346
0.9989246370343148
0.9986927062586824
0.9984638546152907
0.9982386327543220
0.9980175831727303
0.9978012388776910
0.9975901220679171
0.9973847428364141
0.9971855978982366
0.9969931693467934
0.9968079234422121
0.9966303094352330
0.9964607584300338
0.9962996822893261
0.9961474725849663
0.9960044995972236
0.9958711113657351
0.9957476327950481
0.9956343648175072
0.9955315836160841
0.9954395399095877
0.9953584583025069
0.9952885367015440
0.9952299458007055
0.9951828286365951
0.9951473002153496
0.9951234472124099
0.9951113277461147
0.9951109712258400
0.9951223782751897
0.9951455207304781
0.9951803417145153
0.9952267557854526
0.9952846491602032
0.9953538800117190
0.9954342788391477
0.9955256489096871
0.9956277667707063
0.9957403828304965
0.9958632220057937
0.9959959844340194
0.9961383462480016
0.9962899604107411
0.9964504576076352
0.9966194471933985
0.9967965181907983
0.9969812403381723
0.9971731651825944
0.9973718272154387
0.9975767450470241
0.9977874226169197
0.9980033504364576
0.9982240068599322
0.9984488593809505
0.9986773659503645
0.9989089763122175
0.9991431333541363
0.9993792744686243
0.9996168329217343
0.9998552392256472
1.0000939225117198
1.0003323119006300
1.0005698378663161
1.0008059335904786
1.0010400363044969
1.0012715886156927
1.0015000398149800
1.0017248471630242
1.0019454771521485
1.0021614067413209
1.0023721245616695
1.0025771320900756
1.0027759447885209
1.0029680932069625
1.0031531240476297
1.0033306011887548
1.0035001066658489
1.0036612416087591
1.0038136271328530
1.0039569051827719
1.0040907393273224
1.0042148155041706
1.0043288427131090
1.0044325536567700
1.0045257053277574
1.0046080795412768
1.0046794834124231
1.0047397497773995
1.0047887375580222
1.0048263320689612
1.0048524452672536
1.0048670159437236
1.0048700098560184
1.0048614198030719
1.0048412656408814
1.0048095942395736
1.0047664793818250
1.0047120216027847
1.0046463479717360
1.0045696118158189
1.0044819923862265
1.0043836944673776
1.0042749479296580
1.0041560072264102
1.0040271508359584
1.0038886806495340
1.0037409213060793
1.0035842194750024
1.0034189430880514
1.0032454805215907
1.0030642397306540
1.0028756473362705
1.0026801476676590
1.0024782017610026
1.0022702863166149
1.0020568926164419
1.0018385254039368
1.0016157017284710
1.0013889497565516
1.0011588075522335
1.0009258218292156
1.0006905466772325
1.0004535422654508
1.0002153735256911
0.9999766088183835
0.9997378185842780
0.9994995739850090
0.9992624455357004
0.9990270017328848
0.9987938076810691
0.9985634237213493
0.9983364040655373
0.9981132954392824
0.9978946357377380
0.9976809526973228
0.9974727625871516
0.9972705689237015
0.9970748612122732
0.9968861137187759
0.9967047842753332
0.9965313131231456
0.9963661217959857
0.9962096120476165
0.9960621648263291
0.9959241392996919
0.9957958719324742
0.9956776756205784
0.9955698388836575
0.9954726251189376
0.9953862719185929
0.9953109904528278
0.9952469649206316
0.9951943520699614
0.9951532807888942
0.9951238517690679
0.9951061372425031
0.9951001807926513
0.9951059972402921
0.9951235726046479
0.9951528641398415
0.9951938004465781
0.9952462816586899
0.9953101797039362
0.9953853386382102
0.9954715750520720
0.9955686785482943
0.9956764122888911
0.9957945136098737
0.9959226947017813
0.9960606433538314
0.9962080237593506
0.9963644773799755
0.9965296238659442
0.9967030620296579
0.9968843708695433
0.9970731106411374
0.9972688239722000
0.9974710370185584
0.9976792606573213
0.9978929917140170
0.9981117142201725
0.9983349006977954
0.9985620134672107
0.9987925059746773
0.9990258241362154
0.9992614076940899
0.9994986915824068
0.9997371072983331
0.9999760842754728
1.0002150512560024
1.0004534376582275
1.0006906749362863
1.0009261979288144
1.0011594461934648
1.0013898653242603
1.0016169082488677
1.0018400365029696
1.0020587214790226
1.0022724456467920
1.0024807037431580
1.0026830039288173
1.0028788689095962
1.0030678370202146
1.0032494632684532
1.0034233203377867
1.0035889995466623
1.0037461117627058
1.0038942882702608
1.0040331815897614
1.0041624662475612
1.0042818394949318
1.0043910219750567
1.0044897583369465
1.0045778177953015
1.0046549946354428
1.0047211086625301
1.0047760055943800
1.0048195573972853
1.0048516625643376
1.0048722463358315
1.0048812608614319
1.0048786853038565
1.0048645258839293
1.0048388158669357
1.0048016154902979
1.0047530118326788
1.0046931186247070
1.0046220760016065
1.0045400501980932
