1.0002072639667867
1.0002046509850691
1.0002015502731079
1.0001979692550031
1.0001939165011708
1.0001894017079251
1.0001844356743739
1.0001790302766913
1.0001731984398186
1.0001669541066680
1.0001603122048970
1.0001532886113320
1.0001459001141291
1.0001381643727556
1.0001300998758913
1.0001217258973463
1.0001130624501029
1.0001041302385858
1.0000949506092784
1.0000855454997977
1.0000759373865511
1.0000661492310992
1.0000562044253509
1.0000461267357215
1.0000359402463872
1.0000256693017711
1.0000153384483952
1.0000049723762379
0.9999945958597433
0.9999842336986118
0.9999739106585214
0.9999636514119190
0.9999534804790239
0.9999434221691844
0.9999335005227259
0.9999237392534324
0.9999141616918027
0.9999047907292095
0.9998956487631031
0.9998867576433883
0.9998781386201002
0.9998698122925113
0.9998617985597906
0.9998541165733309
0.9998467846908610
0.9998398204324559
0.9998332404385467
0.9998270604300368
0.9998212951706158
0.9998159584313676
0.9998110629577532
0.9998066204390524
0.9998026414803342
0.9997991355770287
0.9997961110921582
0.9997935752362858
0.9997915340502291
0.9997899923905783
0.9997889539180580
0.9997884210887574
0.9997883951482538
0.9997888761286395
0.9997898628484634
0.9997913529155829
0.9997933427329256
0.9997958275071399
0.9997988012601171
0.9998022568433578
0.9998061859551468
0.9998105791604894
0.9998154259137724
0.9998207145840842
0.9998264324831393
0.9998325658957319
0.9998391001126521
0.9998460194659849
0.9998533073667007
0.9998609463444509
0.9998689180894700
0.9998772034964856
0.9998857827105270
0.9998946351745231
0.9999037396785790
0.9999130744108008
0.9999226170095583
0.9999323446170546
0.9999422339340752
0.9999522612757809
0.9999624026284137
0.9999726337067808
0.9999829300123745
0.9999932668919925
1.0000036195967155
1.0000139633411043
1.0000242733624694
1.0000345249800791
1.0000446936541525
1.0000547550445122
1.0000646850687438
1.0000744599597280
1.0000840563224127
1.0000934511896817
1.0001026220771938
1.0001115470370596
1.0001202047102278
1.0001285743774608
1.0001366360087702
1.0001443703112052
1.0001517587748716
1.0001587837170818
1.0001654283245216
1.0001716766933406
1.0001775138670723
1.0001829258722874
1.0001878997519054
1.0001924235960784
1.0001964865705761
1.0002000789426089
1.0002031921040251
1.0002058185918286
1.0002079521059632
1.0002095875243324
1.0002107209150088
1.0002113495456126
1.0002114718898318
1.0002110876310726
1.0002101976632263
1.0002088040885562
1.0002069102127054
1.0002045205368426
1.0002016407469563
1.0001982777003289
1.0001944394092224
1.0001901350218112
1.0001853748004070
1.0001801700970276
1.0001745333263699
1.0001684779362479
1.0001620183755646
1.0001551700598967
1.0001479493347687
1.0001403734367087
1.0001324604521724
1.0001242292744355
1.0001156995585554
1.0001068916745093
1.0000978266586193
1.0000885261633785
1.0000790124057981
1.0000693081143996
1.0000594364749742
1.0000494210752413
1.0000392858485363
1.0000290550166628
1.0000187530320421
1.0000084045193021
0.9999980342164406
0.9999876669157054
0.9999773274043339
0.9999670404052927
0.9999568305181585
0.9999467221602815
0.9999367395083717
0.9999269064406500
0.9999172464796998
0.9999077827361637
0.9998985378534107
0.9998895339533137
0.9998807925832646
0.9998723346645538
0.9998641804422439
0.9998563494366546
0.9998488603965725
0.9998417312543070
0.9998349790826917
0.9998286200541459
0.9998226694018826
0.9998171413833672
0.9998120492461123
0.9998074051958862
0.9998032203674211
0.9997995047976868
0.9997962674017948
0.9997935159515914
0.9997912570569937
0.9997894961501134
0.9997882374722024
0.9997874840634590
0.9997872377557108
0.9997874991680046
0.9997882677051031
0.9997895415588942
0.9997913177127125
0.9997935919485601
0.9997963588572135
0.9997996118511830
0.9998033431805032
0.9998075439513106
0.9998122041471620
0.9998173126530467
0.9998228572820319
0.9998288248044752
0.9998352009797371
0.9998419705903129
0.9998491174783030
0.9998566245841348
0.9998644739874394
0.9998726469499879
0.9998811239605799
0.9998898847817762
0.9998989084983665
0.9999081735674507
0.9999176578700161
0.9999273387638837
0.9999371931378997
0.9999471974672389
0.9999573278696872
0.9999675601627698
0.9999778699215864
0.9999882325372130
0.9999986232755350
1.0000090173363683
1.0000193899127245
1.0000297162500842
1.0000399717055277
1.0000501318065933
1.0000601723097116
1.0000700692580846
1.0000797990388695
1.0000893384395289
1.0000986647032166
1.0001077555830640
1.0001165893952424
1.0001251450706732
1.0001334022052601
1.0001413411085303
1.0001489428505632
1.0001561893071020
1.0001630632027365
1.0001695481520561
1.0001756286986760
1.0001812903520491
1.0001865196219715
1.0001913040507000
1.0001956322426067
1.0001994938913021
1.0002028798041629
1.0002057819242034
1.0002081933492459
1.0002101083483381
1.0002115223753800
1.0002124320799317
1.0002128353151749
1.0002127311430073
1.0002121198362603
1.0002110028780369
1.0002093829581664
1.0002072639667867
1.0002046509850691
1.0002015502731079
1.0001979692550031
