1.0067812434757930
1.0066959739159915
1.0065948299020513
1.0064780458266402
1.0063458924253168
1.0061986762092816
1.0060367388215454
1.0058604563172664
1.0056702383690932
1.0054665273984869
1.0052497976340886
1.0050205540983417
1.0047793315236928
1.0045266931998351
1.0042632297536016
1.0039895578632529
1.0037063189090720
1.0034141775623227
1.0031138203147998
1.0028059539513701
1.0024913039680761
1.0021706129385501
1.0018446388316684
1.0015141532835639
1.0011799398272918
1.0008427920836398
1.0005035119167522
1.0001629075584277
0.9998217917051264
0.9994809795919016
0.9991412870476415
0.9988035285361682
0.9984685151879034
0.9981370528269528
0.9978099399985892
0.9974879660022422
0.9971719089352032
0.9968625337523493
0.9965605903472521
0.9962668116601052
0.9959819118179201
0.9957065843124592
0.9954415002213640
0.9951873064779007
0.9949446241946839
0.9947140470466546
0.9944961397184768
0.9942914364213928
0.9941004394843990
0.9939236180244319
0.9937614067000362
0.9936142045527536
0.9934823739402090
0.9933662395645921
0.9932660875999270
0.9931821649212005
0.9931146784380829
0.9930637945356060
0.9930296386238022
0.9930122947979290
0.9930118056104953
0.9930281719559150
0.9930613530682071
0.9931112666317499
0.9931777890046871
0.9932607555541839
0.9933599611023204
0.9934751604810222
0.9936060691940478
0.9937523641836693
0.9939136846993361
0.9940896332652611
0.9942797767435499
0.9944836474891888
0.9947007445929268
0.9949305352078190
0.9951724559549749
0.9954259144038297
0.9956902906220747
0.9959649387902225
0.9962491888756446
0.9965423483608112
0.9968437040203673
0.9971525237416311
0.9974680583830589
0.9977895436652050
0.9981162020887206
0.9984472448739625
0.9987818739168409
0.9991192837555973
0.9994586635433014
0.9997991990209519
1.0001400744861948
1.0004804747528007
1.0008195870961860
1.0011566031804242
1.0014907209623527
1.0018211465685554
1.0021470961411716
1.0024677976486644
1.0027824926578721
1.0030904380638472
1.0033909077741716
1.0036831943446263
1.0039666105632796
1.0042404909802307
1.0045041933804317
1.0047571001971867
1.0049986198640886
1.0052281881033249
1.0054452691484432
1.0056493568998104
1.0058399760111689
1.0060166829058095
1.0061790667210280
1.0063267501796618
1.0064593903876200
1.0065766795564504
1.0066783456500783
1.0067641529549758
1.0068339025731126
1.0068874328371413
1.0069246196473658
1.0069453767301217
1.0069496558172966
1.0069374467468017
1.0069087774838827
1.0068637140632535
1.0068023604521072
1.0067248583341526
1.0066313868148993
1.0065221620485163
1.0063974367866626
1.0062574998497884
1.0061026755214963
1.0059333228666576
1.0057498349740761
1.0055526381246045
1.0053421908857338
1.0051189831337912
1.0048835350050134
1.0046363957768871
1.0043781426812914
1.0041093796511213
1.0038307360022187
1.0035428650525973
1.0032464426811036
1.0029421658278281
1.0026307509387478
1.0023129323572690
1.0019894606655066
1.0016611009783238
1.0013286311933418
1.0009928402003170
1.0006545260534612
1.0003144941104822
0.9999735551422823
0.9996325234174523
0.9992922147658647
0.9989534446258302
0.9986170260794555
0.9982837678809821
0.9979544724830260
0.9976299340657723
0.9973109365742777
0.9969982517691525
0.9966926372959551
0.9963948347787067
0.9961055679429682
0.9958255407739504
0.9955554357151202
0.9952959119127508
0.9950476035118100
0.9948111180085107
0.9945870346647510
0.9943759029895453
0.9941782412924106
0.9939945353134785
0.9938252369349218
0.9936707629780537
0.9935314940902102
0.9934077737252545
0.9932999072212553
0.9932081609785681
0.9931327617412223
0.9930738959841680
0.9930317094085687
0.9930063065469487
0.9929977504796155
0.9930060626633808
0.9930312228731977
0.9930731692569268
0.9931317985030297
0.9932069661205868
0.9932984868306259
0.9934061350673568
0.9935296455875113
0.9936687141856140
0.9938229985126441
0.9939921189951919
0.9941756598518926
0.9943731702035944
0.9945841652734305
0.9948081276726954
0.9950445087681732
0.9952927301263355
0.9955521850296412
0.9958222400599824
0.9961022367441792
0.9963914932562991
0.9966893061714807
0.9969949522658687
0.9973076903572133
0.9976267631806750
0.9979513992943605
0.9982808150091482
0.9986142163373966
0.9989508009551931
0.9992897601728814
0.9996302809087037
0.9999715476605019
1.0003127444705584
1.0006530568787837
1.0009916738596212
1.0013277897381903
1.0016606060813613
1.0019893335596270
1.0023131937758194
1.0026314210568952
1.0029432642052067
1.0032479882058565
1.0035448758869208
1.0038332295295145
1.0041123724248517
1.0043816503756327
1.0046404331392687
1.0048881158106315
1.0051241201421734
1.0053478957994304
1.0055589215500778
1.0057567063848558
1.0059407905688247
1.0061107466215553
1.0062661802249864
1.0064067310578038
1.0065320735553218
1.0066419175939618
1.0067360090995248
1.0068141305785647
1.0068761015722723
1.0069217790323637
1.0069510576185714
1.0069638699174128
1.0069601865820101
1.0069400163928124
1.0069034062391604
1.0068504410217058
1.0067812434757930
1.0066959739159915
1.0065948299020513
1.0064780458266402
