1.0002737002043409
1.0002702476112937
1.0002661508507242
1.0002614197263675
1.0002560655556314
1.0002501011426692
1.0002435407479111
1.0002364000541268
1.0002286961291025
1.0002204473850198
1.0002116735346274
1.0002023955443116
1.0001926355841770
1.0001824169752518
1.0001717641339416
1.0001607025138688
1.0001492585452267
1.0001374595717940
1.0001253337857627
1.0001129101605277
1.0001002183815983
1.0000872887757959
1.0000741522389061
1.0000608401619571
1.0000473843562956
1.0000338169776433
1.0000201704493097
1.0000064773847521
0.9999927705096573
0.9999790825837345
0.9999654463224108
0.9999518943186083
0.9999384589647993
0.9999251723755176
0.9999120663105184
0.9998991720987668
0.9998865205634391
0.9998741419481165
0.9998620658443524
0.9998503211207844
0.9998389358539601
0.9998279372610487
0.9998173516345984
0.9998072042794973
0.9997975194522946
0.9997883203030207
0.9997796288196521
0.9997714657753584
0.9997638506786546
0.9997568017265802
0.9997503357610255
0.9997444682283038
0.9997392131420705
0.9997345830496807
0.9997305890020660
0.9997272405272029
0.9997245456072379
0.9997225106593302
0.9997211405202479
0.9997204384347664
0.9997204060478920
0.9997210434009305
0.9997223489314067
0.9997243194768424
0.9997269502823785
0.9997302350122219
0.9997341657648935
0.9997387330922392
0.9997439260221542
0.9997497320849669
0.9997561373434166
0.9997631264261566
0.9997706825646951
0.9997787876336884
0.9997874221944852
0.9997965655418209
0.9998061957535409
0.9998162897432364
0.9998268233156692
0.9998377712248396
0.9998491072345700
0.9998608041814451
0.9998728340399652
0.9998851679897521
0.9998977764846425
0.9999106293235061
0.9999236957226147
0.9999369443893890
0.9999503435973447
0.9999638612620600
0.9999774650179810
0.9999911222958771
1.0000048004007662
1.0000184665901184
1.0000320881521547
1.0000456324840497
1.0000590671698530
1.0000723600579451
1.0000854793378426
1.0000983936161694
1.0001110719916113
1.0001234841286781
1.0001356003301007
1.0001473916076820
1.0001588297514457
1.0001698873969129
1.0001805380903463
1.0001907563518135
1.0002005177359117
1.0002097988900178
1.0002185776099279
1.0002268328927491
1.0002345449869221
1.0002416954392581
1.0002482671388762
1.0002542443579430
1.0002596127891139
1.0002643595795904
1.0002684733617138
1.0002719442800225
1.0002747640147132
1.0002769258014439
1.0002784244474396
1.0002792563438587
1.0002794194743927
1.0002789134200776
1.0002777393603075
1.0002759000700492
1.0002733999132611
1.0002702448325345
1.0002664423349767
1.0002620014743746
1.0002569328296773
1.0002512484798527
1.0002449619751714
1.0002380883049851
1.0002306438620794
1.0002226464036814
1.0002141150092154
1.0002050700349043
1.0001955330653227
1.0001855268620186
1.0001750753093219
1.0001642033574676
1.0001529369631668
1.0001413030277724
1.0001293293331743
1.0001170444755820
1.0001044777973513
1.0000916593170148
1.0000786196576834
1.0000653899739853
1.0000520018777179
1.0000384873623893
1.0000248787268271
1.0000112084980413
0.9999975093535203
0.9999838140431440
0.9999701553109049
0.9999565658166230
0.9999430780578379
0.9999297242920693
0.9999165364596310
0.9999035461071849
0.9998907843122147
0.9998782816086047
0.9998660679135040
0.9998541724556463
0.9998426237053042
0.9998314493060432
0.9998206760084406
0.9998103296059329
0.9998004348729432
0.9997910155054416
0.9997820940640780
0.9997736919200307
0.9997658292036993
0.9997585247563673
0.9997517960849526
0.9997456593199521
0.9997401291766861
0.9997352189199394
0.9997309403320795
0.9997273036847335
0.9997243177140912
0.9997219895998952
0.9997203249481689
0.9997193277777269
0.9997190005104973
0.9997193439656785
0.9997203573577516
0.9997220382983452
0.9997243828019537
0.9997273852954922
0.9997310386316667
0.9997353341061246
0.9997402614783449
0.9997458089962192
0.9997519634242590
0.9997587100753638
0.9997660328460748
0.9997739142552226
0.9997823354858775
0.9997912764305011
0.9998007157391878
0.9998106308708815
0.9998209981474414
0.9998317928104258
0.9998429890804547
0.9998545602190104
0.9998664785925240
0.9998787157385927
0.9998912424341695
0.9999040287655614
0.9999170442000624
0.9999302576590544
0.9999436375923958
0.9999571520539193
0.9999707687778606
0.9999844552560311
0.9999981788155495
1.0000119066969477
1.0000256061324659
1.0000392444243409
1.0000527890229141
1.0000662076043600
1.0000794681478553
1.0000925390120079
1.0001053890103588
1.0001179874857820
1.0001303043835987
1.0001423103232405
1.0001539766682861
1.0001652755947092
1.0001761801571765
1.0001866643532313
1.0001967031852237
1.0002062727198306
1.0002153501450342
1.0002239138244140
1.0002319433486355
1.0002394195840063
1.0002463247179909
1.0002526423015743
1.0002583572883765
1.0002634560704260
1.0002679265105074
1.0002717579710088
1.0002749413391980
1.0002774690488743
1.0002793350983372
1.0002805350646415
1.0002810661140911
1.0002809270089585
1.0002801181104095
1.0002786413776272
1.0002765003631362
1.0002737002043409
1.0002702476112937
1.0002661508507242
1.0002614197263675
