1.0000000000153666
1.0000000000154003
1.0000000000154226
1.0000000000154325
1.0000000000154299
1.0000000000154139
1.0000000000153837
1.0000000000153373
1.0000000000152731
1.0000000000151912
1.0000000000150908
1.0000000000149714
1.0000000000148326
1.0000000000146736
1.0000000000144940
1.0000000000142950
1.0000000000140776
1.0000000000138423
1.0000000000135891
1.0000000000133187
1.0000000000130322
1.0000000000127311
1.0000000000124156
1.0000000000120863
1.0000000000117453
1.0000000000113927
1.0000000000110294
1.0000000000106555
1.0000000000102724
1.0000000000098803
1.0000000000094802
1.0000000000090736
1.0000000000086620
1.0000000000082465
1.0000000000078275
1.0000000000074050
1.0000000000069786
1.0000000000065496
1.0000000000061195
1.0000000000056888
1.0000000000052576
1.0000000000048275
1.0000000000044000
1.0000000000039762
1.0000000000035574
1.0000000000031446
1.0000000000027387
1.0000000000023399
1.0000000000019502
1.0000000000015699
1.0000000000011999
1.0000000000008415
1.0000000000004952
1.0000000000001623
0.9999999999998438
0.9999999999995391
0.9999999999992475
0.9999999999989698
0.9999999999987083
0.9999999999984650
0.9999999999982424
0.9999999999980413
0.9999999999978622
0.9999999999977045
0.9999999999975686
0.9999999999974535
0.9999999999973593
0.9999999999972862
0.9999999999972340
0.9999999999972017
0.9999999999971877
0.9999999999971905
0.9999999999972109
0.9999999999972489
0.9999999999973044
0.9999999999973764
0.9999999999974643
0.9999999999975675
0.9999999999976857
0.9999999999978185
0.9999999999979644
0.9999999999981214
0.9999999999982893
0.9999999999984681
0.9999999999986573
0.9999999999988564
0.9999999999990644
0.9999999999992804
0.9999999999995037
0.9999999999997327
0.9999999999999654
1.0000000000002001
1.0000000000004372
1.0000000000006755
1.0000000000009128
1.0000000000011475
1.0000000000013791
1.0000000000016056
1.0000000000018259
1.0000000000020393
1.0000000000022455
1.0000000000024443
1.0000000000026359
1.0000000000028213
1.0000000000029998
1.0000000000031710
1.0000000000033340
1.0000000000034877
1.0000000000036313
1.0000000000037648
1.0000000000038876
1.0000000000039995
1.0000000000040994
1.0000000000041871
1.0000000000042608
1.0000000000043190
1.0000000000043612
1.0000000000043860
1.0000000000043940
1.0000000000043854
1.0000000000043610
1.0000000000043208
1.0000000000042648
1.0000000000041938
1.0000000000041080
1.0000000000040092
1.0000000000038975
1.0000000000037728
1.0000000000036346
1.0000000000034825
1.0000000000033151
1.0000000000031313
1.0000000000029303
1.0000000000027123
1.0000000000024782
1.0000000000022302
1.0000000000019700
1.0000000000016991
1.0000000000014191
1.0000000000011315
1.0000000000008384
1.0000000000005400
1.0000000000002363
0.9999999999999262
0.9999999999996093
0.9999999999992858
0.9999999999989546
0.9999999999986168
0.9999999999982736
0.9999999999979252
0.9999999999975732
0.9999999999972190
0.9999999999968633
0.9999999999965075
0.9999999999961525
0.9999999999957992
0.9999999999954489
0.9999999999951025
0.9999999999947612
0.9999999999944253
0.9999999999940945
0.9999999999937684
0.9999999999934474
0.9999999999931323
0.9999999999928235
0.9999999999925214
0.9999999999922276
0.9999999999919447
0.9999999999916749
0.9999999999914204
0.9999999999911823
0.9999999999909608
0.9999999999907561
0.9999999999905683
0.9999999999903975
0.9999999999902435
0.9999999999901072
0.9999999999899898
0.9999999999898931
0.9999999999898183
0.9999999999897649
0.9999999999897321
0.9999999999897192
0.9999999999897271
0.9999999999897567
0.9999999999898086
0.9999999999898825
0.9999999999899785
0.9999999999900956
0.9999999999902334
0.9999999999903905
0.9999999999905675
0.9999999999907647
0.9999999999909824
0.9999999999912210
0.9999999999914801
0.9999999999917597
0.9999999999920594
0.9999999999923780
0.9999999999927149
0.9999999999930700
0.9999999999934426
0.9999999999938313
0.9999999999942349
0.9999999999946522
0.9999999999950832
0.9999999999955270
0.9999999999959839
0.9999999999964537
0.9999999999969352
0.9999999999974278
0.9999999999979310
0.9999999999984436
0.9999999999989639
0.9999999999994901
1.0000000000000213
1.0000000000005560
1.0000000000010929
1.0000000000016322
1.0000000000021740
1.0000000000027183
1.0000000000032645
1.0000000000038114
1.0000000000043583
1.0000000000049041
1.0000000000054474
1.0000000000059863
1.0000000000065192
1.0000000000070444
1.0000000000075595
1.0000000000080635
1.0000000000085540
1.0000000000090290
1.0000000000094884
1.0000000000099323
1.0000000000103599
1.0000000000107707
1.0000000000111642
1.0000000000115412
1.0000000000119023
1.0000000000122471
1.0000000000125757
1.0000000000128879
1.0000000000131828
1.0000000000134592
1.0000000000137157
1.0000000000139522
1.0000000000141689
1.0000000000143665
1.0000000000145453
1.0000000000147058
1.0000000000148495
1.0000000000149765
1.0000000000150870
1.0000000000151812
1.0000000000152585
1.0000000000153195
1.0000000000153666
1.0000000000154003
1.0000000000154226
1.0000000000154325
