1.0000000009658916
1.0000000009580730
1.0000000009482604
1.0000000009364809
1.0000000009227668
1.0000000009071552
1.0000000008896865
1.0000000008704073
1.0000000008493672
1.0000000008266201
1.0000000008022243
1.0000000007762402
1.0000000007487315
1.0000000007197662
1.0000000006894145
1.0000000006577507
1.0000000006248522
1.0000000005907994
1.0000000005556757
1.0000000005195653
1.0000000004825547
1.0000000004447329
1.0000000004061906
1.0000000003670206
1.0000000003273160
1.0000000002871714
1.0000000002466813
1.0000000002059413
1.0000000001650484
1.0000000001240996
1.0000000000831908
1.0000000000424187
1.0000000000018789
0.9999999999616666
0.9999999999218772
0.9999999998826031
0.9999999998439364
0.9999999998059670
0.9999999997687822
0.9999999997324673
0.9999999996971066
0.9999999996627811
0.9999999996295690
0.9999999995975457
0.9999999995667844
0.9999999995373542
0.9999999995093215
0.9999999994827491
0.9999999994576972
0.9999999994342224
0.9999999994123759
0.9999999993922061
0.9999999993737547
0.9999999993570611
0.9999999993421588
0.9999999993290779
0.9999999993178440
0.9999999993084789
0.9999999993009996
0.9999999992954187
0.9999999992917444
0.9999999992899796
0.9999999992901232
0.9999999992921671
0.9999999992960991
0.9999999993019030
0.9999999993095583
0.9999999993190395
0.9999999993303166
0.9999999993433554
0.9999999993581175
0.9999999993745602
0.9999999993926360
0.9999999994122933
0.9999999994334768
0.9999999994561277
0.9999999994801851
0.9999999995055832
0.9999999995322526
0.9999999995601218
0.9999999995891162
0.9999999996191589
0.9999999996501698
0.9999999996820678
0.9999999997147678
0.9999999997481838
0.9999999997822276
0.9999999998168095
0.9999999998518393
0.9999999998872253
0.9999999999228747
0.9999999999586936
0.9999999999945879
1.0000000000304621
1.0000000000662213
1.0000000001017708
1.0000000001370191
1.0000000001718758
1.0000000002062510
1.0000000002400553
1.0000000002731999
1.0000000003055978
1.0000000003371643
1.0000000003678156
1.0000000003974692
1.0000000004260463
1.0000000004534715
1.0000000004796721
1.0000000005045779
1.0000000005281231
1.0000000005502443
1.0000000005708822
1.0000000005899801
1.0000000006074856
1.0000000006233498
1.0000000006375269
1.0000000006499776
1.0000000006606664
1.0000000006695611
1.0000000006766345
1.0000000006818648
1.0000000006852339
1.0000000006867278
1.0000000006863381
1.0000000006840608
1.0000000006798966
1.0000000006738496
1.0000000006659295
1.0000000006561505
1.0000000006445320
1.0000000006310970
1.0000000006158742
1.0000000005988960
1.0000000005801988
1.0000000005598237
1.0000000005378165
1.0000000005142262
1.0000000004891059
1.0000000004625129
1.0000000004345080
1.0000000004051570
1.0000000003745273
1.0000000003426894
1.0000000003097187
1.0000000002756928
1.0000000002406917
1.0000000002047973
1.0000000001680940
1.0000000001306686
1.0000000000926106
1.0000000000540110
1.0000000000149623
0.9999999999755569
0.9999999999358885
0.9999999998960512
0.9999999998561403
0.9999999998162512
0.9999999997764795
0.9999999997369206
0.9999999996976704
0.9999999996588249
0.9999999996204786
0.9999999995827261
0.9999999995456595
0.9999999995093698
0.9999999994739467
0.9999999994394778
0.9999999994060471
0.9999999993737365
0.9999999993426266
0.9999999993127952
0.9999999992843167
0.9999999992572632
0.9999999992317032
0.9999999992077022
0.9999999991853213
0.9999999991646170
0.9999999991456440
0.9999999991284516
0.9999999991130856
0.9999999990995866
0.9999999990879922
0.9999999990783366
0.9999999990706493
0.9999999990649551
0.9999999990612742
0.9999999990596220
0.9999999990600082
0.9999999990624366
0.9999999990669073
0.9999999990734162
0.9999999990819541
0.9999999990925076
0.9999999991050579
0.9999999991195823
0.9999999991360525
0.9999999991544372
0.9999999991747004
0.9999999991968015
0.9999999992206957
0.9999999992463332
0.9999999992736605
0.9999999993026198
0.9999999993331496
0.9999999993651842
0.9999999993986545
0.9999999994334888
0.9999999994696115
0.9999999995069437
0.9999999995454036
0.9999999995849069
0.9999999996253673
0.9999999996666973
0.9999999997088060
0.9999999997516020
0.9999999997949915
0.9999999998388795
0.9999999998831681
0.9999999999277590
0.9999999999725514
1.0000000000174465
1.0000000000623446
1.0000000001071467
1.0000000001517531
1.0000000001960647
1.0000000002399847
1.0000000002834166
1.0000000003262646
1.0000000003684328
1.0000000004098284
1.0000000004503595
1.0000000004899372
1.0000000005284757
1.0000000005658898
1.0000000006020979
1.0000000006370213
1.0000000006705849
1.0000000007027161
1.0000000007333456
1.0000000007624064
1.0000000007898355
1.0000000008155745
1.0000000008395682
1.0000000008617662
1.0000000008821219
1.0000000009005920
1.0000000009171384
1.0000000009317267
1.0000000009443279
1.0000000009549181
1.0000000009634769
1.0000000009699899
1.0000000009744470
1.0000000009768442
1.0000000009771808
1.0000000009754613
1.0000000009716938
1.0000000009658916
1.0000000009580730
1.0000000009482604
1.0000000009364809
