1.0000000000133418
1.0000000000133584
1.0000000000133549
1.0000000000133336
1.0000000000132949
1.0000000000132387
1.0000000000131657
1.0000000000130767
1.0000000000129721
1.0000000000128517
1.0000000000127158
1.0000000000125648
1.0000000000123985
1.0000000000122171
1.0000000000120217
1.0000000000118117
1.0000000000115870
1.0000000000113498
1.0000000000111016
1.0000000000108422
1.0000000000105711
1.0000000000102891
1.0000000000099969
1.0000000000096947
1.0000000000093836
1.0000000000090650
1.0000000000087412
1.0000000000084124
1.0000000000080793
1.0000000000077429
1.0000000000074032
1.0000000000070617
1.0000000000067195
1.0000000000063785
1.0000000000060394
1.0000000000057023
1.0000000000053673
1.0000000000050346
1.0000000000047056
1.0000000000043809
1.0000000000040612
1.0000000000037463
1.0000000000034364
1.0000000000031313
1.0000000000028324
1.0000000000025406
1.0000000000022575
1.0000000000019840
1.0000000000017200
1.0000000000014659
1.0000000000012228
1.0000000000009919
1.0000000000007734
1.0000000000005680
1.0000000000003750
1.0000000000001947
1.0000000000000264
0.9999999999998713
0.9999999999997295
0.9999999999996000
0.9999999999994822
0.9999999999993756
0.9999999999992801
0.9999999999991948
0.9999999999991187
0.9999999999990521
0.9999999999989955
0.9999999999989487
0.9999999999989120
0.9999999999988859
0.9999999999988702
0.9999999999988648
0.9999999999988706
0.9999999999988882
0.9999999999989174
0.9999999999989579
0.9999999999990089
0.9999999999990696
0.9999999999991385
0.9999999999992135
0.9999999999992945
0.9999999999993805
0.9999999999994728
0.9999999999995713
0.9999999999996751
0.9999999999997837
0.9999999999998971
1.0000000000000140
1.0000000000001341
1.0000000000002562
1.0000000000003799
1.0000000000005040
1.0000000000006282
1.0000000000007512
1.0000000000008720
1.0000000000009892
1.0000000000011020
1.0000000000012099
1.0000000000013136
1.0000000000014135
1.0000000000015106
1.0000000000016063
1.0000000000017009
1.0000000000017928
1.0000000000018801
1.0000000000019620
1.0000000000020375
1.0000000000021061
1.0000000000021680
1.0000000000022233
1.0000000000022715
1.0000000000023128
1.0000000000023472
1.0000000000023754
1.0000000000023974
1.0000000000024130
1.0000000000024225
1.0000000000024252
1.0000000000024203
1.0000000000024083
1.0000000000023892
1.0000000000023632
1.0000000000023301
1.0000000000022902
1.0000000000022431
1.0000000000021894
1.0000000000021279
1.0000000000020590
1.0000000000019833
1.0000000000019009
1.0000000000018128
1.0000000000017186
1.0000000000016187
1.0000000000015135
1.0000000000014035
1.0000000000012887
1.0000000000011691
1.0000000000010441
1.0000000000009142
1.0000000000007803
1.0000000000006430
1.0000000000005029
1.0000000000003602
1.0000000000002154
1.0000000000000679
0.9999999999999175
0.9999999999997637
0.9999999999996065
0.9999999999994453
0.9999999999992802
0.9999999999991106
0.9999999999989362
0.9999999999987581
0.9999999999985782
0.9999999999983974
0.9999999999982168
0.9999999999980377
0.9999999999978607
0.9999999999976864
0.9999999999975141
0.9999999999973445
0.9999999999971766
0.9999999999970104
0.9999999999968464
0.9999999999966852
0.9999999999965281
0.9999999999963765
0.9999999999962307
0.9999999999960912
0.9999999999959583
0.9999999999958321
0.9999999999957137
0.9999999999956025
0.9999999999954995
0.9999999999954052
0.9999999999953185
0.9999999999952391
0.9999999999951662
0.9999999999950993
0.9999999999950376
0.9999999999949825
0.9999999999949346
0.9999999999948948
0.9999999999948652
0.9999999999948472
0.9999999999948417
0.9999999999948487
0.9999999999948674
0.9999999999948981
0.9999999999949409
0.9999999999949966
0.9999999999950648
0.9999999999951449
0.9999999999952373
0.9999999999953421
0.9999999999954596
0.9999999999955902
0.9999999999957350
0.9999999999958943
0.9999999999960688
0.9999999999962575
0.9999999999964604
0.9999999999966764
0.9999999999969061
0.9999999999971495
0.9999999999974064
0.9999999999976776
0.9999999999979629
0.9999999999982619
0.9999999999985746
0.9999999999989002
0.9999999999992381
0.9999999999995863
0.9999999999999435
1.0000000000003078
1.0000000000006772
1.0000000000010505
1.0000000000014277
1.0000000000018088
1.0000000000021934
1.0000000000025813
1.0000000000029723
1.0000000000033660
1.0000000000037617
1.0000000000041596
1.0000000000045597
1.0000000000049618
1.0000000000053650
1.0000000000057685
1.0000000000061715
1.0000000000065725
1.0000000000069704
1.0000000000073643
1.0000000000077538
1.0000000000081377
1.0000000000085136
1.0000000000088811
1.0000000000092393
1.0000000000095877
1.0000000000099252
1.0000000000102507
1.0000000000105638
1.0000000000108638
1.0000000000111502
1.0000000000114222
1.0000000000116784
1.0000000000119176
1.0000000000121387
1.0000000000123417
1.0000000000125262
1.0000000000126923
1.0000000000128402
1.0000000000129698
1.0000000000130811
1.0000000000131741
1.0000000000132490
1.0000000000133049
1.0000000000133418
1.0000000000133584
1.0000000000133549
1.0000000000133336
