1.0026521292613046
1.0026186448142604
1.0025789264093612
1.0025330679257585
1.0024811777556764
1.0024233785578427
1.0023598069782129
1.0022906133385270
1.0022159612932913
1.0021360274558626
1.0020510009943602
1.0019610831982031
1.0018664870161367
1.0017674365666678
1.0016641666218973
1.0015569220657967
1.0014459573280459
1.0013315357945953
1.0012139291961915
1.0010934169761445
1.0009702856386951
1.0008448280793751
1.0007173428988174
1.0005881337015223
1.0004575083811322
1.0003257783938180
1.0001932580214188
1.0000602636260252
0.9999271128977267
0.9997941240972806
0.9996616152954884
0.9995299036110923
0.9993993044490288
0.9992701307408910
0.9991426921894715
0.9990172945192498
0.9988942387347116
0.9987738203883694
0.9986563288603505
0.9985420466514112
0.9984312486912070
0.9983242016636347
0.9982211633510236
0.9981223819989230
0.9980280957031807
0.9979385318209762
0.9978539064073979
0.9977744236791160
0.9977002755066210
0.9976316409364281
0.9975686857445867
0.9975115620227369
0.9974604077978774
0.9974153466869171
0.9973764875869899
0.9973439244024107
0.9973177358090528
0.9972979850568189
0.9972847198107716
0.9972779720313805
0.9972777578942298
0.9972840777494207
0.9972969161207771
0.9973162417448630
0.9973420076496998
0.9973741512729533
0.9974125946192534
0.9974572444561961
0.9975079925484650
0.9975647159293982
0.9976272772092357
0.9976955249191629
0.9977692938901789
0.9978484056657263
0.9979326689469120
0.9980218800690823
0.9981158235084245
0.9982142724171900
0.9983169891860693
0.9984237260321803
0.9985342256110700
0.9986482216510774
0.9987654396083629
0.9988855973408552
0.9990084057993377
0.9991335697338672
0.9992607884136917
0.9993897563588077
0.9995201640812975
0.9996516988345645
0.9997840453685943
0.9999168866893650
1.0000499048205367
1.0001827815655742
1.0003151992684611
1.0004468415711916
1.0005773941662519
1.0007065455423323
1.0008339877215466
1.0009594169864688
1.0010825345953454
1.0012030474838758
1.0013206689520058
1.0014351193342259
1.0015461266519203
1.0016534272463595
1.0017567663909916
1.0018558988817363
1.0019505896040541
1.0020406140756133
1.0021257589634398
1.0022058225745023
1.0022806153187396
1.0023499601436081
1.0024136929392806
1.0024716629137025
1.0025237329367702
1.0025697798529611
1.0026096947618086
1.0026433832656858
1.0026707656844231
1.0026917772363462
1.0027063681853905
1.0027145039540215
1.0027161652017353
1.0027113478690017
1.0027000631865599
1.0026823376500502
1.0026582129600332
1.0026277459275041
1.0025910083450866
1.0025480868241423
1.0024990825981144
1.0024441112924705
1.0023833026616886
1.0023168002937923
1.0022447612830014
1.0021673558711357
1.0020847670584678
1.0019971901847922
1.0019048324815383
1.0018079125958226
1.0017066600873905
1.0016013148994662
1.0014921268045960
1.0013793548266212
1.0012632666399872
1.0011441379476418
1.0010222518388490
1.0008978981282890
1.0007713726778691
1.0006429767027307
1.0005130160629827
1.0003818005427405
1.0002496431180921
1.0001168592156564
0.9999837659634434
0.9998506814357512
0.9997179238938780
0.9995858110244481
0.9994546591771771
0.9993247826039238
0.9991964927008852
0.9990700972558094
0.9989458997021011
0.9988241983817014
0.9987052858186052
0.9985894480048870
0.9984769637010774
0.9983681037527135
0.9982631304248601
0.9981622967563666
0.9980658459355802
0.9979740106991982
0.9978870127558853
0.9978050622362269
0.9977283571705257
0.9976570829958887
0.9975914120939660
0.9975315033606346
0.9974775018088329
0.9974295382056590
0.9973877287447664
0.9973521747549809
0.9973229624459726
0.9973001626917046
0.9972838308522827
0.9972740066347118
0.9972707139929640
0.9972739610676424
0.9972837401654138
0.9973000277782764
0.9973227846425948
0.9973519558377429
0.9973874709240687
0.9974292441197816
0.9974771745162538
0.9975311463311264
0.9975910291984909
0.9976566784953255
0.9977279357032528
0.9978046288046019
0.9978865727116549
0.9979735697278834
0.9980654100398778
0.9981618722386125
0.9982627238685990
0.9983677220034278
0.9984766138461303
0.9985891373527267
0.9987050218772923
0.9988239888368124
0.9989457523940702
0.9990700201567626
0.9991964938910330
0.9993248702475688
0.9994548414984019
0.9995860962825426
0.9997183203585674
0.9998511973622879
0.9999844095676297
1.0001176386488557
1.0002505664422905
1.0003828757057214
1.0005142508736697
1.0006443788067643
1.0007729495334707
1.0008996569824768
1.0010241997040576
1.0011462815788001
1.0012656125121095
1.0013819091129634
1.0014948953554272
1.0016043032215083
1.0017098733239687
1.0018113555077772
1.0019085094289415
1.0020011051095135
1.0020889234676198
1.0021717568214474
1.0022494093661547
1.0023216976227558
1.0023884508580780
1.0024495114749683
1.0025047353719805
1.0025539922718365
1.0025971660180331
1.0026341548390159
1.0026648715794177
1.0026892438979143
1.0027072144313260
1.0027187409246552
1.0027237963268065
1.0027223688518179
1.0027144620054795
1.0027000945772946
1.0026793005977968
1.0026521292613046
1.0026186448142604
1.0025789264093612
1.0025330679257585
