1.0000000711631372
1.0000000703475449
1.0000000693696118
1.0000000682317574
1.0000000669367790
1.0000000654878474
1.0000000638884980
1.0000000621426219
1.0000000602544570
1.0000000582285768
1.0000000560698816
1.0000000537835847
1.0000000513752012
1.0000000488505336
1.0000000462156569
1.0000000434769067
1.0000000406408642
1.0000000377143381
1.0000000347043514
1.0000000316181217
1.0000000284630455
1.0000000252466790
1.0000000219767211
1.0000000186609934
1.0000000153074236
1.0000000119240258
1.0000000085188820
1.0000000051001234
1.0000000016759085
0.9999999982544041
0.9999999948437660
0.9999999914521202
0.9999999880875429
0.9999999847580429
0.9999999814715408
0.9999999782358516
0.9999999750586649
0.9999999719475259
0.9999999689098177
0.9999999659527438
0.9999999630833111
0.9999999603083142
0.9999999576343171
0.9999999550676388
0.9999999526143398
0.9999999502802055
0.9999999480707326
0.9999999459911165
0.9999999440462373
0.9999999422406517
0.9999999405785801
0.9999999390638954
0.9999999377001153
0.9999999364903949
0.9999999354375166
0.9999999345438857
0.9999999338115231
0.9999999332420615
0.9999999328367415
0.9999999325964091
0.9999999325215118
0.9999999326121001
0.9999999328678272
0.9999999332879475
0.9999999338713221
0.9999999346164202
0.9999999355213196
0.9999999365837147
0.9999999378009213
0.9999999391698833
0.9999999406871797
0.9999999423490322
0.9999999441513164
0.9999999460895704
0.9999999481590068
0.9999999503545233
0.9999999526707146
0.9999999551018870
0.9999999576420708
0.9999999602850335
0.9999999630242945
0.9999999658531427
0.9999999687646528
0.9999999717517003
0.9999999748069810
0.9999999779230271
0.9999999810922257
0.9999999843068349
0.9999999875590061
0.9999999908408004
0.9999999941442090
0.9999999974611710
1.0000000007835930
1.0000000041033685
1.0000000074123976
1.0000000107026064
1.0000000139659675
1.0000000171945174
1.0000000203803781
1.0000000235157738
1.0000000265930504
1.0000000296046943
1.0000000325433498
1.0000000354018375
1.0000000381731697
1.0000000408505696
1.0000000434274858
1.0000000458976102
1.0000000482548914
1.0000000504935489
1.0000000526080868
1.0000000545933079
1.0000000564443283
1.0000000581565860
1.0000000597258532
1.0000000611482462
1.0000000624202350
1.0000000635386515
1.0000000645006963
1.0000000653039485
1.0000000659463688
1.0000000664263060
1.0000000667424989
1.0000000668940821
1.0000000668805846
1.0000000667019333
1.0000000663584536
1.0000000658508683
1.0000000651802967
1.0000000643482516
1.0000000633566331
1.0000000622077270
1.0000000609041979
1.0000000594490837
1.0000000578457888
1.0000000560980744
1.0000000542100500
1.0000000521861652
1.0000000500311979
1.0000000477502433
1.0000000453487026
1.0000000428322686
1.0000000402069127
1.0000000374788709
1.0000000346546281
1.0000000317409026
1.0000000287446316
1.0000000256729527
1.0000000225331878
1.0000000193328258
1.0000000160795046
1.0000000127809945
1.0000000094451771
1.0000000060800276
1.0000000026935949
0.9999999992939814
0.9999999958893253
0.9999999924877815
0.9999999890975003
0.9999999857266093
0.9999999823831942
0.9999999790752788
0.9999999758108051
0.9999999725976164
0.9999999694434379
0.9999999663558574
0.9999999633423065
0.9999999604100436
0.9999999575661367
0.9999999548174466
0.9999999521706101
0.9999999496320248
0.9999999472078330
0.9999999449039073
0.9999999427258354
0.9999999406789073
0.9999999387681051
0.9999999369980885
0.9999999353731840
0.9999999338973736
0.9999999325742863
0.9999999314071888
0.9999999303989779
0.9999999295521738
0.9999999288689152
0.9999999283509524
0.9999999279996435
0.9999999278159504
0.9999999278004366
0.9999999279532661
0.9999999282742039
0.9999999287626146
0.9999999294174653
0.9999999302373282
0.9999999312203830
0.9999999323644203
0.9999999336668485
0.9999999351246992
0.9999999367346356
0.9999999384929592
0.9999999403956175
0.9999999424382131
0.9999999446160169
0.9999999469239775
0.9999999493567344
0.9999999519086303
0.9999999545737246
0.9999999573458079
0.9999999602184163
0.9999999631848443
0.9999999662381631
0.9999999693712377
0.9999999725767431
0.9999999758471815
0.9999999791748992
0.9999999825521070
0.9999999859708985
0.9999999894232667
0.9999999929011248
0.9999999963963242
0.9999999999006743
1.0000000034059622
1.0000000069039723
1.0000000103865068
1.0000000138454050
1.0000000172725607
1.0000000206599422
1.0000000239996143
1.0000000272837537
1.0000000305046686
1.0000000336548172
1.0000000367268265
1.0000000397135080
1.0000000426078757
1.0000000454031626
1.0000000480928375
1.0000000506706195
1.0000000531304925
1.0000000554667203
1.0000000576738612
1.0000000597467800
1.0000000616806599
1.0000000634710138
1.0000000651136962
1.0000000666049111
1.0000000679412235
1.0000000691195654
1.0000000701372436
1.0000000709919468
1.0000000716817492
1.0000000722051170
1.0000000725609126
1.0000000727483944
1.0000000727672200
1.0000000726174485
1.0000000722995397
1.0000000718143514
1.0000000711631372
1.0000000703475449
1.0000000693696118
1.0000000682317574
