1.0000000075804996
1.0000000075030031
1.0000000074088131
1.0000000072981736
1.0000000071713657
1.0000000070287094
1.0000000068705603
1.0000000066973100
1.0000000065093855
1.0000000063072474
1.0000000060913898
1.0000000058623393
1.0000000056206515
1.0000000053669136
1.0000000051017408
1.0000000048257756
1.0000000045396853
1.0000000042441597
1.0000000039399097
1.0000000036276682
1.0000000033081851
1.0000000029822274
1.0000000026505760
1.0000000023140247
1.0000000019733790
1.0000000016294521
1.0000000012830648
1.0000000009350423
1.0000000005862135
1.0000000002374081
0.9999999998894532
0.9999999995431749
0.9999999991993945
0.9999999988589275
0.9999999985225803
0.9999999981911468
0.9999999978654110
0.9999999975461414
0.9999999972340905
0.9999999969299919
0.9999999966345597
0.9999999963484876
0.9999999960724448
0.9999999958070761
0.9999999955529986
0.9999999953108021
0.9999999950810475
0.9999999948642653
0.9999999946609546
0.9999999944715833
0.9999999942965843
0.9999999941363542
0.9999999939912535
0.9999999938616057
0.9999999937476983
0.9999999936497799
0.9999999935680609
0.9999999935027118
0.9999999934538641
0.9999999934216087
0.9999999934059953
0.9999999934070327
0.9999999934246899
0.9999999934588976
0.9999999935095458
0.9999999935764845
0.9999999936595242
0.9999999937584362
0.9999999938729535
0.9999999940027708
0.9999999941475470
0.9999999943069038
0.9999999944804269
0.9999999946676696
0.9999999948681522
0.9999999950813624
0.9999999953067567
0.9999999955437627
0.9999999957917807
0.9999999960501847
0.9999999963183227
0.9999999965955187
0.9999999968810764
0.9999999971742791
0.9999999974743908
0.9999999977806596
0.9999999980923189
0.9999999984085896
0.9999999987286805
0.9999999990517904
0.9999999993771110
0.9999999997038294
1.0000000000311291
1.0000000003581935
1.0000000006842065
1.0000000010083554
1.0000000013298314
1.0000000016478305
1.0000000019615582
1.0000000022702304
1.0000000025730762
1.0000000028693377
1.0000000031582736
1.0000000034391605
1.0000000037112937
1.0000000039739902
1.0000000042265895
1.0000000044684556
1.0000000046989785
1.0000000049175772
1.0000000051236995
1.0000000053168245
1.0000000054964635
1.0000000056621576
1.0000000058134830
1.0000000059500485
1.0000000060714995
1.0000000061775189
1.0000000062678280
1.0000000063421859
1.0000000064003887
1.0000000064422727
1.0000000064677128
1.0000000064766237
1.0000000064689607
1.0000000064447210
1.0000000064039418
1.0000000063466996
1.0000000062731103
1.0000000061833301
1.0000000060775565
1.0000000059560248
1.0000000058190086
1.0000000056668179
1.0000000054997997
1.0000000053183371
1.0000000051228486
1.0000000049137878
1.0000000046916431
1.0000000044569346
1.0000000042102133
1.0000000039520591
1.0000000036830803
1.0000000034039114
1.0000000031152119
1.0000000028176661
1.0000000025119793
1.0000000021988780
1.0000000018791058
1.0000000015534243
1.0000000012226098
1.0000000008874517
1.0000000005487506
1.0000000002073159
0.9999999998639644
0.9999999995195190
0.9999999991748062
0.9999999988306532
0.9999999984878870
0.9999999981473321
0.9999999978098083
0.9999999974761294
0.9999999971471010
0.9999999968235170
0.9999999965061607
0.9999999961958009
0.9999999958931913
0.9999999955990669
0.9999999953141427
0.9999999950391145
0.9999999947746525
0.9999999945214026
0.9999999942799846
0.9999999940509925
0.9999999938349911
0.9999999936325149
0.9999999934440680
0.9999999932701213
0.9999999931111117
0.9999999929674409
0.9999999928394737
0.9999999927275369
0.9999999926319211
0.9999999925528779
0.9999999924906191
0.9999999924453179
0.9999999924171065
0.9999999924060776
0.9999999924122854
0.9999999924357432
0.9999999924764233
0.9999999925342574
0.9999999926091356
0.9999999927009079
0.9999999928093835
0.9999999929343332
0.9999999930754894
0.9999999932325458
0.9999999934051588
0.9999999935929460
0.9999999937954898
0.9999999940123367
0.9999999942430002
0.9999999944869615
0.9999999947436711
0.9999999950125490
0.9999999952929859
0.9999999955843450
0.9999999958859642
0.9999999961971586
0.9999999965172200
0.9999999968454190
0.9999999971810054
0.9999999975232103
0.9999999978712493
0.9999999982243238
0.9999999985816238
0.9999999989423302
0.9999999993056155
0.9999999996706471
1.0000000000365878
1.0000000004025977
1.0000000007678358
1.0000000011314645
1.0000000014926496
1.0000000018505626
1.0000000022043827
1.0000000025532978
1.0000000028965073
1.0000000032332237
1.0000000035626748
1.0000000038841057
1.0000000041967814
1.0000000044999870
1.0000000047930293
1.0000000050752389
1.0000000053459723
1.0000000056046128
1.0000000058505716
1.0000000060832916
1.0000000063022474
1.0000000065069450
1.0000000066969241
1.0000000068717583
1.0000000070310575
1.0000000071744690
1.0000000073016773
1.0000000074124047
1.0000000075064122
1.0000000075835005
1.0000000076435100
1.0000000076863220
1.0000000077118583
1.0000000077200812
1.0000000077109938
1.0000000076846387
1.0000000076410995
1.0000000075804996
1.0000000075030031
1.0000000074088131
1.0000000072981736
