1.0000000000348124
1.0000000000347580
1.0000000000346427
1.0000000000344678
1.0000000000342348
1.0000000000339455
1.0000000000336016
1.0000000000332052
1.0000000000327574
1.0000000000322598
1.0000000000317142
1.0000000000311229
1.0000000000304865
1.0000000000298062
1.0000000000290834
1.0000000000283202
1.0000000000275182
1.0000000000266787
1.0000000000258042
1.0000000000248974
1.0000000000239617
1.0000000000229998
1.0000000000220144
1.0000000000210079
1.0000000000199831
1.0000000000189431
1.0000000000178910
1.0000000000168294
1.0000000000157614
1.0000000000146907
1.0000000000136198
1.0000000000125508
1.0000000000114873
1.0000000000104301
1.0000000000093821
1.0000000000083453
1.0000000000073226
1.0000000000063169
1.0000000000053300
1.0000000000043627
1.0000000000034175
1.0000000000024958
1.0000000000015985
1.0000000000007274
0.9999999999998851
0.9999999999990735
0.9999999999982934
0.9999999999975456
0.9999999999968309
0.9999999999961504
0.9999999999955055
0.9999999999948974
0.9999999999943272
0.9999999999937971
0.9999999999933081
0.9999999999928600
0.9999999999924530
0.9999999999920873
0.9999999999917637
0.9999999999914820
0.9999999999912428
0.9999999999910459
0.9999999999908903
0.9999999999907757
0.9999999999907031
0.9999999999906717
0.9999999999906820
0.9999999999907330
0.9999999999908232
0.9999999999909511
0.9999999999911161
0.9999999999913174
0.9999999999915539
0.9999999999918232
0.9999999999921224
0.9999999999924504
0.9999999999928055
0.9999999999931876
0.9999999999935955
0.9999999999940271
0.9999999999944815
0.9999999999949568
0.9999999999954523
0.9999999999959654
0.9999999999964939
0.9999999999970358
0.9999999999975892
0.9999999999981518
0.9999999999987221
0.9999999999992987
0.9999999999998811
1.0000000000004670
1.0000000000010540
1.0000000000016391
1.0000000000022204
1.0000000000027958
1.0000000000033631
1.0000000000039202
1.0000000000044655
1.0000000000049982
1.0000000000055176
1.0000000000060218
1.0000000000065092
1.0000000000069786
1.0000000000074278
1.0000000000078559
1.0000000000082609
1.0000000000086409
1.0000000000089948
1.0000000000093221
1.0000000000096225
1.0000000000098945
1.0000000000101361
1.0000000000103448
1.0000000000105200
1.0000000000106604
1.0000000000107649
1.0000000000108322
1.0000000000108626
1.0000000000108571
1.0000000000108151
1.0000000000107370
1.0000000000106224
1.0000000000104705
1.0000000000102802
1.0000000000100511
1.0000000000097828
1.0000000000094766
1.0000000000091327
1.0000000000087519
1.0000000000083360
1.0000000000078855
1.0000000000074021
1.0000000000068872
1.0000000000063420
1.0000000000057676
1.0000000000051652
1.0000000000045364
1.0000000000038816
1.0000000000032025
1.0000000000025011
1.0000000000017786
1.0000000000010361
1.0000000000002753
0.9999999999994990
0.9999999999987080
0.9999999999979023
0.9999999999970834
0.9999999999962540
0.9999999999954159
0.9999999999945713
0.9999999999937217
0.9999999999928686
0.9999999999920144
0.9999999999911621
0.9999999999903141
0.9999999999894712
0.9999999999886349
0.9999999999878063
0.9999999999869873
0.9999999999861806
0.9999999999853886
0.9999999999846130
0.9999999999838551
0.9999999999831173
0.9999999999824001
0.9999999999817052
0.9999999999810342
0.9999999999803885
0.9999999999797696
0.9999999999791789
0.9999999999786185
0.9999999999780909
0.9999999999775986
0.9999999999771436
0.9999999999767275
0.9999999999763520
0.9999999999760197
0.9999999999757315
0.9999999999754883
0.9999999999752905
0.9999999999751389
0.9999999999750327
0.9999999999749718
0.9999999999749559
0.9999999999749866
0.9999999999750645
0.9999999999751907
0.9999999999753664
0.9999999999755919
0.9999999999758669
0.9999999999761914
0.9999999999765650
0.9999999999769874
0.9999999999774581
0.9999999999779765
0.9999999999785424
0.9999999999791546
0.9999999999798128
0.9999999999805160
0.9999999999812635
0.9999999999820541
0.9999999999828866
0.9999999999837603
0.9999999999846745
0.9999999999856278
0.9999999999866183
0.9999999999876443
0.9999999999887045
0.9999999999897971
0.9999999999909204
0.9999999999920721
0.9999999999932504
0.9999999999944535
0.9999999999956797
0.9999999999969256
0.9999999999981886
0.9999999999994661
1.0000000000007552
1.0000000000020537
1.0000000000033586
1.0000000000046663
1.0000000000059717
1.0000000000072726
1.0000000000085676
1.0000000000098548
1.0000000000111315
1.0000000000123963
1.0000000000136475
1.0000000000148843
1.0000000000161049
1.0000000000173073
1.0000000000184883
1.0000000000196452
1.0000000000207749
1.0000000000218752
1.0000000000229443
1.0000000000239799
1.0000000000249798
1.0000000000259424
1.0000000000268658
1.0000000000277476
1.0000000000285854
1.0000000000293778
1.0000000000301230
1.0000000000308191
1.0000000000314637
1.0000000000320555
1.0000000000325928
1.0000000000330744
1.0000000000334985
1.0000000000338642
1.0000000000341718
1.0000000000344196
1.0000000000346081
1.0000000000347369
1.0000000000348053
1.0000000000348124
1.0000000000347580
1.0000000000346427
1.0000000000344678
