1.0000064072732251
1.0000063277756122
1.0000062332790047
1.0000061240110933
1.0000060002347986
1.0000058622476435
1.0000057103810407
1.0000055449994982
1.0000053664997506
1.0000051753098078
1.0000049718879325
1.0000047567215418
1.0000045303260428
1.0000042932436000
1.0000040460418393
1.0000037893124913
1.0000035236699742
1.0000032497499263
1.0000029682076854
1.0000026797167221
1.0000023849670301
1.0000020846634763
1.0000017795241172
1.0000014702784823
1.0000011576658285
1.0000008424333748
1.0000005253345150
1.0000002071270160
0.9999998885712086
0.9999995704281706
0.9999992534579060
0.9999989384175286
0.9999986260594532
0.9999983171295979
0.9999980123656024
0.9999977124950634
0.9999974182337955
0.9999971302841212
0.9999968493331917
0.9999965760513475
0.9999963110905153
0.9999960550826513
0.9999958086382292
0.9999955723447839
0.9999953467655043
0.9999951324378927
0.9999949298724784
0.9999947395515989
0.9999945619282478
0.9999943974249920
0.9999942464329639
0.9999941093109259
0.9999939863844158
0.9999938779449695
0.9999937842494255
0.9999937055193118
0.9999936419403196
0.9999935936618596
0.9999935607967065
0.9999935434207302
0.9999935415727169
0.9999935552542785
0.9999935844298481
0.9999936290267671
0.9999936889354625
0.9999937640097102
0.9999938540669866
0.9999939588889065
0.9999940782217455
0.9999942117770496
0.9999943592323279
0.9999945202318251
0.9999946943873720
0.9999948812793166
0.9999950804575293
0.9999952914424810
0.9999955137263922
0.9999957467744481
0.9999959900260795
0.9999962428963057
0.9999965047771343
0.9999967750390162
0.9999970530323521
0.9999973380890491
0.9999976295241203
0.9999979266373231
0.9999982287148366
0.9999985350309699
0.9999988448498982
0.9999991574274245
0.9999994720127594
0.9999997878503187
1.0000001041815316
1.0000004202466559
1.0000007352865952
1.0000010485447177
1.0000013592686667
1.0000016667121612
1.0000019701367817
1.0000022688137369
1.0000025620256081
1.0000028490680668
1.0000031292515588
1.0000034019029547
1.0000036663671630
1.0000039220086963
1.0000041682131913
1.0000044043888803
1.0000046299680068
1.0000048444081859
1.0000050471937010
1.0000052378367388
1.0000054158785572
1.0000055808905841
1.0000057324754441
1.0000058702679075
1.0000059939357671
1.0000061031806335
1.0000061977386501
1.0000062773811245
1.0000063419150766
1.0000063911837034
1.0000064250667549
1.0000064434808222
1.0000064463795384
1.0000064337536909
1.0000064056312423
1.0000063620772686
1.0000063031938011
1.0000062291195879
1.0000061400297602
1.0000060361354173
1.0000059176831224
1.0000057849543145
1.0000056382646365
1.0000054779631822
1.0000053044316624
1.0000051180834932
1.0000049193628076
1.0000047087433959
1.0000044867275759
1.0000042538449905
1.0000040106513437
1.0000037577270720
1.0000034956759583
1.0000032251236886
1.0000029467163563
1.0000026611189194
1.0000023690136124
1.0000020710983122
1.0000017680848723
1.0000014606974221
1.0000011496706345
1.0000008357479722
1.0000005196799091
1.0000002022221386
0.9999998841337653
0.9999995661754894
0.9999992491077890
0.9999989336891035
0.9999986206740181
0.9999983108114584
0.9999980048429018
0.9999977035006048
0.9999974075058532
0.9999971175672339
0.9999968343789436
0.9999965586191277
0.9999962909482575
0.9999960320075517
0.9999957824174424
0.9999955427760906
0.9999953136579547
0.9999950956124165
0.9999948891624678
0.9999946948034593
0.9999945130019138
0.9999943441944121
0.9999941887865467
0.9999940471519512
0.9999939196314073
0.9999938065320253
0.9999937081265106
0.9999936246525085
0.9999935563120380
0.9999935032710046
0.9999934656588039
0.9999934435680099
0.9999934370541526
0.9999934461355822
0.9999934707934245
0.9999935109716244
0.9999935665770774
0.9999936374798517
0.9999937235134958
0.9999938244754358
0.9999939401274577
0.9999940701962745
0.9999942143741780
0.9999943723197721
0.9999945436587875
0.9999947279849737
0.9999949248610686
0.9999951338198421
0.9999953543652120
0.9999955859734257
0.9999958280943110
0.9999960801525903
0.9999963415492542
0.9999966116629905
0.9999968898516650
0.9999971754538569
0.9999974677904371
0.9999977661661895
0.9999980698714717
0.9999983781839097
0.9999986903701202
0.9999990056874626
0.9999993233858121
0.9999996427093523
0.9999999628983777
1.0000002831911088
1.0000006028255093
1.0000009210411072
1.0000012370808091
1.0000015501927080
1.0000018596318798
1.0000021646621615
1.0000024645579084
1.0000027586057263
1.0000030461061740
1.0000033263754349
1.0000035987469473
1.0000038625729963
1.0000041172262593
1.0000043621013055
1.0000045966160402
1.0000048202130933
1.0000050323611502
1.0000052325562212
1.0000054203228426
1.0000055952152118
1.0000057568182521
1.0000059047486014
1.0000060386555274
1.0000061582217639
1.0000062631642670
1.0000063532348900
1.0000064282209760
1.0000064879458621
1.0000065322693024
1.0000065610878022
1.0000065743348623
1.0000065719811382
1.0000065540345062
1.0000065205400450
1.0000064715799286
1.0000064072732251
1.0000063277756122
1.0000062332790047
1.0000061240110933
