1.0000000717720499
1.0000000709492407
1.0000000699626845
1.0000000688148227
1.0000000675084784
1.0000000660468509
1.0000000644335056
1.0000000626723682
1.0000000607677137
1.0000000587241564
1.0000000565466394
1.0000000542404206
1.0000000518110619
1.0000000492644150
1.0000000466066090
1.0000000438440355
1.0000000409833316
1.0000000380313661
1.0000000349952227
1.0000000318821807
1.0000000286996999
1.0000000254554025
1.0000000221570542
1.0000000188125451
1.0000000154298716
1.0000000120171173
1.0000000085824339
1.0000000051340210
1.0000000016801083
0.9999999982289326
0.9999999947887215
0.9999999913676727
0.9999999879739343
0.9999999846155839
0.9999999813006122
0.9999999780369013
0.9999999748322073
0.9999999716941397
0.9999999686301454
0.9999999656474902
0.9999999627532428
0.9999999599542556
0.9999999572571491
0.9999999546682967
0.9999999521938109
0.9999999498395269
0.9999999476109894
0.9999999455134396
0.9999999435518023
0.9999999417306747
0.9999999400543146
0.9999999385266295
0.9999999371511675
0.9999999359311084
0.9999999348692584
0.9999999339680424
0.9999999332295000
0.9999999326552793
0.9999999322466332
0.9999999320044142
0.9999999319290750
0.9999999320206652
0.9999999322788327
0.9999999327028256
0.9999999332914935
0.9999999340432900
0.9999999349562771
0.9999999360281292
0.9999999372561391
0.9999999386372235
0.9999999401679313
0.9999999418444532
0.9999999436626280
0.9999999456179552
0.9999999477056061
0.9999999499204334
0.9999999522569850
0.9999999547095161
0.9999999572720050
0.9999999599381656
0.9999999627014622
0.9999999655551255
0.9999999684921690
0.9999999715054066
0.9999999745874704
0.9999999777308282
0.9999999809278015
0.9999999841705834
0.9999999874512572
0.9999999907618131
0.9999999940941710
0.9999999974401983
1.0000000007917320
1.0000000041405941
1.0000000074786146
1.0000000107976490
1.0000000140895999
1.0000000173464343
1.0000000205602055
1.0000000237230693
1.0000000268273046
1.0000000298653335
1.0000000328297367
1.0000000357132723
1.0000000385088927
1.0000000412097632
1.0000000438092767
1.0000000463010694
1.0000000486790361
1.0000000509373457
1.0000000530704543
1.0000000550731205
1.0000000569404179
1.0000000586677449
1.0000000602508377
1.0000000616857785
1.0000000629690067
1.0000000640973254
1.0000000650679115
1.0000000658783215
1.0000000665264983
1.0000000670107758
1.0000000673298819
1.0000000674829423
1.0000000674694827
1.0000000672894303
1.0000000669431135
1.0000000664312620
1.0000000657550043
1.0000000649158647
1.0000000639157596
1.0000000627569945
1.0000000614422577
1.0000000599746139
1.0000000583574966
1.0000000565947000
1.0000000546903707
1.0000000526489967
1.0000000504753981
1.0000000481747147
1.0000000457523941
1.0000000432141780
1.0000000405660900
1.0000000378144207
1.0000000349657103
1.0000000320267353
1.0000000290044924
1.0000000259061823
1.0000000227391921
1.0000000195110754
1.0000000162295357
1.0000000129024094
1.0000000095376458
1.0000000061432874
1.0000000027274512
0.9999999992983092
0.9999999958640707
0.9999999924329604
0.9999999890131998
0.9999999856129886
0.9999999822404841
0.9999999789037812
0.9999999756108920
0.9999999723697279
0.9999999691880809
0.9999999660736042
0.9999999630337946
0.9999999600759739
0.9999999572072719
0.9999999544346080
0.9999999517646775
0.9999999492039332
0.9999999467585708
0.9999999444345140
0.9999999422374001
0.9999999401725663
0.9999999382450374
0.9999999364595138
0.9999999348203588
0.9999999333315875
0.9999999319968589
0.9999999308194679
0.9999999298023385
0.9999999289480140
0.9999999282586512
0.9999999277360158
0.9999999273814772
0.9999999271960051
0.9999999271801664
0.9999999273341276
0.9999999276576509
0.9999999281500965
0.9999999288104227
0.9999999296371882
0.9999999306285559
0.9999999317822980
0.9999999330958018
0.9999999345660741
0.9999999361897486
0.9999999379630947
0.9999999398820248
0.9999999419421057
0.9999999441385669
0.9999999464663135
0.9999999489199390
0.9999999514937378
0.9999999541817185
0.9999999569776177
0.9999999598749147
0.9999999628668463
0.9999999659464239
0.9999999691064501
0.9999999723395356
0.9999999756381169
0.9999999789944735
0.9999999824007476
0.9999999858489635
0.9999999893310452
0.9999999928388362
0.9999999963641184
0.9999999998986321
1.0000000034340932
1.0000000069622170
1.0000000104747349
1.0000000139634142
1.0000000174200787
1.0000000208366278
1.0000000242050560
1.0000000275174705
1.0000000307661134
1.0000000339433772
1.0000000370418236
1.0000000400542020
1.0000000429734652
1.0000000457927873
1.0000000485055802
1.0000000511055092
1.0000000535865081
1.0000000559427920
1.0000000581688706
1.0000000602595642
1.0000000622100145
1.0000000640156959
1.0000000656724282
1.0000000671763842
1.0000000685240991
1.0000000697124791
1.0000000707388077
1.0000000716007524
1.0000000722963700
1.0000000728241130
1.0000000731828342
1.0000000733717869
1.0000000733906249
1.0000000732394079
1.0000000729185972
1.0000000724290563
1.0000000717720499
1.0000000709492407
1.0000000699626845
1.0000000688148227
