1.0000000000538252
1.0000000000537006
1.0000000000534857
1.0000000000531826
1.0000000000527911
1.0000000000523126
1.0000000000517477
1.0000000000510969
1.0000000000503617
1.0000000000495441
1.0000000000486464
1.0000000000476716
1.0000000000466227
1.0000000000455020
1.0000000000443126
1.0000000000430582
1.0000000000417426
1.0000000000403697
1.0000000000389426
1.0000000000374654
1.0000000000359421
1.0000000000343765
1.0000000000327722
1.0000000000311331
1.0000000000294633
1.0000000000277671
1.0000000000260487
1.0000000000243123
1.0000000000225620
1.0000000000208011
1.0000000000190334
1.0000000000172631
1.0000000000154941
1.0000000000137299
1.0000000000119755
1.0000000000102365
1.0000000000085179
1.0000000000068234
1.0000000000051572
1.0000000000035234
1.0000000000019262
1.0000000000003684
0.9999999999988524
0.9999999999973810
0.9999999999959570
0.9999999999945833
0.9999999999932628
0.9999999999919981
0.9999999999907906
0.9999999999896422
0.9999999999885548
0.9999999999875311
0.9999999999865727
0.9999999999856816
0.9999999999848586
0.9999999999841053
0.9999999999834227
0.9999999999828116
0.9999999999822731
0.9999999999818084
0.9999999999814182
0.9999999999811029
0.9999999999808630
0.9999999999806983
0.9999999999806084
0.9999999999805922
0.9999999999806493
0.9999999999807776
0.9999999999809751
0.9999999999812405
0.9999999999815714
0.9999999999819670
0.9999999999824251
0.9999999999829434
0.9999999999835193
0.9999999999841500
0.9999999999848345
0.9999999999855708
0.9999999999863564
0.9999999999871888
0.9999999999880649
0.9999999999889813
0.9999999999899351
0.9999999999909222
0.9999999999919392
0.9999999999929833
0.9999999999940515
0.9999999999951406
0.9999999999962467
0.9999999999973657
0.9999999999984941
0.9999999999996275
1.0000000000007609
1.0000000000018903
1.0000000000030118
1.0000000000041225
1.0000000000052205
1.0000000000063023
1.0000000000073641
1.0000000000084017
1.0000000000094122
1.0000000000103939
1.0000000000113443
1.0000000000122595
1.0000000000131366
1.0000000000139728
1.0000000000147669
1.0000000000155163
1.0000000000162181
1.0000000000168705
1.0000000000174711
1.0000000000180180
1.0000000000185088
1.0000000000189424
1.0000000000193172
1.0000000000196310
1.0000000000198814
1.0000000000200693
1.0000000000201934
1.0000000000202529
1.0000000000202469
1.0000000000201750
1.0000000000200373
1.0000000000198337
1.0000000000195644
1.0000000000192304
1.0000000000188309
1.0000000000183653
1.0000000000178344
1.0000000000172375
1.0000000000165745
1.0000000000158455
1.0000000000150517
1.0000000000141953
1.0000000000132776
1.0000000000123017
1.0000000000112697
1.0000000000101843
1.0000000000090488
1.0000000000078664
1.0000000000066409
1.0000000000053759
1.0000000000040732
1.0000000000027331
1.0000000000013580
0.9999999999999499
0.9999999999985123
0.9999999999970475
0.9999999999955592
0.9999999999940521
0.9999999999925308
0.9999999999909983
0.9999999999894577
0.9999999999879124
0.9999999999863664
0.9999999999848230
0.9999999999832843
0.9999999999817526
0.9999999999802320
0.9999999999787275
0.9999999999772434
0.9999999999757846
0.9999999999743548
0.9999999999729590
0.9999999999716004
0.9999999999702822
0.9999999999690071
0.9999999999677781
0.9999999999665993
0.9999999999654742
0.9999999999644051
0.9999999999633969
0.9999999999624523
0.9999999999615730
0.9999999999607613
0.9999999999600202
0.9999999999593522
0.9999999999587598
0.9999999999582454
0.9999999999578109
0.9999999999574560
0.9999999999571823
0.9999999999569894
0.9999999999568782
0.9999999999568487
0.9999999999569018
0.9999999999570385
0.9999999999572599
0.9999999999575669
0.9999999999579607
0.9999999999584415
0.9999999999590081
0.9999999999596595
0.9999999999603941
0.9999999999612111
0.9999999999621088
0.9999999999630863
0.9999999999641440
0.9999999999652796
0.9999999999664905
0.9999999999677734
0.9999999999691260
0.9999999999705458
0.9999999999720300
0.9999999999735754
0.9999999999751784
0.9999999999768359
0.9999999999785454
0.9999999999803054
0.9999999999821135
0.9999999999839665
0.9999999999858610
0.9999999999877943
0.9999999999897636
0.9999999999917646
0.9999999999937933
0.9999999999958459
0.9999999999979194
1.0000000000000111
1.0000000000021172
1.0000000000042337
1.0000000000063569
1.0000000000084821
1.0000000000106037
1.0000000000127176
1.0000000000148190
1.0000000000169029
1.0000000000189653
1.0000000000210023
1.0000000000230107
1.0000000000249880
1.0000000000269309
1.0000000000288349
1.0000000000306952
1.0000000000325076
1.0000000000342677
1.0000000000359723
1.0000000000376168
1.0000000000391966
1.0000000000407079
1.0000000000421476
1.0000000000435136
1.0000000000448033
1.0000000000460145
1.0000000000471452
1.0000000000481934
1.0000000000491565
1.0000000000500326
1.0000000000508205
1.0000000000515190
1.0000000000521274
1.0000000000526450
1.0000000000530711
1.0000000000534053
1.0000000000536475
1.0000000000537985
1.0000000000538580
1.0000000000538252
1.0000000000537006
1.0000000000534857
1.0000000000531826
