1.0000000369652491
1.0000000365519872
1.0000000360550516
1.0000000354756848
1.0000000348153224
1.0000000340755908
1.0000000332583037
1.0000000323654565
1.0000000313992252
1.0000000303619587
1.0000000292561728
1.0000000280845442
1.0000000268499047
1.0000000255552339
1.0000000242036531
1.0000000227984174
1.0000000213429077
1.0000000198406238
1.0000000182951738
1.0000000167102663
1.0000000150897022
1.0000000134373630
1.0000000117572039
1.0000000100532449
1.0000000083295610
1.0000000065902712
1.0000000048395292
1.0000000030815130
1.0000000013204167
0.9999999995604389
0.9999999978057721
0.9999999960605936
0.9999999943290573
0.9999999926152806
0.9999999909233365
0.9999999892572429
0.9999999876209537
0.9999999860183485
0.9999999844532240
0.9999999829292840
0.9999999814501329
0.9999999800192647
0.9999999786400564
0.9999999773157594
0.9999999760494905
0.9999999748442266
0.9999999737027958
0.9999999726278714
0.9999999716219654
0.9999999706874229
0.9999999698264168
0.9999999690409417
0.9999999683328098
0.9999999677036462
0.9999999671548849
0.9999999666877659
0.9999999663033305
0.9999999660024218
0.9999999657856820
0.9999999656535515
0.9999999656062661
0.9999999656438585
0.9999999657661560
0.9999999659727823
0.9999999662631568
0.9999999666364973
0.9999999670918230
0.9999999676279548
0.9999999682435196
0.9999999689369524
0.9999999697065014
0.9999999705502323
0.9999999714660316
0.9999999724516123
0.9999999735045193
0.9999999746221347
0.9999999758016858
0.9999999770402520
0.9999999783347711
0.9999999796820471
0.9999999810787572
0.9999999825214604
0.9999999840066053
0.9999999855305385
0.9999999870895127
0.9999999886796958
0.9999999902971822
0.9999999919379993
0.9999999935981196
0.9999999952734707
0.9999999969599438
0.9999999986534015
1.0000000003496918
1.0000000020446547
1.0000000037341341
1.0000000054139868
1.0000000070800943
1.0000000087283722
1.0000000103547790
1.0000000119553256
1.0000000135260843
1.0000000150632005
1.0000000165628991
1.0000000180214952
1.0000000194354046
1.0000000208011501
1.0000000221153713
1.0000000233748316
1.0000000245764258
1.0000000257171890
1.0000000267943030
1.0000000278051036
1.0000000287470863
1.0000000296179121
1.0000000304154137
1.0000000311376007
1.0000000317826641
1.0000000323489813
1.0000000328351195
1.0000000332398387
1.0000000335620953
1.0000000338010442
1.0000000339560415
1.0000000340266462
1.0000000340126209
1.0000000339139337
1.0000000337307560
1.0000000334634638
1.0000000331126355
1.0000000326790512
1.0000000321636917
1.0000000315677351
1.0000000308925545
1.0000000301397141
1.0000000293109654
1.0000000284082438
1.0000000274336636
1.0000000263895139
1.0000000252782537
1.0000000241025051
1.0000000228650472
1.0000000215688074
1.0000000202168549
1.0000000188123945
1.0000000173587611
1.0000000158594096
1.0000000143179064
1.0000000127379201
1.0000000111232146
1.0000000094776402
1.0000000078051232
1.0000000061096566
1.0000000043952919
1.0000000026661264
1.0000000009262957
0.9999999991799645
0.9999999974313137
0.9999999956845333
0.9999999939438109
0.9999999922133228
0.9999999904972233
0.9999999887996358
0.9999999871246417
0.9999999854762700
0.9999999838584892
0.9999999822751962
0.9999999807302092
0.9999999792272573
0.9999999777699706
0.9999999763618721
0.9999999750063686
0.9999999737067443
0.9999999724661528
0.9999999712876095
0.9999999701739839
0.9999999691279913
0.9999999681521881
0.9999999672489656
0.9999999664205432
0.9999999656689637
0.9999999649960880
0.9999999644035923
0.9999999638929622
0.9999999634654881
0.9999999631222637
0.9999999628641820
0.9999999626919351
0.9999999626060111
0.9999999626066938
0.9999999626940627
0.9999999628679911
0.9999999631281488
0.9999999634740006
0.9999999639048072
0.9999999644196275
0.9999999650173220
0.9999999656965528
0.9999999664557894
0.9999999672933120
0.9999999682072135
0.9999999691954056
0.9999999702556225
0.9999999713854280
0.9999999725822202
0.9999999738432379
0.9999999751655669
0.9999999765461466
0.9999999779817795
0.9999999794691363
0.9999999810047658
0.9999999825851010
0.9999999842064676
0.9999999858650931
0.9999999875571181
0.9999999892786022
0.9999999910255337
0.9999999927938409
0.9999999945794019
0.9999999963780536
0.9999999981856013
0.9999999999978281
1.0000000018105071
1.0000000036194110
1.0000000054203215
1.0000000072090389
1.0000000089813914
1.0000000107332452
1.0000000124605148
1.0000000141591738
1.0000000158252618
1.0000000174548953
1.0000000190442784
1.0000000205897102
1.0000000220875942
1.0000000235344462
1.0000000249269032
1.0000000262617315
1.0000000275358334
1.0000000287462549
1.0000000298901928
1.0000000309650023
1.0000000319682023
1.0000000328974818
1.0000000337507038
1.0000000345259112
1.0000000352213316
1.0000000358353827
1.0000000363666748
1.0000000368140147
1.0000000371764075
1.0000000374530611
1.0000000376433862
1.0000000377469980
1.0000000377637168
1.0000000376935676
1.0000000375367815
1.0000000372937949
1.0000000369652491
1.0000000365519872
1.0000000360550516
1.0000000354756848
