1.0000400657039272
1.0000395632538492
1.0000389666787277
1.0000382774106684
1.0000374971030441
1.0000366276265424
1.0000356710646925
1.0000346297088858
1.0000335060528991
1.0000323027869347
1.0000310227911908
1.0000296691289765
1.0000282450393936
1.0000267539295962
1.0000251993666474
1.0000235850689974
1.0000219148975966
1.0000201928466692
1.0000184230341678
1.0000166096919310
1.0000147571555726
1.0000128698541193
1.0000109522994260
1.0000090090753937
1.0000070448270151
1.0000050642492739
1.0000030720759225
1.0000010730681677
0.9999990720032905
0.9999970736632307
0.9999950828231540
0.9999931042400388
0.9999911426413068
0.9999892027135203
0.9999872890911798
0.9999854063456461
0.9999835589742128
0.9999817513893555
0.9999799879081834
0.9999782727421170
0.9999766099868221
0.9999750036124169
0.9999734574539805
0.9999719752023870
0.9999705603954800
0.9999692164096158
0.9999679464515909
0.9999667535509755
0.9999656405528715
0.9999646101111122
0.9999636646819177
0.9999628065180242
0.9999620376632987
0.9999613599478586
0.9999607749836952
0.9999602841608242
0.9999598886439650
0.9999595893697585
0.9999593870445338
0.9999592821426224
0.9999592749052295
0.9999593653398642
0.9999595532203259
0.9999598380872525
0.9999602192492248
0.9999606957844270
0.9999612665428557
0.9999619301490797
0.9999626850055366
0.9999635292963611
0.9999644609917350
0.9999654778527494
0.9999665774367672
0.9999677571032737
0.9999690140201973
0.9999703451706918
0.9999717473603595
0.9999732172248967
0.9999747512381495
0.9999763457205533
0.9999779968479411
0.9999797006606942
0.9999814530732203
0.9999832498837317
0.9999850867842999
0.9999869593711629
0.9999888631552634
0.9999907935729897
0.9999927459970950
0.9999947157477677
0.9999966981038257
0.9999986883140127
1.0000006816083624
1.0000026732096099
1.0000046583446176
1.0000066322557939
1.0000085902124707
1.0000105275222182
1.0000124395420673
1.0000143216896120
1.0000161694539678
1.0000179784065606
1.0000197442117158
1.0000214626370265
1.0000231295634741
1.0000247409952761
1.0000262930694412
1.0000277820650088
1.0000292044119417
1.0000305566996646
1.0000318356852189
1.0000330383010179
1.0000341616621780
1.0000352030734185
1.0000361600355074
1.0000370302512369
1.0000378116309157
1.0000385022973668
1.0000391005904188
1.0000396050708757
1.0000400145239596
1.0000403279622190
1.0000405446278937
1.0000406639947281
1.0000406857692345
1.0000406098913985
1.0000404365348270
1.0000401661063381
1.0000397992449943
1.0000393368205802
1.0000387799315282
1.0000381299023002
1.0000373882802276
1.0000365568318195
1.0000356375385455
1.0000346325921079
1.0000335443892070
1.0000323755258196
1.0000311287910018
1.0000298071602285
1.0000284137882878
1.0000269520017464
1.0000254252910041
1.0000238373019577
1.0000221918272916
1.0000204927974179
1.0000187442710868
1.0000169504256895
1.0000151155472783
1.0000132440203267
1.0000113403172510
1.0000094089877258
1.0000074546478088
1.0000054819689106
1.0000034956666266
1.0000015004894702
0.9999995012075213
0.9999975026010233
0.9999955094489585
0.9999935265176211
0.9999915585492214
0.9999896102505501
0.9999876862817235
0.9999857912450399
0.9999839296739738
0.9999821060223352
0.9999803246536167
0.9999785898305594
0.9999769057049578
0.9999752763077263
0.9999737055392577
0.9999721971600926
0.9999707547819233
0.9999693818589535
0.9999680816796304
0.9999668573587783
0.9999657118301448
0.9999646478393776
0.9999636679374544
0.9999627744745780
0.9999619695945490
0.9999612552296314
0.9999606330959290
0.9999601046892744
0.9999596712816442
0.9999593339181111
0.9999590934143401
0.9999589503546310
0.9999589050905148
0.9999589577399070
0.9999591081868211
0.9999593560816398
0.9999597008419442
0.9999601416539021
0.9999606774742080
0.9999613070325727
0.9999620288347552
0.9999628411661308
0.9999637420957864
0.9999647294811331
0.9999658009730248
0.9999669540213701
0.9999681858812244
0.9999694936193489
0.9999708741212191
0.9999723240984680
0.9999738400967447
0.9999754185039681
0.9999770555589562
0.9999787473604156
0.9999804898762628
0.9999822789532614
0.9999841103269449
0.9999859796318066
0.9999878824117299
0.9999898141306366
0.9999917701833243
0.9999937459064701
0.9999957365897717
0.9999977374872023
0.9999997438283486
1.0000017508298060
1.0000037537066055
1.0000057476836439
1.0000077280070916
1.0000096899557451
1.0000116288523049
1.0000135400745476
1.0000154190663644
1.0000172613486435
1.0000190625299650
1.0000208183170882
1.0000225245252026
1.0000241770879215
1.0000257720669912
1.0000273056616940
1.0000287742179219
1.0000301742368993
1.0000315023835353
1.0000327554943844
1.0000339305851986
1.0000350248580505
1.0000360357080100
1.0000369607293618
1.0000377977213437
1.0000385446933993
1.0000391998699252
1.0000397616945076
1.0000402288336347
1.0000406001798754
1.0000408748545204
1.0000410522096745
1.0000411318298026
1.0000411135327145
1.0000409973699944
1.0000407836268743
1.0000404728215477
1.0000400657039272
1.0000395632538492
1.0000389666787277
1.0000382774106684
