1.0000000308251902
1.0000000304832848
1.0000000300717740
1.0000000295916889
1.0000000290442215
1.0000000284307231
1.0000000277527006
1.0000000270118130
1.0000000262098683
1.0000000253488170
1.0000000244307503
1.0000000234578934
1.0000000224325998
1.0000000213573450
1.0000000202347237
1.0000000190674410
1.0000000178583068
1.0000000166102270
1.0000000153261994
1.0000000140093062
1.0000000126627058
1.0000000112896259
1.0000000098933550
1.0000000084772345
1.0000000070446504
1.0000000055990248
1.0000000041438093
1.0000000026824756
1.0000000012185093
0.9999999997554004
0.9999999982966333
0.9999999968456793
0.9999999954059891
0.9999999939809845
0.9999999925740510
0.9999999911885291
0.9999999898277064
0.9999999884948094
0.9999999871929947
0.9999999859253413
0.9999999846948454
0.9999999835044120
0.9999999823568474
0.9999999812548529
0.9999999802010208
0.9999999791978260
0.9999999782476189
0.9999999773526222
0.9999999765149243
0.9999999757364760
0.9999999750190836
0.9999999743644072
0.9999999737739536
0.9999999732490741
0.9999999727909619
0.9999999724006484
0.9999999720790035
0.9999999718267294
0.9999999716443611
0.9999999715322643
0.9999999714906368
0.9999999715195058
0.9999999716187290
0.9999999717879949
0.9999999720268226
0.9999999723345642
0.9999999727104060
0.9999999731533706
0.9999999736623182
0.9999999742359503
0.9999999748728121
0.9999999755712973
0.9999999763296520
0.9999999771459779
0.9999999780182361
0.9999999789442540
0.9999999799217296
0.9999999809482371
0.9999999820212316
0.9999999831380584
0.9999999842959579
0.9999999854920718
0.9999999867234499
0.9999999879870570
0.9999999892797795
0.9999999905984343
0.9999999919397760
0.9999999933005059
0.9999999946772802
0.9999999960667161
0.9999999974653995
0.9999999988698930
1.0000000002767464
1.0000000016825037
1.0000000030837126
1.0000000044769322
1.0000000058587417
1.0000000072257471
1.0000000085745899
1.0000000099019553
1.0000000112045808
1.0000000124792645
1.0000000137228715
1.0000000149323420
1.0000000161046989
1.0000000172370540
1.0000000183266158
1.0000000193706964
1.0000000203667181
1.0000000213122198
1.0000000222048622
1.0000000230424326
1.0000000238228501
1.0000000245441714
1.0000000252045971
1.0000000258024739
1.0000000263362991
1.0000000268047251
1.0000000272065628
1.0000000275407830
1.0000000278065178
1.0000000280030679
1.0000000281299006
1.0000000281866510
1.0000000281731227
1.0000000280892900
1.0000000279352956
1.0000000277114516
1.0000000274182403
1.0000000270563105
1.0000000266264781
1.0000000261297231
1.0000000255671866
1.0000000249401699
1.0000000242501319
1.0000000234986821
1.0000000226875789
1.0000000218187246
1.0000000208941626
1.0000000199160717
1.0000000188867606
1.0000000178086639
1.0000000166843344
1.0000000155164364
1.0000000143077412
1.0000000130611202
1.0000000117795380
1.0000000104660449
1.0000000091237693
1.0000000077559099
1.0000000063657288
1.0000000049565445
1.0000000035317238
1.0000000020946735
1.0000000006488317
0.9999999991976591
0.9999999977446313
0.9999999962932303
0.9999999948469364
0.9999999934092197
0.9999999919835327
0.9999999905733019
0.9999999891819183
0.9999999878127313
0.9999999864690386
0.9999999851540794
0.9999999838710263
0.9999999826229774
0.9999999814129483
0.9999999802438667
0.9999999791185641
0.9999999780397700
0.9999999770101048
0.9999999760320730
0.9999999751080584
0.9999999742403183
0.9999999734309768
0.9999999726820185
0.9999999719952859
0.9999999713724746
0.9999999708151306
0.9999999703246454
0.9999999699022525
0.9999999695490233
0.9999999692658660
0.9999999690535238
0.9999999689125721
0.9999999688434162
0.9999999688462909
0.9999999689212595
0.9999999690682143
0.9999999692868787
0.9999999695768058
0.9999999699373797
0.9999999703678167
0.9999999708671663
0.9999999714343146
0.9999999720679879
0.9999999727667531
0.9999999735290241
0.9999999743530631
0.9999999752369861
0.9999999761787675
0.9999999771762434
0.9999999782271184
0.9999999793289693
0.9999999804792515
0.9999999816753049
0.9999999829143614
0.9999999841935495
0.9999999855099029
0.9999999868603664
0.9999999882418029
0.9999999896510025
0.9999999910846892
0.9999999925395302
0.9999999940121409
0.9999999954990939
0.9999999969969271
0.9999999985021522
1.0000000000112623
1.0000000015207424
1.0000000030270750
1.0000000045267508
1.0000000060162764
1.0000000074921824
1.0000000089510332
1.0000000103894326
1.0000000118040322
1.0000000131915410
1.0000000145487298
1.0000000158724416
1.0000000171595993
1.0000000184072124
1.0000000196123848
1.0000000207723199
1.0000000218843270
1.0000000229458299
1.0000000239543723
1.0000000249076231
1.0000000258033819
1.0000000266395837
1.0000000274143053
1.0000000281257704
1.0000000287723525
1.0000000293525788
1.0000000298651339
1.0000000303088623
1.0000000306827717
1.0000000309860337
1.0000000312179884
1.0000000313781436
1.0000000314661777
1.0000000314819379
1.0000000314254436
1.0000000312968849
1.0000000310966235
1.0000000308251902
1.0000000304832848
1.0000000300717740
1.0000000295916889
