1.0000000001331670
1.0000000001325802
1.0000000001317448
1.0000000001306641
1.0000000001293432
1.0000000001277860
1.0000000001259970
1.0000000001239819
1.0000000001217484
1.0000000001193030
1.0000000001166525
1.0000000001138032
1.0000000001107621
1.0000000001075378
1.0000000001041400
1.0000000001005778
1.0000000000968603
1.0000000000929974
1.0000000000889993
1.0000000000848757
1.0000000000806359
1.0000000000762896
1.0000000000718468
1.0000000000673184
1.0000000000627158
1.0000000000580511
1.0000000000533351
1.0000000000485783
1.0000000000437905
1.0000000000389846
1.0000000000341729
1.0000000000293663
1.0000000000245763
1.0000000000198144
1.0000000000150921
1.0000000000104206
1.0000000000058100
1.0000000000012703
0.9999999999968123
0.9999999999924454
0.9999999999881785
0.9999999999840213
0.9999999999799833
0.9999999999760735
0.9999999999723002
0.9999999999686713
0.9999999999651941
0.9999999999618766
0.9999999999587255
0.9999999999557467
0.9999999999529460
0.9999999999503288
0.9999999999479005
0.9999999999456640
0.9999999999436235
0.9999999999417828
0.9999999999401452
0.9999999999387125
0.9999999999374868
0.9999999999364694
0.9999999999356609
0.9999999999350613
0.9999999999346709
0.9999999999344902
0.9999999999345178
0.9999999999347507
0.9999999999351867
0.9999999999358223
0.9999999999366527
0.9999999999376726
0.9999999999388777
0.9999999999402640
0.9999999999418274
0.9999999999435634
0.9999999999454668
0.9999999999475302
0.9999999999497471
0.9999999999521110
0.9999999999546136
0.9999999999572459
0.9999999999599997
0.9999999999628667
0.9999999999658391
0.9999999999689079
0.9999999999720648
0.9999999999753006
0.9999999999786062
0.9999999999819719
0.9999999999853870
0.9999999999888411
0.9999999999923236
0.9999999999958233
0.9999999999993305
1.0000000000028355
1.0000000000063283
1.0000000000097991
1.0000000000132372
1.0000000000166311
1.0000000000199705
1.0000000000232463
1.0000000000264486
1.0000000000295688
1.0000000000325984
1.0000000000355298
1.0000000000383544
1.0000000000410643
1.0000000000436509
1.0000000000461067
1.0000000000484239
1.0000000000505966
1.0000000000526181
1.0000000000544833
1.0000000000561859
1.0000000000577214
1.0000000000590858
1.0000000000602738
1.0000000000612805
1.0000000000621017
1.0000000000627338
1.0000000000631750
1.0000000000634226
1.0000000000634748
1.0000000000633302
1.0000000000629887
1.0000000000624496
1.0000000000617129
1.0000000000607780
1.0000000000596465
1.0000000000583198
1.0000000000568001
1.0000000000550902
1.0000000000531930
1.0000000000511127
1.0000000000488531
1.0000000000464193
1.0000000000438167
1.0000000000410521
1.0000000000381315
1.0000000000350617
1.0000000000318485
1.0000000000284985
1.0000000000250193
1.0000000000214193
1.0000000000177052
1.0000000000138862
1.0000000000099707
1.0000000000059683
1.0000000000018889
0.9999999999977418
0.9999999999935356
0.9999999999892798
0.9999999999849839
0.9999999999806580
0.9999999999763136
0.9999999999719617
0.9999999999676126
0.9999999999632767
0.9999999999589647
0.9999999999546869
0.9999999999504533
0.9999999999462755
0.9999999999421639
0.9999999999381297
0.9999999999341814
0.9999999999303281
0.9999999999265778
0.9999999999229394
0.9999999999194221
0.9999999999160348
0.9999999999127867
0.9999999999096858
0.9999999999067390
0.9999999999039547
0.9999999999013413
0.9999999998989065
0.9999999998966577
0.9999999998946022
0.9999999998927475
0.9999999998910988
0.9999999998896614
0.9999999998884396
0.9999999998874370
0.9999999998866579
0.9999999998861059
0.9999999998857846
0.9999999998856965
0.9999999998858433
0.9999999998862259
0.9999999998868441
0.9999999998876975
0.9999999998887859
0.9999999998901079
0.9999999998916618
0.9999999998934447
0.9999999998954545
0.9999999998976875
0.9999999999001402
0.9999999999028094
0.9999999999056911
0.9999999999087801
0.9999999999120697
0.9999999999155542
0.9999999999192285
0.9999999999230866
0.9999999999271219
0.9999999999313270
0.9999999999356930
0.9999999999402107
0.9999999999448714
0.9999999999496652
0.9999999999545804
0.9999999999596070
0.9999999999647338
0.9999999999699504
0.9999999999752470
0.9999999999806145
0.9999999999860442
0.9999999999915260
0.9999999999970491
1.0000000000026021
1.0000000000081724
1.0000000000137479
1.0000000000193163
1.0000000000248661
1.0000000000303852
1.0000000000358622
1.0000000000412868
1.0000000000466478
1.0000000000519345
1.0000000000571365
1.0000000000622431
1.0000000000672438
1.0000000000721283
1.0000000000768872
1.0000000000815101
1.0000000000859879
1.0000000000903111
1.0000000000944700
1.0000000000984566
1.0000000001022611
1.0000000001058758
1.0000000001092939
1.0000000001125089
1.0000000001155149
1.0000000001183067
1.0000000001208798
1.0000000001232285
1.0000000001253477
1.0000000001272331
1.0000000001288798
1.0000000001302840
1.0000000001314426
1.0000000001323537
1.0000000001330158
1.0000000001334288
1.0000000001335922
1.0000000001335048
1.0000000001331670
1.0000000001325802
1.0000000001317448
1.0000000001306641
