1.0000000002203921
1.0000000002191707
1.0000000002175427
1.0000000002155138
1.0000000002130891
1.0000000002102745
1.0000000002070761
1.0000000002035017
1.0000000001995595
1.0000000001952594
1.0000000001906104
1.0000000001856242
1.0000000001803144
1.0000000001746951
1.0000000001687812
1.0000000001625868
1.0000000001561276
1.0000000001494198
1.0000000001424800
1.0000000001353246
1.0000000001279707
1.0000000001204359
1.0000000001127374
1.0000000001048948
1.0000000000969267
1.0000000000888507
1.0000000000806852
1.0000000000724496
1.0000000000641627
1.0000000000558451
1.0000000000475175
1.0000000000392002
1.0000000000309115
1.0000000000226710
1.0000000000144968
1.0000000000064080
0.9999999999984226
0.9999999999905597
0.9999999999828365
0.9999999999752709
0.9999999999678794
0.9999999999606789
0.9999999999536847
0.9999999999469116
0.9999999999403751
0.9999999999340904
0.9999999999280714
0.9999999999223312
0.9999999999168817
0.9999999999117335
0.9999999999068979
0.9999999999023861
0.9999999998982075
0.9999999998943718
0.9999999998908861
0.9999999998877556
0.9999999998849864
0.9999999998825823
0.9999999998805469
0.9999999998788838
0.9999999998775952
0.9999999998766830
0.9999999998761465
0.9999999998759849
0.9999999998761945
0.9999999998767717
0.9999999998777116
0.9999999998790094
0.9999999998806580
0.9999999998826499
0.9999999998849768
0.9999999998876302
0.9999999998906018
0.9999999998938817
0.9999999998974606
0.9999999999013283
0.9999999999054729
0.9999999999098826
0.9999999999145441
0.9999999999194429
0.9999999999245649
0.9999999999298935
0.9999999999354136
0.9999999999411096
0.9999999999469654
0.9999999999529646
0.9999999999590897
0.9999999999653233
0.9999999999716488
0.9999999999780474
0.9999999999845011
0.9999999999909908
0.9999999999974982
1.0000000000040037
1.0000000000104889
1.0000000000169351
1.0000000000233247
1.0000000000296403
1.0000000000358640
1.0000000000419780
1.0000000000479663
1.0000000000538121
1.0000000000594984
1.0000000000650098
1.0000000000703300
1.0000000000754445
1.0000000000803382
1.0000000000849973
1.0000000000894089
1.0000000000935612
1.0000000000974425
1.0000000001010427
1.0000000001043505
1.0000000001073561
1.0000000001100511
1.0000000001124252
1.0000000001144698
1.0000000001161775
1.0000000001175420
1.0000000001185572
1.0000000001192189
1.0000000001195244
1.0000000001194713
1.0000000001190583
1.0000000001182840
1.0000000001171498
1.0000000001156570
1.0000000001138087
1.0000000001116072
1.0000000001090572
1.0000000001061635
1.0000000001029299
1.0000000000993619
1.0000000000954654
1.0000000000912479
1.0000000000867186
1.0000000000818876
1.0000000000767655
1.0000000000713640
1.0000000000656961
1.0000000000597762
1.0000000000536176
1.0000000000472340
1.0000000000406399
1.0000000000338503
1.0000000000268785
1.0000000000197402
1.0000000000124531
1.0000000000050353
0.9999999999975042
0.9999999999898772
0.9999999999821710
0.9999999999744038
0.9999999999665946
0.9999999999587617
0.9999999999509236
0.9999999999430997
0.9999999999353099
0.9999999999275742
0.9999999999199105
0.9999999999123380
0.9999999999048756
0.9999999998975413
0.9999999998903534
0.9999999998833310
0.9999999998764926
0.9999999998698548
0.9999999998634349
0.9999999998572491
0.9999999998513133
0.9999999998456425
0.9999999998402521
0.9999999998351569
0.9999999998303690
0.9999999998259006
0.9999999998217641
0.9999999998179715
0.9999999998145334
0.9999999998114592
0.9999999998087584
0.9999999998064398
0.9999999998045107
0.9999999998029769
0.9999999998018442
0.9999999998011165
0.9999999998007973
0.9999999998008906
0.9999999998013985
0.9999999998023229
0.9999999998036657
0.9999999998054274
0.9999999998076058
0.9999999998101970
0.9999999998131968
0.9999999998165995
0.9999999998203996
0.9999999998245906
0.9999999998291654
0.9999999998341147
0.9999999998394290
0.9999999998450978
0.9999999998511092
0.9999999998574520
0.9999999998641133
0.9999999998710797
0.9999999998783383
0.9999999998858762
0.9999999998936784
0.9999999999017299
0.9999999999100149
0.9999999999185163
0.9999999999272149
0.9999999999360926
0.9999999999451298
0.9999999999543064
0.9999999999636022
0.9999999999729980
0.9999999999824735
0.9999999999920085
1.0000000000015836
1.0000000000111802
1.0000000000207780
1.0000000000303573
1.0000000000398976
1.0000000000493794
1.0000000000587832
1.0000000000680895
1.0000000000772791
1.0000000000863334
1.0000000000952325
1.0000000001039568
1.0000000001124867
1.0000000001208036
1.0000000001288905
1.0000000001367311
1.0000000001443079
1.0000000001516058
1.0000000001586087
1.0000000001653011
1.0000000001716691
1.0000000001776990
1.0000000001833793
1.0000000001886993
1.0000000001936475
1.0000000001982146
1.0000000002023925
1.0000000002061746
1.0000000002095542
1.0000000002125258
1.0000000002150848
1.0000000002172269
1.0000000002189477
1.0000000002202449
1.0000000002211178
1.0000000002215672
1.0000000002215945
1.0000000002212017
1.0000000002203921
1.0000000002191707
1.0000000002175427
1.0000000002155138
