1.0000015090390013
1.0000014905812844
1.0000014686077081
1.0000014431714723
1.0000014143340252
1.0000013821649167
1.0000013467416304
1.0000013081493997
1.0000012664810036
1.0000012218365437
1.0000011743232051
1.0000011240550000
1.0000010711524934
1.0000010157425143
1.0000009579578553
1.0000008979369543
1.0000008358235637
1.0000007717664046
1.0000007059188116
1.0000006384383666
1.0000005694865230
1.0000004992282183
1.0000004278314798
1.0000003554670231
1.0000002823078435
1.0000002085288051
1.0000001343062190
1.0000000598174246
0.9999999852403652
0.9999999107531622
0.9999998365336893
0.9999997627591485
0.9999996896056454
0.9999996172477673
0.9999995458581696
0.9999994756071603
0.9999994066622955
0.9999993391879788
0.9999992733450664
0.9999992092904835
0.9999991471768501
0.9999990871521165
0.9999990293592091
0.9999989739356890
0.9999989210134238
0.9999988707182742
0.9999988231697924
0.9999987784809359
0.9999987367577986
0.9999986980993588
0.9999986625972420
0.9999986303355015
0.9999986013904193
0.9999985758303246
0.9999985537154302
0.9999985350976887
0.9999985200206704
0.9999985085194570
0.9999985006205602
0.9999984963418571
0.9999984956925499
0.9999984986731436
0.9999985052754459
0.9999985154825893
0.9999985292690708
0.9999985466008118
0.9999985674352413
0.9999985917214002
0.9999986194000614
0.9999986504038731
0.9999986846575198
0.9999987220779023
0.9999987625743388
0.9999988060487817
0.9999988523960522
0.9999989015040934
0.9999989532542387
0.9999990075214948
0.9999990641748441
0.9999991230775572
0.9999991840875202
0.9999992470575758
0.9999993118358749
0.9999993782662425
0.9999994461885496
0.9999995154390988
0.9999995858510138
0.9999996572546385
0.9999997294779460
0.9999998023469507
0.9999998756861240
0.9999999493188141
1.0000000230676702
1.0000000967550662
1.0000001702035271
1.0000002432361532
1.0000003156770463
1.0000003873517285
1.0000004580875610
1.0000005277141564
1.0000005960637870
1.0000006629717872
1.0000007282769479
1.0000007918219016
1.0000008534534992
1.0000009130231793
1.0000009703873214
1.0000010254075913
1.0000010779512707
1.0000011278915775
1.0000011751079687
1.0000012194864294
1.0000012609197448
1.0000012993077589
1.0000013345576133
1.0000013665839698
1.0000013953092155
1.0000014206636487
1.0000014425856480
1.0000014610218186
1.0000014759271194
1.0000014872649732
1.0000014950073532
1.0000014991348518
1.0000014996367261
1.0000014965109272
1.0000014897641012
1.0000014794115761
1.0000014654773246
1.0000014479939090
1.0000014270024038
1.0000014025522961
1.0000013747013703
1.0000013435155672
1.0000013090688291
1.0000012714429225
1.0000012307272415
1.0000011870185974
1.0000011404209861
1.0000010910453403
1.0000010390092642
1.0000009844367530
1.0000009274578958
1.0000008682085662
1.0000008068300967
1.0000007434689420
1.0000006782763280
1.0000006114078914
1.0000005430233070
1.0000004732859071
1.0000004023622917
1.0000003304219272
1.0000002576367444
1.0000001841807262
1.0000001102294915
1.0000000359598755
0.9999999615495071
0.9999998871763854
0.9999998130184520
0.9999997392531685
0.9999996660570898
0.9999995936054421
0.9999995220717041
0.9999994516271922
0.9999993824406511
0.9999993146778510
0.9999992485011898
0.9999991840693057
0.9999991215366971
0.9999990610533536
0.9999990027643951
0.9999989468097267
0.9999988933237014
0.9999988424348015
0.9999987942653307
0.9999987489311203
0.9999987065412523
0.9999986671977985
0.9999986309955757
0.9999985980219178
0.9999985683564672
0.9999985420709844
0.9999985192291750
0.9999984998865393
0.9999984840902377
0.9999984718789754
0.9999984632829120
0.9999984583235875
0.9999984570138710
0.9999984593579286
0.9999984653512137
0.9999984749804768
0.9999984882237961
0.9999985050506291
0.9999985254218856
0.9999985492900195
0.9999985765991436
0.9999986072851583
0.9999986412759074
0.9999986784913519
0.9999987188437579
0.9999987622379054
0.9999988085713165
0.9999988577344988
0.9999989096112064
0.9999989640787197
0.9999990210081342
0.9999990802646683
0.9999991417079852
0.9999992051925282
0.9999992705678683
0.9999993376790618
0.9999994063670197
0.9999994764688880
0.9999995478184360
0.9999996202464528
0.9999996935811515
0.9999997676485796
0.9999998422730316
0.9999999172774697
0.9999999924839448
1.0000000677140222
1.0000001427892082
1.0000002175313760
1.0000002917631898
1.0000003653085292
1.0000004379929077
1.0000005096438900
1.0000005800915024
1.0000006491686377
1.0000007167114564
1.0000007825597765
1.0000008465574541
1.0000009085527568
1.0000009683987259
1.0000010259535268
1.0000010810807882
1.0000011336499279
1.0000011835364615
1.0000012306223005
1.0000012747960332
1.0000013159531922
1.0000013539965031
1.0000013888361161
1.0000014203898191
1.0000014485832343
1.0000014733499962
1.0000014946319076
1.0000015123790795
1.0000015265500488
1.0000015371118787
1.0000015440402357
1.0000015473194481
1.0000015469425423
1.0000015429112579
1.0000015352360441
1.0000015239360349
1.0000015090390013
1.0000014905812844
1.0000014686077081
1.0000014431714723
