1.0065062676359284
1.0064244314860893
1.0063273602933727
1.0062152793069021
1.0060884486940109
1.0059471629920411
1.0057917504862206
1.0056225725143741
1.0054400226993214
1.0052445261099303
1.0050365383519075
1.0048165445895305
1.0045850584996459
1.0043426211593942
1.0040897998692611
1.0038271869131870
1.0035553982576264
1.0032750721915900
1.0029868679098648
1.0026914640417761
1.0023895571280022
1.0020818600481427
1.0017691004019014
1.0014520188469147
1.0011313673964446
1.0008079076803147
1.0004824091726550
1.0001556473901811
0.9998284020649143
0.9995014552953998
0.9991755896806487
0.9988515864411819
0.9985302235316849
0.9982122737499267
0.9978985028467175
0.9975896676417790
0.9972865141505073
0.9969897757266828
0.9967001712262432
0.9964184031972831
0.9961451561014679
0.9958810945720525
0.9956268617136875
0.9953830774491464
0.9951503369180588
0.9949292089326348
0.9947202344952771
0.9945239253828332
0.9943407628020869
0.9941711961209113
0.9940156416793056
0.9938744816843107
0.9937480631925550
0.9936366971839088
0.9935406577294466
0.9934601812566052
0.9933954659141094
0.9933466710388965
0.9933139167269230
0.9932972835093730
0.9932968121354212
0.9933125034623246
0.9933443184532326
0.9933921782827277
0.9934559645497152
0.9935355195969088
0.9936306469357757
0.9937411117754331
0.9938666416536293
0.9940069271675935
0.9941616228021959
0.9943303478525413
0.9945126874378146
0.9947081936029060
0.9949163865040750
0.9951367556746725
0.9953687613667044
0.9956118359638232
0.9958653854611551
0.9961287910072134
0.9964014105030109
0.9966825802533864
0.9969716166654659
0.9972678179891216
0.9975704660942533
0.9978788282796982
0.9981921591085806
0.9985097022649357
0.9988306924264907
0.9991543571485398
0.9994799187539389
0.9998065962243318
1.0001336070878308
1.0004601692984969
1.0007855031030950
1.0011088328907483
1.0014293890212547
1.0017464096280022
1.0020591423915699
1.0023668462802768
1.0026687932541136
1.0029642699286572
1.0032525791957583
1.0035330417979480
1.0038049978537000
1.0040678083308470
1.0043208564656236
1.0045635491249651
1.0047953181098654
1.0050156213977488
1.0052239443219606
1.0054198006866339
1.0056027338153315
1.0057723175319968
1.0059281570728784
1.0060698899282243
1.0061971866126529
1.0063097513632298
1.0064073227643924
1.0064896742989649
1.0065566148246103
1.0066079889751640
1.0066436774863812
1.0066635974457381
1.0066677024659951
1.0066559827823380
1.0066284652729780
1.0065852134031961
1.0065263270928877
1.0064519425077567
1.0063622317743952
1.0062574026195623
1.0061376979340855
1.0060033952618763
1.0058548062146673
1.0056922758131683
1.0055161817554452
1.0053269336134321
1.0051249719586000
1.0049107674179258
1.0046848196614264
1.0044476563226485
1.0041998318536438
1.0039419263160976
1.0036745441104200
1.0033983126447648
1.0031138809460907
1.0028219182155396
1.0025231123305749
1.0022181682964888
1.0019078066500515
1.0015927618182596
1.0012737804353060
1.0009516196210719
1.0006270452246151
1.0003008300363021
0.9999737519724041
0.9996465922361416
0.9993201334593221
0.9989951578288715
0.9986724452027114
0.9983527712195666
0.9980369054074152
0.9977256092954179
0.9974196345342519
0.9971197210298728
0.9968265950957921
0.9965409676290171
0.9962635323148336
0.9959949638656227
0.9957359162989091
0.9954870212597903
0.9952488863928736
0.9950220937687553
0.9948071983699897
0.9946047266413711
0.9944151751092130
0.9942390090741375
0.9940766613817035
0.9939285312749839
0.9937949833329653
0.9936763464983893
0.9935729131983743
0.9934849385608696
0.9934126397296666
0.9933561952803699
0.9933157447393882
0.9932913882076475
0.9932831860903550
0.9932911589337888
0.9933152873696793
0.9933555121673929
0.9934117343937250
0.9934838156797342
0.9935715785936651
0.9936748071186404
0.9937932472334282
0.9939266075942401
0.9940745603151635
0.9942367418445114
0.9944127539340553
0.9946021646978024
0.9948045097567133
0.9950192934654886
0.9952459902173250
0.9954840458223143
0.9957328789549857
0.9959918826663062
0.9962604259553181
0.9965378553954790
0.9968234968106598
0.9971166569956909
0.9974166254762968
0.9977226763032259
0.9980340698753866
0.9983500547868053
0.9986698696922649
0.9989927451865268
0.9993179056921204
0.9996445713507588
0.9999719599135565
1.0002992886253244
1.0006257760983552
1.0009506441712479
1.0012731197484599
1.0015924366164426
1.0019078372323689
1.0022185744816294
1.0025239134004456
1.0028231328601218
1.0031155272096268
1.0034004078733818
1.0036771049012900
1.0039449684682318
1.0042033703204132
1.0044517051661177
1.0046893920085846
1.0049158754188912
1.0051306267468700
1.0053331452682546
1.0055229592663724
1.0056996270468590
1.0058627378839937
1.0060119128973923
1.0061468058579055
1.0062671039217030
1.0063725282916252
1.0064628348049911
1.0065378144471708
1.0065972937903112
1.0066411353567111
1.0066692379064308
1.0066815366488113
1.0066780033776657
1.0066586465299983
1.0066235111681798
1.0065726788856040
1.0065062676359284
1.0064244314860893
1.0063273602933727
1.0062152793069021
