1.0000077178548858
1.0000076219624123
1.0000075079945456
1.0000073762257622
1.0000072269730012
1.0000070605949045
1.0000068774909612
1.0000066781005486
1.0000064629018830
1.0000062324108743
1.0000059871798934
1.0000057277964507
1.0000054548817916
1.0000051690894096
1.0000048711034850
1.0000045616372477
1.0000042414312731
1.0000039112517110
1.0000035718884532
1.0000032241532475
1.0000028688777538
1.0000025069115579
1.0000021391201399
1.0000017663828051
1.0000013895905833
1.0000010096440983
1.0000006274514164
1.0000002439258744
0.9999998599838961
0.9999994765428047
0.9999990945186280
0.9999987148239086
0.9999983383655234
0.9999979660425163
0.9999975987439498
0.9999972373467805
0.9999968827137643
0.9999965356913929
0.9999961971078716
0.9999958677711397
0.9999955484669402
0.9999952399569437
0.9999949429769277
0.9999946582350173
0.9999943864099934
0.9999941281496744
0.9999938840693658
0.9999936547503916
0.9999934407387054
0.9999932425435859
0.9999930606364205
0.9999928954495813
0.9999927473753937
0.9999926167651985
0.9999925039285130
0.9999924091322939
0.9999923326002980
0.9999922745125511
0.9999922350049202
0.9999922141687890
0.9999922120508433
0.9999922286529584
0.9999922639321970
0.9999923178009168
0.9999923901269789
0.9999924807340671
0.9999925894021111
0.9999927158678146
0.9999928598252852
0.9999930209267697
0.9999931987834892
0.9999933929665696
0.9999936030080683
0.9999938284020956
0.9999940686060264
0.9999943230417997
0.9999945910973034
0.9999948721278369
0.9999951654576577
0.9999954703815979
0.9999957861667547
0.9999961120542415
0.9999964472610073
0.9999967909817102
0.9999971423906443
0.9999975006437167
0.9999978648804670
0.9999982342261282
0.9999986077937191
0.9999989846861663
0.9999993639984529
0.9999997448197843
1.0000001262357661
1.0000005073305929
1.0000008871892407
1.0000012648996541
1.0000016395549320
1.0000020102554970
1.0000023761112473
1.0000027362436861
1.0000030897880257
1.0000034358952552
1.0000037737341747
1.0000041024933823
1.0000044213832171
1.0000047296376469
1.0000050265161016
1.0000053113052461
1.0000055833206873
1.0000058419086149
1.0000060864473630
1.0000063163489010
1.0000065310602391
1.0000067300647506
1.0000069128834097
1.0000070790759381
1.0000072282418619
1.0000073600214687
1.0000074740966702
1.0000075701917637
1.0000076480740918
1.0000077075546019
1.0000077484882974
1.0000077707745889
1.0000077743575333
1.0000077592259724
1.0000077254135573
1.0000076729986724
1.0000076021042485
1.0000075128974713
1.0000074055893819
1.0000072804343754
1.0000071377295927
1.0000069778142124
1.0000068010686403
1.0000066079136014
1.0000063988091359
1.0000061742535009
1.0000059347819807
1.0000056809656084
1.0000054134097998
1.0000051327529083
1.0000048396646999
1.0000045348447530
1.0000042190207878
1.0000038929469264
1.0000035574018915
1.0000032131871450
1.0000028611249743
1.0000025020565255
1.0000021368397924
1.0000017663475669
1.0000013914653527
1.0000010130892489
1.0000006321238089
1.0000002494798765
0.9999998660724091
0.9999994828182921
0.9999991006341455
0.9999987204341325
0.9999983431277740
0.9999979696177745
0.9999976007978620
0.9999972375506521
0.9999968807455379
0.9999965312366107
0.9999961898606174
0.9999958574349616
0.9999955347557463
0.9999952225958711
0.9999949217031834
0.9999946327986895
0.9999943565748299
0.9999940936938234
0.9999938447860813
0.9999936104486997
0.9999933912440312
0.9999931876983384
0.9999930003005369
0.9999928295010218
0.9999926757105895
0.9999925392994575
0.9999924205963754
0.9999923198878377
0.9999922374173983
0.9999921733850855
0.9999921279469234
0.9999921012145550
0.9999920932549738
0.9999921040903622
0.9999921336980372
0.9999921820105019
0.9999922489156052
0.9999923342568087
0.9999924378335574
0.9999925594017586
0.9999926986743631
0.9999928553220493
0.9999930289740063
0.9999932192188198
0.9999934256054531
0.9999936476443237
0.9999938848084717
0.9999941365348169
0.9999944022255032
0.9999946812493259
0.9999949729432369
0.9999952766139280
0.9999955915394864
0.9999959169711169
0.9999962521349309
0.9999965962337932
0.9999969484492262
0.9999973079433626
0.9999976738609472
0.9999980453313774
0.9999984214707843
0.9999988013841409
0.9999991841674014
0.9999995689096579
0.9999999546953160
1.0000003406062805
1.0000007257241486
1.0000011091324028
1.0000014899185989
1.0000018671765449
1.0000022400084629
1.0000026075271340
1.0000029688580161
1.0000033231413332
1.0000036695341274
1.0000040072122716
1.0000043353724366
1.0000046532340108
1.0000049600409604
1.0000052550636374
1.0000055376005190
1.0000058069798834
1.0000060625614133
1.0000063037377243
1.0000065299358130
1.0000067406184243
1.0000069352853351
1.0000071134745461
1.0000072747633864
1.0000074187695203
1.0000075451518602
1.0000076536113789
1.0000077438918233
1.0000078157803245
1.0000078691079046
1.0000079037498792
1.0000079196261527
1.0000079167014095
1.0000078949851967
1.0000078545318998
1.0000077954406095
1.0000077178548858
1.0000076219624123
1.0000075079945456
1.0000073762257622
