1.0053171215235137
1.0052501585195128
1.0051707299074781
1.0050790210452443
1.0049752460001589
1.0048596470869888
1.0047324943438343
1.0045940849468027
1.0044447425642964
1.0042848166518639
1.0041146816886757
1.0039347363567901
1.0037454026644856
1.0035471250150529
1.0033403692225507
1.0031256214761564
1.0029033872548561
1.0026741901943532
1.0024385709081891
1.0021970857652092
1.0019503056256287
1.0016988145380890
1.0014432084002221
1.0011840935853733
1.0009220855382630
1.0006578073424945
1.0003918882629426
1.0001249622661781
0.9998576665222045
0.9995906398908978
0.9993245213966463
0.9990599486947921
0.9987975565335692
0.9985379752153155
0.9982818290608186
0.9980297348807194
0.9977823004579490
0.9975401230452208
0.9973037878816275
0.9970738667324123
0.9968509164559810
0.9966354776022127
0.9964280730460917
0.9962292066606460
0.9960393620331093
0.9958590012281525
0.9956885636019290
0.9955284646705693
0.9953790950366326
0.9952408193768730
0.9951139754945275
0.9949988734391403
0.9948957946967605
0.9948049914531318
0.9947266859322803
0.9946610698126715
0.9946083037228615
0.9945685168183124
0.9945418064407904
0.9945282378614727
0.9945278441086260
0.9945406258804356
0.9945665515432801
0.9946055572154578
0.9946575469360781
0.9947223929185567
0.9947999358878643
0.9948899855004042
0.9949923208451217
0.9951066910241830
0.9952328158113047
0.9953703863855790
0.9955190661383954
0.9956784915508474
0.9958482731387979
0.9960279964625938
0.9962172231982308
0.9964154922666179
0.9966223210174395
0.9968372064639821
0.9970596265651870
0.9972890415510851
0.9975248952877025
0.9977666166774519
0.9980136210909892
0.9982653118264759
0.9985210815921792
0.9987803140083438
0.9990423851242849
0.9993066649466751
0.9995725189750481
0.9998393097405927
1.0001063983443776
1.0003731459912191
1.0006389155154953
1.0009030728953046
1.0011649887514600
1.0014240398279297
1.0016796104504364
1.0019310939600590
1.0021778941187933
1.0024194264841639
1.0026551197500919
1.0028844170513740
1.0031067772292384
1.0033216760555888
1.0035286074136720
1.0037270844330346
1.0039166405767608
1.0040968306791165
1.0042672319318460
1.0044274448174841
1.0045770939881711
1.0047158290885800
1.0048433255216693
1.0049592851560898
1.0050634369741855
1.0051555376596317
1.0052353721238527
1.0053027539704618
1.0053575258970679
1.0053995600338859
1.0054287582186763
1.0054450522076455
1.0054484038220108
1.0054388050300294
1.0054162779643847
1.0053808748749040
1.0053326780166709
1.0052717994736822
1.0051983809182923
1.0051125933067750
1.0050146365114210
1.0049047388896808
1.0047831567909604
1.0046501740017739
1.0045061011300545
1.0043512749295229
1.0041860575651227
1.0040108358206274
1.0038260202496498
1.0036320442713813
1.0034293632125115
1.0032184532968984
1.0029998105846747
1.0027739498626020
1.0025414034876148
1.0023027201856123
1.0020584638076953
1.0018092120461706
1.0015555551127813
1.0012980943817407
1.0010374410002956
1.0007742144696605
1.0005090411992932
1.0002425530376118
0.9999753857823684
0.9997081776740177
0.9994415678755274
0.9991761949421778
0.9989126952850045
0.9986517016316223
0.9983938414882549
0.9981397356068608
0.9978899964613084
0.9976452267366052
0.9974060178352182
0.9971729484045486
0.9969465828896329
0.9967274701151342
0.9965161419006676
0.9963131117134717
0.9961188733623715
0.9959338997369229
0.9957586415955387
0.9955935264062840
0.9954389572439160
0.9952953117466092
0.9951629411356426
0.9950421693011684
0.9949332919569869
0.9948365758670569
0.9947522581462568
0.9946805456376835
0.9946216143685417
0.9945756090864205
0.9945426428775008
0.9945227968679609
0.9945161200095838
0.9945226289502838
0.9945423079899824
0.9945751091219882
0.9946209521597331
0.9946797249484483
0.9947512836610652
0.9948354531773542
0.9949320275450330
0.9950407705213187
0.9951614161931230
0.9952936696738562
0.9954372078745589
0.9955916803468454
0.9957567101949454
0.9959318950539185
0.9961168081309296
0.9963109993063156
0.9965139962910045
0.9967253058367218
0.9969444149952920
0.9971707924232377
0.9974038897278001
0.9976431428504293
0.9978879734837338
0.9981377905178497
0.9983919915121636
0.9986499641883183
0.9989110879404400
0.9991747353585481
0.9994402737611418
0.9997070667330094
0.9999744756643686
1.0002418612875090
1.0005085852071980
1.0007740114211945
1.0010375078273228
1.0012984477136491
1.0015562112284231
1.0018101868265732
1.0020597726896410
1.0023043781161898
1.0025434248798308
1.0027763485521541
1.0030025997879686
1.0032216455703957
1.0034329704134914
1.0036360775201922
1.0038304898935231
1.0040157513991292
1.0041914277773056
1.0043571076028417
1.0045124031911057
1.0046569514489199
1.0047904146688851
1.0049124812659342
1.0050228664549943
1.0051213128687544
1.0052075911146281
1.0052815002701116
1.0053428683158281
1.0053915525056538
1.0054274396734060
1.0054504464756739
1.0054605195704571
1.0054576357313689
1.0054418018972542
1.0054130551571503
1.0053714626706125
1.0053171215235137
1.0052501585195128
1.0051707299074781
1.0050790210452443
