1.0146275662809723
1.0144452556113097
1.0142289815617711
1.0139792268933041
1.0136965496446775
1.0133815821506713
1.0130350299227864
1.0126576703919172
1.0122503515124373
1.0118139902271615
1.0113495707927218
1.0108581429649712
1.0103408200441542
1.0097987767797338
1.0092332471349523
1.0086455219114208
1.0080369462343108
1.0074089168990132
1.0067628795804644
1.0061003259067478
1.0054227903989725
1.0047318472799172
1.0040291071544178
1.0033162135650247
1.0025948394270303
1.0018666833475807
1.0011334658342244
1.0003969253989271
0.9996588145642711
0.9989208957792715
0.9981849372529702
0.9974527087147036
0.9967259771106759
0.9960065022472039
0.9952960323917222
0.9945962998433362
0.9939090164853844
0.9932358693331100
0.9925785160901432
0.9919385807280305
0.9913176491035253
0.9907172646287828
0.9901389240099249
0.9895840730696981
0.9890541026701103
0.9885503447509981
0.9880740685004350
0.9876264766727484
0.9872087020696598
0.9868218041996925
0.9864667661305169
0.9861444915483039
0.9858558020374518
0.9856014345932400
0.9853820393790493
0.9851981777387613
0.9850503204738523
0.9849388463935072
0.9848640411448010
0.9848260963286911
0.9848251089061604
0.9848610808974517
0.9849339193758866
0.9850434367562949
0.9851893513766303
0.9853712883699005
0.9855887808221189
0.9858412712106049
0.9861281131156386
0.9864485731971908
0.9868018334272773
0.9871869935673571
0.9876030738791842
0.9880490180565985
0.9885236963649147
0.9890259089738749
0.9895543894695125
0.9901078085298051
0.9906847777486185
0.9912838535921759
0.9919035414721434
0.9925422999193857
0.9931985448424976
0.9938706538553804
0.9945569706583770
0.9952558094578143
0.9959654594092160
0.9966841890699222
0.9974102508473951
0.9981418854300750
0.9988773261883068
0.9996148035335077
1.0003525492244603
1.0010888006103305
1.0018218048007494
1.0025498227540250
1.0032711332752902
1.0039840369171302
1.0046868597759244
1.0053779571778538
1.0060557172491900
1.0067185643661221
1.0073649624799881
1.0079934183143684
1.0086024844310302
1.0091907621622247
1.0097569044072960
1.0102996182919899
1.0108176676892409
1.0113098756005492
1.0117751263973735
1.0122123679222246
1.0126206134493743
1.0129989435052753
1.0133465075489563
1.0136625255127611
1.0139462892038988
1.0141971635673315
1.0144145878105455
1.0145980763907774
1.0147472198652323
1.0148616856048016
1.0149412183717459
1.0149856407617222
1.0149948535104649
1.0149688356653435
1.0149076446219125
1.0148114160254909
1.0146803635376875
1.0145147784677018
1.0143150292681362
1.0140815608949743
1.0138148940312928
1.0135156241742280
1.0131844205846647
1.0128220250990854
1.0124292508030202
1.0120069805655514
1.0115561654343637
1.0110778228909154
1.0105730349654030
1.0100429462113270
1.0094887615396364
1.0089117439126374
1.0083132118980920
1.0076945370842239
1.0070571413566611
1.0064024940387193
1.0057321088968181
1.0050475410132851
1.0043503835292706
1.0036422642610310
1.0029248421933887
1.0021998038547799
1.0014688595789267
1.0007337396588238
0.9999961903994181
0.9992579700760669
0.9985208448065674
0.9977865843453043
0.9970569578087813
0.9963337293425489
0.9956186537402655
0.9949134720263411
0.9942199070143080
0.9935396588537106
0.9928744005789316
0.9922257736739393
0.9915953836674550
0.9909847957734869
0.9903955305925481
0.9898290598891858
0.9892868024616388
0.9887701201195650
0.9882803137857950
0.9878186197379677
0.9873862060057145
0.9869841689387405
0.9866135299607260
0.9862752325234391
0.9859701392747919
0.9856990294538186
0.9854625965246805
0.9852614460608402
0.9850960938894751
0.9849669645050524
0.9848743897597648
0.9848186078372216
0.9847997625144308
0.9848179027157125
0.9848729823607553
0.9849648605075594
0.9850933017895628
0.9852579771447832
0.9854584648333790
0.9856942517386318
0.9859647349449877
0.9862692235855054
0.9866069409498199
0.9869770268425827
0.9873785401812661
0.9878104618212541
0.9882716975952658
0.9887610815533984
0.9892773793894206
0.9898192920384016
0.9903854594303406
0.9909744643841432
0.9915848366260832
0.9922150569168043
0.9928635612709198
0.9935287452533795
0.9942089683369798
0.9949025583056830
0.9956078156887977
0.9963230182114990
0.9970464252476910
0.9977762822617823
0.9985108252265584
0.9992482850049943
0.9999868916845335
1.0007248788530816
1.0014604878066822
1.0021919716795793
1.0029175994881137
1.0036356600806264
1.0043444659862739
1.0050423571563560
1.0057277045924449
1.0063989138562623
1.0070544284568821
1.0076927331114260
1.0083123568759911
1.0089118761440605
1.0094899175101446
1.0100451604968370
1.0105763401438783
1.0110822494581870
1.0115617417241367
1.0120137326736449
1.0124372025158805
1.0128311978266165
1.0131948332974072
1.0135272933449200
1.0138278335808515
1.0140957821429311
1.0143305408875549
1.0145315864446178
1.0146984711351033
1.0148308237519688
1.0149283502048090
1.0149908340287292
1.0150181367577755
1.0150101981631992
1.0149670363567245
1.0148887477589021
1.0147755069325231
1.0146275662809723
1.0144452556113097
1.0142289815617711
1.0139792268933041
