1.0000006592358646
1.0000006512667230
1.0000006417675855
1.0000006307615448
1.0000006182752765
1.0000006043389793
1.0000005889862997
1.0000005722542527
1.0000005541831325
1.0000005348164183
1.0000005142006685
1.0000004923854116
1.0000004694230233
1.0000004453686042
1.0000004202798476
1.0000003942169007
1.0000003672422220
1.0000003394204298
1.0000003108181497
1.0000002815038551
1.0000002515477031
1.0000002210213661
1.0000001899978614
1.0000001585513751
1.0000001267570862
1.0000000946909868
1.0000000624297005
1.0000000300502982
0.9999999976301138
0.9999999652465614
0.9999999329769482
0.9999999008982916
0.9999998690871326
0.9999998376193560
0.9999998065700073
0.9999997760131130
0.9999997460215049
0.9999997166666468
0.9999996880184615
0.9999996601451655
0.9999996331131055
0.9999996069865991
0.9999995818277829
0.9999995576964632
0.9999995346499723
0.9999995127430338
0.9999994920276319
0.9999994725528868
0.9999994543649374
0.9999994375068311
0.9999994220184211
0.9999994079362714
0.9999993952935695
0.9999993841200467
0.9999993744419099
0.9999993662817771
0.9999993596586252
0.9999993545877431
0.9999993510806958
0.9999993491452985
0.9999993487855966
0.9999993500018558
0.9999993527905628
0.9999993571444353
0.9999993630524395
0.9999993704998148
0.9999993794681121
0.9999993899352365
0.9999994018755011
0.9999994152596888
0.9999994300551227
0.9999994462257442
0.9999994637321998
0.9999994825319356
0.9999995025793003
0.9999995238256525
0.9999995462194792
0.9999995697065197
0.9999995942298950
0.9999996197302436
0.9999996461458651
0.9999996734128671
0.9999997014653194
0.9999997302354099
0.9999997596536089
0.9999997896488362
0.9999998201486301
0.9999998510793229
0.9999998823662166
0.9999999139337590
0.9999999457057288
0.9999999776054170
1.0000000095558115
1.0000000414797798
1.0000000733002554
1.0000001049404215
1.0000001363238951
1.0000001673749095
1.0000001980184969
1.0000002281806684
1.0000002577885903
1.0000002867707609
1.0000003150571797
1.0000003425795143
1.0000003692712656
1.0000003950679262
1.0000004199071368
1.0000004437288343
1.0000004664753956
1.0000004880917770
1.0000005085256451
1.0000005277275035
1.0000005456508092
1.0000005622520860
1.0000005774910279
1.0000005913305963
1.0000006037371094
1.0000006146803229
1.0000006241335022
1.0000006320734862
1.0000006384807445
1.0000006433394226
1.0000006466373803
1.0000006483662234
1.0000006485213220
1.0000006471018223
1.0000006441106484
1.0000006395544969
1.0000006334438205
1.0000006257928034
1.0000006166193258
1.0000006059449236
1.0000005937947365
1.0000005801974496
1.0000005651852242
1.0000005487936185
1.0000005310615072
1.0000005120309858
1.0000004917472709
1.0000004702585905
1.0000004476160713
1.0000004238736160
1.0000003990877753
1.0000003733176117
1.0000003466245573
1.0000003190722682
1.0000002907264736
1.0000002616548183
1.0000002319267010
1.0000002016131080
1.0000001707864430
1.0000001395203562
1.0000001078895659
1.0000000759696805
1.0000000438370178
1.0000000115684229
0.9999999792410844
0.9999999469323506
0.9999999147195451
0.9999998826797795
0.9999998508897706
0.9999998194256571
0.9999997883628169
0.9999997577756857
0.9999997277375806
0.9999996983205243
0.9999996695950736
0.9999996416301493
0.9999996144928704
0.9999995882483943
0.9999995629597618
0.9999995386877457
0.9999995154907060
0.9999994934244494
0.9999994725420972
0.9999994528939575
0.9999994345274034
0.9999994174867597
0.9999994018131971
0.9999993875446332
0.9999993747156432
0.9999993633573749
0.9999993534974755
0.9999993451600246
0.9999993383654748
0.9999993331306042
0.9999993294684756
0.9999993273884066
0.9999993268959445
0.9999993279928537
0.9999993306771110
0.9999993349429096
0.9999993407806741
0.9999993481770821
0.9999993571150952
0.9999993675740002
0.9999993795294579
0.9999993929535607
0.9999994078148994
0.9999994240786368
0.9999994417065924
0.9999994606573303
0.9999994808862609
0.9999995023457454
0.9999995249852109
0.9999995487512700
0.9999995735878465
0.9999995994363107
0.9999996262356173
0.9999996539224525
0.9999996824313858
0.9999997116950228
0.9999997416441679
0.9999997722079903
0.9999998033141907
0.9999998348891760
0.9999998668582322
0.9999998991457036
0.9999999316751734
0.9999999643696456
0.9999999971517283
1.0000000299438192
1.0000000626682899
1.0000000952476713
1.0000001276048391
1.0000001596631969
1.0000001913468592
1.0000002225808327
1.0000002532911931
1.0000002834052637
1.0000003128517869
1.0000003415610941
1.0000003694652733
1.0000003964983293
1.0000004225963435
1.0000004476976256
1.0000004717428601
1.0000004946752454
1.0000005164406300
1.0000005369876426
1.0000005562678160
1.0000005742357030
1.0000005908489820
1.0000006060685578
1.0000006198586548
1.0000006321869046
1.0000006430244195
1.0000006523458631
1.0000006601295095
1.0000006663572976
1.0000006710148717
1.0000006740916167
1.0000006755806821
1.0000006754789983
1.0000006737872840
1.0000006705100446
1.0000006656555593
1.0000006592358646
1.0000006512667230
1.0000006417675855
1.0000006307615448
