1.0000000000044211
1.0000000000044391
1.0000000000044507
1.0000000000044567
1.0000000000044560
1.0000000000044496
1.0000000000044360
1.0000000000044147
1.0000000000043847
1.0000000000043459
1.0000000000042986
1.0000000000042426
1.0000000000041784
1.0000000000041067
1.0000000000040272
1.0000000000039400
1.0000000000038467
1.0000000000037479
1.0000000000036453
1.0000000000035398
1.0000000000034315
1.0000000000033200
1.0000000000032061
1.0000000000030898
1.0000000000029716
1.0000000000028519
1.0000000000027311
1.0000000000026090
1.0000000000024869
1.0000000000023654
1.0000000000022455
1.0000000000021283
1.0000000000020135
1.0000000000019020
1.0000000000017939
1.0000000000016884
1.0000000000015843
1.0000000000014821
1.0000000000013833
1.0000000000012883
1.0000000000011979
1.0000000000011111
1.0000000000010278
1.0000000000009488
1.0000000000008746
1.0000000000008054
1.0000000000007425
1.0000000000006852
1.0000000000006322
1.0000000000005840
1.0000000000005411
1.0000000000005043
1.0000000000004730
1.0000000000004479
1.0000000000004283
1.0000000000004141
1.0000000000004046
1.0000000000003997
1.0000000000003983
1.0000000000004006
1.0000000000004059
1.0000000000004134
1.0000000000004214
1.0000000000004294
1.0000000000004374
1.0000000000004456
1.0000000000004541
1.0000000000004634
1.0000000000004736
1.0000000000004845
1.0000000000004956
1.0000000000005071
1.0000000000005191
1.0000000000005334
1.0000000000005498
1.0000000000005682
1.0000000000005884
1.0000000000006108
1.0000000000006350
1.0000000000006604
1.0000000000006859
1.0000000000007090
1.0000000000007292
1.0000000000007465
1.0000000000007607
1.0000000000007718
1.0000000000007805
1.0000000000007876
1.0000000000007929
1.0000000000007967
1.0000000000007989
1.0000000000007994
1.0000000000007976
1.0000000000007918
1.0000000000007832
1.0000000000007714
1.0000000000007585
1.0000000000007445
1.0000000000007290
1.0000000000007117
1.0000000000006928
1.0000000000006719
1.0000000000006495
1.0000000000006251
1.0000000000005982
1.0000000000005693
1.0000000000005382
1.0000000000005054
1.0000000000004710
1.0000000000004363
1.0000000000004017
1.0000000000003675
1.0000000000003335
1.0000000000002993
1.0000000000002662
1.0000000000002345
1.0000000000002036
1.0000000000001734
1.0000000000001446
1.0000000000001186
1.0000000000000959
1.0000000000000770
1.0000000000000611
1.0000000000000475
1.0000000000000362
1.0000000000000275
1.0000000000000233
1.0000000000000242
1.0000000000000300
1.0000000000000406
1.0000000000000555
1.0000000000000731
1.0000000000000926
1.0000000000001130
1.0000000000001337
1.0000000000001541
1.0000000000001736
1.0000000000001923
1.0000000000002096
1.0000000000002265
1.0000000000002442
1.0000000000002645
1.0000000000002869
1.0000000000003113
1.0000000000003357
1.0000000000003584
1.0000000000003784
1.0000000000003955
1.0000000000004097
1.0000000000004214
1.0000000000004308
1.0000000000004374
1.0000000000004419
1.0000000000004448
1.0000000000004463
1.0000000000004463
1.0000000000004454
1.0000000000004432
1.0000000000004392
1.0000000000004334
1.0000000000004268
1.0000000000004199
1.0000000000004132
1.0000000000004075
1.0000000000004023
1.0000000000003977
1.0000000000003928
1.0000000000003872
1.0000000000003799
1.0000000000003704
1.0000000000003586
1.0000000000003448
1.0000000000003288
1.0000000000003111
1.0000000000002924
1.0000000000002720
1.0000000000002498
1.0000000000002256
1.0000000000001987
1.0000000000001692
1.0000000000001366
1.0000000000000999
1.0000000000000602
1.0000000000000187
0.9999999999999762
0.9999999999999337
0.9999999999998920
0.9999999999998516
0.9999999999998123
0.9999999999997743
0.9999999999997381
0.9999999999997041
0.9999999999996719
0.9999999999996421
0.9999999999996154
0.9999999999995915
0.9999999999995709
0.9999999999995539
0.9999999999995407
0.9999999999995299
0.9999999999995217
0.9999999999995162
0.9999999999995128
0.9999999999995125
0.9999999999995166
0.9999999999995259
0.9999999999995416
0.9999999999995628
0.9999999999995887
0.9999999999996178
0.9999999999996496
0.9999999999996857
0.9999999999997276
0.9999999999997758
0.9999999999998305
0.9999999999998915
0.9999999999999584
1.0000000000000309
1.0000000000001090
1.0000000000001932
1.0000000000002836
1.0000000000003808
1.0000000000004852
1.0000000000005962
1.0000000000007143
1.0000000000008387
1.0000000000009677
1.0000000000011000
1.0000000000012350
1.0000000000013727
1.0000000000015121
1.0000000000016538
1.0000000000017963
1.0000000000019393
1.0000000000020821
1.0000000000022247
1.0000000000023666
1.0000000000025087
1.0000000000026503
1.0000000000027909
1.0000000000029299
1.0000000000030658
1.0000000000031977
1.0000000000033249
1.0000000000034472
1.0000000000035651
1.0000000000036782
1.0000000000037843
1.0000000000038836
1.0000000000039757
1.0000000000040601
1.0000000000041378
1.0000000000042086
1.0000000000042710
1.0000000000043228
1.0000000000043638
1.0000000000043963
1.0000000000044211
1.0000000000044391
1.0000000000044507
1.0000000000044567
