1.0000014480331076
1.0000014303306848
1.0000014092551066
1.0000013848574070
1.0000013571965347
1.0000013263392116
1.0000012923597708
1.0000012553399797
1.0000012153688436
1.0000011725423925
1.0000011269634532
1.0000010787414004
1.0000010279918972
1.0000009748366174
1.0000009194029567
1.0000008618237244
1.0000008022368279
1.0000007407849434
1.0000006776151713
1.0000006128786874
1.0000005467303814
1.0000004793284856
1.0000004108341967
1.0000003414112912
1.0000002712257332
1.0000002004452770
1.0000001292390683
1.0000000577772385
0.9999999862304987
0.9999999147697317
0.9999998435655826
0.9999997727880506
0.9999997026060847
0.9999996331871772
0.9999995646969655
0.9999994972988367
0.9999994311535381
0.9999993664187909
0.9999993032489151
0.9999992417944581
0.9999991822018371
0.9999991246129898
0.9999990691650337
0.9999990159899406
0.9999989652142210
0.9999989169586226
0.9999988713378417
0.9999988284602493
0.9999987884276321
0.9999987513349478
0.9999987172701009
0.9999986863137319
0.9999986585390254
0.9999986340115362
0.9999986127890318
0.9999985949213565
0.9999985804503120
0.9999985694095592
0.9999985618245368
0.9999985577124004
0.9999985570819833
0.9999985599337768
0.9999985662599296
0.9999985760442645
0.9999985892623190
0.9999986058814043
0.9999986258606858
0.9999986491512795
0.9999986756963707
0.9999987054313479
0.9999987382839612
0.9999987741744938
0.9999988130159551
0.9999988547142874
0.9999988991685934
0.9999989462713763
0.9999989959087988
0.9999990479609538
0.9999991023021547
0.9999991588012354
0.9999992173218644
0.9999992777228727
0.9999993398585892
0.9999994035791913
0.9999994687310630
0.9999995351571662
0.9999996026974135
0.9999996711890512
0.9999997404670504
0.9999998103645040
0.9999998807130243
0.9999999513431462
1.0000000220847329
1.0000000927673858
1.0000001632208513
1.0000002332754279
1.0000003027623723
1.0000003715143042
1.0000004393656068
1.0000005061528228
1.0000005717150477
1.0000006358943148
1.0000006985359728
1.0000007594890559
1.0000008186066445
1.0000008757462204
1.0000009307700048
1.0000009835452912
1.0000010339447625
1.0000010818467957
1.0000011271357523
1.0000011697022575
1.0000012094434596
1.0000012462632775
1.0000012800726314
1.0000013107896568
1.0000013383398989
1.0000013626564943
1.0000013836803296
1.0000014013601839
1.0000014156528518
1.0000014265232477
1.0000014339444880
1.0000014378979565
1.0000014383733513
1.0000014353687101
1.0000014288904115
1.0000014189531647
1.0000014055799724
1.0000013888020769
1.0000013686588856
1.0000013451978766
1.0000013184744863
1.0000012885519785
1.0000012555012932
1.0000012194008754
1.0000011803364894
1.0000011384010135
1.0000010936942196
1.0000010463225331
1.0000009963987802
1.0000009440419171
1.0000008893767471
1.0000008325336227
1.0000007736481331
1.0000007128607813
1.0000006503166463
1.0000005861650396
1.0000005205591469
1.0000004536556610
1.0000003856144095
1.0000003165979710
1.0000002467712874
1.0000001763012689
1.0000001053563956
1.0000000341063164
0.9999999627214420
0.9999998913725344
0.9999998202303032
0.9999997494649954
0.9999996792459867
0.9999996097413796
0.9999995411175998
0.9999994735389999
0.9999994071674646
0.9999993421620250
0.9999992786784764
0.9999992168690063
0.9999991568818299
0.9999990988608379
0.9999990429452494
0.9999989892692799
0.9999989379618198
0.9999988891461264
0.9999988429395290
0.9999987994531467
0.9999987587916231
0.9999987210528778
0.9999986863278701
0.9999986547003819
0.9999986262468163
0.9999986010360149
0.9999985791290907
0.9999985605792844
0.9999985454318339
0.9999985337238668
0.9999985254843129
0.9999985207338323
0.9999985194847658
0.9999985217411056
0.9999985274984843
0.9999985367441853
0.9999985494571734
0.9999985656081432
0.9999985851595881
0.9999986080658900
0.9999986342734276
0.9999986637207040
0.9999986963384925
0.9999987320500017
0.9999987707710586
0.9999988124103090
0.9999988568694341
0.9999989040433879
0.9999989538206455
0.9999990060834679
0.9999990607081837
0.9999991175654841
0.9999991765207307
0.9999992374342764
0.9999993001617989
0.9999993645546464
0.9999994304601902
0.9999994977221910
0.9999995661811697
0.9999996356747878
0.9999997060382361
0.9999997771046264
0.9999998487053907
0.9999999206706817
0.9999999928297784
1.0000000650114957
1.0000001370445899
1.0000002087581692
1.0000002799821011
1.0000003505474180
1.0000004202867192
1.0000004890345719
1.0000005566279058
1.0000006229064002
1.0000006877128684
1.0000007508936331
1.0000008122988917
1.0000008717830746
1.0000009292051912
1.0000009844291666
1.0000010373241683
1.0000010877649168
1.0000011356319831
1.0000011808120741
1.0000012231983031
1.0000012626904442
1.0000012991951717
1.0000013326262831
1.0000013629049029
1.0000013899596727
1.0000014137269206
1.0000014341508110
1.0000014511834783
1.0000014647851418
1.0000014749241990
1.0000014815773020
1.0000014847294123
1.0000014843738354
1.0000014805122357
1.0000014731546327
1.0000014623193774
1.0000014480331076
1.0000014303306848
1.0000014092551066
1.0000013848574070
