1.0000000003321801
1.0000000003300611
1.0000000003272989
1.0000000003239025
1.0000000003198826
1.0000000003152503
1.0000000003100191
1.0000000003042020
1.0000000002978138
1.0000000002908702
1.0000000002833902
1.0000000002753930
1.0000000002668989
1.0000000002579295
1.0000000002485074
1.0000000002386560
1.0000000002283991
1.0000000002177611
1.0000000002067686
1.0000000001954483
1.0000000001838274
1.0000000001719320
1.0000000001597897
1.0000000001474285
1.0000000001348781
1.0000000001221696
1.0000000001093337
1.0000000000964007
1.0000000000834011
1.0000000000703662
1.0000000000573266
1.0000000000443117
1.0000000000313516
1.0000000000184754
1.0000000000057123
0.9999999999930919
0.9999999999806434
0.9999999999683966
0.9999999999563798
0.9999999999446203
0.9999999999331443
0.9999999999219776
0.9999999999111462
0.9999999999006733
0.9999999998905816
0.9999999998808931
0.9999999998716286
0.9999999998628082
0.9999999998544514
0.9999999998465765
0.9999999998392000
0.9999999998323378
0.9999999998260044
0.9999999998202125
0.9999999998149742
0.9999999998103000
0.9999999998061992
0.9999999998026791
0.9999999997997459
0.9999999997974039
0.9999999997956553
0.9999999997945015
0.9999999997939414
0.9999999997939719
0.9999999997945895
0.9999999997957885
0.9999999997975617
0.9999999997999016
0.9999999998027995
0.9999999998062453
0.9999999998102271
0.9999999998147329
0.9999999998197494
0.9999999998252622
0.9999999998312550
0.9999999998377100
0.9999999998446075
0.9999999998519273
0.9999999998596477
0.9999999998677456
0.9999999998761978
0.9999999998849805
0.9999999998940695
0.9999999999034405
0.9999999999130671
0.9999999999229224
0.9999999999329797
0.9999999999432112
0.9999999999535901
0.9999999999640873
0.9999999999746733
0.9999999999853179
0.9999999999959910
1.0000000000066629
1.0000000000173046
1.0000000000278866
1.0000000000383800
1.0000000000487566
1.0000000000589877
1.0000000000690443
1.0000000000788987
1.0000000000885245
1.0000000000978961
1.0000000001069871
1.0000000001157714
1.0000000001242242
1.0000000001323210
1.0000000001400398
1.0000000001473601
1.0000000001542635
1.0000000001607310
1.0000000001667442
1.0000000001722849
1.0000000001773373
1.0000000001818854
1.0000000001859151
1.0000000001894140
1.0000000001923697
1.0000000001947718
1.0000000001966127
1.0000000001978853
1.0000000001985834
1.0000000001987022
1.0000000001982385
1.0000000001971896
1.0000000001955549
1.0000000001933356
1.0000000001905354
1.0000000001871601
1.0000000001832172
1.0000000001787148
1.0000000001736624
1.0000000001680698
1.0000000001619491
1.0000000001553135
1.0000000001481757
1.0000000001405502
1.0000000001324527
1.0000000001239016
1.0000000001149170
1.0000000001055207
1.0000000000957345
1.0000000000855798
1.0000000000750793
1.0000000000642568
1.0000000000531382
1.0000000000417499
1.0000000000301175
1.0000000000182683
1.0000000000062312
0.9999999999940361
0.9999999999817141
0.9999999999692941
0.9999999999568060
0.9999999999442795
0.9999999999317438
0.9999999999192284
0.9999999999067646
0.9999999998943828
0.9999999998821133
0.9999999998699869
0.9999999998580328
0.9999999998462804
0.9999999998347573
0.9999999998234922
0.9999999998125134
0.9999999998018482
0.9999999997915244
0.9999999997815687
0.9999999997720065
0.9999999997628625
0.9999999997541602
0.9999999997459224
0.9999999997381697
0.9999999997309225
0.9999999997241996
0.9999999997180180
0.9999999997123954
0.9999999997073490
0.9999999997028924
0.9999999996990379
0.9999999996957964
0.9999999996931791
0.9999999996911961
0.9999999996898553
0.9999999996891623
0.9999999996891222
0.9999999996897376
0.9999999996910109
0.9999999996929422
0.9999999996955301
0.9999999996987718
0.9999999997026623
0.9999999997071943
0.9999999997123600
0.9999999997181497
0.9999999997245520
0.9999999997315542
0.9999999997391423
0.9999999997473027
0.9999999997560193
0.9999999997652742
0.9999999997750482
0.9999999997853208
0.9999999997960716
0.9999999998072795
0.9999999998189220
0.9999999998309756
0.9999999998434150
0.9999999998562149
0.9999999998693485
0.9999999998827879
0.9999999998965045
0.9999999999104691
0.9999999999246512
0.9999999999390207
0.9999999999535474
0.9999999999682003
0.9999999999829483
0.9999999999977592
1.0000000000126008
1.0000000000274409
1.0000000000422480
1.0000000000569902
1.0000000000716358
1.0000000000861533
1.0000000001005120
1.0000000001146814
1.0000000001286311
1.0000000001423315
1.0000000001557534
1.0000000001688689
1.0000000001816496
1.0000000001940692
1.0000000002061022
1.0000000002177234
1.0000000002289089
1.0000000002396350
1.0000000002498792
1.0000000002596194
1.0000000002688352
1.0000000002775074
1.0000000002856175
1.0000000002931486
1.0000000003000862
1.0000000003064173
1.0000000003121301
1.0000000003172143
1.0000000003216611
1.0000000003254634
1.0000000003286142
1.0000000003311080
1.0000000003329403
1.0000000003341094
1.0000000003346161
1.0000000003344618
1.0000000003336487
1.0000000003321801
1.0000000003300611
1.0000000003272989
1.0000000003239025
