1.0000161692958525
1.0000159674315097
1.0000157276377966
1.0000154504912795
1.0000151366576604
1.0000147868901870
1.0000144020278496
1.0000139829933747
1.0000135307910170
1.0000130465041595
1.0000125312927199
1.0000119863903807
1.0000114131016384
1.0000108127986853
1.0000101869181275
1.0000095369575515
1.0000088644719431
1.0000081710699718
1.0000074584101442
1.0000067281968419
1.0000059821762470
1.0000052221321667
1.0000044498817704
1.0000036672712453
1.0000028761713833
1.0000020784731101
1.0000012760829653
1.0000004709185450
0.9999996649039180
0.9999988599650280
0.9999980580250891
0.9999972609999919
0.9999964707937209
0.9999956892938052
0.9999949183668059
0.9999941598538581
0.9999934155662693
0.9999926872811897
0.9999919767373641
0.9999912856309769
0.9999906156115991
0.9999899682782452
0.9999893451755532
0.9999887477900911
0.9999881775468062
0.9999876358056188
0.9999871238581747
0.9999866429247576
0.9999861941513730
0.9999857786070099
0.9999853972810880
0.9999850510810966
0.9999847408304230
0.9999844672663900
0.9999842310384935
0.9999840327068535
0.9999838727408762
0.9999837515181347
0.9999836693234686
0.9999836263483054
0.9999836226902085
0.9999836583526438
0.9999837332449770
0.9999838471826944
0.9999839998878444
0.9999841909897076
0.9999844200256859
0.9999846864424111
0.9999849895970720
0.9999853287589554
0.9999857031111972
0.9999861117527382
0.9999865537004831
0.9999870278916548
0.9999875331863388
0.9999880683702125
0.9999886321574529
0.9999892231938154
0.9999898400598727
0.9999904812744154
0.9999911452979958
0.9999918305366147
0.9999925353455325
0.9999932580332088
0.9999939968653494
0.9999947500690555
0.9999955158370657
0.9999962923320818
0.9999970776911644
0.9999978700301921
0.9999986674483676
0.9999994680327681
1.0000002698629198
1.0000010710153926
1.0000018695684028
1.0000026636064132
1.0000034512247120
1.0000042305339705
1.0000049996647629
1.0000057567720386
1.0000065000395375
1.0000072276841339
1.0000079379601015
1.0000086291632908
1.0000092996352083
1.0000099477669810
1.0000105720032049
1.0000111708456667
1.0000117428569282
1.0000122866637651
1.0000128009604532
1.0000132845118930
1.0000137361565633
1.0000141548093000
1.0000145394638935
1.0000148891954965
1.0000152031628371
1.0000154806102322
1.0000157208693978
1.0000159233610484
1.0000160875962834
1.0000162131777584
1.0000162998006390
1.0000163472533308
1.0000163554179893
1.0000163242708031
1.0000162538820521
1.0000161444159441
1.0000159961302244
1.0000158093755618
1.0000155845947132
1.0000153223214674
1.0000150231793712
1.0000146878802407
1.0000143172224656
1.0000139120891010
1.0000134734457573
1.0000130023382956
1.0000124998903304
1.0000119673005445
1.0000114058398266
1.0000108168482342
1.0000102017317940
1.0000095619591440
1.0000088990580229
1.0000082146116187
1.0000075102547876
1.0000067876701473
1.0000060485840547
1.0000052947624811
1.0000045280067926
1.0000037501494441
1.0000029630495988
1.0000021685886866
1.0000013686659064
1.0000005651936854
0.9999997600931085
0.9999989552893249
0.9999981527069460
0.9999973542654457
0.9999965618745699
0.9999957774297719
0.9999950028076803
0.9999942398616106
0.9999934904171355
0.9999927562677169
0.9999920391704202
0.9999913408417113
0.9999906629533527
0.9999900071284056
0.9999893749373456
0.9999887678943072
0.9999881874534627
0.9999876350055434
0.9999871118745119
0.9999866193143963
0.9999861585062881
0.9999857305555168
0.9999853364890028
0.9999849772528026
0.9999846537098411
0.9999843666378487
0.9999841167274978
0.9999839045807495
0.9999837307094117
0.9999835955339118
0.9999834993822903
0.9999834424894117
0.9999834249964009
0.9999834469503009
0.9999835083039593
0.9999836089161361
0.9999837485518392
0.9999839268828818
0.9999841434886647
0.9999843978571785
0.9999846893862253
0.9999850173848550
0.9999853810750139
0.9999857795934007
0.9999862119935277
0.9999866772479806
0.9999871742508699
0.9999877018204704
0.9999882587020439
0.9999888435708357
0.9999894550352372
0.9999900916401107
0.9999907518702650
0.9999914341540725
0.9999921368672241
0.9999928583366067
0.9999935968443008
0.9999943506316826
0.9999951179036244
0.9999958968327832
0.9999966855639644
0.9999974822185516
0.9999982848989940
0.9999990916933387
0.9999999006797978
1.0000007099313397
1.0000015175202892
1.0000023215229321
1.0000031200241100
1.0000039111217924
1.0000046929316202
1.0000054635914046
1.0000062212655756
1.0000069641495630
1.0000076904741071
1.0000083985094839
1.0000090865696361
1.0000097530161989
1.0000103962624109
1.0000110147769026
1.0000116070873526
1.0000121717840036
1.0000127075230276
1.0000132130297323
1.0000136871016057
1.0000141286111859
1.0000145365087534
1.0000149098248357
1.0000152476725184
1.0000155492495633
1.0000158138403215
1.0000160408174421
1.0000162296433686
1.0000163798716173
1.0000164911478435
1.0000165632106850
1.0000165958923832
1.0000165891191846
1.0000165429115111
1.0000164573839097
1.0000163327447755
1.0000161692958525
1.0000159674315097
1.0000157276377966
1.0000154504912795
