1.0000191797272602
1.0000189400515620
1.0000186553704742
1.0000183263682629
1.0000179538349692
1.0000175386645178
1.0000170818525791
1.0000165844941880
1.0000160477811246
1.0000154729990669
1.0000148615245132
1.0000142148214946
1.0000135344380703
1.0000128220026310
1.0000120792200058
1.0000113078673847
1.0000105097900729
1.0000096868970774
1.0000088411565460
1.0000079745910599
1.0000070892728019
1.0000061873186032
1.0000052708848848
1.0000043421625009
1.0000034033715033
1.0000024567558352
1.0000015045779669
1.0000005491134880
0.9999995926456684
0.9999986374600009
0.9999976858387380
0.9999967400554389
0.9999958023695344
0.9999948750209262
0.9999939602246342
0.9999930601655012
0.9999921769929706
0.9999913128159519
0.9999904696977771
0.9999896496512706
0.9999888546339391
0.9999880865432904
0.9999873472123003
0.9999866384050322
0.9999859618124211
0.9999853190482318
0.9999847116452042
0.9999841410513889
0.9999836086266883
0.9999831156396065
0.9999826632642207
0.9999822525773753
0.9999818845561097
0.9999815600753251
0.9999812799056965
0.9999810447118305
0.9999808550506799
0.9999807113702153
0.9999806140083579
0.9999805631921732
0.9999805590373322
0.9999806015478381
0.9999806906160221
0.9999808260228015
0.9999810074382095
0.9999812344221859
0.9999815064256335
0.9999818227917369
0.9999821827575353
0.9999825854557529
0.9999830299168768
0.9999835150714771
0.9999840397527691
0.9999846026994068
0.9999852025585039
0.9999858378888723
0.9999865071644728
0.9999872087780686
0.9999879410450727
0.9999887022075796
0.9999894904385742
0.9999903038463017
0.9999911404787973
0.9999919983285571
0.9999928753373404
0.9999937694010971
0.9999946783750014
0.9999956000785856
0.9999965323009548
0.9999974728060783
0.9999984193381397
0.9999993696269333
1.0000003213932953
1.0000012723545595
1.0000022202300141
1.0000031627463601
1.0000040976431501
1.0000050226781940
1.0000059356329241
1.0000068343177027
1.0000077165770587
1.0000085802948449
1.0000094233992991
1.0000102438680005
1.0000110397327071
1.0000118090840633
1.0000125500761681
1.0000132609309902
1.0000139399426224
1.0000145854813638
1.0000151959976153
1.0000157700255885
1.0000163061868099
1.0000168031934225
1.0000172598512644
1.0000176750627272
1.0000180478293832
1.0000183772543709
1.0000186625445473
1.0000189030123843
1.0000190980776136
1.0000192472686182
1.0000193502235608
1.0000194066912531
1.0000194165317584
1.0000193797167312
1.0000192963294836
1.0000191665647915
1.0000189907284305
1.0000187692364484
1.0000185026141744
1.0000181914949666
1.0000178366187016
1.0000174388300072
1.0000169990762453
1.0000165184052523
1.0000159979628371
1.0000154389900457
1.0000148428201938
1.0000142108756827
1.0000135446646041
1.0000128457771362
1.0000121158817457
1.0000113567212008
1.0000105701084081
1.0000097579220812
1.0000089221022519
1.0000080646456353
1.0000071876008580
1.0000062930635605
1.0000053831713893
1.0000044600988898
1.0000035260523088
1.0000025832643202
1.0000016339886890
1.0000006804948851
0.9999997250626568
0.9999987699765821
0.9999978175206069
0.9999968699725865
0.9999959295988397
0.9999949986487279
0.9999940793492780
0.9999931738998593
0.9999922844669230
0.9999914131788220
0.9999905621207205
0.9999897333296078
0.9999889287894266
0.9999881504263297
0.9999874001040707
0.9999866796195476
0.9999859906985044
0.9999853349914042
0.9999847140694786
0.9999841294209699
0.9999835824475706
0.9999830744610690
0.9999826066802094
0.9999821802277752
0.9999817961279028
0.9999814553036297
0.9999811585746832
0.9999809066555188
0.9999807001536076
0.9999805395679805
0.9999804252880318
0.9999803575925847
0.9999803366492213
0.9999803625138782
0.9999804351307102
0.9999805543322194
0.9999807198396533
0.9999809312636656
0.9999811881052457
0.9999814897569079
0.9999818355041389
0.9999822245271007
0.9999826559025893
0.9999831286062376
0.9999836415149630
0.9999841934096467
0.9999847829780447
0.9999854088179218
0.9999860694403997
0.9999867632735139
0.9999874886659669
0.9999882438910707
0.9999890271508713
0.9999898365804442
0.9999906702523481
0.9999915261812293
0.9999924023285641
0.9999932966075282
0.9999942068879817
0.9999951310015548
0.9999960667468282
0.9999970118945891
0.9999979641931593
0.9999989213737708
0.9999998811559859
1.0000008412531445
1.0000017993778250
1.0000027532473081
1.0000037005890281
1.0000046391460016
1.0000055666822176
1.0000064809879761
1.0000073798851652
1.0000082612324634
1.0000091229304524
1.0000099629266317
1.0000107792203177
1.0000115698674246
1.0000123329851023
1.0000130667562328
1.0000137694337703
1.0000144393449122
1.0000150748950913
1.0000156745717836
1.0000162369481187
1.0000167606862851
1.0000172445407225
1.0000176873610944
1.0000180880950353
1.0000184457906611
1.0000187595988403
1.0000190287752198
1.0000192526819993
1.0000194307894508
1.0000195626771820
1.0000196480351395
1.0000196866643447
1.0000196784773676
1.0000196234985319
1.0000195218638528
1.0000193738207117
1.0000191797272602
1.0000189400515620
1.0000186553704742
1.0000183263682629
