1.0000121864652920
1.0000120345822752
1.0000118541288354
1.0000116455391150
1.0000114093143890
1.0000111460218661
1.0000108562933339
1.0000105408236435
1.0000102003690503
1.0000098357454055
1.0000094478262047
1.0000090375404995
1.0000086058706741
1.0000081538500991
1.0000076825606605
1.0000071931301702
1.0000066867296715
1.0000061645706408
1.0000056279020890
1.0000050780075775
1.0000045162021498
1.0000039438291874
1.0000033622572007
1.0000027728765550
1.0000021770961491
1.0000015763400461
1.0000009720440701
1.0000003656523737
0.9999997586139869
0.9999991523793544
0.9999985483968687
0.9999979481094056
0.9999973529508778
0.9999967643428085
0.9999961836909349
0.9999956123818450
0.9999950517796654
0.9999945032228024
0.9999939680207410
0.9999934474509179
0.9999929427556670
0.9999924551392505
0.9999919857649806
0.9999915357524432
0.9999911061748182
0.9999906980563185
0.9999903123697440
0.9999899500341557
0.9999896119126791
0.9999892988104444
0.9999890114726614
0.9999887505828395
0.9999885167611584
0.9999883105629852
0.9999881324775497
0.9999879829267760
0.9999878622642767
0.9999877707745100
0.9999877086721007
0.9999876761013309
0.9999876731357963
0.9999876997782351
0.9999877559605217
0.9999878415438320
0.9999879563189806
0.9999881000069208
0.9999882722594160
0.9999884726598751
0.9999887007243505
0.9999889559026991
0.9999892375798998
0.9999895450775280
0.9999898776553798
0.9999902345132453
0.9999906147928246
0.9999910175797827
0.9999914419059397
0.9999918867515873
0.9999923510479323
0.9999928336796532
0.9999933334875707
0.9999938492714208
0.9999943797927280
0.9999949237777692
0.9999954799206243
0.9999960468862990
0.9999966233139213
0.9999972078199950
0.9999977990017135
0.9999983954403164
0.9999989957044820
0.9999995983537544
1.0000002019419891
1.0000008050208145
1.0000014061430962
1.0000020038663997
1.0000025967564414
1.0000031833905203
1.0000037623609221
1.0000043322782886
1.0000048917749400
1.0000054395081484
1.0000059741633496
1.0000064944572871
1.0000069991410852
1.0000074870032354
1.0000079568724951
1.0000084076206901
1.0000088381654124
1.0000092474726132
1.0000096345590734
1.0000099984947606
1.0000103384050523
1.0000106534728297
1.0000109429404336
1.0000112061114761
1.0000114423525075
1.0000116510945343
1.0000118318343827
1.0000119841359028
1.0000121076310113
1.0000122020205771
1.0000122670751357
1.0000123026354411
1.0000123086128470
1.0000122849895234
1.0000122318184990
1.0000121492235381
1.0000120373988459
1.0000118966086062
1.0000117271863522
1.0000115295341725
1.0000113041217522
1.0000110514852487
1.0000107722260128
1.0000104670091554
1.0000101365619600
1.0000097816721427
1.0000094031859736
1.0000090020062533
1.0000085790901574
1.0000081354469499
1.0000076721355706
1.0000071902621068
1.0000066909771494
1.0000061754730436
1.0000056449810424
1.0000051007683624
1.0000045441351566
1.0000039764114057
1.0000033989537414
1.0000028131422030
1.0000022203769392
1.0000016220748622
1.0000010196662588
1.0000004145913726
0.9999998082969606
0.9999992022328354
0.9999985978483980
0.9999979965891743
0.9999973998933598
0.9999968091883806
0.9999962258874808
0.9999956513863414
0.9999950870597458
0.9999945342582924
0.9999939943051626
0.9999934684929570
0.9999929580806040
0.9999924642903493
0.9999919883048336
0.9999915312642631
0.9999910942636833
0.9999906783503576
0.9999902845212625
0.9999899137207022
0.9999895668380500
0.9999892447056201
0.9999889480966760
0.9999886777235796
0.9999884342360851
0.9999882182197846
0.9999880301947071
0.9999878706140715
0.9999877398631993
0.9999876382585923
0.9999875660471730
0.9999875234056939
0.9999875104403108
0.9999875271863261
0.9999875736081044
0.9999876495991514
0.9999877549823675
0.9999878895104682
0.9999880528665750
0.9999882446649657
0.9999884644519971
0.9999887117071850
0.9999889858444471
0.9999892862135003
0.9999896121014129
0.9999899627343065
0.9999903372792034
0.9999907348460144
0.9999911544896632
0.9999915952123433
0.9999920559658990
0.9999925356543300
0.9999930331364080
0.9999935472284012
0.9999940767069017
0.9999946203117456
0.9999951767490244
0.9999957446941732
0.9999963227951341
0.9999969096755869
0.9999975039382342
0.9999981041681393
0.9999987089361038
0.9999993168020807
0.9999999263186146
1.0000005360342989
1.0000011444972401
1.0000017502585268
1.0000023518756904
1.0000029479161487
1.0000035369606275
1.0000041176065473
1.0000046884713740
1.0000052481959203
1.0000057954475909
1.0000063289235646
1.0000068473539043
1.0000073495045918
1.0000078341804726
1.0000083002281095
1.0000087465385359
1.0000091720499016
1.0000095757500103
1.0000099566787346
1.0000103139303089
1.0000106466554903
1.0000109540635842
1.0000112354243320
1.0000114900696548
1.0000117173952461
1.0000119168620154
1.0000120879973722
1.0000122303963523
1.0000123437225852
1.0000124277090952
1.0000124821589360
1.0000125069456600
1.0000125020136170
1.0000124673780857
1.0000124031252353
1.0000123094119184
1.0000121864652920
1.0000120345822752
1.0000118541288354
1.0000116455391150
