1.0000000168978738
1.0000000167160161
1.0000000164963574
1.0000000162394527
1.0000000159459452
1.0000000156165643
1.0000000152521240
1.0000000148535211
1.0000000144217320
1.0000000139578125
1.0000000134628917
1.0000000129381712
1.0000000123849222
1.0000000118044827
1.0000000111982554
1.0000000105677038
1.0000000099143476
1.0000000092397598
1.0000000085455629
1.0000000078334255
1.0000000071050579
1.0000000063622052
1.0000000056066465
1.0000000048401894
1.0000000040646653
1.0000000032819272
1.0000000024938431
1.0000000017022936
1.0000000009091665
1.0000000001163509
0.9999999993257337
0.9999999985391957
0.9999999977586057
0.9999999969858158
0.9999999962226584
0.9999999954709421
0.9999999947324467
0.9999999940089204
0.9999999933020731
0.9999999926135741
0.9999999919450471
0.9999999912980668
0.9999999906741540
0.9999999900747728
0.9999999895013272
0.9999999889551584
0.9999999884375426
0.9999999879496851
0.9999999874927183
0.9999999870676997
0.9999999866756094
0.9999999863173489
0.9999999859937367
0.9999999857055082
0.9999999854533127
0.9999999852377106
0.9999999850591744
0.9999999849180876
0.9999999848147432
0.9999999847493417
0.9999999847219924
0.9999999847327129
0.9999999847814307
0.9999999848679803
0.9999999849921041
0.9999999851534542
0.9999999853515937
0.9999999855859961
0.9999999858560478
0.9999999861610489
0.9999999865002163
0.9999999868726832
0.9999999872775037
0.9999999877136527
0.9999999881800308
0.9999999886754648
0.9999999891987125
0.9999999897484655
0.9999999903233512
0.9999999909219365
0.9999999915427301
0.9999999921841871
0.9999999928447136
0.9999999935226696
0.9999999942163735
0.9999999949241066
0.9999999956441171
0.9999999963746227
0.9999999971138160
0.9999999978598694
0.9999999986109371
0.9999999993651622
1.0000000001206799
1.0000000008756229
1.0000000016281261
1.0000000023763305
1.0000000031183889
1.0000000038524675
1.0000000045767510
1.0000000052894478
1.0000000059887955
1.0000000066730654
1.0000000073405639
1.0000000079896374
1.0000000086186764
1.0000000092261216
1.0000000098104662
1.0000000103702602
1.0000000109041109
1.0000000114106888
1.0000000118887293
1.0000000123370372
1.0000000127544881
1.0000000131400342
1.0000000134927036
1.0000000138116041
1.0000000140959262
1.0000000143449435
1.0000000145580139
1.0000000147345840
1.0000000148741877
1.0000000149764479
1.0000000150410779
1.0000000150678825
1.0000000150567576
1.0000000150076931
1.0000000149207695
1.0000000147961572
1.0000000146341177
1.0000000144350043
1.0000000141992598
1.0000000139274163
1.0000000136200942
1.0000000132779987
1.0000000129019202
1.0000000124927324
1.0000000120513890
1.0000000115789227
1.0000000110764407
1.0000000105451234
1.0000000099862223
1.0000000094010553
1.0000000087910046
1.0000000081575129
1.0000000075020803
1.0000000068262611
1.0000000061316601
1.0000000054199287
1.0000000046927611
1.0000000039518893
1.0000000031990806
1.0000000024361324
1.0000000016648689
1.0000000008871350
1.0000000001047913
0.9999999993197112
0.9999999985337742
0.9999999977488647
0.9999999969668646
0.9999999961896514
0.9999999954190938
0.9999999946570474
0.9999999939053487
0.9999999931658089
0.9999999924402121
0.9999999917303110
0.9999999910378212
0.9999999903644184
0.9999999897117339
0.9999999890813505
0.9999999884748003
0.9999999878935583
0.9999999873390399
0.9999999868125985
0.9999999863155221
0.9999999858490316
0.9999999854142742
0.9999999850123232
0.9999999846441761
0.9999999843107489
0.9999999840128775
0.9999999837513130
0.9999999835267201
0.9999999833396773
0.9999999831906737
0.9999999830801088
0.9999999830082906
0.9999999829754352
0.9999999829816667
0.9999999830270163
0.9999999831114237
0.9999999832347358
0.9999999833967069
0.9999999835970005
0.9999999838351896
0.9999999841107579
0.9999999844230991
0.9999999847715206
0.9999999851552444
0.9999999855734082
0.9999999860250687
0.9999999865092037
0.9999999870247134
0.9999999875704217
0.9999999881450804
0.9999999887473732
0.9999999893759194
0.9999999900292755
0.9999999907059403
0.9999999914043566
0.9999999921229149
0.9999999928599579
0.9999999936137842
0.9999999943826539
0.9999999951647904
0.9999999959583854
0.9999999967616028
0.9999999975725826
0.9999999983894468
0.9999999992103035
1.0000000000332521
1.0000000008563867
1.0000000016778021
1.0000000024955948
1.0000000033078695
1.0000000041127437
1.0000000049083535
1.0000000056928560
1.0000000064644343
1.0000000072213018
1.0000000079617068
1.0000000086839376
1.0000000093863248
1.0000000100672468
1.0000000107251326
1.0000000113584653
1.0000000119657857
1.0000000125456960
1.0000000130968634
1.0000000136180232
1.0000000141079819
1.0000000145656198
1.0000000149898924
1.0000000153798347
1.0000000157345637
1.0000000160532792
1.0000000163352667
1.0000000165798979
1.0000000167866330
1.0000000169550221
1.0000000170847063
1.0000000171754184
1.0000000172269825
1.0000000172393142
1.0000000172124224
1.0000000171464076
1.0000000170414634
1.0000000168978738
1.0000000167160161
1.0000000164963574
1.0000000162394527
