1.0005149960958157
1.0005084929515942
1.0005007775078525
1.0004918681991160
1.0004817863061446
1.0004705559055236
1.0004582038126253
1.0004447595180741
1.0004302551178597
1.0004147252372586
1.0003982069487398
1.0003807396840494
1.0003623651406659
1.0003431271828578
1.0003230717375613
1.0003022466853251
1.0002807017465738
1.0002584883634578
1.0002356595775610
1.0002122699037579
1.0001883752005112
1.0001640325369168
1.0001393000568006
1.0001142368401976
1.0000889027625348
1.0000633583518508
1.0000376646443923
1.0000118830389255
0.9999860751501143
0.9999603026613105
0.9999346271771065
0.9999091100760062
0.9998838123635666
0.9998587945263586
0.9998341163871037
0.9998098369613315
0.9997860143159062
0.9997627054297590
0.9997399660571750
0.9997178505939558
0.9996964119467862
0.9996757014061282
0.9996557685229465
0.9996366609895664
0.9996184245249580
0.9996011027647297
0.9995847371560982
0.9995693668580936
0.9995550286472455
0.9995417568289857
0.9995295831549785
0.9995185367465887
0.9995086440246793
0.9994999286459011
0.9994924114456463
0.9994861103877993
0.9994810405214094
0.9994772139443934
0.9994746397743618
0.9994733241266381
0.9994732700995226
0.9994744777668441
0.9994769441778153
0.9994806633641915
0.9994856263547129
0.9994918211967965
0.9994992329854255
0.9995078438991624
0.9995176332431966
0.9995285774993203
0.9995406503827069
0.9995538229053540
0.9995680634460318
0.9995833378265627
0.9995996093942466
0.9996168391102266
0.9996349856435736
0.9996540054708662
0.9996738529810096
0.9996944805850457
0.9997158388306829
0.9997378765212598
0.9997605408388556
0.9997837774712465
0.9998075307423968
0.9998317437461677
0.9998563584829160
0.9998813159986539
0.9999065565264326
0.9999320196296072
0.9999576443466395
0.9999833693370824
1.0000091330284033
1.0000348737632894
1.0000605299470819
1.0000860401949920
1.0001113434787383
1.0001363792722622
1.0001610876961768
1.0001854096606002
1.0002092870060411
1.0002326626419997
1.0002554806829616
1.0002776865814587
1.0002992272578903
1.0003200512267956
1.0003401087192809
1.0003593518013234
1.0003777344876628
1.0003952128510265
1.0004117451264309
1.0004272918103130
1.0004418157542680
1.0004552822531707
1.0004676591274799
1.0004789167995365
1.0004890283636765
1.0004979696499969
1.0005057192816307
1.0005122587253943
1.0005175723356960
1.0005216473916048
1.0005244741269872
1.0005260457536522
1.0005263584774424
1.0005254115072422
1.0005232070568779
1.0005197503399053
1.0005150495572992
1.0005091158780723
1.0005019634128627
1.0004936091805590
1.0004840730680367
1.0004733777830934
1.0004615488006976
1.0004486143026721
1.0004346051109509
1.0004195546145649
1.0004034986905175
1.0003864756187453
1.0003685259913497
1.0003496926163147
1.0003300204159340
1.0003095563201800
1.0002883491552661
1.0002664495276585
1.0002439097038134
1.0002207834859123
1.0001971260838918
1.0001729939840660
1.0001484448146492
1.0001235372085007
1.0000983306634064
1.0000728854002314
1.0000472622192800
1.0000215223552005
0.9999957273307818
0.9999699388099900
0.9999442184505924
0.9999186277567241
0.9998932279317465
0.9998680797317547
0.9998432433200829
0.9998187781231580
0.9997947426880500
0.9997711945420628
0.9997481900547058
0.9997257843023807
0.9997040309361124
0.9996829820526459
0.9996626880692236
0.9996431976023490
0.9996245573508326
0.9996068119834067
0.9995900040311841
0.9995741737852279
0.9995593591994808
0.9995455957992953
0.9995329165957880
0.9995213520062337
0.9995109297806918
0.9995016749350487
0.9994936096906394
0.9994867534206034
0.9994811226031017
0.9994767307815170
0.9994735885317312
0.9994717034365622
0.9994710800674257
0.9994717199732663
0.9994736216767864
0.9994767806779798
0.9994811894649609
0.9994868375320699
0.9994937114052000
0.9995017946742886
0.9995110680328907
0.9995215093247358
0.9995330935971507
0.9995457931612199
0.9995595776585344
0.9995744141343593
0.9995902671170437
0.9996070987034743
0.9996248686503616
0.9996435344711361
0.9996630515382094
0.9996833731903594
0.9997044508449618
0.9997262341148078
0.9997486709292089
0.9997717076591005
0.9997952892458356
0.9998193593333584
0.9998438604034311
0.9998687339135859
0.9998939204374701
0.9999193598072422
0.9999449912576795
0.9999707535716452
0.9999965852265659
1.0000224245415683
1.0000482098249208
1.0000738795214295
1.0000993723594342
1.0001246274970583
1.0001495846673578
1.0001741843220320
1.0001983677733490
1.0002220773339572
1.0002452564542441
1.0002678498569277
1.0002898036685590
1.0003110655476257
1.0003315848089611
1.0003513125441656
1.0003702017377618
1.0003882073788037
1.0004052865676922
1.0004213986179384
1.0004365051526467
1.0004505701954889
1.0004635602559597
1.0004754444087207
1.0004861943668391
1.0004957845487665
1.0005041921388913
1.0005113971415334
1.0005173824282514
1.0005221337783581
1.0005256399125482
1.0005278925195626
1.0005288862758277
1.0005286188580242
1.0005270909485553
1.0005243062339060
1.0005202713958903
1.0005149960958157
1.0005084929515942
1.0005007775078525
1.0004918681991160
