1.0000008721701674
1.0000008615811917
1.0000008489651429
1.0000008343526416
1.0000008177790629
1.0000007992844491
1.0000007789134131
1.0000007567150329
1.0000007327427343
1.0000007070541628
1.0000006797110457
1.0000006507790433
1.0000006203275942
1.0000005884297452
1.0000005551619786
1.0000005206040312
1.0000004848387010
1.0000004479516498
1.0000004100311992
1.0000003711681182
1.0000003314554060
1.0000002909880694
1.0000002498628973
1.0000002081782291
1.0000001660337210
1.0000001235301046
1.0000000807689475
1.0000000378524105
0.9999999948830037
0.9999999519633387
0.9999999091958863
0.9999998666827329
0.9999998245253335
0.9999997828242715
0.9999997416790165
0.9999997011876883
0.9999996614468207
0.9999996225511324
0.9999995845932999
0.9999995476637373
0.9999995118503799
0.9999994772384744
0.9999994439103741
0.9999994119453425
0.9999993814193643
0.9999993524049645
0.9999993249710342
0.9999992991826696
0.9999992751010153
0.9999992527831154
0.9999992322817802
0.9999992136454592
0.9999991969181266
0.9999991821391752
0.9999991693433239
0.9999991585605346
0.9999991498159394
0.9999991431297822
0.9999991385173702
0.9999991359890386
0.9999991355501275
0.9999991372009676
0.9999991409368792
0.9999991467481862
0.9999991546202379
0.9999991645334452
0.9999991764633285
0.9999991903805754
0.9999992062511124
0.9999992240361840
0.9999992436924480
0.9999992651720794
0.9999992884228861
0.9999993133884341
0.9999993400081821
0.9999993682176282
0.9999993979484618
0.9999994291287284
0.9999994616830046
0.9999994955325763
0.9999995305956277
0.9999995667874365
0.9999996040205789
0.9999996422051380
0.9999996812489202
0.9999997210576754
0.9999997615353236
0.9999998025841849
0.9999998441052139
0.9999998859982365
0.9999999281621889
0.9999999704953599
1.0000000128956361
1.0000000552607464
1.0000000974885068
1.0000001394770630
1.0000001811251364
1.0000002223322673
1.0000002629990556
1.0000003030273972
1.0000003423207195
1.0000003807842133
1.0000004183250593
1.0000004548526529
1.0000004902788182
1.0000005245180219
1.0000005574875763
1.0000005891078387
1.0000006193024011
1.0000006479982746
1.0000006751260631
1.0000007006201299
1.0000007244187561
1.0000007464642870
1.0000007667032715
1.0000007850865897
1.0000008015695718
1.0000008161121043
1.0000008286787270
1.0000008392387179
1.0000008477661655
1.0000008542400332
1.0000008586442091
1.0000008609675477
1.0000008612038940
1.0000008593520990
1.0000008554160222
1.0000008494045227
1.0000008413314390
1.0000008312155564
1.0000008190805616
1.0000008049549873
1.0000007888721456
1.0000007708700465
1.0000007509913060
1.0000007292830473
1.0000007057967868
1.0000006805883126
1.0000006537175508
1.0000006252484215
1.0000005952486866
1.0000005637897875
1.0000005309466753
1.0000004967976333
1.0000004614240874
1.0000004249104133
1.0000003873437342
1.0000003488137132
1.0000003094123389
1.0000002692337038
1.0000002283737812
1.0000001869301951
1.0000001450019873
1.0000001026893806
1.0000000600935393
1.0000000173163284
0.9999999744600688
0.9999999316272916
0.9999998889204943
0.9999998464418958
0.9999998042931926
0.9999997625753152
0.9999997213881859
0.9999996808304805
0.9999996409993913
0.9999996019903957
0.9999995638970276
0.9999995268106540
0.9999994908202566
0.9999994560122186
0.9999994224701176
0.9999993902745256
0.9999993595028153
0.9999993302289761
0.9999993025234373
0.9999992764528981
0.9999992520801689
0.9999992294640201
0.9999992086590431
0.9999991897155182
0.9999991726792936
0.9999991575916755
0.9999991444893297
0.9999991334041941
0.9999991243634003
0.9999991173892093
0.9999991124989572
0.9999991097050154
0.9999991090147603
0.9999991104305536
0.9999991139497365
0.9999991195646356
0.9999991272625821
0.9999991370259390
0.9999991488321447
0.9999991626537688
0.9999991784585733
0.9999991962095915
0.9999992158652153
0.9999992373792939
0.9999992607012439
0.9999992857761693
0.9999993125449913
0.9999993409445896
0.9999993709079534
0.9999994023643403
0.9999994352394462
0.9999994694555810
0.9999995049318542
0.9999995415843679
0.9999995793264185
0.9999996180687010
0.9999996577195241
0.9999996981850257
0.9999997393693982
0.9999997811751180
0.9999998235031777
0.9999998662533206
0.9999999093242806
0.9999999526140247
0.9999999960199956
1.0000000394393578
1.0000000827692404
1.0000001259069826
1.0000001687503792
1.0000002111979249
1.0000002531490579
1.0000002945043975
1.0000003351659814
1.0000003750374986
1.0000004140245207
1.0000004520347272
1.0000004889781242
1.0000005247672599
1.0000005593174315
1.0000005925468891
1.0000006243770305
1.0000006547325888
1.0000006835418107
1.0000007107366273
1.0000007362528187
1.0000007600301650
1.0000007820125905
1.0000008021482976
1.0000008203898880
1.0000008366944775
1.0000008510237981
1.0000008633442878
1.0000008736271704
1.0000008818485251
1.0000008879893432
1.0000008920355727
1.0000008939781528
1.0000008938130345
1.0000008915411884
1.0000008871686044
1.0000008807062741
1.0000008721701674
1.0000008615811917
1.0000008489651429
1.0000008343526416
