1.0002937830820149
1.0002900766421858
1.0002856787457655
1.0002805999155684
1.0002748522990954
1.0002684496396388
1.0002614072435927
1.0002537419440405
1.0002454720607081
1.0002366173563768
1.0002271989898559
1.0002172394656292
1.0002067625802880
1.0001957933658794
1.0001843580303038
1.0001724838949007
1.0001601993293709
1.0001475336841865
1.0001345172206493
1.0001211810387607
1.0001075570030775
1.0000936776667249
1.0000795761937515
1.0000652862800026
1.0000508420727050
1.0000362780889542
1.0000216291332977
1.0000069302146082
0.9999922164624450
0.9999775230431072
0.9999628850755747
0.9999483375475378
0.9999339152317192
0.9999196526026897
0.9999055837543734
0.9998917423184408
0.9998781613837889
0.9998648734173000
0.9998519101860709
0.9998393026813014
0.9998270810440187
0.9998152744928280
0.9998039112538570
0.9997930184930650
0.9997826222510809
0.9997727473807293
0.9997634174873934
0.9997546548723656
0.9997464804793152
0.9997389138440107
0.9997319730474139
0.9997256746722633
0.9997200337632515
0.9997150637908943
0.9997107766191764
0.9997071824770595
0.9997042899339151
0.9997021058789476
0.9997006355046533
0.9996998822943601
0.9996998480138731
0.9997005327072512
0.9997019346967253
0.9997040505867524
0.9997068752722041
0.9997104019506613
0.9997146221387910
0.9997195256927632
0.9997251008326553
0.9997313341707900
0.9997382107439307
0.9997457140492633
0.9997538260840700
0.9997625273890000
0.9997717970948367
0.9997816129726396
0.9997919514871447
0.9998027878532920
0.9998140960957390
0.9998258491112209
0.9998380187336018
0.9998505758014639
0.9998634902280666
0.9998767310735085
0.9998902666189162
0.9999040644424827
0.9999180914971668
0.9999323141898747
0.9999466984619250
0.9999612098706051
0.9999758136716279
0.9999904749022855
1.0000051584651031
1.0000198292117906
1.0000344520272932
1.0000489919137381
1.0000634140740774
1.0000776839952286
1.0000917675305117
1.0001056309811902
1.0001192411769237
1.0001325655549358
1.0001455722377099
1.0001582301090344
1.0001705088882096
1.0001823792022484
1.0001938126558927
1.0002047818992874
1.0002152606931478
1.0002252239712717
1.0002346479002382
1.0002435099361637
1.0002517888783786
1.0002594649198990
1.0002665196945741
1.0002729363207958
1.0002786994416730
1.0002837952615751
1.0002882115789553
1.0002919378153836
1.0002949650407160
1.0002972859943475
1.0002988951024865
1.0002997884914244
1.0002999639967616
1.0002994211685734
1.0002981612724955
1.0002961872867357
1.0002935038950118
1.0002901174754393
1.0002860360853849
1.0002812694423315
1.0002758289007940
1.0002697274253365
1.0002629795597648
1.0002556013925545
1.0002476105186024
1.0002390259973888
1.0002298683076503
1.0002201592986650
1.0002099221382701
1.0001991812577313
1.0001879622935916
1.0001762920266393
1.0001641983181349
1.0001517100434523
1.0001388570232876
1.0001256699525989
1.0001121803274409
1.0000984203698733
1.0000844229511177
1.0000702215131438
1.0000558499888750
1.0000413427211960
1.0000267343809626
1.0000120598842006
0.9999973543086995
0.9999826528101921
0.9999679905383260
0.9999534025526254
0.9999389237386431
0.9999245887245030
0.9999104317980370
0.9998964868247123
0.9998827871665472
0.9998693656022100
0.9998562542484928
0.9998434844833517
0.9998310868706939
0.9998190910870988
0.9998075258506512
0.9997964188520534
0.9997857966881856
0.9997756847982767
0.9997661074028403
0.9997570874455211
0.9997486465379956
0.9997408049080631
0.9997335813510497
0.9997269931846454
0.9997210562072807
0.9997157846601522
0.9997111911929836
0.9997072868336063
0.9997040809614359
0.9997015812849073
0.9996997938229232
0.9996987228903664
0.9996983710877044
0.9996987392947160
0.9996998266683536
0.9997016306447455
0.9997041469453387
0.9997073695871611
0.9997112908971822
0.9997159015307322
0.9997211904939389
0.9997271451701254
0.9997337513501059
0.9997409932663036
0.9997488536306094
0.9997573136758888
0.9997663532010342
0.9997759506194531
0.9997860830108769
0.9997967261763628
0.9998078546963513
0.9998194419916410
0.9998314603871370
0.9998438811782123
0.9998566746995236
0.9998698103961127
0.9998832568966234
0.9998969820884599
0.9999109531946986
0.9999251368525731
0.9999394991933437
0.9999540059233508
0.9999686224060665
0.9999833137449463
0.9999980448668754
1.0000127806060162
1.0000274857878537
1.0000421253132381
1.0000566642422235
1.0000710678775020
1.0000853018472375
1.0000993321870983
1.0001131254212945
1.0001266486424290
1.0001398695899710
1.0001527567271649
1.0001652793161948
1.0001774074914285
1.0001891123305624
1.0002003659235046
1.0002111414388284
1.0002214131876452
1.0002311566847442
1.0002403487068527
1.0002489673478845
1.0002569920710429
1.0002644037576567
1.0002711847526367
1.0002773189064431
1.0002827916134704
1.0002875898467525
1.0002917021889124
1.0002951188592861
1.0002978317371494
1.0002998343809992
1.0003011220438447
1.0003016916844687
1.0003015419746377
1.0003006733022377
1.0002990877703335
1.0002967891921550
1.0002937830820149
1.0002900766421858
1.0002856787457655
1.0002805999155684
