1.0000000601206844
1.0000000594356862
1.0000000586137916
1.0000000576570400
1.0000000565677891
1.0000000553487094
1.0000000540027782
1.0000000525332733
1.0000000509437639
1.0000000492381034
1.0000000474204189
1.0000000454951030
1.0000000434668013
1.0000000413404013
1.0000000391210233
1.0000000368140065
1.0000000344248965
1.0000000319594322
1.0000000294235305
1.0000000268232745
1.0000000241648970
1.0000000214547655
1.0000000186993672
1.0000000159052931
1.0000000130792241
1.0000000102279143
1.0000000073581741
1.0000000044768533
1.0000000015908266
0.9999999987069763
0.9999999958321765
0.9999999929732749
0.9999999901370794
0.9999999873303391
0.9999999845597288
0.9999999818318340
0.9999999791531344
0.9999999765299887
0.9999999739686206
0.9999999714751028
0.9999999690553423
0.9999999667150656
0.9999999644598055
0.9999999622948883
0.9999999602254216
0.9999999582562803
0.9999999563920968
0.9999999546372496
0.9999999529958526
0.9999999514717467
0.9999999500684894
0.9999999487893476
0.9999999476372871
0.9999999466149674
0.9999999457247361
0.9999999449686217
0.9999999443483288
0.9999999438652371
0.9999999435203943
0.9999999433145152
0.9999999432479802
0.9999999433208344
0.9999999435327876
0.9999999438832152
0.9999999443711581
0.9999999449953266
0.9999999457541037
0.9999999466455476
0.9999999476673987
0.9999999488170838
0.9999999500917215
0.9999999514881314
0.9999999530028402
0.9999999546320909
0.9999999563718512
0.9999999582178238
0.9999999601654568
0.9999999622099534
0.9999999643462838
0.9999999665691980
0.9999999688732384
0.9999999712527515
0.9999999737019042
0.9999999762146972
0.9999999787849767
0.9999999814064520
0.9999999840727106
0.9999999867772331
0.9999999895134078
0.9999999922745461
0.9999999950539001
0.9999999978446801
1.0000000006400684
1.0000000034332368
1.0000000062173615
1.0000000089856416
1.0000000117313155
1.0000000144476762
1.0000000171280867
1.0000000197659982
1.0000000223549639
1.0000000248886551
1.0000000273608767
1.0000000297655809
1.0000000320968816
1.0000000343490696
1.0000000365166257
1.0000000385942354
1.0000000405768015
1.0000000424594562
1.0000000442375718
1.0000000459067728
1.0000000474629458
1.0000000489022480
1.0000000502211188
1.0000000514162866
1.0000000524847781
1.0000000534239248
1.0000000542313709
1.0000000549050789
1.0000000554433330
1.0000000558447442
1.0000000561082514
1.0000000562331262
1.0000000562189744
1.0000000560657378
1.0000000557736921
1.0000000553434480
1.0000000547759491
1.0000000540724709
1.0000000532346152
1.0000000522643080
1.0000000511637963
1.0000000499356425
1.0000000485827172
1.0000000471081927
1.0000000455155338
1.0000000438084904
1.0000000419910893
1.0000000400676252
1.0000000380426497
1.0000000359209604
1.0000000337075901
1.0000000314077935
1.0000000290270366
1.0000000265709799
1.0000000240454685
1.0000000214565175
1.0000000188102967
1.0000000161131182
1.0000000133714195
1.0000000105917484
1.0000000077807458
1.0000000049451307
1.0000000020916837
0.9999999992272327
0.9999999963586362
0.9999999934927672
0.9999999906364949
0.9999999877966679
0.9999999849800996
0.9999999821935508
0.9999999794437138
0.9999999767371973
0.9999999740805094
0.9999999714800429
0.9999999689420599
0.9999999664726760
0.9999999640778462
0.9999999617633517
0.9999999595347850
0.9999999573975349
0.9999999553567757
0.9999999534174540
0.9999999515842770
0.9999999498617017
0.9999999482539240
0.9999999467648703
0.9999999453981850
0.9999999441572234
0.9999999430450418
0.9999999420643915
0.9999999412177121
0.9999999405071263
0.9999999399344339
0.9999999395011072
0.9999999392082877
0.9999999390567839
0.9999999390470697
0.9999999391792825
0.9999999394532226
0.9999999398683529
0.9999999404238006
0.9999999411183598
0.9999999419504940
0.9999999429183384
0.9999999440197072
0.9999999452520962
0.9999999466126911
0.9999999480983726
0.9999999497057239
0.9999999514310385
0.9999999532703291
0.9999999552193375
0.9999999572735443
0.9999999594281797
0.9999999616782347
0.9999999640184729
0.9999999664434436
0.9999999689474944
0.9999999715247858
0.9999999741693035
0.9999999768748731
0.9999999796351735
0.9999999824437541
0.9999999852940472
0.9999999881793855
0.9999999910930192
0.9999999940281300
0.9999999969778487
0.9999999999352704
1.0000000028934721
1.0000000058455294
1.0000000087845313
1.0000000117035981
1.0000000145958963
1.0000000174546562
1.0000000202731865
1.0000000230448927
1.0000000257632915
1.0000000284220252
1.0000000310148784
1.0000000335357904
1.0000000359788714
1.0000000383384158
1.0000000406089160
1.0000000427850768
1.0000000448618271
1.0000000468343313
1.0000000486980010
1.0000000504485063
1.0000000520817849
1.0000000535940539
1.0000000549818178
1.0000000562418754
1.0000000573713301
1.0000000583675948
1.0000000592283984
1.0000000599517904
1.0000000605361474
1.0000000609801749
1.0000000612829110
1.0000000614437290
1.0000000614623386
1.0000000613387863
1.0000000610734563
1.0000000606670703
1.0000000601206844
1.0000000594356862
1.0000000586137916
1.0000000576570400
