1.0000475302830576
1.0000469338021882
1.0000462256341012
1.0000454074783249
1.0000444812969467
1.0000434493099248
1.0000423139897816
1.0000410780556941
1.0000397444669975
1.0000383164161124
1.0000367973209146
1.0000351908165683
1.0000335007468437
1.0000317311549309
1.0000298862737793
1.0000279705159820
1.0000259884632330
1.0000239448553803
1.0000218445790983
1.0000196926562106
1.0000174942316913
1.0000152545613721
1.0000129789993817
1.0000106729853497
1.0000083420314081
1.0000059917090158
1.0000036276356457
1.0000012554613569
0.9999988808552926
0.9999965094921287
0.9999941470385098
0.9999917991395036
0.9999894714051095
0.9999871693968480
0.9999848986144638
0.9999826644827815
0.9999804723387342
0.9999783274186046
0.9999762348455056
0.9999741996171345
0.9999722265938219
0.9999703204869127
0.9999684858475018
0.9999667270555512
0.9999650483094191
0.9999634536158225
0.9999619467802557
0.9999605313978932
0.9999592108449920
0.9999579882708218
0.9999568665901335
0.9999558484761929
0.9999549363543908
0.9999541323964456
0.9999534385152137
0.9999528563601175
0.9999523873132057
0.9999520324858513
0.9999517927160990
0.9999516685666668
0.9999516603236067
0.9999517679956234
0.9999519913140620
0.9999523297335590
0.9999527824333518
0.9999533483192512
0.9999540260262648
0.9999548139218721
0.9999557101099359
0.9999567124352458
0.9999578184886828
0.9999590256129890
0.9999603309091326
0.9999617312432523
0.9999632232541619
0.9999648033613985
0.9999664677737949
0.9999682124985574
0.9999700333508224
0.9999719259636757
0.9999738857986031
0.9999759081563562
0.9999779881881977
0.9999801209075079
0.9999823012017166
0.9999845238445368
0.9999867835084728
0.9999890747775647
0.9999913921603470
0.9999937301029888
0.9999960830025783
0.9999984452205278
1.0000008110960605
1.0000031749597507
1.0000055311470859
1.0000078740120155
1.0000101979404528
1.0000124973637010
1.0000147667717731
1.0000170007265661
1.0000191938748653
1.0000213409611440
1.0000234368401300
1.0000254764891081
1.0000274550199306
1.0000293676907042
1.0000312099171249
1.0000329772834400
1.0000346655530032
1.0000362706784052
1.0000377888111480
1.0000392163108474
1.0000405497539320
1.0000417859418307
1.0000429219086200
1.0000439549281139
1.0000448825203823
1.0000457024576812
1.0000464127697803
1.0000470117486735
1.0000474979526650
1.0000478702098192
1.0000481276207644
1.0000482695608479
1.0000482956816323
1.0000482059117337
1.0000480004569967
1.0000476798000102
1.0000472446989570
1.0000466961858088
1.0000460355638661
1.0000452644046511
1.0000443845441604
1.0000433980784835
1.0000423073587985
1.0000411149857624
1.0000398238033017
1.0000384368918231
1.0000369575608599
1.0000353893411706
1.0000337359763087
1.0000320014136805
1.0000301897951200
1.0000283054469963
1.0000263528698794
1.0000243367277906
1.0000222618370624
1.0000201331548313
1.0000179557671951
1.0000157348770622
1.0000134757917198
1.0000111839101509
1.0000088647101342
1.0000065237351528
1.0000041665811474
1.0000017988831407
0.9999994263017665
0.9999970545097396
0.9999946891782958
0.9999923359636347
0.9999900004933964
0.9999876883532081
0.9999854050733279
0.9999831561154192
0.9999809468594901
0.9999787825910267
0.9999766684883531
0.9999746096102451
0.9999726108838303
0.9999706770928025
0.9999688128659776
0.9999670226662202
0.9999653107797641
0.9999636813059595
0.9999621381474612
0.9999606850008905
0.9999593253479869
0.9999580624472757
0.9999568993262689
0.9999558387742170
0.9999548833354327
0.9999540353031966
0.9999532967142654
0.9999526693439951
0.9999521547020878
0.9999517540289721
0.9999514682928310
0.9999512981872781
0.9999512441296947
0.9999513062602222
0.9999514844414215
0.9999517782585948
0.9999521870207718
0.9999527097623552
0.9999533452454226
0.9999540919626833
0.9999549481410763
0.9999559117460046
0.9999569804861964
0.9999581518191791
0.9999594229573536
0.9999607908746566
0.9999622523137903
0.9999638037940088
0.9999654416194353
0.9999671618878947
0.9999689605002399
0.9999708331701487
0.9999727754343680
0.9999747826633795
0.9999768500724638
0.9999789727331361
0.9999811455849237
0.9999833634474599
0.9999856210328623
0.9999879129583685
0.9999902337591984
0.9999925779016123
0.9999949397961341
0.9999973138109045
0.9999996942851381
1.0000020755426451
1.0000044519053928
1.0000068177070689
1.0000091673066178
1.0000114951017154
1.0000137955421495
1.0000160631430774
1.0000182924981247
1.0000204782922961
1.0000226153146687
1.0000246984708352
1.0000267227950672
1.0000286834621739
1.0000305757990211
1.0000323952956884
1.0000341376162372
1.0000357986090604
1.0000373743167927
1.0000388609857558
1.0000402550749172
1.0000415532643432
1.0000427524631206
1.0000438498167323
1.0000448427138691
1.0000457287926594
1.0000465059463033
1.0000471723280970
1.0000477263558376
1.0000481667155967
1.0000484923648518
1.0000487025349700
1.0000487967330378
1.0000487747430331
1.0000486366263350
1.0000483827215707
1.0000480136438035
1.0000475302830576
1.0000469338021882
1.0000462256341012
1.0000454074783249
