1.0000000149634714
1.0000000148035364
1.0000000146101971
1.0000000143839445
1.0000000141253462
1.0000000138350460
1.0000000135137614
1.0000000131622835
1.0000000127814732
1.0000000123722605
1.0000000119356436
1.0000000114726839
1.0000000109845053
1.0000000104722899
1.0000000099372766
1.0000000093807573
1.0000000088040735
1.0000000082086138
1.0000000075958106
1.0000000069671369
1.0000000063241021
1.0000000056682481
1.0000000050011455
1.0000000043243904
1.0000000036396002
1.0000000029484102
1.0000000022524718
1.0000000015534460
1.0000000008529983
1.0000000001527964
0.9999999994545065
0.9999999987597895
0.9999999980702966
0.9999999973876638
0.9999999967135076
0.9999999960494256
0.9999999953969904
0.9999999947577453
0.9999999941332002
0.9999999935248294
0.9999999929340663
0.9999999923622999
0.9999999918108740
0.9999999912810819
0.9999999907741643
0.9999999902913058
0.9999999898336328
0.9999999894022097
0.9999999889980371
0.9999999886220490
0.9999999882751109
0.9999999879580173
0.9999999876714919
0.9999999874161859
0.9999999871926728
0.9999999870014498
0.9999999868429335
0.9999999867174626
0.9999999866252959
0.9999999865666123
0.9999999865415095
0.9999999865500027
0.9999999865920268
0.9999999866674359
0.9999999867760044
0.9999999869174259
0.9999999870913148
0.9999999872972081
0.9999999875345650
0.9999999878027681
0.9999999881011261
0.9999999884288735
0.9999999887851745
0.9999999891691256
0.9999999895797567
0.9999999900160336
0.9999999904768598
0.9999999909610802
0.9999999914674829
0.9999999919948029
0.9999999925417240
0.9999999931068833
0.9999999936888750
0.9999999942862530
0.9999999948975331
0.9999999955211981
0.9999999961557021
0.9999999967994715
0.9999999974509114
0.9999999981084076
0.9999999987703317
0.9999999994350450
1.0000000001009031
1.0000000007662586
1.0000000014294652
1.0000000020888822
1.0000000027428795
1.0000000033898393
1.0000000040281602
1.0000000046562618
1.0000000052725884
1.0000000058756129
1.0000000064638404
1.0000000070358115
1.0000000075901077
1.0000000081253522
1.0000000086402143
1.0000000091334122
1.0000000096037174
1.0000000100499562
1.0000000104710129
1.0000000108658331
1.0000000112334255
1.0000000115728649
1.0000000118832943
1.0000000121639268
1.0000000124140462
1.0000000126330106
1.0000000128202549
1.0000000129752900
1.0000000130977054
1.0000000131871682
1.0000000132434261
1.0000000132663067
1.0000000132557190
1.0000000132116529
1.0000000131341793
1.0000000130234501
1.0000000128796980
1.0000000127032365
1.0000000124944579
1.0000000122538319
1.0000000119819061
1.0000000116793033
1.0000000113467211
1.0000000109849307
1.0000000105947751
1.0000000101771656
1.0000000097330792
1.0000000092635593
1.0000000087697107
1.0000000082526976
1.0000000077137416
1.0000000071541175
1.0000000065751511
1.0000000059782164
1.0000000053647304
1.0000000047361524
1.0000000040939787
1.0000000034397374
1.0000000027749885
1.0000000021013182
1.0000000014203352
1.0000000007336662
1.0000000000429543
0.9999999993498531
0.9999999986560233
0.9999999979631290
0.9999999972728330
0.9999999965867941
0.9999999959066606
0.9999999952340684
0.9999999945706377
0.9999999939179688
0.9999999932776372
0.9999999926511890
0.9999999920401396
0.9999999914459702
0.9999999908701221
0.9999999903139933
0.9999999897789368
0.9999999892662559
0.9999999887772008
0.9999999883129661
0.9999999878746891
0.9999999874634455
0.9999999870802473
0.9999999867260414
0.9999999864017070
0.9999999861080520
0.9999999858458138
0.9999999856156548
0.9999999854181613
0.9999999852538428
0.9999999851231323
0.9999999850263827
0.9999999849638663
0.9999999849357747
0.9999999849422170
0.9999999849832204
0.9999999850587312
0.9999999851686137
0.9999999853126497
0.9999999854905401
0.9999999857019072
0.9999999859462942
0.9999999862231654
0.9999999865319086
0.9999999868718362
0.9999999872421871
0.9999999876421279
0.9999999880707535
0.9999999885270913
0.9999999890101035
0.9999999895186894
0.9999999900516873
0.9999999906078771
0.9999999911859827
0.9999999917846764
0.9999999924025816
0.9999999930382762
0.9999999936902962
0.9999999943571389
0.9999999950372664
0.9999999957291088
0.9999999964310685
0.9999999971415232
0.9999999978588300
0.9999999985813294
0.9999999993073501
1.0000000000352132
1.0000000007632344
1.0000000014897295
1.0000000022130182
1.0000000029314280
1.0000000036432972
1.0000000043469790
1.0000000050408449
1.0000000057232907
1.0000000063927390
1.0000000070476422
1.0000000076864879
1.0000000083078016
1.0000000089101515
1.0000000094921502
1.0000000100524575
1.0000000105897846
1.0000000111028977
1.0000000115906196
1.0000000120518329
1.0000000124854820
1.0000000128905762
1.0000000132661935
1.0000000136114806
1.0000000139256577
1.0000000142080181
1.0000000144579306
1.0000000146748413
1.0000000148582735
1.0000000150078288
1.0000000151231883
1.0000000152041142
1.0000000152504489
1.0000000152621162
1.0000000152391226
1.0000000151815571
1.0000000150895894
1.0000000149634714
1.0000000148035364
1.0000000146101971
1.0000000143839445
