1.0000018295830198
1.0000018071528032
1.0000017804566479
1.0000017495591369
1.0000017145348636
1.0000016754682530
1.0000016324533600
1.0000015855936424
1.0000015350017162
1.0000014807990834
1.0000014231158421
1.0000013620903754
1.0000012978690189
1.0000012306057118
1.0000011604616286
1.0000010876047933
1.0000010122096779
1.0000009344567844
1.0000008545322152
1.0000007726272269
1.0000006889377719
1.0000006036640319
1.0000005170099378
1.0000004291826836
1.0000003403922304
1.0000002508508035
1.0000001607723847
1.0000000703722027
0.9999999798662180
0.9999998894706071
0.9999997994012473
0.9999997098731989
0.9999996211001905
0.9999995332941091
0.9999994466644937
0.9999993614180365
0.9999992777580868
0.9999991958841650
0.9999991159914863
0.9999990382704942
0.9999989629064062
0.9999988900787712
0.9999988199610405
0.9999987527201547
0.9999986885161458
0.9999986275017521
0.9999985698220557
0.9999985156141334
0.9999984650067333
0.9999984181199634
0.9999983750650063
0.9999983359438550
0.9999983008490703
0.9999982698635601
0.9999982430603815
0.9999982205025661
0.9999982022429700
0.9999981883241479
0.9999981787782539
0.9999981736269629
0.9999981728814197
0.9999981765422138
0.9999981845993793
0.9999981970324178
0.9999982138103490
0.9999982348917842
0.9999982602250292
0.9999982897482064
0.9999983233894038
0.9999983610668474
0.9999984026890976
0.9999984481552696
0.9999984973552762
0.9999985501700911
0.9999986064720313
0.9999986661250655
0.9999987289851408
0.9999987949005258
0.9999988637121762
0.9999989352541147
0.9999990093538310
0.9999990858326928
0.9999991645063736
0.9999992451852947
0.9999993276750783
0.9999994117770135
0.9999994972885330
0.9999995840036987
0.9999996717136954
0.9999997602073294
0.9999998492715337
0.9999999386918795
1.0000000282530901
1.0000001177395559
1.0000002069358489
1.0000002956272402
1.0000003836002143
1.0000004706429804
1.0000005565459782
1.0000006411023814
1.0000007241085924
1.0000008053647302
1.0000008846751101
1.0000009618487096
1.0000010366996257
1.0000011090475212
1.0000011787180576
1.0000012455433136
1.0000013093621849
1.0000013700207717
1.0000014273727458
1.0000014812797022
1.0000015316114910
1.0000015782465275
1.0000016210720857
1.0000016599845674
1.0000016948897521
1.0000017257030216
1.0000017523495619
1.0000017747645429
1.0000017928932756
1.0000018066913441
1.0000018161247117
1.0000018211698021
1.0000018218135565
1.0000018180534660
1.0000018098975763
1.0000017973644701
1.0000017804832251
1.0000017592933435
1.0000017338446583
1.0000017041972145
1.0000016704211261
1.0000016325964085
1.0000015908127886
1.0000015451694895
1.0000014957749930
1.0000014427467816
1.0000013862110591
1.0000013263024496
1.0000012631636761
1.0000011969452187
1.0000011278049552
1.0000010559077832
1.0000009814252275
1.0000009045350298
1.0000008254207231
1.0000007442711940
1.0000006612802315
1.0000005766460638
1.0000004905708837
1.0000004032603658
1.0000003149231760
1.0000002257704728
1.0000001360154007
1.0000000458725826
0.9999999555576037
0.9999998652864976
0.9999997752752311
0.9999996857391874
0.9999995968926517
0.9999995089482987
0.9999994221166827
0.9999993366057347
0.9999992526202645
0.9999991703614718
0.9999990900264645
0.9999990118077866
0.9999989358929592
0.9999988624640308
0.9999987916971425
0.9999987237621075
0.9999986588220040
0.9999985970327843
0.9999985385429006
0.9999984834929516
0.9999984320153449
0.9999983842339804
0.9999983402639524
0.9999983002112747
0.9999982641726267
0.9999982322351232
0.9999982044761051
0.9999981809629533
0.9999981617529264
0.9999981468930242
0.9999981364198732
0.9999981303596405
0.9999981287279687
0.9999981315299389
0.9999981387600574
0.9999981504022692
0.9999981664299954
0.9999981868061958
0.9999982114834539
0.9999982404040918
0.9999982735003072
0.9999983106943346
0.9999983518986317
0.9999983970160874
0.9999984459402517
0.9999984985555898
0.9999985547377579
0.9999986143538993
0.9999986772629609
0.9999987433160300
0.9999988123566890
0.9999988842213875
0.9999989587398340
0.9999990357354018
0.9999991150255495
0.9999991964222580
0.9999992797324782
0.9999993647585912
0.9999994512988798
0.9999995391480098
0.9999996280975209
0.9999997179363233
0.9999998084512015
0.9999998994273224
0.9999999906487470
1.0000000818989494
1.0000001729613306
1.0000002636197352
1.0000003536589679
1.0000004428653071
1.0000005310270146
1.0000006179348409
1.0000007033825258
1.0000007871672887
1.0000008690903133
1.0000009489572212
1.0000010265785373
1.0000011017701385
1.0000011743536958
1.0000012441571002
1.0000013110148716
1.0000013747685537
1.0000014352670930
1.0000014923671994
1.0000015459336864
1.0000015958397943
1.0000016419674909
1.0000016842077539
1.0000017224608317
1.0000017566364821
1.0000017866541848
1.0000018124433336
1.0000018339434049
1.0000018511041027
1.0000018638854762
1.0000018722580151
1.0000018762027196
1.0000018757111448
1.0000018707854221
1.0000018614382533
1.0000018476928780
1.0000018295830198
1.0000018071528032
1.0000017804566479
1.0000017495591369
