1.0000011620302816
1.0000011478648498
1.0000011309950596
1.0000011114617997
1.0000010893123024
1.0000010646000286
1.0000010373845400
1.0000010077313588
1.0000009757118098
1.0000009414028497
1.0000009048868816
1.0000008662515574
1.0000008255895689
1.0000007829984270
1.0000007385802268
1.0000006924414029
1.0000006446924770
1.0000005954477929
1.0000005448252429
1.0000004929459858
1.0000004399341580
1.0000003859165749
1.0000003310224288
1.0000002753829809
1.0000002191312454
1.0000001624016721
1.0000001053298260
1.0000000480520643
0.9999999907052100
0.9999999334262212
0.9999998763518648
0.9999998196183932
0.9999997633612171
0.9999997077145807
0.9999996528112423
0.9999995987821575
0.9999995457561662
0.9999994938596846
0.9999994432164027
0.9999993939469891
0.9999993461688026
0.9999992999956117
0.9999992555373224
0.9999992128997164
0.9999991721841984
0.9999991334875554
0.9999990969017238
0.9999990625135712
0.9999990304046892
0.9999990006511982
0.9999989733235658
0.9999989484864388
0.9999989261984874
0.9999989065122681
0.9999988894740971
0.9999988751239416
0.9999988634953225
0.9999988546152351
0.9999988485040865
0.9999988451756466
0.9999988446370146
0.9999988468886035
0.9999988519241402
0.9999988597306796
0.9999988702886365
0.9999988835718335
0.9999988995475645
0.9999989181766727
0.9999989394136453
0.9999989632067233
0.9999989894980241
0.9999990182236820
0.9999990493139995
0.9999990826936174
0.9999991182816941
0.9999991559921003
0.9999991957336243
0.9999992374101903
0.9999992809210897
0.9999993261612214
0.9999993730213448
0.9999994213883403
0.9999994711454838
0.9999995221727239
0.9999995743469690
0.9999996275423817
0.9999996816306831
0.9999997364814589
0.9999997919624712
0.9999998479399747
0.9999999042790382
0.9999999608438677
1.0000000174981309
1.0000000741052841
1.0000001305288984
1.0000001866329893
1.0000002422823400
1.0000002973428255
1.0000003516817340
1.0000004051680855
1.0000004576729460
1.0000005090697337
1.0000005592345251
1.0000006080463504
1.0000006553874843
1.0000007011437277
1.0000007452046806
1.0000007874640067
1.0000008278196884
1.0000008661742708
1.0000009024350960
1.0000009365145244
1.0000009683301456
1.0000009978049760
1.0000010248676430
1.0000010494525549
1.0000010715000591
1.0000010909565857
1.0000011077747768
1.0000011219136005
1.0000011333384466
1.0000011420212129
1.0000011479403701
1.0000011510810156
1.0000011514349092
1.0000011490004941
1.0000011437828975
1.0000011357939231
1.0000011250520204
1.0000011115822440
1.0000010954161929
1.0000010765919327
1.0000010551539067
1.0000010311528300
1.0000010046455685
1.0000009756950030
1.0000009443698810
1.0000009107446504
1.0000008748992828
1.0000008369190838
1.0000007968944877
1.0000007549208414
1.0000007110981777
1.0000006655309766
1.0000006183279142
1.0000005696016041
1.0000005194683279
1.0000004680477579
1.0000004154626696
1.0000003618386493
1.0000003073037949
1.0000002519884090
1.0000001960246885
1.0000001395464069
1.0000000826885942
1.0000000255872170
0.9999999683788501
0.9999999112003524
0.9999998541885373
0.9999997974798476
0.9999997412100287
0.9999996855138046
0.9999996305245559
0.9999995763740001
0.9999995231918755
0.9999994711056308
0.9999994202401226
0.9999993707173148
0.9999993226559882
0.9999992761714551
0.9999992313752840
0.9999991883750329
0.9999991472739920
0.9999991081709371
0.9999990711598902
0.9999990363298968
0.9999990037648128
0.9999989735431027
0.9999989457376524
0.9999989204155944
0.9999988976381475
0.9999988774604684
0.9999988599315206
0.9999988450939562
0.9999988329840139
0.9999988236314329
0.9999988170593799
0.9999988132843950
0.9999988123163494
0.9999988141584224
0.9999988188070942
0.9999988262521526
0.9999988364767172
0.9999988494572783
0.9999988651637551
0.9999988835595639
0.9999989046017055
0.9999989282408700
0.9999989544215525
0.9999989830821847
0.9999990141552813
0.9999990475676008
0.9999990832403213
0.9999991210892279
0.9999991610249132
0.9999992029529891
0.9999992467743115
0.9999992923852199
0.9999993396777819
0.9999993885400508
0.9999994388563331
0.9999994905074647
0.9999995433710953
0.9999995973219789
0.9999996522322727
0.9999997079718430
0.9999997644085743
0.9999998214086856
0.9999998788370497
0.9999999365575146
0.9999999944332278
1.0000000523269634
1.0000001101014493
1.0000001676196952
1.0000002247453199
1.0000002813428759
1.0000003372781741
1.0000003924186007
1.0000004466334358
1.0000004997941638
1.0000005517747803
1.0000006024520935
1.0000006517060187
1.0000006994198636
1.0000007454806050
1.0000007897791612
1.0000008322106504
1.0000008726746417
1.0000009110753940
1.0000009473220843
1.0000009813290245
1.0000010130158661
1.0000010423077907
1.0000010691356906
1.0000010934363313
1.0000011151525019
1.0000011342331516
1.0000011506335118
1.0000011643152020
1.0000011752463209
1.0000011834015230
1.0000011887620781
1.0000011913159146
1.0000011910576498
1.0000011879886026
1.0000011821167889
1.0000011734569034
1.0000011620302816
1.0000011478648498
1.0000011309950596
1.0000011114617997
