1.0000029979781258
1.0000029610281942
1.0000029170757330
1.0000028662268847
1.0000028086042310
1.0000027443464983
1.0000026736082257
1.0000025965593966
1.0000025133850308
1.0000024242847416
1.0000023294722598
1.0000022291749193
1.0000021236331160
1.0000020130997307
1.0000018978395253
1.0000017781285089
1.0000016542532799
1.0000015265103392
1.0000013952053812
1.0000012606525635
1.0000011231737544
1.0000009830977636
1.0000008407595569
1.0000006964994570
1.0000005506623275
1.0000004035967496
1.0000002556541889
1.0000001071881552
0.9999999585533568
0.9999998101048533
0.9999996621972087
0.9999995151836413
0.9999993694151802
0.9999992252398278
0.9999990830017264
0.9999989430403377
0.9999988056896316
0.9999986712772860
0.9999985401239051
0.9999984125422534
0.9999982888365095
0.9999981693015380
0.9999980542221858
0.9999979438726012
0.9999978385155809
0.9999977384019406
0.9999976437699165
0.9999975548445971
0.9999974718373846
0.9999973949454914
0.9999973243514698
0.9999972602227750
0.9999972027113652
0.9999971519533383
0.9999971080686085
0.9999970711606212
0.9999970413161078
0.9999970186048767
0.9999970030796497
0.9999969947759346
0.9999969937119431
0.9999969998885455
0.9999970132892735
0.9999970338803575
0.9999970616108105
0.9999970964125491
0.9999971382005599
0.9999971868731021
0.9999972423119518
0.9999973043826860
0.9999973729350035
0.9999974478030877
0.9999975288060023
0.9999976157481255
0.9999977084196204
0.9999978065969364
0.9999979100433442
0.9999980185095061
0.9999981317340711
0.9999982494443007
0.9999983713567208
0.9999984971778019
0.9999986266046623
0.9999987593257921
0.9999988950218007
0.9999990333661819
0.9999991740260959
0.9999993166631637
0.9999994609342786
0.9999996064924281
0.9999997529875245
0.9999999000672422
1.0000000473778610
1.0000001945651145
1.0000003412750382
1.0000004871548163
1.0000006318536254
1.0000007750234754
1.0000009163200414
1.0000010554034897
1.0000011919392915
1.0000013255990237
1.0000014560611539
1.0000015830118099
1.0000017061455309
1.0000018251660017
1.0000019397867599
1.0000020497318822
1.0000021547366440
1.0000022545481542
1.0000023489259602
1.0000024376426238
1.0000025204842677
1.0000025972510873
1.0000026677578300
1.0000027318342359
1.0000027893254499
1.0000028400923897
1.0000028840120825
1.0000029209779562
1.0000029509000967
1.0000029737054641
1.0000029893380675
1.0000029977590998
1.0000029989470316
1.0000029928976639
1.0000029796241363
1.0000029591568977
1.0000029315436354
1.0000028968491625
1.0000028551552649
1.0000028065605031
1.0000027511799794
1.0000026891450609
1.0000026206030672
1.0000025457169193
1.0000024646647510
1.0000023776394844
1.0000022848483683
1.0000021865124817
1.0000020828662084
1.0000019741566766
1.0000018606431673
1.0000017425964964
1.0000016202983666
1.0000014940406952
1.0000013641249148
1.0000012308612543
1.0000010945679980
1.0000009555707248
1.0000008142015293
1.0000006707982272
1.0000005257035500
1.0000003792643259
1.0000002318306493
1.0000000837550438
0.9999999353916200
0.9999997870952306
0.9999996392206207
0.9999994921215802
0.9999993461500958
0.9999992016555098
0.9999990589836878
0.9999989184761886
0.9999987804694492
0.9999986452939787
0.9999985132735700
0.9999983847245230
0.9999982599548906
0.9999981392637395
0.9999980229404348
0.9999979112639491
0.9999978045021943
0.9999977029113817
0.9999976067354073
0.9999975162052697
0.9999974315385165
0.9999973529387239
0.9999972805950089
0.9999972146815754
0.9999971553572996
0.9999971027653488
0.9999970570328378
0.9999970182705235
0.9999969865725375
0.9999969620161638
0.9999969446616509
0.9999969345520686
0.9999969317132047
0.9999969361534995
0.9999969478640264
0.9999969668185127
0.9999969929734006
0.9999970262679502
0.9999970666243833
0.9999971139480680
0.9999971681277450
0.9999972290357920
0.9999972965285284
0.9999973704465558
0.9999974506151392
0.9999975368446232
0.9999976289308838
0.9999977266558165
0.9999978297878548
0.9999979380825230
0.9999980512830217
0.9999981691208373
0.9999982913163843
0.9999984175796709
0.9999985476109932
0.9999986811016487
0.9999988177346730
0.9999989571855965
0.9999990991232196
0.9999992432104003
0.9999993891048612
0.9999995364600065
0.9999996849257490
0.9999998341493467
0.9999999837762427
1.0000001334509121
1.0000002828177113
1.0000004315217248
1.0000005792096136
1.0000007255304582
1.0000008701365961
1.0000010126844530
1.0000011528353627
1.0000012902563746
1.0000014246210478
1.0000015556102304
1.0000016829128220
1.0000018062265148
1.0000019252585175
1.0000020397262521
1.0000021493580276
1.0000022538936895
1.0000023530852407
1.0000024466974311
1.0000025345083217
1.0000026163098119
1.0000026919081368
1.0000027611243287
1.0000028237946421
1.0000028797709484
1.0000029289210848
1.0000029711291722
1.0000030062958902
1.0000030343387134
1.0000030551921073
1.0000030688076849
1.0000030751543212
1.0000030742182269
1.0000030660029802
1.0000030505295168
1.0000030278360799
1.0000029979781258
1.0000029610281942
1.0000029170757330
1.0000028662268847
