1.0000026168288680
1.0000025846209299
1.0000025463035271
1.0000025019692367
1.0000024517249755
1.0000023956917443
1.0000023340043400
1.0000022668110315
1.0000021942732056
1.0000021165649797
1.0000020338727869
1.0000019463949279
1.0000018543410967
1.0000017579318792
1.0000016573982260
1.0000015529809014
1.0000014449299068
1.0000013335038822
1.0000012189694882
1.0000011016007686
1.0000009816784963
1.0000008594895002
1.0000007353259801
1.0000006094848071
1.0000004822668136
1.0000003539760760
1.0000002249191868
1.0000000954045227
0.9999999657415066
0.9999998362398699
0.9999997072089103
0.9999995789567531
0.9999994517896157
0.9999993260110758
0.9999992019213446
0.9999990798165500
0.9999989599880288
0.9999988427216308
0.9999987282970355
0.9999986169870855
0.9999985090571336
0.9999984047644089
0.9999983043574021
0.9999982080752723
0.9999981161472747
0.9999980287922162
0.9999979462179287
0.9999978686207771
0.9999977961851887
0.9999977290832115
0.9999976674741042
0.9999976115039571
0.9999975613053433
0.9999975169970041
0.9999974786835643
0.9999974464552830
0.9999974203878361
0.9999974005421401
0.9999973869642048
0.9999973796850251
0.9999973787205086
0.9999973840714375
0.9999973957234670
0.9999974136471615
0.9999974377980668
0.9999974681168168
0.9999975045292763
0.9999975469467188
0.9999975952660394
0.9999976493700036
0.9999977091275266
0.9999977743939883
0.9999978450115800
0.9999979208096834
0.9999980016052793
0.9999980872033857
0.9999981773975244
0.9999982719702164
0.9999983706935037
0.9999984733294947
0.9999985796309349
0.9999986893417987
0.9999988021979024
0.9999989179275365
0.9999990362521178
0.9999991568868547
0.9999992795414305
0.9999994039206972
0.9999995297253815
0.9999996566528022
0.9999997843975943
0.9999999126524436
1.0000000411088203
1.0000001694577183
1.0000002973903943
1.0000004245991054
1.0000005507778473
1.0000006756230864
1.0000007988344868
1.0000009201156299
1.0000010391747232
1.0000011557252992
1.0000012694869020
1.0000013801857575
1.0000014875554302
1.0000015913374611
1.0000016912819871
1.0000017871483387
1.0000018787056144
1.0000019657332342
1.0000020480214680
1.0000021253719407
1.0000021975981055
1.0000022645256916
1.0000023259931210
1.0000023818518939
1.0000024319669480
1.0000024762169810
1.0000025144947409
1.0000025467072846
1.0000025727761970
1.0000025926377822
1.0000026062432159
1.0000026135586650
1.0000026145653667
1.0000026092596745
1.0000025976530680
1.0000025797721261
1.0000025556584637
1.0000025253686344
1.0000024889739945
1.0000024465605348
1.0000023982286743
1.0000023440930206
1.0000022842820973
1.0000022189380380
1.0000021482162460
1.0000020722850236
1.0000019913251685
1.0000019055295430
1.0000018151026160
1.0000017202599720
1.0000016212277978
1.0000015182423401
1.0000014115493416
1.0000013014034561
1.0000011880676369
1.0000010718125090
1.0000009529157234
1.0000008316612941
1.0000007083389175
1.0000005832432823
1.0000004566733642
1.0000003289317101
1.0000002003237158
1.0000000711568959
0.9999999417401485
0.9999998123830188
0.9999996833949564
0.9999995550845752
0.9999994277589178
0.9999993017227203
0.9999991772776837
0.9999990547217519
0.9999989343483990
0.9999988164459287
0.9999987012967835
0.9999985891768707
0.9999984803549016
0.9999983750917484
0.9999982736398212
0.9999981762424625
0.9999980831333665
0.9999979945360190
0.9999979106631627
0.9999978317162890
0.9999977578851550
0.9999976893473295
0.9999976262677673
0.9999975687984153
0.9999975170778478
0.9999974712309350
0.9999974313685428
0.9999973975872689
0.9999973699692088
0.9999973485817591
0.9999973334774573
0.9999973246938536
0.9999973222534212
0.9999973261635012
0.9999973364162841
0.9999973529888282
0.9999973758431144
0.9999974049261350
0.9999974401700187
0.9999974814921919
0.9999975287955757
0.9999975819688182
0.9999976408865581
0.9999977054097249
0.9999977753858698
0.9999978506495275
0.9999979310226111
0.9999980163148356
0.9999981063241735
0.9999982008373354
0.9999982996302804
0.9999984024687506
0.9999985091088283
0.9999986192975187
0.9999987327733542
0.9999988492670180
0.9999989685019864
0.9999990901951886
0.9999992140576811
0.9999993397953385
0.9999994671095562
0.9999995956979614
0.9999997252551356
0.9999998554733447
0.9999999860432718
1.0000001166547565
1.0000002469975331
1.0000003767619721
1.0000005056398196
1.0000006333249332
1.0000007595140121
1.0000008839073196
1.0000010062094009
1.0000011261297885
1.0000012433836929
1.0000013576926825
1.0000014687853502
1.0000015763979593
1.0000016802750726
1.0000017801701648
1.0000018758462084
1.0000019670762390
1.0000020536438967
1.0000021353439432
1.0000022119827510
1.0000022833787645
1.0000023493629340
1.0000024097791187
1.0000024644844590
1.0000025133497150
1.0000025562595771
1.0000025931129397
1.0000026238231425
1.0000026483181759
1.0000026665408530
1.0000026784489455
1.0000026840152831
1.0000026832278190
1.0000026760896574
1.0000026626190452
1.0000026428493278
1.0000026168288680
1.0000025846209299
1.0000025463035271
1.0000025019692367
