1.0000000000343068
1.0000000000342486
1.0000000000341309
1.0000000000339544
1.0000000000337204
1.0000000000334301
1.0000000000330835
1.0000000000326814
1.0000000000322260
1.0000000000317191
1.0000000000311629
1.0000000000305602
1.0000000000299143
1.0000000000292273
1.0000000000285012
1.0000000000277376
1.0000000000269389
1.0000000000261071
1.0000000000252449
1.0000000000243554
1.0000000000234404
1.0000000000225027
1.0000000000215432
1.0000000000205633
1.0000000000195652
1.0000000000185525
1.0000000000175284
1.0000000000164957
1.0000000000154572
1.0000000000144158
1.0000000000133737
1.0000000000123326
1.0000000000112956
1.0000000000102647
1.0000000000092422
1.0000000000082312
1.0000000000072342
1.0000000000062539
1.0000000000052922
1.0000000000043516
1.0000000000034339
1.0000000000025400
1.0000000000016709
1.0000000000008269
1.0000000000000091
0.9999999999992181
0.9999999999984559
0.9999999999977246
0.9999999999970262
0.9999999999963615
0.9999999999957317
0.9999999999951389
0.9999999999945828
0.9999999999940643
0.9999999999935846
0.9999999999931448
0.9999999999927450
0.9999999999923854
0.9999999999920667
0.9999999999917895
0.9999999999915540
0.9999999999913600
0.9999999999912076
0.9999999999910958
0.9999999999910253
0.9999999999909963
0.9999999999910085
0.9999999999910610
0.9999999999911520
0.9999999999912803
0.9999999999914455
0.9999999999916459
0.9999999999918797
0.9999999999921455
0.9999999999924419
0.9999999999927672
0.9999999999931205
0.9999999999935015
0.9999999999939103
0.9999999999943453
0.9999999999948035
0.9999999999952813
0.9999999999957765
0.9999999999962862
0.9999999999968090
0.9999999999973439
0.9999999999978892
0.9999999999984429
0.9999999999990034
0.9999999999995688
1.0000000000001366
1.0000000000007045
1.0000000000012714
1.0000000000018356
1.0000000000023952
1.0000000000029481
1.0000000000034932
1.0000000000040288
1.0000000000045530
1.0000000000050642
1.0000000000055609
1.0000000000060418
1.0000000000065052
1.0000000000069496
1.0000000000073728
1.0000000000077744
1.0000000000081528
1.0000000000085072
1.0000000000088363
1.0000000000091382
1.0000000000094118
1.0000000000096567
1.0000000000098725
1.0000000000100588
1.0000000000102147
1.0000000000103388
1.0000000000104301
1.0000000000104867
1.0000000000105074
1.0000000000104914
1.0000000000104377
1.0000000000103468
1.0000000000102192
1.0000000000100560
1.0000000000098577
1.0000000000096247
1.0000000000093574
1.0000000000090561
1.0000000000087210
1.0000000000083538
1.0000000000079554
1.0000000000075251
1.0000000000070632
1.0000000000065705
1.0000000000060478
1.0000000000054960
1.0000000000049167
1.0000000000043108
1.0000000000036795
1.0000000000030256
1.0000000000023501
1.0000000000016540
1.0000000000009381
1.0000000000002036
0.9999999999994508
0.9999999999986823
0.9999999999979003
0.9999999999971070
0.9999999999963044
0.9999999999954936
0.9999999999946759
0.9999999999938525
0.9999999999930258
0.9999999999921977
0.9999999999913705
0.9999999999905450
0.9999999999897231
0.9999999999889060
0.9999999999880944
0.9999999999872904
0.9999999999864958
0.9999999999857137
0.9999999999849465
0.9999999999841972
0.9999999999834668
0.9999999999827579
0.9999999999820732
0.9999999999814139
0.9999999999807813
0.9999999999801769
0.9999999999796019
0.9999999999790581
0.9999999999785467
0.9999999999780685
0.9999999999776250
0.9999999999772178
0.9999999999768484
0.9999999999765181
0.9999999999762282
0.9999999999759801
0.9999999999757749
0.9999999999756140
0.9999999999754980
0.9999999999754282
0.9999999999754047
0.9999999999754280
0.9999999999754994
0.9999999999756199
0.9999999999757905
0.9999999999760104
0.9999999999762792
0.9999999999765964
0.9999999999769615
0.9999999999773752
0.9999999999778382
0.9999999999783513
0.9999999999789128
0.9999999999795215
0.9999999999801757
0.9999999999808745
0.9999999999816163
0.9999999999824003
0.9999999999832246
0.9999999999840876
0.9999999999849873
0.9999999999859220
0.9999999999868912
0.9999999999878940
0.9999999999889301
0.9999999999899974
0.9999999999910951
0.9999999999922207
0.9999999999933725
0.9999999999945487
0.9999999999957470
0.9999999999969655
0.9999999999982007
0.9999999999994490
1.0000000000007070
1.0000000000019726
1.0000000000032438
1.0000000000045179
1.0000000000057927
1.0000000000070668
1.0000000000083391
1.0000000000096068
1.0000000000108669
1.0000000000121168
1.0000000000133551
1.0000000000145792
1.0000000000157858
1.0000000000169729
1.0000000000181384
1.0000000000192819
1.0000000000204012
1.0000000000214930
1.0000000000225544
1.0000000000235831
1.0000000000245757
1.0000000000255305
1.0000000000264462
1.0000000000273210
1.0000000000281524
1.0000000000289380
1.0000000000296765
1.0000000000303657
1.0000000000310039
1.0000000000315901
1.0000000000321234
1.0000000000326019
1.0000000000330231
1.0000000000333855
1.0000000000336888
1.0000000000339326
1.0000000000341169
1.0000000000342411
1.0000000000343046
1.0000000000343068
1.0000000000342486
1.0000000000341309
1.0000000000339544
