1.0022509105628796
1.0022224833212614
1.0021887632771709
1.0021498302870635
1.0021057765492525
1.0020567063925627
1.0020027360369907
1.0019439933268512
1.0018806174369499
1.0018127585523660
1.0017405775224968
1.0016642454900728
1.0015839434958944
1.0014998620601065
1.0014122007408852
1.0013211676714517
1.0012269790763899
1.0011298587682926
1.0010300376258108
1.0009277530542269
1.0008232484297270
1.0007167725285817
1.0006085789424994
1.0004989254814547
1.0003880735653248
1.0002762876057207
1.0001638343794155
1.0000509823948189
0.9999380012529723
0.9998251610045560
0.9997127315044373
0.9996009817652962
0.9994901793118824
0.9993805895374743
0.9992724750641112
0.9991660951081830
0.9990617048529524
0.9989595548295851
0.9988598903082520
0.9987629507008539
0.9986689689769020
0.9985781710940637
0.9984907754448522
0.9984069923209166
0.9983270233963366
0.9982510612313010
0.9981792887974880
0.9981118790264191
0.9980489943820141
0.9979907864584980
0.9979373956047579
0.9978889505761762
0.9978455682148984
0.9978073531594139
0.9977743975842572
0.9977467809705477
0.9977245699080106
0.9977078179290287
0.9976965653751831
0.9976908392966675
0.9976906533848497
0.9976960079381728
0.9977068898614910
0.9977232726988390
0.9977451166995530
0.9977723689175454
0.9978049633434596
0.9978428210693358
0.9978858504853327
0.9979339475079471
0.9979869958391032
0.9980448672553903
0.9981074219266466
0.9981745087630178
0.9982459657895276
0.9983216205471409
0.9984012905192283
0.9984847835822734
0.9985718984796043
0.9986624253168810
0.9987561460780178
0.9988528351601675
0.9989522599263579
0.9990541812743340
0.9991583542201247
0.9992645284948261
0.9993724491530647
0.9994818571915958
0.9995924901764702
0.9997040828771999
0.9998163679063372
0.9999290763628893
1.0000419384779966
1.0001546842613078
1.0002670441464885
1.0003787496343279
1.0004895339319202
1.0005991325864205
1.0007072841119007
1.0008137306078644
1.0009182183680014
1.0010204984778104
1.0011203273997398
1.0012174675445500
1.0013116878276338
1.0014027642090793
1.0014904802162963
1.0015746274480912
1.0016550060591054
1.0017314252235949
1.0018037035775729
1.0018716696383936
1.0019351622009038
1.0019940307093487
1.0020481356042692
1.0020973486436864
1.0021415531979165
1.0021806445174326
1.0022145299732261
1.0022431292691922
1.0022663746261185
1.0022842109369106
1.0022965958927472
1.0023035000799172
1.0023049070471453
1.0023008133432803
1.0022912285252614
1.0022761751363582
1.0022556886547198
1.0022298174123370
1.0021986224845738
1.0021621775504888
1.0021205687242185
1.0020738943577616
1.0020222648155510
1.0019658022212632
1.0019046401773726
1.0018389234580147
1.0017688076757731
1.0016944589230736
1.0016160533889149
1.0015337769517190
1.0014478247491461
1.0013584007257719
1.0012657171595700
1.0011699941682013
1.0010714591961622
1.0009703464838886
1.0008668965199630
1.0007613554776194
1.0006539746367831
1.0005450097929280
1.0004347206540698
1.0003233702272551
1.0002112241959464
1.0000985502897215
0.9999856176477581
0.9998726961775788
0.9997600559105772
0.9996479663558464
0.9995366958538670
0.9994265109316125
0.9993176756606478
0.9992104510197919
0.9991050942639342
0.9990018583005731
0.9989009910756524
0.9988027349702503
0.9987073262096686
0.9986149942864363
0.9985259613987326
0.9984404419056908
0.9983586418010157
0.9982807582063046
0.9982069788854263
0.9981374817812534
0.9980724345759918
0.9980119942763033
0.9979563068243432
0.9979055067357777
0.9978597167657721
0.9978190476038714
0.9977835975986104
0.9977534525126240
0.9977286853089331
0.9977093559690013
0.9976955113430741
0.9976871850332132
0.9976843973093589
0.9976871550586511
0.9976954517681580
0.9977092675410527
0.9977285691461988
0.9977533101010023
0.9977834307872987
0.9978188585999485
0.9978595081277321
0.9979052813660315
0.9979560679607107
0.9980117454825144
0.9980721797312252
0.9981372250687427
0.9982067247801639
0.9982805114618758
0.9983584074356022
0.9984402251872782
0.9985257678295626
0.9986148295867477
0.9987071963007647
0.9988026459569426
0.9989009492281272
0.9990018700357284
0.9991051661262318
0.9992105896616789
0.9993178878225949
0.9994268034218238
0.9995370755277098
0.9996484400950580
0.9997606306022965
0.9998733786932588
0.9999864148220111
1.0000994688991507
1.0002122709380132
1.0003245516992390
1.0004360433321664
1.0005464800115424
1.0006555985680639
1.0007631391112866
1.0008688456434771
1.0009724666630058
1.0010737557559253
1.0011724721744095
1.0012683814007741
1.0013612556958358
1.0014508746304158
1.0015370255988414
1.0016195043133425
1.0016981152782931
1.0017726722432945
1.0018429986341495
1.0019089279608351
1.0019703042016297
1.0020269821626020
1.0020788278117287
1.0021257185869705
1.0021675436776727
1.0022042042787360
1.0022356138170407
1.0022616981496772
1.0022823957335929
1.0022976577663141
1.0023074482974650
1.0023117443108724
1.0023105357770852
1.0023038256762113
1.0022916299910267
1.0022739776703669
1.0022509105628796
1.0022224833212614
1.0021887632771709
1.0021498302870635
