1.0000000000052522
1.0000000000052733
1.0000000000052829
1.0000000000052836
1.0000000000052756
1.0000000000052591
1.0000000000052347
1.0000000000052027
1.0000000000051632
1.0000000000051170
1.0000000000050648
1.0000000000050073
1.0000000000049449
1.0000000000048770
1.0000000000048026
1.0000000000047216
1.0000000000046338
1.0000000000045399
1.0000000000044396
1.0000000000043336
1.0000000000042224
1.0000000000041074
1.0000000000039893
1.0000000000038689
1.0000000000037470
1.0000000000036249
1.0000000000035028
1.0000000000033809
1.0000000000032603
1.0000000000031410
1.0000000000030229
1.0000000000029066
1.0000000000027924
1.0000000000026794
1.0000000000025677
1.0000000000024576
1.0000000000023495
1.0000000000022438
1.0000000000021398
1.0000000000020377
1.0000000000019380
1.0000000000018405
1.0000000000017450
1.0000000000016525
1.0000000000015630
1.0000000000014768
1.0000000000013940
1.0000000000013147
1.0000000000012379
1.0000000000011642
1.0000000000010938
1.0000000000010285
1.0000000000009688
1.0000000000009150
1.0000000000008675
1.0000000000008260
1.0000000000007911
1.0000000000007621
1.0000000000007379
1.0000000000007161
1.0000000000006961
1.0000000000006775
1.0000000000006595
1.0000000000006433
1.0000000000006295
1.0000000000006175
1.0000000000006080
1.0000000000006013
1.0000000000005982
1.0000000000005980
1.0000000000005993
1.0000000000006020
1.0000000000006062
1.0000000000006104
1.0000000000006146
1.0000000000006180
1.0000000000006206
1.0000000000006231
1.0000000000006255
1.0000000000006288
1.0000000000006333
1.0000000000006390
1.0000000000006468
1.0000000000006564
1.0000000000006670
1.0000000000006788
1.0000000000006910
1.0000000000007019
1.0000000000007110
1.0000000000007185
1.0000000000007259
1.0000000000007332
1.0000000000007399
1.0000000000007458
1.0000000000007510
1.0000000000007538
1.0000000000007547
1.0000000000007545
1.0000000000007541
1.0000000000007538
1.0000000000007530
1.0000000000007492
1.0000000000007421
1.0000000000007321
1.0000000000007181
1.0000000000007014
1.0000000000006835
1.0000000000006641
1.0000000000006433
1.0000000000006217
1.0000000000005995
1.0000000000005778
1.0000000000005569
1.0000000000005367
1.0000000000005169
1.0000000000004978
1.0000000000004790
1.0000000000004599
1.0000000000004419
1.0000000000004254
1.0000000000004097
1.0000000000003948
1.0000000000003806
1.0000000000003662
1.0000000000003517
1.0000000000003377
1.0000000000003229
1.0000000000003082
1.0000000000002947
1.0000000000002822
1.0000000000002716
1.0000000000002616
1.0000000000002518
1.0000000000002420
1.0000000000002320
1.0000000000002223
1.0000000000002129
1.0000000000002041
1.0000000000001952
1.0000000000001859
1.0000000000001761
1.0000000000001652
1.0000000000001539
1.0000000000001423
1.0000000000001308
1.0000000000001197
1.0000000000001086
1.0000000000000968
1.0000000000000842
1.0000000000000717
1.0000000000000580
1.0000000000000431
1.0000000000000269
1.0000000000000104
0.9999999999999933
0.9999999999999761
0.9999999999999586
0.9999999999999410
0.9999999999999232
0.9999999999999045
0.9999999999998852
0.9999999999998648
0.9999999999998433
0.9999999999998210
0.9999999999997973
0.9999999999997716
0.9999999999997454
0.9999999999997187
0.9999999999996911
0.9999999999996630
0.9999999999996351
0.9999999999996078
0.9999999999995806
0.9999999999995535
0.9999999999995279
0.9999999999995041
0.9999999999994822
0.9999999999994621
0.9999999999994432
0.9999999999994248
0.9999999999994067
0.9999999999993889
0.9999999999993713
0.9999999999993539
0.9999999999993366
0.9999999999993204
0.9999999999993056
0.9999999999992926
0.9999999999992824
0.9999999999992747
0.9999999999992699
0.9999999999992683
0.9999999999992698
0.9999999999992748
0.9999999999992829
0.9999999999992936
0.9999999999993068
0.9999999999993229
0.9999999999993420
0.9999999999993643
0.9999999999993893
0.9999999999994166
0.9999999999994459
0.9999999999994776
0.9999999999995115
0.9999999999995481
0.9999999999995881
0.9999999999996327
0.9999999999996818
0.9999999999997353
0.9999999999997938
0.9999999999998573
0.9999999999999264
1.0000000000000011
1.0000000000000819
1.0000000000001674
1.0000000000002576
1.0000000000003539
1.0000000000004561
1.0000000000005640
1.0000000000006777
1.0000000000007963
1.0000000000009186
1.0000000000010443
1.0000000000011742
1.0000000000013096
1.0000000000014508
1.0000000000015974
1.0000000000017479
1.0000000000019029
1.0000000000020612
1.0000000000022218
1.0000000000023821
1.0000000000025413
1.0000000000026987
1.0000000000028537
1.0000000000030074
1.0000000000031595
1.0000000000033100
1.0000000000034583
1.0000000000036033
1.0000000000037457
1.0000000000038847
1.0000000000040199
1.0000000000041505
1.0000000000042766
1.0000000000043976
1.0000000000045135
1.0000000000046225
1.0000000000047242
1.0000000000048188
1.0000000000049063
1.0000000000049862
1.0000000000050580
1.0000000000051215
1.0000000000051759
1.0000000000052196
1.0000000000052522
1.0000000000052733
1.0000000000052829
1.0000000000052836
