1.0000000000147262
1.0000000000147515
1.0000000000147529
1.0000000000147322
1.0000000000146911
1.0000000000146314
1.0000000000145539
1.0000000000144587
1.0000000000143459
1.0000000000142153
1.0000000000140674
1.0000000000139020
1.0000000000137201
1.0000000000135223
1.0000000000133085
1.0000000000130780
1.0000000000128315
1.0000000000125706
1.0000000000122975
1.0000000000120142
1.0000000000117211
1.0000000000114189
1.0000000000111082
1.0000000000107900
1.0000000000104654
1.0000000000101337
1.0000000000097951
1.0000000000094491
1.0000000000090967
1.0000000000087379
1.0000000000083733
1.0000000000080032
1.0000000000076279
1.0000000000072491
1.0000000000068687
1.0000000000064875
1.0000000000061078
1.0000000000057299
1.0000000000053533
1.0000000000049791
1.0000000000046083
1.0000000000042417
1.0000000000038807
1.0000000000035265
1.0000000000031795
1.0000000000028402
1.0000000000025093
1.0000000000021865
1.0000000000018727
1.0000000000015687
1.0000000000012770
1.0000000000009981
1.0000000000007323
1.0000000000004798
1.0000000000002405
1.0000000000000147
0.9999999999998017
0.9999999999996037
0.9999999999994206
0.9999999999992536
0.9999999999991035
0.9999999999989708
0.9999999999988546
0.9999999999987548
0.9999999999986706
0.9999999999986012
0.9999999999985459
0.9999999999985048
0.9999999999984763
0.9999999999984598
0.9999999999984548
0.9999999999984602
0.9999999999984751
0.9999999999984990
0.9999999999985321
0.9999999999985746
0.9999999999986252
0.9999999999986839
0.9999999999987501
0.9999999999988236
0.9999999999989041
0.9999999999989907
0.9999999999990832
0.9999999999991811
0.9999999999992840
0.9999999999993914
0.9999999999995022
0.9999999999996178
0.9999999999997383
0.9999999999998638
0.9999999999999936
1.0000000000001270
1.0000000000002638
1.0000000000004035
1.0000000000005451
1.0000000000006886
1.0000000000008322
1.0000000000009750
1.0000000000011158
1.0000000000012539
1.0000000000013891
1.0000000000015217
1.0000000000016520
1.0000000000017797
1.0000000000019045
1.0000000000020264
1.0000000000021447
1.0000000000022584
1.0000000000023663
1.0000000000024669
1.0000000000025586
1.0000000000026406
1.0000000000027132
1.0000000000027771
1.0000000000028324
1.0000000000028786
1.0000000000029154
1.0000000000029434
1.0000000000029625
1.0000000000029727
1.0000000000029738
1.0000000000029661
1.0000000000029490
1.0000000000029232
1.0000000000028884
1.0000000000028439
1.0000000000027889
1.0000000000027227
1.0000000000026448
1.0000000000025557
1.0000000000024554
1.0000000000023439
1.0000000000022209
1.0000000000020868
1.0000000000019427
1.0000000000017886
1.0000000000016238
1.0000000000014486
1.0000000000012641
1.0000000000010709
1.0000000000008713
1.0000000000006664
1.0000000000004576
1.0000000000002454
1.0000000000000300
0.9999999999998113
0.9999999999995889
0.9999999999993634
0.9999999999991356
0.9999999999989067
0.9999999999986775
0.9999999999984481
0.9999999999982189
0.9999999999979899
0.9999999999977617
0.9999999999975352
0.9999999999973112
0.9999999999970892
0.9999999999968691
0.9999999999966516
0.9999999999964366
0.9999999999962241
0.9999999999960147
0.9999999999958090
0.9999999999956067
0.9999999999954080
0.9999999999952142
0.9999999999950258
0.9999999999948436
0.9999999999946690
0.9999999999945024
0.9999999999943441
0.9999999999941950
0.9999999999940553
0.9999999999939253
0.9999999999938053
0.9999999999936960
0.9999999999935989
0.9999999999935140
0.9999999999934415
0.9999999999933821
0.9999999999933362
0.9999999999933044
0.9999999999932873
0.9999999999932859
0.9999999999933000
0.9999999999933296
0.9999999999933740
0.9999999999934333
0.9999999999935070
0.9999999999935948
0.9999999999936965
0.9999999999938131
0.9999999999939450
0.9999999999940916
0.9999999999942542
0.9999999999944333
0.9999999999946299
0.9999999999948439
0.9999999999950755
0.9999999999953234
0.9999999999955870
0.9999999999958659
0.9999999999961610
0.9999999999964722
0.9999999999967996
0.9999999999971421
0.9999999999974984
0.9999999999978681
0.9999999999982501
0.9999999999986431
0.9999999999990468
0.9999999999994594
0.9999999999998793
1.0000000000003055
1.0000000000007379
1.0000000000011759
1.0000000000016187
1.0000000000020659
1.0000000000025160
1.0000000000029681
1.0000000000034210
1.0000000000038749
1.0000000000043294
1.0000000000047848
1.0000000000052405
1.0000000000056957
1.0000000000061495
1.0000000000066005
1.0000000000070475
1.0000000000074891
1.0000000000079230
1.0000000000083484
1.0000000000087650
1.0000000000091718
1.0000000000095677
1.0000000000099518
1.0000000000103233
1.0000000000106815
1.0000000000110272
1.0000000000113611
1.0000000000116842
1.0000000000119951
1.0000000000122931
1.0000000000125775
1.0000000000128477
1.0000000000131022
1.0000000000133402
1.0000000000135614
1.0000000000137654
1.0000000000139515
1.0000000000141198
1.0000000000142701
1.0000000000144016
1.0000000000145139
1.0000000000146061
1.0000000000146774
1.0000000000147262
1.0000000000147515
1.0000000000147529
1.0000000000147322
