1.0000000297464775
1.0000000294170679
1.0000000290205229
1.0000000285578357
1.0000000280301555
1.0000000274387855
1.0000000267851790
1.0000000260709361
1.0000000252977996
1.0000000244676508
1.0000000235825046
1.0000000226445069
1.0000000216559275
1.0000000206191537
1.0000000195366869
1.0000000184111368
1.0000000172452126
1.0000000160417182
1.0000000148035451
1.0000000135336644
1.0000000122351209
1.0000000109110267
1.0000000095645527
1.0000000081989204
1.0000000068173949
1.0000000054232774
1.0000000040198975
1.0000000026106057
1.0000000011987633
0.9999999997877342
0.9999999983808784
0.9999999969815455
0.9999999955930645
0.9999999942187348
0.9999999928618204
0.9999999915255404
0.9999999902130640
0.9999999889275015
0.9999999876718976
0.9999999864492209
0.9999999852623608
0.9999999841141187
0.9999999830072018
0.9999999819442174
0.9999999809276655
0.9999999799599329
0.9999999790432871
0.9999999781798717
0.9999999773717022
0.9999999766206596
0.9999999759284863
0.9999999752967812
0.9999999747269985
0.9999999742204425
0.9999999737782638
0.9999999734014580
0.9999999730908623
0.9999999728471547
0.9999999726708527
0.9999999725623107
0.9999999725217183
0.9999999725491023
0.9999999726443261
0.9999999728070886
0.9999999730369278
0.9999999733332188
0.9999999736951760
0.9999999741218556
0.9999999746121586
0.9999999751648332
0.9999999757784763
0.9999999764515390
0.9999999771823286
0.9999999779690141
0.9999999788096303
0.9999999797020825
0.9999999806441517
0.9999999816334995
0.9999999826676738
0.9999999837441153
0.9999999848601621
0.9999999860130577
0.9999999871999583
0.9999999884179377
0.9999999896639944
0.9999999909350589
0.9999999922280012
0.9999999935396394
0.9999999948667475
0.9999999962060637
0.9999999975542950
0.9999999989081276
1.0000000002642349
1.0000000016192865
1.0000000029699534
1.0000000043129180
1.0000000056448819
1.0000000069625732
1.0000000082627540
1.0000000095422288
1.0000000107978517
1.0000000120265351
1.0000000132252553
1.0000000143910615
1.0000000155210831
1.0000000166125351
1.0000000176627277
1.0000000186690690
1.0000000196290721
1.0000000205403625
1.0000000214006823
1.0000000222078980
1.0000000229600048
1.0000000236551305
1.0000000242915408
1.0000000248676417
1.0000000253819863
1.0000000258332749
1.0000000262203603
1.0000000265422500
1.0000000267981088
1.0000000269872604
1.0000000271091902
1.0000000271635456
1.0000000271501381
1.0000000270689418
1.0000000269200948
1.0000000267038973
1.0000000264208129
1.0000000260714688
1.0000000256566528
1.0000000251773111
1.0000000246345453
1.0000000240296103
1.0000000233639119
1.0000000226390033
1.0000000218565825
1.0000000210184867
1.0000000201266868
1.0000000191832834
1.0000000181905031
1.0000000171506915
1.0000000160663094
1.0000000149399262
1.0000000137742151
1.0000000125719457
1.0000000113359770
1.0000000100692497
1.0000000087747805
1.0000000074556545
1.0000000061150187
1.0000000047560729
1.0000000033820624
1.0000000019962714
1.0000000006020158
0.9999999992026337
0.9999999978014773
0.9999999964019050
0.9999999950072742
0.9999999936209322
0.9999999922462078
0.9999999908864045
0.9999999895447915
0.9999999882245970
0.9999999869289989
0.9999999856611197
0.9999999844240182
0.9999999832206827
0.9999999820540231
0.9999999809268623
0.9999999798419298
0.9999999788018581
0.9999999778091747
0.9999999768662959
0.9999999759755215
0.9999999751390278
0.9999999743588635
0.9999999736369437
0.9999999729750453
0.9999999723748034
0.9999999718377069
0.9999999713650963
0.9999999709581601
0.9999999706179322
0.9999999703452888
0.9999999701409460
0.9999999700054577
0.9999999699392136
0.9999999699424397
0.9999999700151970
0.9999999701573816
0.9999999703687248
0.9999999706487942
0.9999999709969958
0.9999999714125740
0.9999999718946140
0.9999999724420426
0.9999999730536313
0.9999999737279981
0.9999999744636118
0.9999999752587966
0.9999999761117357
0.9999999770204758
0.9999999779829296
0.9999999789968822
0.9999999800599965
0.9999999811698183
0.9999999823237821
0.9999999835192170
0.9999999847533545
0.9999999860233340
0.9999999873262091
0.9999999886589549
0.9999999900184749
0.9999999914016100
0.9999999928051443
0.9999999942258134
0.9999999956603122
0.9999999971053015
0.9999999985574178
1.0000000000132798
1.0000000014694990
1.0000000029226848
1.0000000043694539
1.0000000058064369
1.0000000072302888
1.0000000086376939
1.0000000100253752
1.0000000113901022
1.0000000127286996
1.0000000140380538
1.0000000153151205
1.0000000165569320
1.0000000177606048
1.0000000189233440
1.0000000200424519
1.0000000211153348
1.0000000221395078
1.0000000231126021
1.0000000240323694
1.0000000248966880
1.0000000257035679
1.0000000264511544
1.0000000271377334
1.0000000277617358
1.0000000283217410
1.0000000288164783
1.0000000292448326
1.0000000296058442
1.0000000298987137
1.0000000301228038
1.0000000302776397
1.0000000303629115
1.0000000303784731
1.0000000303243437
1.0000000302007084
1.0000000300079159
1.0000000297464775
1.0000000294170679
1.0000000290205229
1.0000000285578357
