1.0594175040853446
1.0587150121427786
1.0578809935481517
1.0569169360549329
1.0558245664112349
1.0546058504411377
1.0532629930838306
1.0517984383692913
1.0502148693064191
1.0485152076566771
1.0467026135633890
1.0447804850038709
1.0427524570285891
1.0406224007485210
1.0383944220288821
1.0360728598444027
1.0336622842484173
1.0311674939052082
1.0285935131323685
1.0259455883974773
1.0232291842111658
1.0204499783567675
1.0176138563952741
1.0147269053833352
1.0117954067416419
1.0088258282113238
1.0058248148370628
1.0027991789176012
0.9997558888672933
0.9967020569364402
0.9936449257434605
0.9905918535785703
0.9875502984466592
0.9845278008265475
0.9815319651348051
0.9785704398948483
0.9756508966260746
0.9727810074833285
0.9699684216938652
0.9672207408571004
0.9645454931915889
0.9619501068336080
0.9594418823121339
0.9570279643455566
0.9547153131257282
0.9525106752744897
0.9504205546761405
0.9484511834059207
0.9466084929889580
0.9448980862357588
0.9433252099087401
0.9418947284790379
0.9406110992335485
0.9394783489885340
0.9385000526580004
0.9376793139123261
0.9370187481453378
0.9365204679464013
0.9361860712483936
0.9360166322931369
0.9360126955235004
0.9361742724766473
0.9365008417165002
0.9369913518062671
0.9376442272846026
0.9384573775725360
0.9394282087034654
0.9405536377360328
0.9418301096802503
0.9432536167413793
0.9448197196642406
0.9465235709431543
0.9483599396497798
0.9503232376227825
0.9524075467594459
0.9546066471498630
0.9569140457989235
0.9593230056895644
0.9618265749522478
0.9644176159199030
0.9670888338640787
0.9698328052263110
0.9726420051782142
0.9755088343640363
0.9784256446999702
0.9813847641249293
0.9843785202174797
0.9873992626127925
0.9904393841716613
0.9934913408705719
0.9965476703973938
0.9996010094513841
1.0026441097587921
1.0056698528264245
1.0086712634650825
1.0116415221228758
1.0145739760750940
1.0174621495226828
1.0202997526555151
1.0230806897396785
1.0257990662899947
1.0284491953901225
1.0310256032228997
1.0335230338732233
1.0359364534647943
1.0382610536906105
1.0404922547952262
1.0426257080645802
1.0446572978767523
1.0465831433643160
1.0483995997361630
1.0501032593037378
1.0516909522536495
1.0531597472056204
1.0545069515917105
1.0557301118897566
1.0568270137410178
1.0577956819790864
1.0586343805942713
1.0593416126548463
1.0599161202038081
1.0603568841471045
1.0606631241466442
1.0608342985288113
1.0608701042166591
1.0607704766914328
1.0605355899865758
1.0601658567148882
1.0596619281270254
1.0590246941970327
1.0582552837281074
1.0573550644692415
1.0563256432308341
1.0551688659847380
1.0538868179315526
1.0524818235152456
1.0509564463624179
1.0493134891206781
1.0475559931677128
1.0456872381596922
1.0437107413846687
1.0416302568836144
1.0394497742987276
1.0371735174056256
1.0348059422830946
1.0323517350711742
1.0298158092655987
1.0272033024940377
1.0245195727172152
1.0217701937959267
1.0189609503632904
1.0160978319403138
1.0131870262321665
1.0102349115424751
1.0072480482436303
1.0042331692426092
1.0011971693842772
0.9981470937376661
0.9950901247154131
0.9920335679825164
0.9889848371178832
0.9859514370009187
0.9829409459056526
0.9799609962966936
0.9770192543346218
0.9741233981132437
0.9712810946673859
0.9684999758074594
0.9657876128557085
0.9631514903786730
0.9605989790306453
0.9581373076434538
0.9557735347183938
0.9535145194961113
0.9513668927992647
0.9493370278603243
0.9474310113624463
0.9456546149344222
0.9440132673507844
0.9425120276947598
0.9411555597445156
0.9399481078416910
0.9388934744953192
0.9379949999637593
0.9372555440421912
0.9366774702636858
0.9362626326980839
0.9360123655052854
0.9359274753685837
0.9360082368999741
0.9362543910736367
0.9366651467068117
0.9372391849698799
0.9379746668704587
0.9388692436205516
0.9399200697620140
0.9411238188945485
0.9424767018227085
0.9439744869144988
0.9456125224445125
0.9473857606793207
0.9492887834522549
0.9513158289686880
0.9534608195813521
0.9557173902778646
0.9580789176291603
0.9605385489575021
0.9630892314957415
0.9657237413250032
0.9684347118954664
0.9712146619538989
0.9740560227215548
0.9769511641865365
0.9798924203952779
0.9828721136480656
0.9858825775231467
0.9889161786726958
0.9919653373514974
0.9950225466554824
0.9980803904621185
1.0011315600780242
1.0041688696109883
1.0071852700938961
1.0101738623968581
1.0131279089712042
1.0160408444750031
1.0189062853345037
1.0217180382994462
1.0244701080526861
1.0271567039361125
1.0297722458555330
1.0323113694271491
1.0347689304275627
1.0371400086080207
1.0394199109319362
1.0416041742926623
1.0436885677661476
1.0456690944505316
1.0475419929419736
1.0493037384931392
1.0509510438978036
1.0524808601420348
1.0538903768593930
1.0551770226245796
1.0563384651169831
1.0573726111826309
1.0582776068201527
1.0590518371135391
1.0596939261316918
1.0602027368120475
1.0605773708428863
1.0608171685563261
1.0609217088414344
1.0608908090843514
1.0607245251398159
1.0604231513359970
1.0599872205120513
1.0594175040853446
1.0587150121427786
1.0578809935481517
1.0569169360549329
