1.0000000000248348
1.0000000000248337
1.0000000000247888
1.0000000000247022
1.0000000000245761
1.0000000000244114
1.0000000000242093
1.0000000000239699
1.0000000000236937
1.0000000000233800
1.0000000000230294
1.0000000000226423
1.0000000000222191
1.0000000000217601
1.0000000000212674
1.0000000000207430
1.0000000000201907
1.0000000000196132
1.0000000000190143
1.0000000000183962
1.0000000000177598
1.0000000000171057
1.0000000000164362
1.0000000000157532
1.0000000000150584
1.0000000000143523
1.0000000000136378
1.0000000000129159
1.0000000000121883
1.0000000000114573
1.0000000000107254
1.0000000000099953
1.0000000000092679
1.0000000000085452
1.0000000000078293
1.0000000000071227
1.0000000000064262
1.0000000000057403
1.0000000000050666
1.0000000000044069
1.0000000000037621
1.0000000000031339
1.0000000000025249
1.0000000000019365
1.0000000000013696
1.0000000000008258
1.0000000000003058
0.9999999999998100
0.9999999999993374
0.9999999999988883
0.9999999999984631
0.9999999999980624
0.9999999999976867
0.9999999999973358
0.9999999999970102
0.9999999999967106
0.9999999999964375
0.9999999999961912
0.9999999999959729
0.9999999999957824
0.9999999999956192
0.9999999999954833
0.9999999999953740
0.9999999999952909
0.9999999999952324
0.9999999999951976
0.9999999999951869
0.9999999999952007
0.9999999999952398
0.9999999999953036
0.9999999999953908
0.9999999999955009
0.9999999999956333
0.9999999999957878
0.9999999999959636
0.9999999999961580
0.9999999999963690
0.9999999999965967
0.9999999999968405
0.9999999999970993
0.9999999999973718
0.9999999999976569
0.9999999999979541
0.9999999999982621
0.9999999999985797
0.9999999999989052
0.9999999999992377
0.9999999999995768
0.9999999999999223
1.0000000000002736
1.0000000000006299
1.0000000000009892
1.0000000000013489
1.0000000000017069
1.0000000000020601
1.0000000000024067
1.0000000000027456
1.0000000000030764
1.0000000000033982
1.0000000000037108
1.0000000000040139
1.0000000000043066
1.0000000000045881
1.0000000000048583
1.0000000000051155
1.0000000000053588
1.0000000000055871
1.0000000000057991
1.0000000000059932
1.0000000000061691
1.0000000000063265
1.0000000000064651
1.0000000000065845
1.0000000000066838
1.0000000000067621
1.0000000000068190
1.0000000000068539
1.0000000000068667
1.0000000000068572
1.0000000000068248
1.0000000000067690
1.0000000000066902
1.0000000000065883
1.0000000000064635
1.0000000000063169
1.0000000000061493
1.0000000000059608
1.0000000000057510
1.0000000000055194
1.0000000000052669
1.0000000000049951
1.0000000000047051
1.0000000000043967
1.0000000000040692
1.0000000000037224
1.0000000000033564
1.0000000000029712
1.0000000000025666
1.0000000000021432
1.0000000000017020
1.0000000000012446
1.0000000000007723
1.0000000000002862
0.9999999999997877
0.9999999999992788
0.9999999999987598
0.9999999999982297
0.9999999999976895
0.9999999999971402
0.9999999999965835
0.9999999999960220
0.9999999999954576
0.9999999999948921
0.9999999999943258
0.9999999999937599
0.9999999999931953
0.9999999999926338
0.9999999999920776
0.9999999999915286
0.9999999999909882
0.9999999999904566
0.9999999999899351
0.9999999999894250
0.9999999999889273
0.9999999999884429
0.9999999999879722
0.9999999999875163
0.9999999999870762
0.9999999999866530
0.9999999999862491
0.9999999999858664
0.9999999999855058
0.9999999999851695
0.9999999999848583
0.9999999999845733
0.9999999999843157
0.9999999999840865
0.9999999999838862
0.9999999999837155
0.9999999999835747
0.9999999999834638
0.9999999999833821
0.9999999999833282
0.9999999999833022
0.9999999999833037
0.9999999999833337
0.9999999999833942
0.9999999999834855
0.9999999999836081
0.9999999999837631
0.9999999999839509
0.9999999999841707
0.9999999999844220
0.9999999999847040
0.9999999999850160
0.9999999999853582
0.9999999999857301
0.9999999999861322
0.9999999999865650
0.9999999999870283
0.9999999999875216
0.9999999999880450
0.9999999999885972
0.9999999999891772
0.9999999999897833
0.9999999999904149
0.9999999999910721
0.9999999999917540
0.9999999999924598
0.9999999999931876
0.9999999999939360
0.9999999999947039
0.9999999999954902
0.9999999999962934
0.9999999999971122
0.9999999999979441
0.9999999999987870
0.9999999999996397
1.0000000000005009
1.0000000000013680
1.0000000000022391
1.0000000000031142
1.0000000000039928
1.0000000000048737
1.0000000000057547
1.0000000000066347
1.0000000000075122
1.0000000000083853
1.0000000000092526
1.0000000000101124
1.0000000000109628
1.0000000000118017
1.0000000000126279
1.0000000000134401
1.0000000000142377
1.0000000000150195
1.0000000000157840
1.0000000000165288
1.0000000000172515
1.0000000000179505
1.0000000000186233
1.0000000000192695
1.0000000000198868
1.0000000000204736
1.0000000000210283
1.0000000000215499
1.0000000000220364
1.0000000000224876
1.0000000000229017
1.0000000000232778
1.0000000000236156
1.0000000000239140
1.0000000000241727
1.0000000000243918
1.0000000000245690
1.0000000000247025
1.0000000000247913
1.0000000000248348
1.0000000000248337
1.0000000000247888
1.0000000000247022
