1.0000002312743765
1.0000002285347267
1.0000002252618587
1.0000002214637829
1.0000002171497548
1.0000002123302554
1.0000002070169671
1.0000002012227440
1.0000001949615829
1.0000001882485867
1.0000001810999315
1.0000001735328261
1.0000001655654704
1.0000001572170143
1.0000001485075085
1.0000001394578582
1.0000001300897716
1.0000001204257101
1.0000001104888327
1.0000001003029431
1.0000000898924313
1.0000000792822143
1.0000000684976784
1.0000000575646162
1.0000000465091661
1.0000000353577498
1.0000000241370093
1.0000000128737443
1.0000000015948465
0.9999999903272366
0.9999999790977989
0.9999999679333172
0.9999999568604114
0.9999999459054730
0.9999999350946036
0.9999999244535512
0.9999999140076496
0.9999999037817571
0.9999998938001980
0.9999998840867040
0.9999998746643568
0.9999998655555348
0.9999998567818580
0.9999998483641359
0.9999998403223188
0.9999998326754511
0.9999998254416258
0.9999998186379405
0.9999998122804565
0.9999998063841613
0.9999998009629328
0.9999997960295058
0.9999997915954415
0.9999997876710999
0.9999997842656158
0.9999997813868771
0.9999997790415074
0.9999997772348483
0.9999997759709479
0.9999997752525501
0.9999997750810889
0.9999997754566848
0.9999997763781463
0.9999997778429709
0.9999997798473511
0.9999997823861850
0.9999997854530880
0.9999997890404076
0.9999997931392448
0.9999997977394729
0.9999998028297644
0.9999998083976139
0.9999998144293705
0.9999998209102718
0.9999998278244786
0.9999998351551120
0.9999998428842948
0.9999998509931929
0.9999998594620633
0.9999998682703004
0.9999998773964865
0.9999998868184422
0.9999998965132784
0.9999999064574522
0.9999999166268219
0.9999999269967081
0.9999999375419526
0.9999999482369762
0.9999999590558420
0.9999999699723157
0.9999999809599305
0.9999999919920507
1.0000000030419358
1.0000000140828031
1.0000000250878924
1.0000000360305288
1.0000000468841899
1.0000000576225663
1.0000000682196268
1.0000000786496805
1.0000000888874379
1.0000000989080711
1.0000001086872734
1.0000001182013194
1.0000001274271189
1.0000001363422755
1.0000001449251390
1.0000001531548568
1.0000001610114251
1.0000001684757369
1.0000001755296282
1.0000001821559199
1.0000001883384593
1.0000001940621595
1.0000001993130361
1.0000002040782392
1.0000002083460853
1.0000002121060849
1.0000002153489702
1.0000002180667142
1.0000002202525511
1.0000002219009934
1.0000002230078442
1.0000002235702086
1.0000002235865002
1.0000002230564453
1.0000002219810817
1.0000002203627580
1.0000002182051280
1.0000002155131447
1.0000002122930447
1.0000002085523363
1.0000002042997782
1.0000001995453600
1.0000001943002779
1.0000001885769105
1.0000001823887883
1.0000001757505617
1.0000001686779656
1.0000001611877805
1.0000001532977929
1.0000001450267542
1.0000001363943343
1.0000001274210772
1.0000001181283520
1.0000001085383006
1.0000000986737840
1.0000000885583276
1.0000000782160652
1.0000000676716820
1.0000000569503560
1.0000000460776974
1.0000000350796874
1.0000000239826152
1.0000000128130151
1.0000000015976052
0.9999999903632216
0.9999999791367551
0.9999999679450856
0.9999999568150199
0.9999999457732260
0.9999999348461681
0.9999999240600458
0.9999999134407316
0.9999999030137091
0.9999998928040112
0.9999998828361587
0.9999998731341029
0.9999998637211677
0.9999998546199949
0.9999998458524901
0.9999998374397698
0.9999998294021096
0.9999998217588972
0.9999998145285839
0.9999998077286433
0.9999998013755281
0.9999997954846311
0.9999997900702475
0.9999997851455418
0.9999997807225132
0.9999997768119693
0.9999997734234994
0.9999997705654524
0.9999997682449152
0.9999997664676972
0.9999997652383150
0.9999997645599811
0.9999997644345967
0.9999997648627473
0.9999997658437008
0.9999997673754100
0.9999997694545159
0.9999997720763564
0.9999997752349786
0.9999997789231508
0.9999997831323797
0.9999997878529301
0.9999997930738485
0.9999997987829904
0.9999998049670473
0.9999998116115806
0.9999998187010538
0.9999998262188696
0.9999998341474099
0.9999998424680766
0.9999998511613376
0.9999998602067733
0.9999998695831248
0.9999998792683450
0.9999998892396486
0.9999998994735668
0.9999999099460051
0.9999999206323000
0.9999999315072778
0.9999999425453153
0.9999999537203996
0.9999999650061892
0.9999999763760776
0.9999999878032579
0.9999999992607864
1.0000000107216462
1.0000000221588097
1.0000000335453061
1.0000000448542850
1.0000000560590785
1.0000000671332683
1.0000000780507439
1.0000000887857659
1.0000000993130309
1.0000001096077298
1.0000001196456043
1.0000001294030079
1.0000001388569626
1.0000001479852125
1.0000001567662753
1.0000001651794950
1.0000001732050907
1.0000001808242023
1.0000001880189353
1.0000001947724071
1.0000002010687845
1.0000002068933238
1.0000002122324039
1.0000002170735589
1.0000002214055062
1.0000002252181761
1.0000002285027332
1.0000002312515981
1.0000002334584666
1.0000002351183226
1.0000002362274507
1.0000002367834460
1.0000002367852181
1.0000002362329958
1.0000002351283244
1.0000002334740630
1.0000002312743765
1.0000002285347267
1.0000002252618587
1.0000002214637829
