1.0000000843893386
1.0000000834167033
1.0000000822512074
1.0000000808957301
1.0000000793536012
1.0000000776285913
1.0000000757249046
1.0000000736471686
1.0000000714004218
1.0000000689901034
1.0000000664220396
1.0000000637024284
1.0000000608378268
1.0000000578351342
1.0000000547015755
1.0000000514446825
1.0000000480722786
1.0000000445924595
1.0000000410135728
1.0000000373441991
1.0000000335931298
1.0000000297693461
1.0000000258819985
1.0000000219403860
1.0000000179539323
1.0000000139321659
1.0000000098846948
1.0000000058211844
1.0000000017513324
0.9999999976848465
0.9999999936314212
0.9999999896007163
0.9999999856023325
0.9999999816457886
0.9999999777404994
0.9999999738957532
0.9999999701206882
0.9999999664242719
0.9999999628152801
0.9999999593022758
0.9999999558935878
0.9999999525972906
0.9999999494211865
0.9999999463727873
0.9999999434592943
0.9999999406875821
0.9999999380641840
0.9999999355952738
0.9999999332866526
0.9999999311437343
0.9999999291715328
0.9999999273746504
0.9999999257572674
0.9999999243231315
0.9999999230755483
0.9999999220173742
0.9999999211510097
0.9999999204783941
0.9999999200009987
0.9999999197198258
0.9999999196354064
0.9999999197477978
0.9999999200565853
0.9999999205608808
0.9999999212593269
0.9999999221500987
0.9999999232309081
0.9999999244990109
0.9999999259512123
0.9999999275838763
0.9999999293929337
0.9999999313738908
0.9999999335218428
0.9999999358314832
0.9999999382971185
0.9999999409126795
0.9999999436717373
0.9999999465675179
0.9999999495929197
0.9999999527405288
0.9999999560026394
0.9999999593712707
0.9999999628381877
0.9999999663949184
0.9999999700327753
0.9999999737428771
0.9999999775161685
0.9999999813434443
0.9999999852153704
0.9999999891225060
0.9999999930553272
0.9999999970042478
1.0000000009596437
1.0000000049118740
1.0000000088513072
1.0000000127683419
1.0000000166534326
1.0000000204971102
1.0000000242900056
1.0000000280228720
1.0000000316866087
1.0000000352722800
1.0000000387711376
1.0000000421746424
1.0000000454744851
1.0000000486626055
1.0000000517312138
1.0000000546728074
1.0000000574801888
1.0000000601464840
1.0000000626651573
1.0000000650300287
1.0000000672352891
1.0000000692755142
1.0000000711456754
1.0000000728411536
1.0000000743577506
1.0000000756916978
1.0000000768396657
1.0000000777987730
1.0000000785665912
1.0000000791411543
1.0000000795209605
1.0000000797049780
1.0000000796926458
1.0000000794838773
1.0000000790790575
1.0000000784790430
1.0000000776851612
1.0000000766992059
1.0000000755234337
1.0000000741605599
1.0000000726137510
1.0000000708866170
1.0000000689832023
1.0000000669079763
1.0000000646658247
1.0000000622620362
1.0000000597022893
1.0000000569926408
1.0000000541395091
1.0000000511496594
1.0000000480301885
1.0000000447885087
1.0000000414323291
1.0000000379696374
1.0000000344086799
1.0000000307579420
1.0000000270261278
1.0000000232221391
1.0000000193550553
1.0000000154341111
1.0000000114686738
1.0000000074682236
1.0000000034423275
0.9999999994006179
0.9999999953527685
0.9999999913084728
0.9999999872774203
0.9999999832692730
0.9999999792936447
0.9999999753600762
0.9999999714780103
0.9999999676567715
0.9999999639055430
0.9999999602333461
0.9999999566490169
0.9999999531611848
0.9999999497782536
0.9999999465083805
0.9999999433594572
0.9999999403390902
0.9999999374545825
0.9999999347129164
0.9999999321207371
0.9999999296843354
0.9999999274096337
0.9999999253021734
0.9999999233670991
0.9999999216091463
0.9999999200326311
0.9999999186414387
0.9999999174390146
0.9999999164283557
0.9999999156120047
0.9999999149920439
0.9999999145700904
0.9999999143472913
0.9999999143243196
0.9999999145013734
0.9999999148781760
0.9999999154539752
0.9999999162275457
0.9999999171971918
0.9999999183607514
0.9999999197156029
0.9999999212586678
0.9999999229864208
0.9999999248948991
0.9999999269797082
0.9999999292360342
0.9999999316586544
0.9999999342419503
0.9999999369799226
0.9999999398662035
0.9999999428940718
0.9999999460564700
0.9999999493460187
0.9999999527550348
0.9999999562755516
0.9999999598993360
0.9999999636179091
0.9999999674225668
0.9999999713043987
0.9999999752543121
0.9999999792630512
0.9999999833212193
0.9999999874193019
0.9999999915476870
0.9999999956966915
0.9999999998565833
1.0000000040176045
1.0000000081699931
1.0000000123040071
1.0000000164099474
1.0000000204781820
1.0000000244991687
1.0000000284634765
1.0000000323618081
1.0000000361850225
1.0000000399241582
1.0000000435704521
1.0000000471153627
1.0000000505505882
1.0000000538680884
1.0000000570601020
1.0000000601191652
1.0000000630381314
1.0000000658101869
1.0000000684288657
1.0000000708880661
1.0000000731820649
1.0000000753055305
1.0000000772535378
1.0000000790215791
1.0000000806055731
1.0000000820018764
1.0000000832072897
1.0000000842190682
1.0000000850349258
1.0000000856530422
1.0000000860720661
1.0000000862911196
1.0000000863097998
1.0000000861281779
1.0000000857468014
1.0000000851666913
1.0000000843893386
1.0000000834167033
1.0000000822512074
1.0000000808957301
