1.0000012490187751
1.0000012337782918
1.0000012156300802
1.0000011946181135
1.0000011707931866
1.0000011442127916
1.0000011149409831
1.0000010830482224
1.0000010486112105
1.0000010117127029
1.0000009724413126
1.0000009308912969
1.0000008871623320
1.0000008413592749
1.0000007935919133
1.0000007439747030
1.0000006926264924
1.0000006396702388
1.0000005852327154
1.0000005294442063
1.0000004724381975
1.0000004143510555
1.0000003553217038
1.0000002954912901
1.0000002350028481
1.0000001740009561
1.0000001126313902
1.0000000510407756
0.9999999893762364
0.9999999277850455
0.9999998664142723
0.9999998054104310
0.9999997449191304
0.9999996850847253
0.9999996260499716
0.9999995679556853
0.9999995109404084
0.9999994551400759
0.9999994006876913
0.9999993477130084
0.9999992963422206
0.9999992466976614
0.9999991988975110
0.9999991530555157
0.9999991092807153
0.9999990676771823
0.9999990283437743
0.9999989913738973
0.9999989568552831
0.9999989248697816
0.9999988954931627
0.9999988687949360
0.9999988448381865
0.9999988236794217
0.9999988053684405
0.9999987899482118
0.9999987774547741
0.9999987679171500
0.9999987613572762
0.9999987577899517
0.9999987572228036
0.9999987596562689
0.9999987650835935
0.9999987734908496
0.9999987848569715
0.9999987991538039
0.9999988163461695
0.9999988363919552
0.9999988592422127
0.9999988848412751
0.9999989131268928
0.9999989440303803
0.9999989774767825
0.9999990133850553
0.9999990516682588
0.9999990922337660
0.9999991349834855
0.9999991798140956
0.9999992266172936
0.9999992752800541
0.9999993256849007
0.9999993777101874
0.9999994312303893
0.9999994861164025
0.9999995422358554
0.9999995994534232
0.9999996576311554
0.9999997166288057
0.9999997763041654
0.9999998365134045
0.9999998971114189
0.9999999579521767
1.0000000188890672
1.0000000797752535
1.0000001404640233
1.0000002008091391
1.0000002606651910
1.0000003198879437
1.0000003783346822
1.0000004358645536
1.0000004923389025
1.0000005476216050
1.0000006015793945
1.0000006540821822
1.0000007050033664
1.0000007542201355
1.0000008016137636
1.0000008470698960
1.0000008904788216
1.0000009317357366
1.0000009707409958
1.0000010074003518
1.0000010416251799
1.0000010733326912
1.0000011024461295
1.0000011288949573
1.0000011526150225
1.0000011735487133
1.0000011916450984
1.0000012068600470
1.0000012191563352
1.0000012285037372
1.0000012348790959
1.0000012382663808
1.0000012386567252
1.0000012360484494
1.0000012304470622
1.0000012218652492
1.0000012103228435
1.0000011958467809
1.0000011784710341
1.0000011582365320
1.0000011351910605
1.0000011093891519
1.0000010808919519
1.0000010497670750
1.0000010160884427
1.0000009799361076
1.0000009413960633
1.0000009005600370
1.0000008575252712
1.0000008123942927
1.0000007652746654
1.0000007162787350
1.0000006655233606
1.0000006131296357
1.0000005592225978
1.0000005039309303
1.0000004473866557
1.0000003897248195
1.0000003310831682
1.0000002716018186
1.0000002114229238
1.0000001506903333
1.0000000895492485
1.0000000281458761
0.9999999666270780
0.9999999051400216
0.9999998438318274
0.9999997828492171
0.9999997223381619
0.9999996624435339
0.9999996033087613
0.9999995450754839
0.9999994878832151
0.9999994318690066
0.9999993771671215
0.9999993239087138
0.9999992722215135
0.9999992222295229
0.9999991740527177
0.9999991278067606
0.9999990836027250
0.9999990415468291
0.9999990017401807
0.9999989642785369
0.9999989292520749
0.9999988967451761
0.9999988668362211
0.9999988395974050
0.9999988150945622
0.9999987933870104
0.9999987745274075
0.9999987585616248
0.9999987455286373
0.9999987354604308
0.9999987283819247
0.9999987243109107
0.9999987232580102
0.9999987252266491
0.9999987302130501
0.9999987382062400
0.9999987491880747
0.9999987631332822
0.9999987800095221
0.9999987997774632
0.9999988223908768
0.9999988477967467
0.9999988759353953
0.9999989067406249
0.9999989401398758
0.9999989760543991
0.9999990143994444
0.9999990550844617
0.9999990980133169
0.9999991430845218
0.9999991901914759
0.9999992392227206
0.9999992900622041
0.9999993425895571
0.9999993966803812
0.9999994522065447
0.9999995090364896
0.9999995670355444
0.9999996260662465
0.9999996859886695
0.9999997466607565
0.9999998079386593
0.9999998696770808
0.9999999317296211
0.9999999939491292
1.0000000561880527
1.0000001182987901
1.0000001801340430
1.0000002415471665
1.0000003023925190
1.0000003625258116
1.0000004218044516
1.0000004800878823
1.0000005372379186
1.0000005931190761
1.0000006475988927
1.0000007005482474
1.0000007518416674
1.0000008013576267
1.0000008489788361
1.0000008945925227
1.0000009380906996
1.0000009793704214
1.0000010183340324
1.0000010548893989
1.0000010889501292
1.0000011204357790
1.0000011492720418
1.0000011753909268
1.0000011987309207
1.0000012192371364
1.0000012368614404
1.0000012515625680
1.0000012633062216
1.0000012720651517
1.0000012778192222
1.0000012805554588
1.0000012802680796
1.0000012769585098
1.0000012706353754
1.0000012613144813
1.0000012490187751
1.0000012337782918
1.0000012156300802
1.0000011946181135
