1.0000000009965728
1.0000000009884769
1.0000000009783225
1.0000000009661383
1.0000000009519561
1.0000000009358125
1.0000000009177494
1.0000000008978138
1.0000000008760557
1.0000000008525305
1.0000000008272985
1.0000000008004228
1.0000000007719714
1.0000000007420149
1.0000000007106269
1.0000000006778840
1.0000000006438663
1.0000000006086567
1.0000000005723402
1.0000000005350049
1.0000000004967406
1.0000000004576393
1.0000000004177934
1.0000000003772975
1.0000000003362475
1.0000000002947407
1.0000000002528759
1.0000000002107534
1.0000000001684743
1.0000000001261387
1.0000000000838474
1.0000000000417020
0.9999999999998019
0.9999999999582464
0.9999999999171325
0.9999999998765551
0.9999999998366078
0.9999999997973837
0.9999999997589731
0.9999999997214637
0.9999999996849416
0.9999999996494904
0.9999999996151924
0.9999999995821253
0.9999999995503637
0.9999999995199806
0.9999999994910445
0.9999999994636207
0.9999999994377704
0.9999999994135504
0.9999999993910149
0.9999999993702143
0.9999999993511924
0.9999999993339893
0.9999999993186390
0.9999999993051725
0.9999999992936144
0.9999999992839861
0.9999999992763057
0.9999999992705862
0.9999999992668357
0.9999999992650571
0.9999999992652484
0.9999999992674019
0.9999999992715060
0.9999999992775436
0.9999999992854920
0.9999999992953241
0.9999999993070096
0.9999999993205133
0.9999999993357965
0.9999999993528159
0.9999999993715234
0.9999999993918663
0.9999999994137880
0.9999999994372282
0.9999999994621221
0.9999999994884042
0.9999999995160039
0.9999999995448465
0.9999999995748550
0.9999999996059481
0.9999999996380424
0.9999999996710520
0.9999999997048901
0.9999999997394677
0.9999999997746946
0.9999999998104772
0.9999999998467213
0.9999999998833319
0.9999999999202139
0.9999999999572720
0.9999999999944099
1.0000000000315308
1.0000000000685385
1.0000000001053340
1.0000000001418203
1.0000000001779019
1.0000000002134832
1.0000000002484710
1.0000000002827742
1.0000000003163043
1.0000000003489735
1.0000000003806959
1.0000000004113878
1.0000000004409679
1.0000000004693570
1.0000000004964777
1.0000000005222576
1.0000000005466283
1.0000000005695249
1.0000000005908858
1.0000000006106535
1.0000000006287744
1.0000000006451983
1.0000000006598795
1.0000000006727765
1.0000000006838521
1.0000000006930740
1.0000000007004144
1.0000000007058498
1.0000000007093612
1.0000000007109351
1.0000000007105623
1.0000000007082379
1.0000000007039624
1.0000000006977410
1.0000000006895844
1.0000000006795076
1.0000000006675300
1.0000000006536760
1.0000000006379748
1.0000000006204597
1.0000000006011684
1.0000000005801435
1.0000000005574323
1.0000000005330860
1.0000000005071599
1.0000000004797120
1.0000000004508043
1.0000000004205025
1.0000000003888765
1.0000000003559992
1.0000000003219474
1.0000000002868012
1.0000000002506451
1.0000000002135652
1.0000000001756497
1.0000000001369875
1.0000000000976699
1.0000000000577893
1.0000000000174400
0.9999999999767180
0.9999999999357199
0.9999999998945441
0.9999999998532892
0.9999999998120542
0.9999999997709381
0.9999999997300397
0.9999999996894589
0.9999999996492944
0.9999999996096446
0.9999999995706058
0.9999999995322753
0.9999999994947467
0.9999999994581124
0.9999999994224620
0.9999999993878841
0.9999999993544644
0.9999999993222859
0.9999999992914287
0.9999999992619699
0.9999999992339839
0.9999999992075416
0.9999999991827102
0.9999999991595538
0.9999999991381320
0.9999999991185013
0.9999999991007124
0.9999999990848124
0.9999999990708432
0.9999999990588431
0.9999999990488465
0.9999999990408825
0.9999999990349752
0.9999999990311441
0.9999999990294048
0.9999999990297690
0.9999999990322415
0.9999999990368230
0.9999999990435101
0.9999999990522946
0.9999999990631626
0.9999999990760949
0.9999999990910688
0.9999999991080561
0.9999999991270240
0.9999999991479346
0.9999999991707451
0.9999999991954086
0.9999999992218738
0.9999999992500834
0.9999999992799771
0.9999999993114904
0.9999999993445571
0.9999999993791056
0.9999999994150611
0.9999999994523463
0.9999999994908794
0.9999999995305763
0.9999999995713508
0.9999999996131145
0.9999999996557765
0.9999999996992442
0.9999999997434215
0.9999999997882106
0.9999999998335124
0.9999999998792257
0.9999999999252491
0.9999999999714808
1.0000000000178186
1.0000000000641602
1.0000000001104030
1.0000000001564451
1.0000000002021847
1.0000000002475207
1.0000000002923530
1.0000000003365828
1.0000000003801133
1.0000000004228484
1.0000000004646945
1.0000000005055583
1.0000000005453484
1.0000000005839766
1.0000000006213596
1.0000000006574157
1.0000000006920668
1.0000000007252379
1.0000000007568561
1.0000000007868528
1.0000000008151626
1.0000000008417240
1.0000000008664813
1.0000000008893826
1.0000000009103798
1.0000000009294281
1.0000000009464884
1.0000000009615257
1.0000000009745116
1.0000000009854215
1.0000000009942356
1.0000000010009387
1.0000000010055201
1.0000000010079735
1.0000000010082983
1.0000000010064996
1.0000000010025865
1.0000000009965728
1.0000000009884769
1.0000000009783225
1.0000000009661383
