1.0004500861366963
1.0004444036818256
1.0004376617449966
1.0004298764410056
1.0004210663726945
1.0004112525868318
1.0004004585241932
1.0003887099639552
1.0003760349625339
1.0003624637870090
1.0003480288432876
1.0003327645991726
1.0003167075025183
1.0002998958946583
1.0002823699193100
1.0002641714271725
1.0002453438764327
1.0002259322294167
1.0002059828456276
1.0001855433714193
1.0001646626265701
1.0001433904880137
1.0001217777710087
1.0000998761080262
1.0000777378256371
1.0000554158196984
1.0000329634291232
1.0000104343085432
0.9999878823001642
0.9999653613051173
0.9999429251546174
0.9999206274812305
0.9998985215905661
0.9998766603336952
0.9998550959806032
0.9998338800949869
0.9998130634106880
0.9997926957100712
0.9997728257046322
0.9997535009181315
0.9997347675725323
0.9997166704770286
0.9996992529204231
0.9996825565671218
0.9996666213570010
0.9996514854093859
0.9996371849313808
0.9996237541307752
0.9996112251337365
0.9995996279074927
0.9995889901881961
0.9995793374141446
0.9995706926645231
0.9995630766038217
0.9995565074320608
0.9995510008409509
0.9995465699760927
0.9995432254053109
0.9995409750932029
0.9995398243819625
0.9995397759785259
0.9995408299480721
0.9995429837138990
0.9995462320636647
0.9995505671619870
0.9995559785693674
0.9995624532673938
0.9995699756901576
0.9995785277618091
0.9995880889401599
0.9995986362662203
0.9996101444195510
0.9996225857792956
0.9996359304907413
0.9996501465372419
0.9996651998173293
0.9996810542268212
0.9996976717457262
0.9997150125297314
0.9997330350060456
0.9997516959733737
0.9997709507057628
0.9997907530600836
0.9998110555868681
0.9998318096442463
0.9998529655146996
0.9998744725243465
0.9998962791644768
0.9999183332150363
0.9999405818697625
0.9999629718626745
0.9999854495956081
1.0000079612664918
1.0000304529980537
1.0000528709666532
1.0000751615309318
1.0000972713599707
1.0001191475606526
1.0001407378039247
1.0001619904496641
1.0001828546698455
1.0002032805697265
1.0002232193067557
1.0002426232069306
1.0002614458783265
1.0002796423215334
1.0002971690367386
1.0003139841272060
1.0003300473989065
1.0003453204560686
1.0003597667924298
1.0003733518779696
1.0003860432409257
1.0003978105449018
1.0004086256608899
1.0004184627340391
1.0004272982450118
1.0004351110657919
1.0004418825098091
1.0004475963762702
1.0004522389885873
1.0004557992268204
1.0004582685540588
1.0004596410366799
1.0004599133584331
1.0004590848283244
1.0004571573822787
1.0004541355785761
1.0004500265870755
1.0004448401722494
1.0004385886700673
1.0004312869587813
1.0004229524236834
1.0004136049159140
1.0004032667054163
1.0003919624281463
1.0003797190276613
1.0003665656912213
1.0003525337805530
1.0003376567574316
1.0003219701042605
1.0003055112398307
1.0002883194304504
1.0002704356966590
1.0002519027157408
1.0002327647202676
1.0002130673929019
1.0001928577577148
1.0001721840682676
1.0001510956927220
1.0001296429962521
1.0001078772210301
1.0000858503640733
1.0000636150532360
1.0000412244216472
1.0000187319808855
0.9999961914931969
0.9999736568430559
0.9999511819083804
0.9999288204317027
0.9999066258916133
0.9998846513747754
0.9998629494488237
0.9998415720364520
0.9998205702909935
0.9997999944737922
0.9997798938336618
0.9997603164887270
0.9997413093109302
0.9997229178134870
0.9997051860415617
0.9996881564664279
0.9996718698833784
0.9996563653136270
0.9996416799104473
0.9996278488697736
0.9996149053454869
0.9996028803695910
0.9995918027774775
0.9995816991384638
0.9995725936917693
0.9995645082880928
0.9995574623369344
0.9995514727597946
0.9995465539493597
0.9995427177347788
0.9995399733531171
0.9995383274270557
0.9995377839488948
0.9995383442708958
0.9995400071019934
0.9995427685108774
0.9995466219354436
0.9995515581985852
0.9995575655302888
0.9995646295959802
0.9995727335310467
0.9995818579814563
0.9995919811503686
0.9996030788506244
0.9996151245629835
0.9996280894999700
0.9996419426751628
0.9996566509777658
0.9996721792522701
0.9996884903830172
0.9997055453834510
0.9997233034898407
0.9997417222592497
0.9997607576715059
0.9997803642349243
0.9998004950955303
0.9998211021495103
0.9998421361586202
0.9998635468682683
0.9998852831279894
0.9999072930140194
0.9999295239536701
0.9999519228512085
0.9999744362149319
0.9999970102851394
1.0000195911626877
1.0000421249378253
1.0000645578189984
1.0000868362613182
1.0001089070943834
1.0001307176491516
1.0001522158835658
1.0001733505066304
1.0001940711006434
1.0002143282413036
1.0002340736154003
1.0002532601358134
1.0002718420535492
1.0002897750665516
1.0003070164250325
1.0003235250330762
1.0003392615462787
1.0003541884651943
1.0003682702243710
1.0003814732767682
1.0003937661733600
1.0004051196377390
1.0004155066355496
1.0004249024385832
1.0004332846833941
1.0004406334242963
1.0004469311806208
1.0004521629781231
1.0004563163844449
1.0004593815385494
1.0004613511740592
1.0004622206364477
1.0004619878940404
1.0004606535428038
1.0004582208049089
1.0004546955210731
1.0004500861366963
1.0004444036818256
1.0004376617449966
1.0004298764410056
