1.0005035614781081
1.0004972029085408
1.0004896589590953
1.0004809476557621
1.0004710898076825
1.0004601089578464
1.0004480313273072
1.0004348857530405
1.0004207036195931
1.0004055187846757
1.0003893674988749
1.0003722883196693
1.0003543220199465
1.0003355114912336
1.0003159016418703
1.0002955392903563
1.0002744730541195
1.0002527532339753
1.0002304316945323
1.0002075617408315
1.0001841979915111
1.0001603962487868
1.0001362133655574
1.0001117071099483
1.0000869360276119
1.0000619593021107
1.0000368366137147
1.0000116279969486
0.9999863936972215
0.9999611940268871
0.9999360892210738
0.9999111392936336
0.9998864038935502
0.9998619421621543
0.9998378125914863
0.9998140728841490
0.9997907798149924
0.9997679890949578
0.9997457552374146
0.9997241314273164
0.9997031693934909
0.9996829192843735
0.9996634295474914
0.9996447468129940
0.9996269157815076
0.9996099791165978
0.9995939773420917
0.9995789487445242
0.9995649292809420
0.9995519524922932
0.9995400494226185
0.9995292485442397
0.9995195756891313
0.9995110539866493
0.9995037038077627
0.9994975427159363
0.9994925854247790
0.9994888437625638
0.9994863266437090
0.9994850400472926
0.9994849870026481
0.9994861675820849
0.9994885789007451
0.9994922151236023
0.9994970674795786
0.9995031242827467
0.9995103709605709
0.9995187900891098
0.9995283614350929
0.9995390620047744
0.9995508660994327
0.9995637453773883
0.9995776689223770
0.9995926033181152
0.9996085127288740
0.9996253589858590
0.9996431016791829
0.9996616982552090
0.9996811041190236
0.9997012727417818
0.9997221557726699
0.9997437031552037
0.9997658632475830
0.9997885829468075
0.9998118078162471
0.9998354822163634
0.9998595494382553
0.9998839518397159
0.9999086309834589
0.9999335277771895
0.9999585826151794
0.9999837355210004
1.0000089262910783
1.0000340946387223
1.0000591803382843
1.0000841233691018
1.0001088640588802
1.0001333432261781
1.0001575023216509
1.0001812835677202
1.0002046300963396
1.0002274860845302
1.0002497968873640
1.0002715091680852
1.0002925710250627
1.0003129321152735
1.0003325437740302
1.0003513591306732
1.0003693332199539
1.0003864230888548
1.0004025878985909
1.0004177890215626
1.0004319901330281
1.0004451572972870
1.0004572590481779
1.0004682664636959
1.0004781532345646
1.0004868957266044
1.0004944730367495
1.0005008670425832
1.0005060624452826
1.0005100468058721
1.0005128105747010
1.0005143471140792
1.0005146527140176
1.0005137266010384
1.0005115709400303
1.0005081908291527
1.0005035942877947
1.0004977922376186
1.0004907984767279
1.0004826296470246
1.0004733051948276
1.0004628473248427
1.0004512809475916
1.0004386336204181
1.0004249354822106
1.0004102191819904
1.0003945198015312
1.0003778747721865
1.0003603237861187
1.0003419087021346
1.0003226734463500
1.0003026639079076
1.0002819278299941
1.0002605146964096
1.0002384756139555
1.0002158631909126
1.0001927314118984
1.0001691355093933
1.0001451318322383
1.0001207777114114
1.0000961313234042
1.0000712515515167
1.0000461978453987
1.0000210300791768
0.9999958084084934
0.9999705931268061
0.9999454445212875
0.9999204227286675
0.9998955875913690
0.9998709985142746
0.9998467143224733
0.9998227931203284
0.9997992921522059
0.9997762676651976
0.9997537747741746
0.9997318673294987
0.9997105977877108
0.9996900170855120
0.9996701745173437
0.9996511176168644
0.9996328920426182
0.9996155414681670
0.9995991074769635
0.9995836294622176
0.9995691445320057
0.9995556874198555
0.9995432904010237
0.9995319832146798
0.9995217929921799
0.9995127441916150
0.9995048585387932
0.9994981549748004
0.9994926496102714
0.9994883556864844
0.9994852835433746
0.9994834405945487
0.9994828313093584
0.9994834572020806
0.9994853168282322
0.9994884057880226
0.9994927167369426
0.9994982394034608
0.9995049606137802
0.9995128643235968
0.9995219316567820
0.9995321409508930
0.9995434678093933
0.9995558851604622
0.9995693633222399
0.9995838700743516
0.9995993707355340
0.9996158282471672
0.9996332032625119
0.9996514542414296
0.9996705375503503
0.9996904075672461
0.9997110167913521
0.9997323159573611
0.9997542541538229
0.9997767789454457
0.9997998364990098
0.9998233717125831
0.9998473283477248
0.9998716491643592
0.9998962760579875
0.9999211501989089
0.9999462121731154
0.9999714021245170
0.9999966598981604
1.0000219251840914
1.0000471376615185
1.0000722371429343
1.0000971637178468
1.0001218578957829
1.0001462607482188
1.0001703140491052
1.0001939604136509
1.0002171434350371
1.0002398078187398
1.0002618995141443
1.0002833658431431
1.0003041556254089
1.0003242193000599
1.0003435090434256
1.0003619788826379
1.0003795848047838
1.0003962848613668
1.0004120392678313
1.0004268104979215
1.0004405633726543
1.0004532651437004
1.0004648855709812
1.0004753969943063
1.0004847743988752
1.0004929954745032
1.0005000406684283
1.0005058932315820
1.0005105392582150
1.0005139677187882
1.0005161704860512
1.0005171423542512
1.0005168810514242
1.0005153872447476
1.0005126645389315
1.0005087194676614
1.0005035614781081
1.0004972029085408
1.0004896589590953
1.0004809476557621
