1.0004707586536785
1.0004648148277500
1.0004577628492428
1.0004496195719064
1.0004404044516342
1.0004301395003430
1.0004188492337787
1.0004065606133861
1.0003933029823611
1.0003791079960496
1.0003640095468396
1.0003480436837280
1.0003312485267473
1.0003136641764512
1.0002953326186681
1.0002762976247443
1.0002566046475128
1.0002363007132287
1.0002154343097218
1.0001940552710316
1.0001722146587901
1.0001499646406384
1.0001273583659569
1.0001044498392078
1.0000812937911809
1.0000579455484562
1.0000344609013867
1.0000108959709157
0.9999873070745464
0.9999637505917801
0.9999402828293495
0.9999169598865657
0.9998938375211024
0.9998709710155385
0.9998484150449788
0.9998262235460762
0.9998044495877628
0.9997831452440108
0.9997623614689288
0.9997421479744908
0.9997225531112035
0.9997036237519968
0.9996854051796195
0.9996679409778163
0.9996512729265541
0.9996354409015505
0.9996204827783534
0.9996064343412040
0.9995933291969115
0.9995811986939456
0.9995700718469493
0.9995599752668592
0.9995509330967977
0.9995429669539061
0.9995360958772581
0.9995303362819795
0.9995257019196906
0.9995222038453669
0.9995198503907039
0.9995186471440455
0.9995185969369350
0.9995196998373137
0.9995219531493879
0.9995253514201621
0.9995298864526257
0.9995355473255576
0.9995423204199025
0.9995501894516504
0.9995591355111378
0.9995691371086785
0.9995801702264030
0.9995922083761855
0.9996052226635137
0.9996191818571394
0.9996340524643448
0.9996497988116327
0.9996663831306465
0.9996837656491064
0.9997019046865411
0.9997207567545782
0.9997402766615472
0.9997604176211409
0.9997811313648657
0.9998023682580117
0.9998240774188573
0.9998462068408203
0.9998687035172563
0.9998915135686015
0.9999145823715565
0.9999378546899942
0.9999612748072781
0.9999847866596755
1.0000083339705370
1.0000318603849288
1.0000553096043867
1.0000786255214789
1.0001017523538498
1.0001246347774295
1.0001472180584872
1.0001694481842218
1.0001912719915746
1.0002126372939617
1.0002334930056260
1.0002537892633176
1.0002734775450137
1.0002925107854017
1.0003108434878520
1.0003284318326202
1.0003452337810235
1.0003612091753493
1.0003763198342652
1.0003905296435045
1.0004038046416186
1.0004161131005980
1.0004274256011716
1.0004377151026107
1.0004469570068772
1.0004551292169692
1.0004622121893241
1.0004681889801639
1.0004730452856727
1.0004767694759140
1.0004793526224083
1.0004807885193094
1.0004810736981318
1.0004802074359946
1.0004781917573558
1.0004750314292450
1.0004707339499979
1.0004653095315184
1.0004587710751118
1.0004511341409446
1.0004424169111998
1.0004326401470147
1.0004218271392962
1.0004100036535328
1.0003971978687252
1.0003834403105820
1.0003687637791325
1.0003532032709219
1.0003367958959752
1.0003195807897167
1.0003015990200510
1.0002828934898247
1.0002635088348928
1.0002434913180294
1.0002228887189319
1.0002017502205729
1.0001801262921641
1.0001580685690179
1.0001356297295767
1.0001128633699055
1.0000898238759395
1.0000665662937975
1.0000431461984569
1.0000196195611113
0.9999960426155206
0.9999724717236707
0.9999489632410717
0.9999255733820032
0.9999023580850377
0.9998793728791635
0.9998566727508270
0.9998343120122131
0.9998123441710864
0.9997908218025030
0.9997697964227031
0.9997493183654901
0.9997294366613987
0.9997101989199438
0.9996916512152344
0.9996738379752370
0.9996568018749529
0.9996405837337728
0.9996252224172650
0.9996107547436269
0.9995972153950405
0.9995846368341436
0.9995730492258238
0.9995624803645237
0.9995529556072482
0.9995444978124263
0.9995371272847846
0.9995308617263658
0.9995257161938174
0.9995217030620525
0.9995188319943756
0.9995171099191441
0.9995165410130263
0.9995171266908970
0.9995188656023916
0.9995217536351343
0.9995257839246283
0.9995309468707804
0.9995372301610265
0.9995446187999970
0.9995530951456456
0.9995626389517555
0.9995732274167201
0.9995848352384713
0.9995974346754258
0.9996109956132947
0.9996254856375947
0.9996408701116803
0.9996571122601071
0.9996741732571160
0.9996920123200258
0.9997105868073041
0.9997298523210745
0.9997497628138130
0.9997702706989651
0.9997913269652232
0.9998128812941793
0.9998348821810688
0.9998572770583115
0.9998800124215510
0.9999030339578835
0.9999262866759727
0.9999497150377304
0.9999732630912495
0.9999968746046654
1.0000204932006311
1.0000440624910782
1.0000675262119416
1.0000908283575274
1.0001139133142041
1.0001367259930991
1.0001592119614835
1.0001813175725349
1.0002029900931713
1.0002241778296537
1.0002448302506610
1.0002648981075457
1.0002843335514926
1.0003030902472989
1.0003211234835139
1.0003383902786793
1.0003548494834240
1.0003704618781699
1.0003851902662249
1.0003989995620468
1.0004118568744709
1.0004237315847104
1.0004345954189453
1.0004444225153346
1.0004531894852988
1.0004608754689259
1.0004674621843752
1.0004729339711660
1.0004772778272506
1.0004804834397849
1.0004825432095281
1.0004834522688157
1.0004832084930599
1.0004818125057557
1.0004792676769783
1.0004755801153760
1.0004707586536785
1.0004648148277500
1.0004577628492428
1.0004496195719064
