1.1245876839959332
1.1232274099489783
1.1216107657604968
1.1197397118155488
1.1176165355692427
1.1152438572958949
1.1126246366197119
1.1097621798186363
1.1066601478901230
1.1033225653640357
1.0997538298434579
1.0959587222488754
1.0919424177347941
1.0877104972402656
1.0832689596258180
1.0786242343388375
1.0737831945372880
1.0687531705876649
1.0635419638370587
1.0581578605409898
1.0526096458081340
1.0469066174000199
1.0410585991981525
1.0350759541227477
1.0289695962563203
1.0227510018918535
1.0164322191893704
1.0100258760867133
1.0035451860707179
0.9970039513743670
0.9904165631248523
0.9837979979278617
0.9771638103363330
0.9705301206190754
0.9639135972182082
0.9573314332666941
0.9508013165311400
0.9443413921535634
0.9379702175922110
0.9317067092091662
0.9255700800246898
0.9195797682580447
0.9137553564045071
0.9081164807600366
0.9026827314993002
0.8974735436383925
0.8925080794679786
0.8878051033208074
0.8833828498323870
0.8792588871555620
0.8754499768869475
0.8719719327419237
0.8688394802601025
0.8660661200192253
0.8636639969671831
0.8616437785357597
0.8600145441651230
0.8587836887383528
0.8579568421986631
0.8575378073022755
0.8575285170567462
0.8579290129229917
0.8587374443390264
0.8599500895776692
0.8615613974041592
0.8635640484777364
0.8659490349670741
0.8687057564428764
0.8718221297873054
0.8752847106289875
0.8790788236782959
0.8831886992989055
0.8875976137017718
0.8922880302762363
0.8972417397664488
0.9024399972446449
0.9078636541104087
0.9134932836417431
0.9193092989257615
0.9252920622922208
0.9314219856522290
0.9376796214000311
0.9440457437627893
0.9505014206789092
0.9570280764486968
0.9636075455324558
0.9702221179722463
0.9768545769869026
0.9834882293385696
0.9901069290963033
0.9966950954315097
1.0032377250744933
1.0097204000441653
1.0161292912368387
1.0224511584274489
1.0286733471996026
1.0347837832813296
1.0407709647227765
1.0466239523114576
1.0523323585809961
1.0578863357312005
1.0632765627413006
1.0684942319245492
1.0735310351413372
1.0783791498595803
1.0830312252253842
1.0874803682838643
1.0917201304693185
1.0957444944656538
1.0995478615218555
1.1031250392931968
1.1064712302666688
1.1095820208185609
1.1124533709431086
1.1150816046834615
1.1174634012897928
1.1195957871239743
1.1214761283258214
1.1231021242522909
1.1244718016981177
1.1255835099040667
1.1264359163572046
1.1270280033862341
1.1273590655539396
1.1274287078480638
1.1272368446714118
1.1267836996316019
1.1260698061305945
1.1250960087538320
1.1238634654585069
1.1223736505600390
1.1206283585152390
1.1186297084997852
1.1163801497764947
1.1138824678493244
1.1111397913960386
1.1081555999699051
1.1049337324575668
1.1014783962762740
1.0977941772887825
1.0938860504083889
1.0897593908595768
1.0854199860514806
1.0808740480116616
1.0761282263163936
1.0711896214405743
1.0660657984353710
1.0607648008245771
1.0552951645912603
1.0496659321044657
1.0438866658113586
1.0379674614931795
1.0319189608537120
1.0257523631766456
1.0194794357533647
1.0131125227456008
1.0066645521083799
1.0001490401583770
0.9935800933318976
0.9869724066362907
0.9803412582599187
0.9737024997704773
0.9670725413014152
0.9604683311037068
0.9539073288279112
0.9474074719022114
0.9409871343891818
0.9346650777406942
0.9284603929300399
0.9223924335262338
0.9164807393903894
0.9107449508202132
0.9052047131472176
0.8998795720020707
0.8947888597047577
0.8899515735041268
0.8853862466798872
0.8811108138208052
0.8771424718949381
0.8734975390183907
0.8701913130936876
0.8672379327119305
0.8646502428788662
0.8624396682192689
0.8606160963244158
0.8591877738250531
0.8581612175928207
0.8575411431976849
0.8573304123842644
0.8575300008885519
0.8581389874160236
0.8591545640642479
0.8605720679222056
0.8623850330399480
0.8645852614603609
0.8671629115614969
0.8701066015909489
0.8734035259956989
0.8770395819687304
0.8809995035486368
0.8852670006163375
0.8898249002251153
0.8946552878643234
0.8997396464787961
0.9050589913296727
0.9105939990724656
0.9163251297301476
0.9222327405399201
0.9282971909412830
0.9344989382415879
0.9408186237373229
0.9472371492810773
0.9537357444635993
0.9602960247274044
0.9669000408441654
0.9735303202747839
0.9801699009913855
0.9868023583777522
0.9934118258422537
0.9999830097785127
1.0065011994970403
1.0129522727288356
1.0193226972720659
1.0255995293177338
1.0317704089516415
1.0378235532895610
1.0437477476616270
1.0495323352216275
1.0551672053178158
1.0606427809247023
1.0659500054003845
1.0710803288015749
1.0760256939587258
1.0807785224865865
1.0853317008810595
1.0896785668313516
1.0938128958569295
1.0977288883616225
1.1014211571821302
1.1048847156950732
1.1081149665353773
1.1111076909690183
1.1138590389548617
1.1163655199232969
1.1186239942934912
1.1206316657461992
1.1223860742650718
1.1238850899561685
1.1251269076527970
1.1261100423107802
1.1268333251977056
1.1272959008785468
1.1274972249991915
1.1274370628688144
1.1271154888415804
1.1265328864978528
1.1256899496247914
1.1245876839959332
1.1232274099489783
1.1216107657604968
1.1197397118155488
