1.0001585921451663
1.0001565940672745
1.0001542228624984
1.0001514842108852
1.0001483846695638
1.0001449316571056
1.0001411334358361
1.0001369990921294
1.0001325385147390
1.0001277623712161
1.0001226820824682
1.0001173097955203
1.0001116583545404
1.0001057412702050
1.0000995726874651
1.0000931673517994
1.0000865405740333
1.0000797081938022
1.0000726865417502
1.0000654924005530
1.0000581429648565
1.0000506558002253
1.0000430488012038
1.0000353401485815
1.0000275482659744
1.0000196917758175
1.0000117894548757
1.0000038601893815
0.9999959229299049
0.9999879966460603
0.9999801002811654
0.9999722527069540
0.9999644726784559
0.9999567787891463
0.9999491894264773
0.9999417227278956
0.9999343965374526
0.9999272283631118
0.9999202353348529
0.9999134341636761
0.9999068411016042
0.9999004719027814
0.9998943417857565
0.9998884653970438
0.9998828567760529
0.9998775293214676
0.9998724957591567
0.9998677681116961
0.9998633576695690
0.9998592749641206
0.9998555297423318
0.9998521309434671
0.9998490866776615
0.9998464042064897
0.9998440899255714
0.9998421493492510
0.9998405870973913
0.9998394068843085
0.9998386115098808
0.9998382028528510
0.9998381818663340
0.9998385485755453
0.9998393020777558
0.9998404405444743
0.9998419612258440
0.9998438604572530
0.9998461336681359
0.9998487753929485
0.9998517792842880
0.9998551381281268
0.9998588438611206
0.9998628875899567
0.9998672596126869
0.9998719494419993
0.9998769458303693
0.9998822367970290
0.9998878096566950
0.9998936510499778
0.9998997469754030
0.9999060828229707
0.9999126434091647
0.9999194130133341
0.9999263754153567
0.9999335139344909
0.9999408114693279
0.9999482505387444
0.9999558133237564
0.9999634817101785
0.9999712373319813
0.9999790616152487
0.9999869358226225
0.9999948410981327
1.0000027585123026
1.0000106691074271
1.0000185539429058
1.0000263941405332
1.0000341709296297
1.0000418656919117
1.0000494600059886
1.0000569356913829
1.0000642748519710
1.0000714599187357
1.0000784736917316
1.0000852993811666
1.0000919206474934
1.0000983216404249
1.0001044870367746
1.0001104020770382
1.0001160526006221
1.0001214250796400
1.0001265066511966
1.0001312851480821
1.0001357491278038
1.0001398878998859
1.0001436915513759
1.0001471509704922
1.0001502578683636
1.0001530047988008
1.0001553851760590
1.0001573932905496
1.0001590243224627
1.0001602743532683
1.0001611403750688
1.0001616202977797
1.0001617129541209
1.0001614181024143
1.0001607364271687
1.0001596695374648
1.0001582199631296
1.0001563911487210
1.0001541874453270
1.0001516141002089
1.0001486772443036
1.0001453838776218
1.0001417418525733
1.0001377598552581
1.0001334473847669
1.0001288147305460
1.0001238729478705
1.0001186338314920
1.0001131098875207
1.0001073143036066
1.0001012609174909
1.0000949641840040
1.0000884391405886
1.0000817013714245
1.0000747669702450
1.0000676525019352
1.0000603749629970
1.0000529517409793
1.0000454005729695
1.0000377395032416
1.0000299868401648
1.0000221611124771
1.0000142810250232
1.0000063654140630
0.9999984332022639
0.9999905033534739
0.9999825948273932
0.9999747265342463
0.9999669172895665
0.9999591857691985
0.9999515504646245
0.9999440296387307
0.9999366412821104
0.9999294030700117
0.9999223323200341
0.9999154459506734
0.9999087604408151
0.9999022917902779
0.9998960554814976
0.9998900664424426
0.9998843390108549
0.9998788868999002
0.9998737231653069
0.9998688601740772
0.9998643095748478
0.9998600822699650
0.9998561883893484
0.9998526372662025
0.9998494374146334
0.9998465965092280
0.9998441213666458
0.9998420179292671
0.9998402912509322
0.9998389454848110
0.9998379838734326
0.9998374087408971
0.9998372214872875
0.9998374225852992
0.9998380115790912
0.9998389870853636
0.9998403467966606
0.9998420874868875
0.9998442050190307
0.9998466943550604
0.9998495495679914
0.9998527638560786
0.9998563295591040
0.9998602381767255
0.9998644803888322
0.9998690460778666
0.9998739243530551
0.9998791035764907
0.9998845713910013
0.9998903147497407
0.9998963199474257
0.9999025726531506
0.9999090579446948
0.9999157603442417
0.9999226638554254
0.9999297520016119
0.9999370078653279
0.9999444141287385
0.9999519531150768
0.9999596068309252
0.9999673570092511
0.9999751851530883
0.9999830725797645
0.9999910004655648
0.9999989498907269
1.0000069018846569
1.0000148374712632
1.0000227377142945
1.0000305837625765
1.0000383568950368
1.0000460385654169
1.0000536104465549
1.0000610544741400
1.0000683528898340
1.0000754882836549
1.0000824436355225
1.0000892023558698
1.0000957483252211
1.0001020659326416
1.0001081401129717
1.0001139563827524
1.0001195008747594
1.0001247603710643
1.0001297223345398
1.0001343749387448
1.0001387070961087
1.0001427084843519
1.0001463695710782
1.0001496816364839
1.0001526367941316
1.0001552280097310
1.0001574491178922
1.0001592948368030
1.0001607607808058
1.0001618434708337
1.0001625403426866
1.0001628497531305
1.0001627709837997
1.0001623042428958
1.0001614506646788
1.0001602123067563
1.0001585921451663
1.0001565940672745
1.0001542228624984
1.0001514842108852
