1.0105074471703570
1.0103758686439031
1.0102197875993668
1.0100395593729907
1.0098355945453517
1.0096083581469326
1.0093583687546350
1.0090861974795975
1.0087924668467725
1.0084778495668163
1.0081430672009490
1.0077888887195807
1.0074161289556502
1.0070256469537724
1.0066183442164860
1.0061951628490862
1.0057570836047516
1.0053051238319086
1.0048403353260356
1.0043638020883854
1.0038766379944002
1.0033799843749009
1.0028750075134627
1.0023628960637374
1.0018448583908248
1.0013221198411795
1.0007959199459042
1.0002675095626801
0.9997381479619579
0.9992090998634410
0.9986816324292730
0.9981570122207335
0.9976365021256222
0.9971213582638841
0.9966128268793766
0.9961121412260133
0.9956205184568369
0.9951391565248506
0.9946692311046949
0.9942118925444724
0.9937682628572138
0.9933394327616046
0.9929264587816981
0.9925303604153742
0.9921521173813100
0.9917926669541696
0.9914529013975952
0.9911336655044322
0.9908357542533711
0.9905599105909263
0.9903068233473127
0.9900771252943966
0.9898713913534305
0.9896901369597806
0.9895338165912974
0.9894028224663679
0.9892974834170477
0.9892180639419691
0.9891647634430046
0.9891377156489120
0.9891369882283960
0.9891625825942367
0.9892144338993210
0.9892924112245910
0.9893963179581108
0.9895258923636405
0.9896808083363126
0.9898606763422136
0.9900650445379330
0.9902934000654030
0.9905451705166670
0.9908197255625616
0.9911163787386913
0.9914343893815035
0.9917729647067768
0.9921312620223662
0.9925083910666578
0.9929034164638312
0.9933153602867487
0.9937432047180538
0.9941858947998987
0.9946423412625962
0.9951114234224393
0.9955919921389149
0.9960828728215911
0.9965828684770494
0.9970907627863622
0.9976053232038032
0.9981253040676944
0.9986494497145465
0.9991764975879257
0.9997051813338014
1.0002342338744532
1.0007623904533713
1.0012883916439541
1.0018109863151803
1.0023289345478239
1.0028410104951655
1.0033460051825562
1.0038427292405696
1.0043300155668671
1.0048067219122836
1.0052717333870025
1.0057239648830520
1.0061623634096941
1.0065859103386054
1.0069936235560637
1.0073845595196511
1.0077578152172573
1.0081125300264262
1.0084478874723302
1.0087631168828688
1.0090574949396045
1.0093303471234196
1.0095810490539419
1.0098090277219431
1.0100137626140400
1.0101947867291394
1.0103516874861749
1.0104841075227622
1.0105917453844773
1.0106743561045282
1.0107317516736374
1.0107638013999982
1.0107704321592108
1.0107516285341325
1.0107074328446044
1.0106379450670488
1.0105433226439549
1.0104237801832985
1.0102795890479779
1.0101110768353703
1.0099186267471649
1.0097026768496760
1.0094637192248936
1.0092022990125997
1.0089190133439498
1.0086145101670265
1.0082894869649648
1.0079446893673787
1.0075809096559534
1.0071989851652223
1.0067997965797255
1.0063842661289328
1.0059533556815263
1.0055080647408696
1.0050494283437312
1.0045785148646076
1.0040964237282721
1.0036042830334735
1.0031032470910350
1.0025944938799405
1.0020792224253379
1.0015586501027611
1.0010340098732380
1.0005065474543422
0.9999775184326245
0.9994481853232609
0.9989198145831402
0.9983936735840062
0.9978710275526546
0.9973531364855545
0.9968412520456310
0.9963366144492861
0.9958404493520566
0.9953539647416121
0.9948783478470574
0.9944147620737513
0.9939643439730411
0.9935282002564843
0.9931074048642409
0.9927029960973891
0.9923159738239405
0.9919472967682993
0.9915978798938224
0.9912685918879993
0.9909602527595684
0.9906736315566325
0.9904094442145216
0.9901683515417841
0.9899509573522504
0.9897578067506416
0.9895893845786546
0.9894461140278745
0.9893283554252402
0.9892364051961037
0.9891704950092295
0.9891307911073369
0.9891173938260132
0.9891303373030395
0.9891695893793671
0.9892350516921642
0.9893265599595334
0.9894438844556940
0.9895867306746051
0.9897547401792287
0.9899474916328455
0.9901645020081077
0.9904052279688039
0.9906690674186266
0.9909553612106183
0.9912633950103736
0.9915924013055402
0.9919415615536938
0.9923100084602139
0.9926968283774230
0.9931010638159410
0.9935217160589340
0.9939577478697549
0.9944080862833148
0.9948716254714481
0.9953472296724959
0.9958337361753501
0.9963299583482774
0.9968346887029471
0.9973467019842546
0.9978647582767251
0.9983876061185286
0.9989139856143946
0.9994426315390199
0.9999722764228782
1.0005016536126934
1.0010295002991911
1.0015545605051206
1.0020755880269214
1.0025913493237968
1.0031006263483537
1.0036022193133585
1.0040949493895377
1.0045776613297528
1.0050492260152315
1.0055085429199213
1.0059545424893648
1.0063861884308403
1.0068024799118356
1.0072024536642148
1.0075851859917369
1.0079497946788425
1.0082954407988811
1.0086213304201768
1.0089267162085416
1.0092108989250352
1.0094732288179544
1.0097131069081764
1.0099299861671296
1.0101233725867846
1.0102928261411641
1.0104379616389600
1.0105584494669351
1.0106540162238455
1.0107244452446855
1.0107695770150955
1.0107893094758231
1.0107835982171600
1.0107524565633059
1.0106959555466386
1.0106142237719049
1.0105074471703570
1.0103758686439031
1.0102197875993668
1.0100395593729907
