1.0000022529737937
1.0000022252882013
1.0000021923454017
1.0000021542250275
1.0000021110190482
1.0000020628315534
1.0000020097785016
1.0000019519874437
1.0000018895972167
1.0000018227576117
1.0000017516290158
1.0000016763820283
1.0000015971970497
1.0000015142638516
1.0000014277811256
1.0000013379560051
1.0000012450035707
1.0000011491463372
1.0000010506137200
1.0000009496414877
1.0000008464711974
1.0000007413496170
1.0000006345281360
1.0000005262621645
1.0000004168105214
1.0000003064348180
1.0000001953988311
1.0000000839678722
0.9999999724081549
0.9999998609861565
0.9999997499679825
0.9999996396187313
0.9999995302018605
0.9999994219785556
0.9999993152071067
0.9999992101422917
0.9999991070347668
0.9999990061304688
0.9999989076700283
0.9999988118881925
0.9999987190132659
0.9999986292665647
0.9999985428618879
0.9999984600050065
0.9999983808931725
0.9999983057146467
0.9999982346482500
0.9999981678629377
0.9999981055173945
0.9999980477596573
0.9999979947267595
0.9999979465444063
0.9999979033266736
0.9999978651757359
0.9999978321816239
0.9999978044220087
0.9999977819620177
0.9999977648540785
0.9999977531377960
0.9999977468398576
0.9999977459739701
0.9999977505408290
0.9999977605281154
0.9999977759105282
0.9999977966498443
0.9999978226950120
0.9999978539822729
0.9999978904353155
0.9999979319654576
0.9999979784718611
0.9999980298417726
0.9999980859507939
0.9999981466631809
0.9999982118321686
0.9999982813003229
0.9999983548999187
0.9999984324533414
0.9999985137735122
0.9999985986643364
0.9999986869211750
0.9999987783313316
0.9999988726745638
0.9999989697236107
0.9999990692447365
0.9999991709982902
0.9999992747392803
0.9999993802179618
0.9999994871804335
0.9999995953692464
0.9999997045240190
0.9999998143820623
0.9999999246790078
1.0000000351494427
1.0000001455275422
1.0000002555477079
1.0000003649452025
1.0000004734567856
1.0000005808213399
1.0000006867805002
1.0000007910792708
1.0000008934666371
1.0000009936961660
1.0000010915265969
1.0000011867224177
1.0000012790544288
1.0000013683002920
1.0000014542450621
1.0000015366817043
1.0000016154115883
1.0000016902449651
1.0000017610014205
1.0000018275103069
1.0000018896111533
1.0000019471540509
1.0000020000000094
1.0000020480212901
1.0000020911017142
1.0000021291369399
1.0000021620347137
1.0000021897150912
1.0000022121106293
1.0000022291665480
1.0000022408408595
1.0000022471044721
1.0000022479412594
1.0000022433481026
1.0000022333348961
1.0000022179245236
1.0000021971528053
1.0000021710684122
1.0000021397327505
1.0000021032198165
1.0000020616160186
1.0000020150199720
1.0000019635422641
1.0000019073051891
1.0000018464424578
1.0000017810988797
1.0000017114300128
1.0000016376017962
1.0000015597901528
1.0000014781805686
1.0000013929676481
1.0000013043546507
1.0000012125530056
1.0000011177818064
1.0000010202672887
1.0000009202422870
1.0000008179456805
1.0000007136218210
1.0000006075199499
1.0000004998936021
1.0000003909999993
1.0000002810994368
1.0000001704546593
1.0000000593302336
0.9999999479919166
0.9999998367060190
0.9999997257387698
0.9999996153556799
0.9999995058209067
0.9999993973966224
0.9999992903423872
0.9999991849145295
0.9999990813655315
0.9999989799434249
0.9999988808911990
0.9999987844462188
0.9999986908396569
0.9999986002959420
0.9999985130322214
0.9999984292578402
0.9999983491738427
0.9999982729724900
0.9999982008367996
0.9999981329401078
0.9999980694456557
0.9999980105061977
0.9999979562636343
0.9999979068486757
0.9999978623805258
0.9999978229665981
0.9999977887022580
0.9999977596705930
0.9999977359422134
0.9999977175750844
0.9999977046143871
0.9999976970924077
0.9999976950284605
0.9999976984288409
0.9999977072868100
0.9999977215826090
0.9999977412835062
0.9999977663438723
0.9999977967052922
0.9999978322967019
0.9999978730345579
0.9999979188230347
0.9999979695542538
0.9999980251085405
0.9999980853547092
0.9999981501503757
0.9999982193422970
0.9999982927667381
0.9999983702498605
0.9999984516081382
0.9999985366487939
0.9999986251702574
0.9999987169626505
0.9999988118082853
0.9999989094821831
0.9999990097526127
0.9999991123816413
0.9999992171257026
0.9999993237361793
0.9999994319599964
0.9999995415402245
0.9999996522166931
0.9999997637266107
0.9999998758051912
0.9999999881862881
1.0000001006030277
1.0000002127884471
1.0000003244761300
1.0000004354008436
1.0000005452991725
1.0000006539101474
1.0000007609758668
1.0000008662421125
1.0000009694589549
1.0000010703813500
1.0000011687697254
1.0000012643905518
1.0000013570168995
1.0000014464289799
1.0000015324146689
1.0000016147700157
1.0000016932997275
1.0000017678176358
1.0000018381471421
1.0000019041216359
1.0000019655848942
1.0000020223914527
1.0000020744069533
1.0000021215084653
1.0000021635847769
1.0000022005366604
1.0000022322771092
1.0000022587315456
1.0000022798379971
1.0000022955472447
1.0000023058229410
1.0000023106416929
1.0000023099931179
1.0000023038798702
1.0000022923176319
1.0000022753350752
1.0000022529737937
1.0000022252882013
1.0000021923454017
1.0000021542250275
