1.0000021470075602
1.0000021206380498
1.0000020892594683
1.0000020529476832
1.0000020117903170
1.0000019658865367
1.0000019153468171
1.0000018602926779
1.0000018008563920
1.0000017371806680
1.0000016694183098
1.0000015977318506
1.0000015222931626
1.0000014432830489
1.0000013608908078
1.0000012753137819
1.0000011867568865
1.0000010954321190
1.0000010015580516
1.0000009053593091
1.0000008070660302
1.0000007069133205
1.0000006051406887
1.0000005019914731
1.0000003977122616
1.0000002925523011
1.0000001867629018
1.0000000805968381
0.9999999743077441
0.9999998681495051
0.9999997623756531
0.9999996572387594
0.9999995529898326
0.9999994498777168
0.9999993481484967
0.9999992480449119
0.9999991498057758
0.9999990536654055
0.9999989598530621
0.9999988685924015
0.9999987801009420
0.9999986945895422
0.9999986122618993
0.9999985333140647
0.9999984579339724
0.9999983863009909
0.9999983185854959
0.9999982549484620
0.9999981955410792
0.9999981405043918
0.9999980899689638
0.9999980440545641
0.9999980028698808
0.9999979665122654
0.9999979350674971
0.9999979086095834
0.9999978872005799
0.9999978708904439
0.9999978597169145
0.9999978537054248
0.9999978528690419
0.9999978572084345
0.9999978667118723
0.9999978813552560
0.9999979011021761
0.9999979259040012
0.9999979556999936
0.9999979904174553
0.9999980299719041
0.9999980742672746
0.9999981231961496
0.9999981766400183
0.9999982344695606
0.9999982965449555
0.9999983627162184
0.9999984328235596
0.9999985066977670
0.9999985841606116
0.9999986650252766
0.9999987490968015
0.9999988361725509
0.9999989260427001
0.9999990184907381
0.9999991132939844
0.9999992102241227
0.9999993090477491
0.9999994095269288
0.9999995114197684
0.9999996144809933
0.9999997184625360
0.9999998231141306
0.9999999281839118
1.0000000334190176
1.0000001385661941
1.0000002433724031
1.0000003475854262
1.0000004509544707
1.0000005532307705
1.0000006541681801
1.0000007535237643
1.0000008510583809
1.0000009465372504
1.0000010397305199
1.0000011304138146
1.0000012183687748
1.0000013033835780
1.0000013852534460
1.0000014637811365
1.0000015387774137
1.0000016100615041
1.0000016774615270
1.0000017408149084
1.0000017999687685
1.0000018547802887
1.0000019051170539
1.0000019508573703
1.0000019918905567
1.0000020281172086
1.0000020594494374
1.0000020858110819
1.0000021071378900
1.0000021233776761
1.0000021344904446
1.0000021404484860
1.0000021412364422
1.0000021368513472
1.0000021273026329
1.0000021126121064
1.0000020928139011
1.0000020679543926
1.0000020380920911
1.0000020032975006
1.0000019636529514
1.0000019192524039
1.0000018702012232
1.0000018166159292
1.0000017586239167
1.0000016963631528
1.0000016299818475
1.0000015596380984
1.0000014854995158
1.0000014077428212
1.0000013265534242
1.0000012421249813
1.0000011546589318
1.0000010643640183
1.0000009714557858
1.0000008761560684
1.0000007786924567
1.0000006792977574
1.0000005782094332
1.0000004756690384
1.0000003719216395
1.0000002672152291
1.0000001618001340
1.0000000559284175
0.9999999498532757
0.9999998438284345
0.9999997381075417
0.9999996329435582
0.9999995285881559
0.9999994252911141
0.9999993232997234
0.9999992228581945
0.9999991242070745
0.9999990275826703
0.9999989332164850
0.9999988413346631
0.9999987521574499
0.9999986658986646
0.9999985827651886
0.9999985029564700
0.9999984266640481
0.9999983540710948
0.9999982853519755
0.9999982206718314
0.9999981601861853
0.9999981040405681
0.9999980523701698
0.9999980052995160
0.9999979629421716
0.9999979254004677
0.9999978927652574
0.9999978651156954
0.9999978425190508
0.9999978250305422
0.9999978126932063
0.9999978055377967
0.9999978035827070
0.9999978068339274
0.9999978152850304
0.9999978289171837
0.9999978476991955
0.9999978715875880
0.9999979005266987
0.9999979344488144
0.9999979732743317
0.9999980169119460
0.9999980652588691
0.9999981182010749
0.9999981756135684
0.9999982373606884
0.9999983032964271
0.9999983732647781
0.9999984471001109
0.9999985246275644
0.9999986056634630
0.9999986900157550
0.9999987774844720
0.9999988678622042
0.9999989609345966
0.9999990564808595
0.9999991542742962
0.9999992540828434
0.9999993556696246
0.9999994587935158
0.9999995632097213
0.9999996686703563
0.9999997749250392
0.9999998817214901
0.9999999888061317
1.0000000959246940
1.0000002028228223
1.0000003092466847
1.0000004149435757
1.0000005196625210
1.0000006231548733
1.0000007251749081
1.0000008254804125
1.0000009238332614
1.0000010199999856
1.0000011137523261
1.0000012048677820
1.0000012931301407
1.0000013783299935
1.0000014602652345
1.0000015387415431
1.0000016135728480
1.0000016845817710
1.0000017516000506
1.0000018144689411
1.0000018730395934
1.0000019271734102
1.0000019767423760
1.0000020216293624
1.0000020617284069
1.0000020969449661
1.0000021271961377
1.0000021524108613
1.0000021725300869
1.0000021875069161
1.0000021973067121
1.0000022019071810
1.0000022012984262
1.0000021954829708
1.0000021844757496
1.0000021683040723
1.0000021470075602
1.0000021206380498
1.0000020892594683
1.0000020529476832
