1.0018139107984976
1.0017909964990395
1.0017638153510680
1.0017324318631318
1.0016969205107009
1.0016573655640155
1.0016138608931815
1.0015665097509097
1.0015154245333513
1.0014607265195323
1.0014025455899314
1.0013410199247907
1.0012762956828074
1.0012085266608759
1.0011378739356176
1.0010645054874632
1.0009885958081013
1.0009103254921434
1.0008298808139038
1.0007474532902172
1.0006632392302699
1.0005774392734397
1.0004902579161876
1.0004019030290654
1.0003125853649402
1.0002225180595610
1.0001319161256184
1.0000409959414702
0.9999499747357317
0.9998590700689424
0.9997684993135398
0.9996784791333817
0.9995892249640651
0.9995009504953074
0.9994138671566429
0.9993281836077010
0.9992441052343269
0.9991618336517950
0.9990815662163609
0.9990034955463752
0.9989278090541778
0.9988546884899654
0.9987843094987973
0.9987168411918828
0.9986524457332613
0.9985912779429476
0.9985334849175833
0.9984792056695876
0.9984285707857669
0.9983817021062782
0.9983387124248055
0.9982997052107493
0.9982647743541733
0.9982340039341908
0.9982074680114202
0.9981852304450642
0.9981673447351117
0.9981538538900883
0.9981447903207139
0.9981401757597618
0.9981400212083292
0.9981443269086747
0.9981530823436876
0.9981662662629983
0.9981838467356551
0.9982057812292242
0.9982320167150960
0.9982624897997118
0.9982971268813581
0.9983358443320980
0.9983785487043525
0.9984251369615683
0.9984754967323569
0.9985295065874149
0.9985870363384880
0.9986479473585811
0.9987120929225604
0.9987793185672462
0.9988494624700452
0.9989223558451300
0.9989978233561246
0.9990756835442268
0.9991557492706539
0.9992378281722736
0.9993217231292547
0.9994072327435423
0.9994941518269467
0.9995822718976179
0.9996713816836611
0.9997612676326419
0.9998517144257234
0.9999425054951704
1.0000334235439601
1.0001242510662414
1.0002147708673899
1.0003047665824170
1.0003940231915027
1.0004823275314365
1.0005694688017726
1.0006552390645229
1.0007394337362350
1.0008218520713257
1.0009022976355757
1.0009805787687152
1.0010565090350556
1.0011299076611686
1.0012005999596441
1.0012684177379918
1.0013331996917960
1.0013947917812647
1.0014530475903609
1.0015078286677470
1.0015590048488063
1.0016064545580685
1.0016500650913891
1.0016897328772951
1.0017253637169443
1.0017568730021995
1.0017841859113645
1.0018072375821738
1.0018259732616790
1.0018403484327234
1.0018503289167426
1.0018558909526842
1.0018570212518780
1.0018537170287518
1.0018459860073223
1.0018338464034533
1.0018173268829154
1.0017964664953325
1.0017713145841505
1.0017419306728179
1.0017083843274026
1.0016707549959338
1.0016291318248016
1.0015836134525915
1.0015343077817813
1.0014813317287816
1.0014248109528343
1.0013648795643464
1.0013016798132719
1.0012353617582004
1.0011660829168583
1.0010940078987740
1.0010193080208944
1.0009421609069888
1.0008627500717078
1.0007812644902188
1.0006978981543584
1.0006128496162918
1.0005263215206985
1.0004385201265371
1.0003496548194744
1.0002599376160894
1.0001695826609920
1.0000788057180212
0.9999878236567081
0.9998968539352079
0.9998061140809223
0.9997158211700518
0.9996261913073188
0.9995374391071226
0.9994497771773851
0.9993634156073539
0.9992785614606159
0.9991954182745846
0.9991141855677066
0.9990350583556240
0.9989582266775167
0.9988838751338257
0.9988121824365428
0.9987433209732165
0.9986774563858035
0.9986147471654598
0.9985553442643251
0.9984993907253229
0.9984470213309485
0.9983983622719733
0.9983535308369467
0.9983126351233238
0.9982757737709892
0.9982430357188908
0.9982144999854428
0.9981902354732848
0.9981703007989301
0.9981547441477604
0.9981436031547632
0.9981369048113364
0.9981346653984130
0.9981368904460862
0.9981435747198492
0.9981547022334811
0.9981702462885486
0.9981901695404151
0.9982144240905756
0.9982429516050685
0.9982756834586431
0.9983125409042850
0.9983534352676475
0.9983982681658603
0.9984469317501240
0.9984993089714397
0.9985552738687589
0.9986146918787854
0.9986774201666022
0.9987433079762437
0.9988121970002890
0.9988839217675037
0.9989583100475091
0.9990351832714247
0.9991143569673955
0.9991956412098761
0.9992788410815150
0.9993637571464618
0.9994501859338936
0.9995379204305400
0.9996267505809681
0.9997164637943811
0.9998068454566753
0.9998976794464908
0.9999887486540018
1.0000798355011737
1.0001707224622394
1.0002611925831431
1.0003510299987208
1.0004400204463917
1.0005279517751522
1.0006146144486912
1.0006998020414588
1.0007833117265492
1.0008649447542861
1.0009445069204266
1.0010218090229226
1.0010966673062272
1.0011689038921550
1.0012383471963471
1.0013048323294254
1.0013682014819636
1.0014283042924417
1.0014849981973890
1.0015381487629671
1.0015876299972863
1.0016333246427915
1.0016751244481050
1.0017129304187484
1.0017466530462287
1.0017762125150005
1.0018015388868844
1.0018225722625516
1.0018392629197455
1.0018515714279574
1.0018594687393172
1.0018629362555136
1.0018619658706074
1.0018565599896507
1.0018467315230744
1.0018325038568501
1.0018139107984976
1.0017909964990395
1.0017638153510680
1.0017324318631318
