1.0000000002551335
1.0000000002536251
1.0000000002516312
1.0000000002491598
1.0000000002462188
1.0000000002428187
1.0000000002389688
1.0000000002346794
1.0000000002299616
1.0000000002248288
1.0000000002192937
1.0000000002133695
1.0000000002070706
1.0000000002004121
1.0000000001934091
1.0000000001860787
1.0000000001784406
1.0000000001705140
1.0000000001623177
1.0000000001538718
1.0000000001451963
1.0000000001363119
1.0000000001272391
1.0000000001179985
1.0000000001086105
1.0000000000990985
1.0000000000894855
1.0000000000797948
1.0000000000700491
1.0000000000602718
1.0000000000504863
1.0000000000407152
1.0000000000309817
1.0000000000213090
1.0000000000117197
1.0000000000022367
0.9999999999928812
0.9999999999836754
0.9999999999746395
0.9999999999657938
0.9999999999571576
0.9999999999487494
0.9999999999405876
0.9999999999326898
0.9999999999250725
0.9999999999177526
0.9999999999107456
0.9999999999040666
0.9999999998977306
0.9999999998917506
0.9999999998861399
0.9999999998809110
0.9999999998760751
0.9999999998716415
0.9999999998676183
0.9999999998640136
0.9999999998608329
0.9999999998580813
0.9999999998557634
0.9999999998538818
0.9999999998524378
0.9999999998514324
0.9999999998508657
0.9999999998507366
0.9999999998510420
0.9999999998517781
0.9999999998529413
0.9999999998545265
0.9999999998565290
0.9999999998589413
0.9999999998617548
0.9999999998649592
0.9999999998685442
0.9999999998724992
0.9999999998768127
0.9999999998814709
0.9999999998864593
0.9999999998917625
0.9999999998973647
0.9999999999032488
0.9999999999093965
0.9999999999157896
0.9999999999224103
0.9999999999292408
0.9999999999362613
0.9999999999434525
0.9999999999507924
0.9999999999582596
0.9999999999658333
0.9999999999734929
0.9999999999812162
0.9999999999889823
0.9999999999967698
1.0000000000045581
1.0000000000123259
1.0000000000200504
1.0000000000277098
1.0000000000352824
1.0000000000427474
1.0000000000500842
1.0000000000572733
1.0000000000642955
1.0000000000711302
1.0000000000777589
1.0000000000841625
1.0000000000903231
1.0000000000962235
1.0000000001018468
1.0000000001071778
1.0000000001122007
1.0000000001168992
1.0000000001212583
1.0000000001252649
1.0000000001289069
1.0000000001321736
1.0000000001350549
1.0000000001375424
1.0000000001396294
1.0000000001413083
1.0000000001425715
1.0000000001434131
1.0000000001438292
1.0000000001438174
1.0000000001433764
1.0000000001425056
1.0000000001412055
1.0000000001394769
1.0000000001373215
1.0000000001347418
1.0000000001317426
1.0000000001283298
1.0000000001245111
1.0000000001202944
1.0000000001156879
1.0000000001107021
1.0000000001053482
1.0000000000996379
1.0000000000935838
1.0000000000871985
1.0000000000804965
1.0000000000734928
1.0000000000662030
1.0000000000586431
1.0000000000508291
1.0000000000427780
1.0000000000345077
1.0000000000260372
1.0000000000173865
1.0000000000085771
0.9999999999996301
0.9999999999905672
0.9999999999814105
0.9999999999721821
0.9999999999629057
0.9999999999536038
0.9999999999442983
0.9999999999350114
0.9999999999257659
0.9999999999165833
0.9999999999074861
0.9999999998984967
0.9999999998896378
0.9999999998809305
0.9999999998723965
0.9999999998640567
0.9999999998559322
0.9999999998480431
0.9999999998404093
0.9999999998330508
0.9999999998259872
0.9999999998192354
0.9999999998128132
0.9999999998067363
0.9999999998010219
0.9999999997956855
0.9999999997907424
0.9999999997862062
0.9999999997820901
0.9999999997784054
0.9999999997751623
0.9999999997723709
0.9999999997700389
0.9999999997681752
0.9999999997667863
0.9999999997658784
0.9999999997654573
0.9999999997655268
0.9999999997660888
0.9999999997671435
0.9999999997686890
0.9999999997707243
0.9999999997732472
0.9999999997762545
0.9999999997797430
0.9999999997837072
0.9999999997881408
0.9999999997930358
0.9999999997983829
0.9999999998041722
0.9999999998103922
0.9999999998170317
0.9999999998240777
0.9999999998315157
0.9999999998393299
0.9999999998475058
0.9999999998560272
0.9999999998648766
0.9999999998740351
0.9999999998834813
0.9999999998931958
0.9999999999031588
0.9999999999133500
0.9999999999237481
0.9999999999343311
0.9999999999450767
0.9999999999559605
0.9999999999669595
0.9999999999780517
0.9999999999892141
1.0000000000004234
1.0000000000116567
1.0000000000228897
1.0000000000340983
1.0000000000452582
1.0000000000563452
1.0000000000673352
1.0000000000782054
1.0000000000889337
1.0000000000994989
1.0000000001098788
1.0000000001200515
1.0000000001299965
1.0000000001396931
1.0000000001491223
1.0000000001582634
1.0000000001670968
1.0000000001756031
1.0000000001837637
1.0000000001915601
1.0000000001989755
1.0000000002059948
1.0000000002126037
1.0000000002187901
1.0000000002245419
1.0000000002298479
1.0000000002346974
1.0000000002390819
1.0000000002429938
1.0000000002464275
1.0000000002493761
1.0000000002518346
1.0000000002537992
1.0000000002552665
1.0000000002562353
1.0000000002567058
1.0000000002566776
1.0000000002561522
1.0000000002551335
1.0000000002536251
1.0000000002516312
1.0000000002491598
