1.0139147536186288
1.0137411845264137
1.0135352829082056
1.0132975099454793
1.0130283986959274
1.0127285531394836
1.0123986470912387
1.0120394229808869
1.0116516904983528
1.0112363251053025
1.0107942664123122
1.0103265164215622
1.0098341376350586
1.0093182510285339
1.0087800338913739
1.0082207175331437
1.0076415848575353
1.0070439678048613
1.0064292446645433
1.0057988372594153
1.0051542080040576
1.0044968568398229
1.0038283180496794
1.0031501569565111
1.0024639665090433
1.0017713637601411
1.0010739862428091
1.0003734882498472
0.9996715370237486
0.9989698088640833
0.9982699851602662
0.9975737483582794
0.9968827778705940
0.9961987459391809
0.9955233134621628
0.9948581257952793
0.9942048085399408
0.9935649633302125
0.9929401636315957
0.9923319505649469
0.9917418287692955
0.9911712623176703
0.9906216707003400
0.9900944248900673
0.9895908435041103
0.9891121890777334
0.9886596644639383
0.9882344093739636
0.9878374970728524
0.9874699312440315
0.9871326430363845
0.9868264883067446
0.9865522450700749
0.9863106111688421
0.9861022021722421
0.9859275495150019
0.9857870988844576
0.9856812088635146
0.9856101498359482
0.9855741031592716
0.9855731606091530
0.9856073240980555
0.9856765056694674
0.9857805277677475
0.9859191237822813
0.9860919388633279
0.9862985310056382
0.9865383723946611
0.9868108510089372
0.9871152724711239
0.9874508621389939
0.9878167674267270
0.9882120603458784
0.9886357402545453
0.9890867368024991
0.9895639130593873
0.9900660688125344
0.9905919440204286
0.9911402224075964
0.9917095351863306
0.9922984648905668
0.9929055493071395
0.9935292854896853
0.9941681338405849
0.9948205222465281
0.9954848502535749
0.9961594932679346
0.9968428067691057
0.9975331305224798
0.9982287927790500
0.9989281144504214
0.9996294132479183
1.0003310077752170
1.0010312215645736
1.0017283870473781
1.0024208494504387
1.0031069706100579
1.0037851326966343
1.0044537418431714
1.0051112316717123
1.0057560667123417
1.0063867457099842
1.0070018048148055
1.0075998206525481
1.0081794132716575
1.0087392489645151
1.0092780429605428
1.0097945619893429
1.0102876267124028
1.0107561140222294
1.0111989592080772
1.0116151579876809
1.0120037684046430
1.0123639125913086
1.0126947783971192
1.0129956208825746
1.0132657636790190
1.0135046002145502
1.0137115948063915
1.0138862836200935
1.0140282754959340
1.0141372526428751
1.0142129712003924
1.0142552616684670
1.0142640292059566
1.0142392537975120
1.0141809902891279
1.0140893682923460
1.0139645919570544
1.0138069396127569
1.0136167632781172
1.0133944880385251
1.0131406112913786
1.0128557018587401
1.0125403989669983
1.0121954110931612
1.0118215146774232
1.0114195527016769
1.0109904331337023
1.0105351272368532
1.0100546677451743
1.0095501469040118
1.0090227143763717
1.0084735750154781
1.0079039865042256
1.0073152568624963
1.0067087418236251
1.0060858420816470
1.0054480004113373
1.0047966986634895
1.0041334546383134
1.0034598188403443
1.0027773711187660
1.0020877171976008
1.0013924851008154
1.0006933214779801
0.9999918878367577
0.9992898566891453
0.9985889076190438
0.9978907232793959
0.9971969853278063
0.9965093703102281
0.9958295455029432
0.9951591647237075
0.9944998641235543
0.9938532579713241
0.9932209344435404
0.9926044514327549
0.9920053323879267
0.9914250622007881
0.9908650831524750
0.9903267909349442
0.9898115307618611
0.9893205935837273
0.9888552124220035
0.9884165588368744
0.9880057395430997
0.9876237931880917
0.9872716873059486
0.9869503154606615
0.9866604945911118
0.9864029625697522
0.9861783759860747
0.9859873081650573
0.9858302474298125
0.9857075956166008
0.9856196668492383
0.9855666865787440
0.9855487908928338
0.9855660260985781
0.9856183485802459
0.9857056249330145
0.9858276323719005
0.9859840594139385
0.9861745068303164
0.9863984888639015
0.9866554347063516
0.9869446902278104
0.9872655199510556
0.9876171092609135
0.9879985668387629
0.9884089273110654
0.9888471541000409
0.9893121424638921
0.9898027227133831
0.9903176635910474
0.9908556757989039
0.9914154156602398
0.9919954889008200
0.9925944545347696
0.9932108288403617
0.9938430894110210
0.9944896792670183
0.9951490110135701
0.9958194710313799
0.9964994236860450
0.9971872155431922
0.9978811795767120
0.9985796393580019
0.9992809132147162
0.9999833183481288
1.0006851748988619
1.0013848099513833
1.0020805614683406
1.0027707821464686
1.0034538431864790
1.0041281379699896
1.0047920856372081
1.0054441345597018
1.0060827657032034
1.0067064958759733
1.0073138808588031
1.0079035184132639
1.0084740511652923
1.0090241693616717
1.0095526134973725
1.0100581768121200
1.0105397076548961
1.0109961117153927
1.0114263541217217
1.0118294614039158
1.0122045233229786
1.0125506945653986
1.0128671963032001
1.0131533176197136
1.0134084168013255
1.0136319224955397
1.0138233347357093
1.0139822258328164
1.0141082411346629
1.0142010996528221
1.0142605945576575
1.0142865935416634
1.0142790390513288
1.0142379483876518
1.0141634136753630
1.0140556017008397
1.0139147536186288
1.0137411845264137
1.0135352829082056
1.0132975099454793
