1.0000080160896063
1.0000079164642863
1.0000077980633832
1.0000076611720230
1.0000075061194402
1.0000073332781902
1.0000071430632576
1.0000069359310613
1.0000067123783647
1.0000064729410856
1.0000062181930154
1.0000059487444479
1.0000056652407174
1.0000053683606569
1.0000050588149758
1.0000047373445609
1.0000044047187020
1.0000040617332562
1.0000037092087419
1.0000033479883790
1.0000029789360725
1.0000026029343485
1.0000022208822441
1.0000018336931578
1.0000014422926666
1.0000010476163126
1.0000006506073686
1.0000002522145823
0.9999998533899064
0.9999994550862271
0.9999990582550847
0.9999986638443975
0.9999982727962002
0.9999978860443913
0.9999975045124996
0.9999971291114785
0.9999967607375283
0.9999964002699551
0.9999960485690693
0.9999957064741305
0.9999953748013404
0.9999950543418942
0.9999947458600892
0.9999944500914983
0.9999941677412137
0.9999938994821629
0.9999936459534994
0.9999934077590775
0.9999931854660093
0.9999929796033116
0.9999927906606400
0.9999926190871216
0.9999924652902821
0.9999923296350720
0.9999922124429971
0.9999921139913506
0.9999920345125546
0.9999919741936054
0.9999919331756256
0.9999919115535310
0.9999919093758030
0.9999919266443761
0.9999919633146361
0.9999920192955278
0.9999920944497751
0.9999921885942121
0.9999923015002220
0.9999924328942847
0.9999925824586345
0.9999927498320219
0.9999929346105783
0.9999931363487836
0.9999933545605348
0.9999935887203101
0.9999938382644273
0.9999941025923947
0.9999943810683493
0.9999946730225781
0.9999949777531210
0.9999952945274527
0.9999956225842375
0.9999959611351489
0.9999963093667587
0.9999966664424834
0.9999970315045867
0.9999974036762315
0.9999977820635785
0.9999981657579269
0.9999985538378890
0.9999989453715942
0.9999993394189203
0.9999997350337425
1.0000001312661970
1.0000005271649537
1.0000009217794936
1.0000013141623847
1.0000017033715491
1.0000020884725151
1.0000024685406537
1.0000028426633927
1.0000032099424003
1.0000035694957337
1.0000039204599498
1.0000042619921705
1.0000045932721024
1.0000049135039994
1.0000052219185649
1.0000055177747942
1.0000058003617462
1.0000060690002461
1.0000063230445115
1.0000065618836982
1.0000067849433623
1.0000069916868339
1.0000071816165024
1.0000073542750070
1.0000075092463339
1.0000076461568115
1.0000077646760059
1.0000078645175123
1.0000079454396409
1.0000080072459969
1.0000080497859520
1.0000080729550052
1.0000080766950330
1.0000080609944328
1.0000080258881516
1.0000079714576029
1.0000078978304743
1.0000078051804244
1.0000076937266693
1.0000075637334587
1.0000074155094458
1.0000072494069496
1.0000070658211158
1.0000068651889729
1.0000066479883898
1.0000064147369325
1.0000061659906305
1.0000059023426477
1.0000056244218662
1.0000053328913820
1.0000050284469229
1.0000047118151869
1.0000043837521049
1.0000040450410335
1.0000036964908834
1.0000033389341880
1.0000029732251112
1.0000026002374092
1.0000022208623391
1.0000018360065317
1.0000014465898217
1.0000010535430512
1.0000006578058436
1.0000002603243576
0.9999998620490262
0.9999994639322839
0.9999990669262890
0.9999986719806497
0.9999982800401525
0.9999978920425031
0.9999975089160841
0.9999971315777360
0.9999967609305644
0.9999963978617826
0.9999960432405863
0.9999956979160767
0.9999953627152299
0.9999950384409192
0.9999947258699938
0.9999944257514215
0.9999941388044987
0.9999938657171283
0.9999936071441741
0.9999933637058919
0.9999931359864475
0.9999929245325181
0.9999927298519852
0.9999925524127167
0.9999923926414492
0.9999922509227659
0.9999921275981749
0.9999920229652904
0.9999919372771219
0.9999918707414640
0.9999918235204017
0.9999917957299185
0.9999917874396186
0.9999917986725563
0.9999918294051824
0.9999918795673960
0.9999919490427126
0.9999920376685384
0.9999921452365582
0.9999922714932300
0.9999924161403886
0.9999925788359583
0.9999927591947669
0.9999929567894635
0.9999931711515401
0.9999934017724481
0.9999936481048118
0.9999939095637352
0.9999941855281969
0.9999944753425338
0.9999947783180074
0.9999950937344444
0.9999954208419572
0.9999957588627351
0.9999961069929009
0.9999964644044291
0.9999968302471253
0.9999972036506549
0.9999975837266198
0.9999979695706809
0.9999983602647167
0.9999987548790179
0.9999991524745042
0.9999995521049683
0.9999999528193350
1.0000003536639308
1.0000007536847624
1.0000011519297944
1.0000015474512221
1.0000019393077346
1.0000023265667646
1.0000027083067122
1.0000030836191467
1.0000034516109737
1.0000038114065699
1.0000041621498725
1.0000045030064240
1.0000048331653617
1.0000051518413562
1.0000054582764866
1.0000057517420486
1.0000060315402930
1.0000062970060926
1.0000065475085296
1.0000067824524008
1.0000070012796383
1.0000072034706400
1.0000073885455101
1.0000075560652042
1.0000077056325787
1.0000078368933356
1.0000079495368677
1.0000080432969993
1.0000081179526195
1.0000081733282107
1.0000082092942679
1.0000082257676026
1.0000082227115419
1.0000082001360138
1.0000081580975213
1.0000080966990075
1.0000080160896063
1.0000079164642863
1.0000077980633832
1.0000076611720230
