1.0000000000027640
1.0000000000027698
1.0000000000027698
1.0000000000027653
1.0000000000027576
1.0000000000027467
1.0000000000027327
1.0000000000027158
1.0000000000026954
1.0000000000026716
1.0000000000026450
1.0000000000026152
1.0000000000025806
1.0000000000025413
1.0000000000024962
1.0000000000024460
1.0000000000023908
1.0000000000023299
1.0000000000022646
1.0000000000021965
1.0000000000021270
1.0000000000020577
1.0000000000019889
1.0000000000019214
1.0000000000018547
1.0000000000017879
1.0000000000017213
1.0000000000016553
1.0000000000015912
1.0000000000015288
1.0000000000014677
1.0000000000014080
1.0000000000013503
1.0000000000012950
1.0000000000012415
1.0000000000011886
1.0000000000011366
1.0000000000010856
1.0000000000010372
1.0000000000009919
1.0000000000009497
1.0000000000009102
1.0000000000008729
1.0000000000008376
1.0000000000008051
1.0000000000007756
1.0000000000007490
1.0000000000007263
1.0000000000007063
1.0000000000006894
1.0000000000006755
1.0000000000006641
1.0000000000006546
1.0000000000006468
1.0000000000006393
1.0000000000006317
1.0000000000006242
1.0000000000006177
1.0000000000006133
1.0000000000006111
1.0000000000006113
1.0000000000006133
1.0000000000006162
1.0000000000006202
1.0000000000006253
1.0000000000006317
1.0000000000006393
1.0000000000006490
1.0000000000006608
1.0000000000006735
1.0000000000006868
1.0000000000006990
1.0000000000007097
1.0000000000007196
1.0000000000007294
1.0000000000007387
1.0000000000007485
1.0000000000007598
1.0000000000007725
1.0000000000007856
1.0000000000007987
1.0000000000008100
1.0000000000008189
1.0000000000008249
1.0000000000008282
1.0000000000008287
1.0000000000008271
1.0000000000008245
1.0000000000008231
1.0000000000008231
1.0000000000008240
1.0000000000008253
1.0000000000008269
1.0000000000008278
1.0000000000008265
1.0000000000008216
1.0000000000008129
1.0000000000008022
1.0000000000007896
1.0000000000007758
1.0000000000007616
1.0000000000007458
1.0000000000007279
1.0000000000007057
1.0000000000006788
1.0000000000006477
1.0000000000006135
1.0000000000005795
1.0000000000005456
1.0000000000005118
1.0000000000004783
1.0000000000004456
1.0000000000004143
1.0000000000003835
1.0000000000003533
1.0000000000003231
1.0000000000002942
1.0000000000002673
1.0000000000002423
1.0000000000002187
1.0000000000001972
1.0000000000001774
1.0000000000001583
1.0000000000001403
1.0000000000001232
1.0000000000001077
1.0000000000000944
1.0000000000000839
1.0000000000000753
1.0000000000000677
1.0000000000000613
1.0000000000000575
1.0000000000000571
1.0000000000000602
1.0000000000000657
1.0000000000000735
1.0000000000000833
1.0000000000000961
1.0000000000001124
1.0000000000001315
1.0000000000001523
1.0000000000001736
1.0000000000001934
1.0000000000002103
1.0000000000002238
1.0000000000002329
1.0000000000002376
1.0000000000002385
1.0000000000002378
1.0000000000002374
1.0000000000002374
1.0000000000002383
1.0000000000002403
1.0000000000002420
1.0000000000002427
1.0000000000002405
1.0000000000002356
1.0000000000002280
1.0000000000002194
1.0000000000002105
1.0000000000002021
1.0000000000001936
1.0000000000001841
1.0000000000001725
1.0000000000001594
1.0000000000001459
1.0000000000001315
1.0000000000001155
1.0000000000000970
1.0000000000000764
1.0000000000000535
1.0000000000000289
1.0000000000000042
0.9999999999999798
0.9999999999999563
0.9999999999999332
0.9999999999999108
0.9999999999998900
0.9999999999998704
0.9999999999998508
0.9999999999998312
0.9999999999998126
0.9999999999997945
0.9999999999997768
0.9999999999997603
0.9999999999997451
0.9999999999997313
0.9999999999997187
0.9999999999997067
0.9999999999996956
0.9999999999996853
0.9999999999996756
0.9999999999996672
0.9999999999996599
0.9999999999996546
0.9999999999996521
0.9999999999996522
0.9999999999996542
0.9999999999996582
0.9999999999996645
0.9999999999996727
0.9999999999996835
0.9999999999996971
0.9999999999997130
0.9999999999997308
0.9999999999997511
0.9999999999997746
0.9999999999998012
0.9999999999998309
0.9999999999998638
0.9999999999999003
0.9999999999999396
0.9999999999999817
1.0000000000000264
1.0000000000000742
1.0000000000001248
1.0000000000001770
1.0000000000002309
1.0000000000002860
1.0000000000003426
1.0000000000004010
1.0000000000004616
1.0000000000005247
1.0000000000005906
1.0000000000006593
1.0000000000007303
1.0000000000008047
1.0000000000008820
1.0000000000009619
1.0000000000010441
1.0000000000011282
1.0000000000012144
1.0000000000013023
1.0000000000013907
1.0000000000014786
1.0000000000015656
1.0000000000016522
1.0000000000017371
1.0000000000018199
1.0000000000019005
1.0000000000019800
1.0000000000020579
1.0000000000021336
1.0000000000022058
1.0000000000022735
1.0000000000023359
1.0000000000023928
1.0000000000024445
1.0000000000024929
1.0000000000025377
1.0000000000025797
1.0000000000026188
1.0000000000026545
1.0000000000026861
1.0000000000027134
1.0000000000027354
1.0000000000027525
1.0000000000027640
1.0000000000027698
1.0000000000027698
1.0000000000027653
