1.0000000044381068
1.0000000043947008
1.0000000043416495
1.0000000042790911
1.0000000042071859
1.0000000041261163
1.0000000040360861
1.0000000039373207
1.0000000038300649
1.0000000037145829
1.0000000035911576
1.0000000034600918
1.0000000033217054
1.0000000031763354
1.0000000030243359
1.0000000028660763
1.0000000027019391
1.0000000025323217
1.0000000023576332
1.0000000021782949
1.0000000019947364
1.0000000018073973
1.0000000016167265
1.0000000014231807
1.0000000012272225
1.0000000010293200
1.0000000008299450
1.0000000006295735
1.0000000004286820
1.0000000002277474
1.0000000000272462
0.9999999998276545
0.9999999996294466
0.9999999994330913
0.9999999992390530
0.9999999990477894
0.9999999988597496
0.9999999986753743
0.9999999984950970
0.9999999983193405
0.9999999981485165
0.9999999979830252
0.9999999978232526
0.9999999976695715
0.9999999975223385
0.9999999973818926
0.9999999972485570
0.9999999971226370
0.9999999970044200
0.9999999968941741
0.9999999967921489
0.9999999966985740
0.9999999966136572
0.9999999965375880
0.9999999964705325
0.9999999964126355
0.9999999963640189
0.9999999963247828
0.9999999962950024
0.9999999962747301
0.9999999962639955
0.9999999962628044
0.9999999962711399
0.9999999962889627
0.9999999963162111
0.9999999963528001
0.9999999963986224
0.9999999964535479
0.9999999965174245
0.9999999965900772
0.9999999966713111
0.9999999967609119
0.9999999968586439
0.9999999969642513
0.9999999970774595
0.9999999971979745
0.9999999973254847
0.9999999974596633
0.9999999976001660
0.9999999977466336
0.9999999978986930
0.9999999980559561
0.9999999982180227
0.9999999983844802
0.9999999985549073
0.9999999987288727
0.9999999989059354
0.9999999990856490
0.9999999992675603
0.9999999994512110
0.9999999996361388
0.9999999998218774
1.0000000000079594
1.0000000001939164
1.0000000003792804
1.0000000005635834
1.0000000007463619
1.0000000009271546
1.0000000011055055
1.0000000012809651
1.0000000014530910
1.0000000016214494
1.0000000017856161
1.0000000019451747
1.0000000020997197
1.0000000022488598
1.0000000023922160
1.0000000025294229
1.0000000026601310
1.0000000027840081
1.0000000029007377
1.0000000030100205
1.0000000031115757
1.0000000032051399
1.0000000032904701
1.0000000033673424
1.0000000034355541
1.0000000034949228
1.0000000035452878
1.0000000035865113
1.0000000036184773
1.0000000036410932
1.0000000036542902
1.0000000036580221
1.0000000036522652
1.0000000036370180
1.0000000036123018
1.0000000035781611
1.0000000035346630
1.0000000034818972
1.0000000034199763
1.0000000033490353
1.0000000032692316
1.0000000031807446
1.0000000030837752
1.0000000029785461
1.0000000028653000
1.0000000027442999
1.0000000026158267
1.0000000024801801
1.0000000023376774
1.0000000021886519
1.0000000020334527
1.0000000018724442
1.0000000017060053
1.0000000015345303
1.0000000013584256
1.0000000011781087
1.0000000009940075
1.0000000008065590
1.0000000006162089
1.0000000004234106
1.0000000002286245
1.0000000000323168
0.9999999998349577
0.9999999996370208
0.9999999994389811
0.9999999992413138
0.9999999990444935
0.9999999988489939
0.9999999986552864
0.9999999984638414
0.9999999982751231
0.9999999980895879
0.9999999979076866
0.9999999977298604
0.9999999975565415
0.9999999973881515
0.9999999972251020
0.9999999970677929
0.9999999969166107
0.9999999967719264
0.9999999966340968
0.9999999965034625
0.9999999963803471
0.9999999962650569
0.9999999961578794
0.9999999960590836
0.9999999959689192
0.9999999958876153
0.9999999958153822
0.9999999957524077
0.9999999956988578
0.9999999956548771
0.9999999956205871
0.9999999955960872
0.9999999955814549
0.9999999955767424
0.9999999955819799
0.9999999955971740
0.9999999956223073
0.9999999956573385
0.9999999957022039
0.9999999957568164
0.9999999958210654
0.9999999958948174
0.9999999959779170
0.9999999960701869
0.9999999961714273
0.9999999962814172
0.9999999963999160
0.9999999965266623
0.9999999966613751
0.9999999968037562
0.9999999969534883
0.9999999971102361
0.9999999972736477
0.9999999974433555
0.9999999976189767
0.9999999978001161
0.9999999979863635
0.9999999981772972
0.9999999983724832
0.9999999985714777
0.9999999987738296
0.9999999989790797
0.9999999991867627
0.9999999993964083
0.9999999996075397
0.9999999998196761
1.0000000000323344
1.0000000002450300
1.0000000004572778
1.0000000006685943
1.0000000008784979
1.0000000010865104
1.0000000012921568
1.0000000014949677
1.0000000016944806
1.0000000018902411
1.0000000020818034
1.0000000022687319
1.0000000024506031
1.0000000026270048
1.0000000027975380
1.0000000029618175
1.0000000031194720
1.0000000032701462
1.0000000034135006
1.0000000035492129
1.0000000036769794
1.0000000037965153
1.0000000039075556
1.0000000040098544
1.0000000041031867
1.0000000041873480
1.0000000042621555
1.0000000043274491
1.0000000043830910
1.0000000044289654
1.0000000044649793
1.0000000044910635
1.0000000045071731
1.0000000045132846
1.0000000045093984
1.0000000044955379
1.0000000044717505
1.0000000044381068
1.0000000043947008
1.0000000043416495
1.0000000042790911
