1.0766181917834545
1.0757307631525390
1.0746768761420764
1.0734582438751052
1.0720768575509299
1.0705349878474024
1.0688351864556214
1.0669802877218126
1.0649734103673851
1.0628179592541598
1.0605176271575323
1.0580763965058282
1.0554985410393598
1.0527886273376743
1.0499515161582020
1.0469923635239955
1.0439166214925102
1.0407300385314495
1.0374386594216345
1.0340488246007056
1.0305671688553368
1.0270006192635914
1.0233563922832154
1.0196419898761915
1.0158651945549115
1.0120340632310625
1.0081569197449605
1.0042423459508467
1.0002991712328462
0.9963364603271392
0.9923634993287007
0.9883897797660561
0.9844249806351381
0.9804789482938593
0.9765616741326792
0.9726832699535019
0.9688539410099116
0.9650839566861692
0.9613836188205820
0.9577632277108044
0.9542330458741791
0.9508032596750267
0.9474839389724362
0.9442849949859634
0.9412161366219035
0.9382868255485490
0.9355062303539605
0.9328831801629903
0.9304261181303437
0.9281430552618247
0.9260415250452639
0.9241285393945388
0.9224105464233225
0.9208933905686164
0.9195822755769119
0.9184817308474301
0.9175955815970726
0.9169269232707105
0.9164781005688122
0.9162506914031550
0.9162454960218890
0.9164625314692172
0.9169010314644208
0.9175594517021022
0.9184354804925854
0.9195260545807452
0.9208273799052804
0.9223349569906296
0.9240436106020798
0.9259475232425339
0.9280402720279004
0.9303148684477558
0.9327638004990124
0.9353790766726203
0.9381522712763050
0.9410745705891390
0.9441368193652995
0.9473295672334051
0.9506431145729594
0.9540675574892761
0.9575928315513819
0.9612087540024357
0.9649050641979496
0.9686714620724007
0.9724976444787616
0.9763733392872248
0.9802883371683474
0.9842325210215399
0.9881958930419266
0.9921685994469862
0.9961409529089487
1.0001034527597603
1.0040468030526519
1.0079619285781602
1.0118399889431067
1.0156723908288019
1.0194507985499468
1.0231671430385978
1.0268136293785033
1.0303827430143635
1.0338672547584091
1.0372602247133806
1.0405550052267536
1.0437452429861294
1.0468248803602485
1.0497881560842610
1.0526296053818645
1.0553440596107644
1.0579266455117760
1.0603727841358166
1.0626781895171005
1.0648388671550972
1.0668511123622835
1.0687115085294294
1.0704169253551346
1.0719645170815477
1.0733517207737096
1.0745762546756987
1.0756361166727544
1.0765295828847692
1.0772552064129808
1.0778118162583006
1.0781985164265087
1.0784146852324712
1.0784599748125736
1.0783343108517025
1.0780378925282990
1.0775711926782341
1.0769349581755017
1.0761302105249300
1.0751582466592893
1.0740206399302639
1.0727192412797435
1.0712561805747634
1.0696338680861168
1.0678549960872106
1.0659225405460471
1.0638397628793550
1.0616102117337478
1.0592377247544229
1.0567264302972892
1.0540807490355002
1.0513053954062217
1.0484053788380516
1.0453860046938643
1.0422528748580016
1.0390118878907200
1.0356692386666806
1.0322314174080991
1.0287052080170598
1.0250976856055332
1.0214162131159545
1.0176684369199622
1.0138622812782521
1.0100059415406537
1.0061078759627113
1.0021767960134953
0.9982216550493520
0.9942516352300967
0.9902761325580730
0.9863047399268399
0.9823472280753118
0.9784135243552696
0.9745136892355272
0.9706578904849127
0.9668563749988096
0.9631194382603533
0.9594573914575265
0.9558805263112511
0.9523990777068500
0.9490231842616490
0.9457628470043900
0.9426278863868830
0.9396278978940439
0.9367722065641134
0.9340698207752514
0.9315293856965661
0.9291591368395516
0.9269668541784822
0.9249598173341027
0.9231447623326614
0.9215278404607273
0.9201145797343673
0.9189098494883999
0.9179178285672270
0.9171419775631388
0.9165850155014152
0.9162489013147886
0.9161348203840847
0.9162431763487053
0.9165735883119204
0.9171248934837716
0.9178951552210800
0.9188816763418353
0.9200810175124079
0.9214890204326988
0.9231008354783671
0.9249109534022536
0.9269132406502379
0.9291009778108712
0.9314669006935788
0.9340032435170686
0.9367017836874045
0.9395538876533428
0.9425505573439850
0.9456824767193959
0.9489400579972224
0.9523134871561593
0.9557927683588578
0.9593677669812386
0.9630282509807943
0.9667639303821950
0.9705644947033064
0.9744196481877071
0.9783191427502346
0.9822528085794930
0.9862105823751810
0.9901825332283607
0.9941588861792534
0.9981300435098122
1.0020866038473220
1.0060193791707253
1.0099194098235511
1.0137779776464761
1.0175866173489463
1.0213371262432751
1.0250215724664873
1.0286323018151986
1.0321619433173104
1.0356034136614991
1.0389499206016677
1.0421949654488902
1.0453323447581409
1.0483561513114332
1.0512607744930280
1.0540409001462610
1.0566915099953740
1.0592078807096055
1.0615855826807854
1.0638204785798184
1.0659087217517946
1.0678467545040431
1.0696313063362894
1.0712593921571738
1.0727283105267351
1.0740356419601014
1.0751792473234993
1.0761572663497880
1.0769681162970659
1.0776104907704240
1.0780833587236183
1.0783859636543036
1.0785178230034593
1.0784787277667216
1.0782687423225157
1.0778882044791001
1.0773377257398626
1.0766181917834545
1.0757307631525390
1.0746768761420764
1.0734582438751052
