1.0000000002217437
1.0000000002205147
1.0000000002188734
1.0000000002168250
1.0000000002143761
1.0000000002115328
1.0000000002083023
1.0000000002046932
1.0000000002007137
1.0000000001963743
1.0000000001916864
1.0000000001866629
1.0000000001813170
1.0000000001756626
1.0000000001697145
1.0000000001634850
1.0000000001569882
1.0000000001502394
1.0000000001432545
1.0000000001360503
1.0000000001286440
1.0000000001210534
1.0000000001132974
1.0000000001053941
1.0000000000973632
1.0000000000892248
1.0000000000809985
1.0000000000727030
1.0000000000643574
1.0000000000559823
1.0000000000475973
1.0000000000392213
1.0000000000308726
1.0000000000225695
1.0000000000143321
1.0000000000061795
0.9999999999981313
0.9999999999902065
0.9999999999824242
0.9999999999748024
0.9999999999673578
0.9999999999601070
0.9999999999530668
0.9999999999462530
0.9999999999396814
0.9999999999333655
0.9999999999273184
0.9999999999215524
0.9999999999160804
0.9999999999109140
0.9999999999060638
0.9999999999015389
0.9999999998973480
0.9999999998935002
0.9999999998900027
0.9999999998868624
0.9999999998840852
0.9999999998816754
0.9999999998796368
0.9999999998779718
0.9999999998766814
0.9999999998757655
0.9999999998752241
0.9999999998750565
0.9999999998752600
0.9999999998758323
0.9999999998767705
0.9999999998780699
0.9999999998797244
0.9999999998817267
0.9999999998840686
0.9999999998867420
0.9999999998897386
0.9999999998930486
0.9999999998966612
0.9999999999005658
0.9999999999047506
0.9999999999092035
0.9999999999139104
0.9999999999188557
0.9999999999240246
0.9999999999294018
0.9999999999349721
0.9999999999407194
0.9999999999466270
0.9999999999526780
0.9999999999588545
0.9999999999651388
0.9999999999715126
0.9999999999779573
0.9999999999844553
0.9999999999909887
0.9999999999975395
1.0000000000040885
1.0000000000106171
1.0000000000171061
1.0000000000235372
1.0000000000298934
1.0000000000361577
1.0000000000423124
1.0000000000483402
1.0000000000542251
1.0000000000599512
1.0000000000655025
1.0000000000708633
1.0000000000760185
1.0000000000809526
1.0000000000856515
1.0000000000901017
1.0000000000942910
1.0000000000982081
1.0000000001018416
1.0000000001051803
1.0000000001082130
1.0000000001109293
1.0000000001133205
1.0000000001153795
1.0000000001170990
1.0000000001184735
1.0000000001194984
1.0000000001201692
1.0000000001204821
1.0000000001204332
1.0000000001200209
1.0000000001192455
1.0000000001181086
1.0000000001166098
1.0000000001147513
1.0000000001125351
1.0000000001099651
1.0000000001070459
1.0000000001037828
1.0000000001001825
1.0000000000962510
1.0000000000919966
1.0000000000874285
1.0000000000825575
1.0000000000773950
1.0000000000719522
1.0000000000662401
1.0000000000602713
1.0000000000540594
1.0000000000476188
1.0000000000409641
1.0000000000341107
1.0000000000270752
1.0000000000198737
1.0000000000125226
1.0000000000050393
0.9999999999974410
0.9999999999897469
0.9999999999819751
0.9999999999741441
0.9999999999662735
0.9999999999583826
0.9999999999504906
0.9999999999426161
0.9999999999347773
0.9999999999269926
0.9999999999192818
0.9999999999116641
0.9999999999041590
0.9999999998967851
0.9999999998895603
0.9999999998825032
0.9999999998756312
0.9999999998689607
0.9999999998625070
0.9999999998562874
0.9999999998503190
0.9999999998446152
0.9999999998391902
0.9999999998340580
0.9999999998292334
0.9999999998247301
0.9999999998205615
0.9999999998167414
0.9999999998132808
0.9999999998101894
0.9999999998074750
0.9999999998051442
0.9999999998032030
0.9999999998016575
0.9999999998005140
0.9999999997997789
0.9999999997994571
0.9999999997995529
0.9999999998000680
0.9999999998010036
0.9999999998023599
0.9999999998041368
0.9999999998063325
0.9999999998089438
0.9999999998119665
0.9999999998153951
0.9999999998192226
0.9999999998234415
0.9999999998280443
0.9999999998330222
0.9999999998383671
0.9999999998440694
0.9999999998501196
0.9999999998565050
0.9999999998632129
0.9999999998702285
0.9999999998775377
0.9999999998851254
0.9999999998929767
0.9999999999010767
0.9999999999094095
0.9999999999179580
0.9999999999267044
0.9999999999356296
0.9999999999447140
0.9999999999539388
0.9999999999632864
0.9999999999727383
0.9999999999822745
0.9999999999918751
1.0000000000015190
1.0000000000111857
1.0000000000208547
1.0000000000305052
1.0000000000401164
1.0000000000496683
1.0000000000591394
1.0000000000685103
1.0000000000777607
1.0000000000868718
1.0000000000958249
1.0000000001046019
1.0000000001131839
1.0000000001215514
1.0000000001296863
1.0000000001375715
1.0000000001451905
1.0000000001525280
1.0000000001595695
1.0000000001663001
1.0000000001727063
1.0000000001787748
1.0000000001844922
1.0000000001898470
1.0000000001948282
1.0000000001994247
1.0000000002036287
1.0000000002074330
1.0000000002108314
1.0000000002138190
1.0000000002163918
1.0000000002185452
1.0000000002202760
1.0000000002215828
1.0000000002224632
1.0000000002229181
1.0000000002229485
1.0000000002225562
1.0000000002217437
1.0000000002205147
1.0000000002188734
1.0000000002168250
