1.0028962371511878
1.0028596779178700
1.0028163124887717
1.0027662432425510
1.0027095883875918
1.0026464816943677
1.0025770721922698
1.0025015238314636
1.0024200151104179
1.0023327386698084
1.0022399008535832
1.0021417212380275
1.0020384321297546
1.0019302780336019
1.0018175150914834
1.0017004104933287
1.0015792418612892
1.0014542966084714
1.0013258712735156
1.0011942708324062
1.0010598079889619
1.0009228024455128
1.0007835801553358
1.0006424725584711
1.0004998158026035
1.0003559499507424
1.0002112181774843
1.0000659659556834
0.9999205402354105
0.9997752886171074
0.9996305585208880
0.9994866963539647
0.9993440466782062
0.9992029513798502
0.9990637488434231
0.9989267731319138
0.9987923531752694
0.9986608119692703
0.9985324657868411
0.9984076234038385
0.9982865853413405
0.9981696431264374
0.9980570785734889
0.9979491630877784
0.9978461569934420
0.9977483088875149
0.9976558550218586
0.9975690187146855
0.9974880097933138
0.9974130240697159
0.9973442428503398
0.9972818324815874
0.9972259439322478
0.9971767124140769
0.9971342570416143
0.9970986805322201
0.9970700689471947
0.9970484914747373
0.9970340002553699
0.9970266302503393
0.9970263991533775
0.9970333073460809
0.9970473378970366
0.9970684566047021
0.9970966120839115
0.9971317358957514
0.9971737427204346
0.9972225305726636
0.9972779810588576
0.9973399596754960
0.9974083161477211
0.9974828848072144
0.9975634850082706
0.9976499215808733
0.9977419853194854
0.9978394535061649
0.9979420904665374
0.9980496481570673
0.9981618667819862
0.9982784754381779
0.9983991927862504
0.9985237277459580
0.9986517802140956
0.9987830418029410
0.9989171965972712
0.9990539219279648
0.9991928891601604
0.9993337644939303
0.9994762097754203
0.9996198833163864
0.9997644407200729
0.9999095357113738
1.0000548209692319
1.0001999489592464
1.0003445727644849
1.0004883469125174
1.0006309281967232
1.0007719764899525
1.0009111555486752
1.0010481338057762
1.0011825851502190
1.0013141896918376
1.0014426345095737
1.0015676143815324
1.0016888324952822
1.0018060011368881
1.0019188423572305
1.0020270886142193
1.0021304833895799
1.0022287817789521
1.0023217510541143
1.0024091711962069
1.0024908353988971
1.0025665505404937
1.0026361376241038
1.0026994321849685
1.0027562846642044
1.0028065607482348
1.0028501416732725
1.0028869244942789
1.0029168223178941
1.0029397644989118
1.0029556967999234
1.0029645815138493
1.0029663975491196
1.0029611404773524
1.0029488225434426
1.0029294726380420
1.0029031362324807
1.0028698752762488
1.0028297680572251
1.0027829090249161
1.0027294085770284
1.0026693928097725
1.0026030032323603
1.0025303964462358
1.0024517437896439
1.0023672309482063
1.0022770575322544
1.0021814366217243
1.0020805942795064
1.0019747690341902
1.0018642113332330
1.0017491829676335
1.0016299564692703
1.0015068144821266
1.0013800491086864
1.0012499612328583
1.0011168598208473
1.0009810612014451
1.0008428883272882
1.0007026700186759
1.0005607401916019
1.0004174370717092
1.0002731023959324
1.0001280806036275
0.9999827180190480
0.9998373620270604
0.9996923602440255
0.9995480596858176
0.9994048059349682
0.9992629423089577
0.9991228090316907
0.9989847424102027
0.9988490740186635
0.9987161298917361
0.9985862297293517
0.9984596861149475
0.9983368037492072
0.9982178787013128
0.9981031976796927
0.9979930373242146
0.9978876635217309
0.9977873307468363
0.9976922814296416
0.9976027453523038
0.9975189390759900
0.9974410653998719
0.9973693128536785
0.9973038552252330
0.9972448511243187
0.9971924435841142
0.9971467597013504
0.9971079103162160
0.9970759897329383
0.9970510754818473
0.9970332281236203
0.9970224910962672
0.9970188906053137
0.9970224355574948
0.9970331175381530
0.9970509108324117
0.9970757724900583
0.9971076424339453
0.9971464436116014
0.9971920821895993
0.9972444477901252
0.9973034137690521
0.9973688375347219
0.9974405609065070
0.9975184105121226
0.9976021982225498
0.9976917216233308
0.9977867645208958
0.9978870974824887
0.9979924784081775
0.9981026531333499
0.9982173560600214
0.9983363108152189
0.9984592309346324
0.9985858205696828
0.9987157752160944
0.9988487824620326
0.9989845227538153
0.9991226701771946
0.9992628932521649
0.9994048557392593
0.9995482174552671
0.9996926350963141
0.9998377630662458
0.9999832543082600
1.0001287611377534
1.0002739360743664
1.0004184326712251
1.0005619063394191
1.0007040151657813
1.0008444207220779
1.0009827888637504
1.0011187905164021
1.0012521024482697
1.0013824080269667
1.0015093979588470
1.0016327710093826
1.0017522347030217
1.0018675060010398
1.0019783119559711
1.0020843903412566
1.0021854902548288
1.0022813726954007
1.0023718111103059
1.0024565919137949
1.0025355149747686
1.0026083940729977
1.0026750573229417
1.0027353475643519
1.0027891227189139
1.0028362561122515
1.0028766367606858
1.0029101696222120
1.0029367758112273
1.0029563927766085
1.0029689744428130
1.0029744913137382
1.0029729305391537
1.0029642959435814
1.0029486080175714
1.0029259038713867
1.0028962371511878
1.0028596779178700
1.0028163124887717
1.0027662432425510
