1.0000002730607516
1.0000002698141324
1.0000002659371949
1.0000002614394148
1.0000002563317432
1.0000002506265797
1.0000002443377447
1.0000002374804440
1.0000002300712334
1.0000002221279787
1.0000002136698116
1.0000002047170842
1.0000001952913220
1.0000001854151732
1.0000001751123524
1.0000001644075842
1.0000001533265439
1.0000001418957953
1.0000001301427277
1.0000001180954912
1.0000001057829284
1.0000000932345061
1.0000000804802456
1.0000000675506495
1.0000000544766317
1.0000000412894401
1.0000000280205821
1.0000000147017503
1.0000000013647454
0.9999999880414018
0.9999999747635113
0.9999999615627476
0.9999999484705914
0.9999999355182534
0.9999999227365992
0.9999999101560763
0.9999998978066408
0.9999998857176875
0.9999998739179785
0.9999998624355751
0.9999998512977709
0.9999998405310264
0.9999998301609061
0.9999998202120184
0.9999998107079546
0.9999998016712329
0.9999997931232464
0.9999997850842097
0.9999997775731136
0.9999997706076782
0.9999997642043110
0.9999997583780668
0.9999997531426132
0.9999997485101972
0.9999997444916167
0.9999997410961950
0.9999997383317589
0.9999997362046196
0.9999997347195578
0.9999997338798128
0.9999997336870750
0.9999997341414814
0.9999997352416151
0.9999997369845097
0.9999997393656560
0.9999997423790141
0.9999997460170270
0.9999997502706376
0.9999997551293128
0.9999997605810693
0.9999997666125019
0.9999997732088157
0.9999997803538607
0.9999997880301703
0.9999997962190063
0.9999998049004011
0.9999998140532067
0.9999998236551439
0.9999998336828583
0.9999998441119753
0.9999998549171589
0.9999998660721720
0.9999998775499382
0.9999998893226090
0.9999999013616284
0.9999999136378040
0.9999999261213747
0.9999999387820822
0.9999999515892452
0.9999999645118341
0.9999999775185439
0.9999999905778665
1.0000000036581695
1.0000000167277712
1.0000000297550162
1.0000000427083522
1.0000000555564055
1.0000000682680561
1.0000000808125113
1.0000000931593818
1.0000001052787517
1.0000001171412531
1.0000001287181355
1.0000001399813343
1.0000001509035379
1.0000001614582543
1.0000001716198741
1.0000001813637316
1.0000001906661624
1.0000001995045635
1.0000002078574441
1.0000002157044821
1.0000002230265694
1.0000002298058581
1.0000002360258033
1.0000002416712017
1.0000002467282296
1.0000002511844761
1.0000002550289731
1.0000002582522223
1.0000002608462162
1.0000002628044600
1.0000002641219863
1.0000002647953667
1.0000002648227211
1.0000002642037209
1.0000002629395892
1.0000002610331007
1.0000002584885730
1.0000002553118590
1.0000002515103297
1.0000002470928577
1.0000002420697971
1.0000002364529585
1.0000002302555817
1.0000002234923031
1.0000002161791210
1.0000002083333579
1.0000001999736186
1.0000001911197449
1.0000001817927697
1.0000001720148664
1.0000001618092964
1.0000001512003545
1.0000001402133094
1.0000001288743432
1.0000001172104878
1.0000001052495615
1.0000000930201036
1.0000000805513058
1.0000000678729426
1.0000000550152990
1.0000000420090995
1.0000000288854343
1.0000000156756839
1.0000000024114453
0.9999999891244558
0.9999999758465167
0.9999999626094179
0.9999999494448620
0.9999999363843892
0.9999999234593002
0.9999999107005810
0.9999998981388297
0.9999998858041830
0.9999998737262444
0.9999998619340150
0.9999998504558224
0.9999998393192521
0.9999998285510818
0.9999998181772193
0.9999998082226393
0.9999997987113246
0.9999997896662067
0.9999997811091127
0.9999997730607110
0.9999997655404620
0.9999997585665733
0.9999997521559544
0.9999997463241762
0.9999997410854330
0.9999997364525096
0.9999997324367516
0.9999997290480361
0.9999997262947491
0.9999997241837649
0.9999997227204318
0.9999997219085572
0.9999997217503972
0.9999997222466507
0.9999997233964585
0.9999997251974049
0.9999997276455231
0.9999997307353063
0.9999997344597196
0.9999997388102165
0.9999997437767598
0.9999997493478451
0.9999997555105272
0.9999997622504500
0.9999997695518820
0.9999997773977538
0.9999997857696982
0.9999997946480947
0.9999998040121167
0.9999998138397784
0.9999998241079889
0.9999998347926075
0.9999998458685004
0.9999998573096002
0.9999998690889684
0.9999998811788596
0.9999998935507870
0.9999999061755912
0.9999999190235088
0.9999999320642444
0.9999999452670427
0.9999999586007616
0.9999999720339463
0.9999999855349028
0.9999999990717726
1.0000000126126123
1.0000000261254676
1.0000000395784510
1.0000000529398168
1.0000000661780373
1.0000000792618757
1.0000000921604615
1.0000001048433653
1.0000001172806698
1.0000001294430418
1.0000001413018027
1.0000001528289941
1.0000001639974487
1.0000001747808525
1.0000001851538061
1.0000001950918889
1.0000002045717136
1.0000002135709840
1.0000002220685487
1.0000002300444499
1.0000002374799715
1.0000002443576825
1.0000002506614802
1.0000002563766275
1.0000002614897880
1.0000002659890577
1.0000002698639916
1.0000002731056326
1.0000002757065305
1.0000002776607602
1.0000002789639337
1.0000002796132128
1.0000002796073142
1.0000002789465119
1.0000002776326371
1.0000002756690740
1.0000002730607516
1.0000002698141324
1.0000002659371949
1.0000002614394148
