1.0011557294678803
1.0011411270368236
1.0011238046449282
1.0011038035384030
1.0010811713336110
1.0010559619056272
1.0010282352621016
1.0009980574027082
1.0009655001644833
1.0009306410533931
1.0008935630625087
1.0008543544771806
1.0008131086676533
1.0007699238695735
1.0007249029528877
1.0006781531796392
1.0006297859512154
1.0005799165456091
1.0005286638452913
1.0004761500563122
1.0004225004192688
1.0003678429128056
1.0003123079503213
1.0002560280705879
1.0001991376229977
1.0001417724481707
1.0000840695546613
1.0000261667925381
0.9999682025245966
0.9999103152959818
0.9998526435030159
0.9997953250620130
0.9997384970788805
0.9996822955203046
0.9996268548873121
0.9995723078920076
0.9995187851382691
0.9994664148071923
0.9994153223480524
0.9993656301755494
0.9993174573740923
0.9992709194098494
0.9992261278512916
0.9991831900989308
0.9991422091249293
0.9991032832232452
0.9990665057709393
0.9990319650012536
0.9989997437890384
0.9989699194490798
0.9989425635478426
0.9989177417291114
0.9988955135539792
0.9988759323555966
0.9988590451090587
0.9988448923167640
0.9988335079095426
0.9988249191638107
0.9988191466349690
0.9988162041072135
0.9988160985598953
0.9988188301505129
0.9988243922143782
0.9988327712809669
0.9988439471069005
0.9988578927254828
0.9988745745126539
0.9988939522691940
0.9989159793189645
0.9989406026229308
0.9989677629086677
0.9989973948150158
0.9990294270515122
0.9990637825721893
0.9991003787632885
0.9991391276444083
0.9991799360825714
0.9992227060186665
0.9992673347056796
0.9993137149581204
0.9993617354120009
0.9994112807947144
0.9994622322041341
0.9995144673962303
0.9995678610804902
0.9996222852223992
0.9996776093522350
0.9997337008794120
0.9997904254116015
0.9998476470778416
0.9999052288548530
0.9999630328957619
1.0000209208604385
1.0000787542466480
1.0001363947212267
1.0001937044504869
1.0002505464290625
1.0003067848064229
1.0003622852102783
1.0004169150661220
1.0004705439121580
1.0005230437088857
1.0005742891426206
1.0006241579222492
1.0006725310685414
1.0007192931953555
1.0007643327820905
1.0008075424367777
1.0008488191492066
1.0008880645335196
1.0009251850597247
1.0009600922736226
1.0009927030046397
1.0010229395611203
1.0010507299126312
1.0010760078588887
1.0010987131849267
1.0011187918021691
1.0011361958750955
1.0011508839332226
1.0011628209681553
1.0011719785155000
1.0011783347214549
1.0011818743939380
1.0011825890381389
1.0011804768764208
1.0011755428525195
1.0011677986200420
1.0011572625152847
1.0011439595144305
1.0011279211752140
1.0011091855631886
1.0010877971627499
1.0010638067731150
1.0010372713894806
1.0010082540696210
1.0009768237862184
1.0009430552652487
1.0009070288107822
1.0008688301165838
1.0008285500649250
1.0007862845130646
1.0007421340678633
1.0006962038490386
1.0006486032415927
1.0005994456379699
1.0005488481705227
1.0004969314348922
1.0004438192049390
1.0003896381398665
1.0003345174842118
1.0002785887613985
1.0002219854615546
1.0001648427243213
1.0001072970173959
1.0000494858115574
0.9999915472529453
0.9999336198333613
0.9998758420593750
0.9998183521210304
0.9997612875609371
0.9997047849445518
0.9996489795324400
0.9995940049553157
0.9995399928926519
0.9994870727556482
0.9994353713753308
0.9993850126965600
0.9993361174787020
0.9992888030037065
0.9992431827923208
0.9991993663291531
0.9991574587972719
0.9991175608230152
0.9990797682316536
0.9990441718145271
0.9990108571082500
0.9989799041865439
0.9989513874652374
0.9989253755209285
0.9989019309237791
0.9988811100848691
0.9988629631185055
0.9988475337198454
0.9988348590581464
0.9988249696859243
0.9988178894642519
0.9988136355043938
0.9988122181259309
0.9988136408314796
0.9988179002980746
0.9988249863852384
0.9988348821597135
0.9988475639367971
0.9988630013381649
0.9988811573660406
0.9989019884935111
0.9989254447707588
0.9989514699469302
0.9989800016073290
0.9990109713255789
0.9990443048303582
0.9990799221862843
0.9991177379884736
0.9991576615702862
0.9991995972237177
0.9992434444318793
0.9992890981129704
0.9993364488751282
0.9993853832815069
0.9994357841249181
0.9994875307113416
0.9995404991516000
0.9995945626604631
0.9996495918624403
0.9997054551035076
0.9997620187679918
0.9998191475998406
0.9998767050274918
0.9999345534915433
0.9999925547744334
1.0000505703313345
1.0001084616214655
1.0001660904390259
1.0002233192429639
1.0002800114847934
1.0003360319336925
1.0003912469981104
1.0004455250431299
1.0004987367028486
1.0005507551870547
1.0006014565814831
1.0006507201409633
1.0006984285747891
1.0007444683236535
1.0007887298275235
1.0008311077838452
1.0008715013954947
1.0009098146079241
1.0009459563349641
1.0009798406727852
1.0010113871015343
1.0010405206742039
1.0010671721923157
1.0010912783680284
1.0011127819723167
1.0011316319688957
1.0011477836335907
1.0011611986588986
1.0011718452435094
1.0011796981665966
1.0011847388467081
1.0011869553851327
1.0011863425936522
1.0011829020066116
1.0011766418772854
1.0011675771585462
1.0011557294678803
1.0011411270368236
1.0011238046449282
1.0011038035384030
