1.0000265266051249
1.0000261945677853
1.0000258002510509
1.0000253446021521
1.0000248287147078
1.0000242538261108
1.0000236213145688
1.0000229326958070
1.0000221896194466
1.0000213938650584
1.0000205473379122
1.0000196520644200
1.0000187101872922
1.0000177239604162
1.0000166957434693
1.0000156279962795
1.0000145232729460
1.0000133842157326
1.0000122135487539
1.0000110140714644
1.0000097886519674
1.0000085402201602
1.0000072717607298
1.0000059863060231
1.0000046869287955
1.0000033767348686
1.0000020588557061
1.0000007364409305
0.9999994126507940
0.9999980906486255
0.9999967735932702
0.9999954646315380
0.9999941668906828
0.9999928834709262
0.9999916174380491
0.9999903718160615
0.9999891495799750
0.9999879536486909
0.9999867868780264
0.9999856520538865
0.9999845518856043
0.9999834889994670
0.9999824659324369
0.9999814851260871
0.9999805489207668
0.9999796595500078
0.9999788191351868
0.9999780296804545
0.9999772930679459
0.9999766110532823
0.9999759852613762
0.9999754171825488
0.9999749081689679
0.9999744594314204
0.9999740720364199
0.9999737469036610
0.9999734848038210
0.9999732863567213
0.9999731520298478
0.9999730821372390
0.9999730768387388
0.9999731361396191
0.9999732598905700
0.9999734477880621
0.9999736993750786
0.9999740140422118
0.9999743910291230
0.9999748294263694
0.9999753281775835
0.9999758860820027
0.9999765017973464
0.9999771738430318
0.9999779006037187
0.9999786803331790
0.9999795111584771
0.9999803910844539
0.9999813179985034
0.9999822896756302
0.9999833037837754
0.9999843578893990
0.9999854494633041
0.9999865758866894
0.9999877344574168
0.9999889223964781
0.9999901368546458
0.9999913749192905
0.9999926336213500
0.9999939099424338
0.9999952008220458
0.9999965031649062
0.9999978138483556
0.9999991297298261
1.0000004476543578
1.0000017644621493
1.0000030769961146
1.0000043821094349
1.0000056766730867
1.0000069575833275
1.0000082217691186
1.0000094661994710
1.0000106878906942
1.0000118839135346
1.0000130514001806
1.0000141875511217
1.0000152896418433
1.0000163550293422
1.0000173811584505
1.0000183655679460
1.0000193058964379
1.0000201998880152
1.0000210453976417
1.0000218403962864
1.0000225829757750
1.0000232713533570
1.0000239038759680
1.0000244790241861
1.0000249954158655
1.0000254518094434
1.0000258471069123
1.0000261803564452
1.0000264507546748
1.0000266576486165
1.0000268005372330
1.0000268790726359
1.0000268930609200
1.0000268424626311
1.0000267273928629
1.0000265481209862
1.0000263050700087
1.0000259988155675
1.0000256300845574
1.0000251997533947
1.0000247088459284
1.0000241585309966
1.0000235501196357
1.0000228850619530
1.0000221649436629
1.0000213914823004
1.0000205665231190
1.0000196920346842
1.0000187701041718
1.0000178029323818
1.0000167928284824
1.0000157422044924
1.0000146535695202
1.0000135295237687
1.0000123727523222
1.0000111860187306
1.0000099721584061
1.0000087340718489
1.0000074747177146
1.0000061971057446
1.0000049042895722
1.0000035993594247
1.0000022854347381
1.0000009656566999
0.9999996431807407
0.9999983211689911
0.9999970027827237
0.9999956911747963
0.9999943894821127
0.9999931008181238
0.9999918282653810
0.9999905748681680
0.9999893436252204
0.9999881374825553
0.9999869593264265
0.9999858119764229
0.9999846981787238
0.9999836205995307
0.9999825818186904
0.9999815843235236
0.9999806305028751
0.9999797226414003
0.9999788629140978
0.9999780533811079
0.9999772959827811
0.9999765925350352
0.9999759447250095
0.9999753541070280
0.9999748220988771
0.9999743499784127
0.9999739388805009
0.9999735897942997
0.9999733035608896
0.9999730808712585
0.9999729222646453
0.9999728281272459
0.9999727986912846
0.9999728340344557
0.9999729340797325
0.9999730985955469
0.9999733271963394
0.9999736193434756
0.9999739743465316
0.9999743913649395
0.9999748694099924
0.9999754073472034
0.9999760038990145
0.9999766576478476
0.9999773670394884
0.9999781303867993
0.9999789458737467
0.9999798115597407
0.9999807253842687
0.9999816851718181
0.9999826886370735
0.9999837333903749
0.9999848169434267
0.9999859367152428
0.9999870900383123
0.9999882741649725
0.9999894862739724
0.9999907234772137
0.9999919828266480
0.9999932613213210
0.9999945559145399
0.9999958635211526
0.9999971810249183
0.9999985052859509
0.9999998331482177
1.0000011614470790
1.0000024870168489
1.0000038066983565
1.0000051173464906
1.0000064158377113
1.0000076990775093
1.0000089640077978
1.0000102076142188
1.0000114269333387
1.0000126190597263
1.0000137811528906
1.0000149104440634
1.0000160042428110
1.0000170599434584
1.0000180750313103
1.0000190470886559
1.0000199738005418
1.0000208529602972
1.0000216824748032
1.0000224603694874
1.0000231847930376
1.0000238540218227
1.0000244664640034
1.0000250206633325
1.0000255153026290
1.0000259492069228
1.0000263213462559
1.0000266308381391
1.0000268769496548
1.0000270590992064
1.0000271768579025
1.0000272299505786
1.0000272182564505
1.0000271418093984
1.0000270007978838
1.0000267955644946
1.0000265266051249
1.0000261945677853
1.0000258002510509
1.0000253446021521
