1.0004416157308982
1.0004360403699777
1.0004294254698405
1.0004217868424599
1.0004131427410963
1.0004035138170015
1.0003929230704305
1.0003813957960701
1.0003689595230221
1.0003556439494647
1.0003414808721571
1.0003265041109464
1.0003107494284467
1.0002942544450866
1.0002770585497207
1.0002592028060067
1.0002407298547715
1.0002216838125990
1.0002021101668692
1.0001820556674992
1.0001615682156371
1.0001406967495790
1.0001194911281646
1.0000980020119372
1.0000762807423456
1.0000543792192700
1.0000323497771675
1.0000102450601307
0.9999881178961535
0.9999660211709052
0.9999440077013162
0.9999221301092736
0.9999004406957305
0.9998789913155318
0.9998578332532582
0.9998370171003877
0.9998165926340674
0.9997966086977884
0.9997771130842540
0.9997581524207269
0.9997397720571288
0.9997220159571695
0.9997049265927651
0.9996885448420063
0.9996729098909249
0.9996580591392952
0.9996440281107059
0.9996308503671204
0.9996185574281330
0.9996071786951232
0.9995967413804917
0.9995872704421497
0.9995787885234294
0.9995713158985586
0.9995648704238330
0.9995594674946110
0.9995551200082322
0.9995518383329581
0.9995496302830024
0.9995485010997205
0.9995484534390005
0.9995494873648880
0.9995516003494621
0.9995547872789606
0.9995590404661396
0.9995643496688362
0.9995707021146911
0.9995780825319692
0.9995864731863974
0.9995958539239366
0.9996062022193760
0.9996174932306312
0.9996296998586155
0.9996427928125318
0.9996567406804280
0.9996715100048450
0.9996870653633617
0.9997033694538482
0.9997203831842179
0.9997380657664529
0.9997563748146788
0.9997752664470438
0.9997946953911566
0.9998146150928257
0.9998349778278361
0.9998557348164961
0.9998768363406634
0.9998982318629810
0.9999198701480266
0.9999416993850850
0.9999636673122481
0.9999857213415442
1.0000078086847937
1.0000298764798916
1.0000518719172113
1.0000737423658328
1.0000954354992870
1.0001168994205252
1.0001380827858064
1.0001589349272144
1.0001794059735145
1.0001994469690623
1.0002190099904851
1.0002380482608570
1.0002565162610999
1.0002743698383534
1.0002915663110510
1.0003080645704616
1.0003238251784574
1.0003388104612796
1.0003529845990842
1.0003663137110546
1.0003787659358854
1.0003903115074546
1.0004009228255004
1.0004105745211409
1.0004192435170891
1.0004269090824180
1.0004335528817516
1.0004391590187700
1.0004437140739249
1.0004472071362767
1.0004496298293828
1.0004509763311773
1.0004512433877937
1.0004504303213031
1.0004485390313460
1.0004455739906539
1.0004415422344730
1.0004364533439141
1.0004303194232667
1.0004231550713301
1.0004149773468247
1.0004058057279688
1.0003956620663106
1.0003845705349230
1.0003725575710816
1.0003596518135554
1.0003458840346624
1.0003312870672429
1.0003158957267204
1.0002997467284322
1.0002828786004216
1.0002653315918939
1.0002471475775550
1.0002283699580490
1.0002090435567337
1.0001892145130307
1.0001689301726051
1.0001482389746308
1.0001271903364046
1.0001058345355849
1.0000842225903293
1.0000624061376187
1.0000404373100527
1.0000183686114108
0.9999962527912724
0.9999741427189967
0.9999520912573631
0.9999301511361726
0.9999083748261123
0.9998868144131849
0.9998655214740076
0.9998445469522794
0.9998239410367107
0.9998037530407134
0.9997840312841418
0.9997648229773692
0.9997461741079835
0.9997281293303740
0.9997107318584785
0.9996940233619530
0.9996780438660173
0.9996628316552184
0.9996484231813513
0.9996348529757592
0.9996221535662284
0.9996103553986827
0.9995994867638701
0.9995895737292191
0.9995806400760364
0.9995727072421959
0.9995657942704644
0.9995599177625900
0.9995550918392663
0.9995513281060701
0.9995486356254573
0.9995470208948894
0.9995464878311409
0.9995470377608277
0.9995486694171790
0.9995513789430611
0.9995551599002472
0.9995600032849100
0.9995658975492963
0.9995728286295306
0.9995807799794838
0.9995897326106171
0.9995996651377040
0.9996105538303208
0.9996223726699776
0.9996350934127467
0.9996486856572395
0.9996631169177543
0.9996783527024246
0.9996943565961766
0.9997110903482839
0.9997285139643132
0.9997465858022334
0.9997652626724504
0.9997844999415262
0.9998042516393295
0.9998244705693561
0.9998451084219522
0.9998661158901635
0.9998874427879290
0.9999090381703386
0.9999308504556581
0.9999528275488280
0.9999749169661430
0.9999970659608094
1.0000192216490746
1.0000413311366350
1.0000633416450151
1.0000852006376142
1.0001068559451269
1.0001282558900291
1.0001493494098437
1.0001700861788856
1.0001904167282025
1.0002102925634258
1.0002296662802537
1.0002484916772940
1.0002667238660019
1.0002843193774547
1.0003012362657107
1.0003174342075136
1.0003328745981066
1.0003475206429320
1.0003613374450031
1.0003742920877465
1.0003863537131197
1.0003974935948208
1.0004076852064252
1.0004169042842879
1.0004251288850670
1.0004323394377326
1.0004385187899432
1.0004436522486810
1.0004477276150527
1.0004507352131753
1.0004526679130821
1.0004535211475929
1.0004532929231111
1.0004519838243229
1.0004495970127874
1.0004461382194221
1.0004416157308982
1.0004360403699777
1.0004294254698405
1.0004217868424599
