1.2718735910827799
1.2695690811531077
1.2668246604095079
1.2636402296243332
1.2600156851639348
1.2559509252707901
1.2514458574844085
1.2465004073184471
1.2411145283320806
1.2352882137567911
1.2290215098657775
1.2223145313026276
1.2151674786193389
1.2075806583118540
1.1995545056846788
1.1910896109258182
1.1821867488300271
1.1728469126733945
1.1630713528167460
1.1528616207006068
1.1422196189920417
1.1311476587552303
1.1196485246448853
1.1077255492664908
1.0953826980116297
1.0826246658622436
1.0694569878659388
1.0558861652164437
1.0419198091289854
1.0275668049782012
1.0128374994623048
0.9977439138641115
0.9822999867844763
0.9665218500064912
0.9504281413784025
0.9340403587338667
0.9173832588335876
0.9004853050188378
0.8833791665849146
0.8661022716348680
0.8486974131269811
0.8312134046820069
0.8137057780930330
0.7962375079379476
0.7788797397434185
0.7617124863178171
0.7448252418192465
0.7283174448463442
0.7122987009623973
0.6968886532690713
0.6822163701615187
0.6684191074405794
0.6556403048896864
0.6440267041939969
0.6337245344954259
0.6248748093575702
0.6176079119658142
0.6120377991299630
0.6082562999388901
0.6063280820415231
0.6062868681170929
0.6081333838268558
0.6118353130119870
0.6173292662700375
0.6245244979512313
0.6333078972379351
0.6435496727728108
0.6551091553718649
0.6678402374347503
0.6815961117227392
0.6962331262548769
0.7116137064373189
0.7276083946970865
0.7440971188920382
0.7609698287875243
0.7781266436665064
0.7954776426641124
0.8129424101366333
0.8304494266011504
0.8479353748206145
0.8653444121985387
0.8826274454525591
0.8997414315699725
0.9166487199813135
0.9333164442506253
0.9497159668840736
0.9658223776551579
0.9816140437568219
0.9970722088135548
1.0121806370835738
1.0269252988736914
1.0412940931458035
1.0552766034189260
1.0688638832971209
1.0820482682348227
1.0948232104555733
1.1071831342472542
1.1191233091536865
1.1306397388611911
1.1417290638353870
1.1523884759965206
1.1626156439309228
1.1724086473227024
1.1817659194549883
1.1906861967756850
1.1991684746507068
1.2072119685398270
1.2148160799284267
1.2219803664341979
1.2287045155827623
1.2349883218115527
1.2408316663184464
1.2462344994215380
1.2511968251401600
1.2557186877455053
1.2598001600628692
1.2634413333371188
1.2666423084991891
1.2694031886946233
1.2717240729559141
1.2736050509190129
1.2750461985012143
1.2760475744730007
1.2766092178706452
1.2767311462096300
1.2764133544715188
1.2756558148490287
1.2744584772458893
1.2728212705398601
1.2707441046292272
1.2682268732953854
1.2652694579269772
1.2618717321647470
1.2580335675409609
1.2537548402032752
1.2490354388305593
1.2438752738677343
1.2382742882285298
1.2322324696396205
1.2257498648273371
1.2188265957795790
1.2114628783513213
1.2036590435228789
1.1954155616666668
1.1867330702314791
1.1776124053143266
1.1680546376597802
1.1580611137068801
1.1476335023954163
1.1367738485484244
1.1254846337677602
1.1137688459165305
1.1016300584178944
1.0890725207761769
1.0761012619251658
1.0627222082312102
1.0489423182260134
1.0347697364152451
1.0202139688019072
1.0052860830724213
0.9899989367090586
0.9743674365986638
0.9584088339797203
0.9421430587700361
0.9255930973904841
0.9087854180671956
0.8917504471441958
0.8745230990178013
0.8571433607074045
0.8396569295345515
0.8221158985500630
0.8045794788080312
0.7871147398530113
0.7697973393558571
0.7527121992594121
0.7359540688503876
0.7196278951016282
0.7038488985134269
0.6887422309248028
0.6744420745960750
0.6610900357042094
0.6488326987311002
0.6378182505323290
0.6281921620801278
0.6200920342829741
0.6136418636546459
0.6089461414160935
0.6060843295788860
0.6051063171078993
0.6060294138873201
0.6088372799268963
0.6134809366312578
0.6198817214012179
0.6279357943172583
0.6375196422363076
0.6484959769213371
0.6607194807404505
0.6740419819989245
0.6883167995380965
0.7034021462395358
0.7191636005559309
0.7354757355373892
0.7522230381015311
0.7693002653394323
0.7866123789259557
0.8040741817507551
0.8216097591917229
0.8391518053060050
0.8566408940620258
0.8740247386940366
0.8912574685905419
0.9082989426117446
0.9251141099276193
0.9416724238709202
0.9579473104240550
0.9739156903839328
0.9895575526289533
1.0048555749752566
1.0197947886477208
1.0343622822507110
1.0485469411920276
1.0623392187109411
1.0757309349318247
1.0887151006706293
1.1012857630371040
1.1134378701850580
1.1251671528563230
1.1364700206359881
1.1473434710844581
1.1577850101353417
1.1677925823477793
1.1773645097788865
1.1864994383982885
1.1951962911041463
1.2034542265205763
1.2112726028617966
1.2186509462404458
1.2255889228779500
1.2320863147449892
1.2381429982213807
1.2437589254181822
1.2489341078515745
1.2536686021990091
1.2579624979040041
1.2618159064275183
1.2652289519716644
1.2682017635261600
1.2707344681098314
1.2728271850990938
1.2744800215530057
1.2756930684605494
1.2764663978505408
1.2768000607182473
1.2766940857356857
1.2761484787248640
1.2751632228851753
1.2737382797779209
1.2718735910827799
1.2695690811531077
1.2668246604095079
1.2636402296243332
