1.0025532803461870
1.0025210414562229
1.0024828004112436
1.0024386476417027
1.0023886875570236
1.0023330383076423
1.0022718315154941
1.0022052119734717
1.0021333373144390
1.0020563776504503
1.0019745151828852
1.0018879437842767
1.0017968685526684
1.0017015053393963
1.0016020802512560
1.0014988291280713
1.0013919969967482
1.0012818375029406
1.0011686123215309
1.0010525905471703
1.0009340480661846
1.0008132669111960
1.0006905345998724
1.0005661434592632
1.0004403899372176
1.0003135739024394
1.0001859979347565
1.0000579666072418
0.9999297857618372
0.9998017617801839
0.9996742008513715
0.9995474082383595
0.9994216875448361
0.9992973399842920
0.9991746636531081
0.9990539528094580
0.9989354971598289
0.9988195811549549
0.9987064832969620
0.9985964754595011
0.9984898222226278
0.9983867802241676
0.9982875975292672
0.9981925130198098
0.9981017558053153
0.9980155446569141
0.9979340874659243
0.9978575807285044
0.9977862090577941
0.9977201447248867
0.9976595472299025
0.9976045629043552
0.9975553245459264
0.9975119510866665
0.9974745472955622
0.9974432035163073
0.9974179954410196
0.9973989839205509
0.9973862148119266
0.9973797188633473
0.9973795116370885
0.9973855934705140
0.9973979494753142
0.9974165495749751
0.9974413485803665
0.9974722863032358
0.9975092877072838
0.9975522630963876
0.9976011083394405
0.9976557051311673
0.9977159212881723
0.9977816110793888
0.9978526155899975
0.9979287631177920
0.9980098696008879
0.9980957390755795
0.9981861641630794
0.9982809265838016
0.9983797976977790
0.9984825390697430
0.9985889030573404
0.9986986334209000
0.9988114659531255
0.9989271291270431
0.9990453447605031
0.9991658286954972
0.9992882914905322
0.9994124391242859
0.9995379737087504
0.9996645942100614
0.9997919971752142
0.9999198774628619
1.0000479289764019
1.0001758453975669
1.0003033209187537
1.0004300509723434
1.0005557329552885
1.0006800669472755
1.0008027564207933
1.0009235089414863
1.0010420368571973
1.0011580579741548
1.0012712962187975
1.0013814822837823
1.0014883542567650
1.0015916582305910
1.0016911488935951
1.0017865900987570
1.0018777554105163
1.0019644286281091
1.0020464042843491
1.0021234881188241
1.0021954975245533
1.0022622619672028
1.0023236233760202
1.0023794365057115
1.0024295692685488
1.0024739030360508
1.0025123329096552
1.0025447679598469
1.0025711314332886
1.0025913609275534
1.0026054085331189
1.0026132409423547
1.0026148395252954
1.0026102003720547
1.0025993343017940
1.0025822668382391
1.0025590381517806
1.0025297029682745
1.0024943304447154
1.0024530040120208
1.0024058211852240
1.0023528933414463
1.0022943454660702
1.0022303158676094
1.0021609558618287
1.0020864294257348
1.0020069128221121
1.0019225941953549
1.0018336731393966
1.0017403602386037
1.0016428765825667
1.0015414532557736
1.0014363308032102
1.0013277586730025
1.0012159946372661
1.0011013041923778
1.0009839599399535
1.0008642409498563
1.0007424321066232
1.0006188234407398
1.0004937094462403
1.0003673883861628
1.0002401615874277
1.0001123327267414
0.9999842071091772
0.9998560909411077
0.9997282905991992
0.9996011118971985
0.9994748593522773
0.9993498354527048
0.9992263399286369
0.9991046690278240
0.9989851147980359
0.9988679643780126
0.9987534992987345
0.9986419947967974
0.9985337191416666
0.9984289329785540
0.9983278886886447
0.9982308297683586
0.9981379902293002
0.9980495940205022
0.9979658544745220
0.9978869737788929
0.9978131424743742
0.9977445389813774
0.9976813291558772
0.9976236658760369
0.9975716886607068
0.9975255233208528
0.9974852816449064
0.9974510611189183
0.9974229446823067
0.9974010005198960
0.9973852818908346
0.9973758269948823
0.9973726588764474
0.9973757853666484
0.9973851990635657
0.9974008773507399
0.9974227824538634
0.9974508615355040
0.9974850468275869
0.9975252558012608
0.9975713913736628
0.9976233421509921
0.9976809827072053
0.9977441738975404
0.9978127632059888
0.9978865851257370
0.9979654615715127
0.9980492023226866
0.9981376054958991
0.9982304580459077
0.9983275362932770
0.9984286064774751
0.9985334253338695
0.9986417406930661
0.9987532921009962
0.9988678114580898
0.9989850236758560
0.9991046473491392
0.9992263954423166
0.9993499759876554
0.9994750927940532
0.9996014461643585
0.9997287336194736
0.9998566506274336
0.9999848913356616
1.0001131493046151
1.0002411182410420
1.0003684927290928
1.0004949689575542
1.0006202454414910
1.0007440237366185
1.0008660091447603
1.0009859114087791
1.0011034453954180
1.0012183317645207
1.0013302976231506
1.0014390771631745
1.0015444122809261
1.0016460531776219
1.0017437589392457
1.0018372980946815
1.0019264491509254
1.0020110011042693
1.0020907539264041
1.0021655190244532
1.0022351196740060
1.0022993914242786
1.0023581824745986
1.0024113540214667
1.0024587805755123
1.0025003502477254
1.0025359650044021
1.0025655408903154
1.0025890082196769
1.0026063117345267
1.0026174107302450
1.0026222791479471
1.0026209056335833
1.0026132935636369
1.0025994610373641
1.0025794408355972
1.0025532803461870
1.0025210414562229
1.0024828004112436
1.0024386476417027
