1.0000254507366364
1.0000251322307483
1.0000247539754241
1.0000243168793781
1.0000238219917650
1.0000232704996701
1.0000226637252709
1.0000220031226752
1.0000212902744448
1.0000205268878122
1.0000197147905994
1.0000188559268470
1.0000179523521697
1.0000170062288394
1.0000160198206187
1.0000149954873507
1.0000139356793185
1.0000128429313875
1.0000117198569478
1.0000105691416676
1.0000093935370746
1.0000081958539788
1.0000069789557551
1.0000057457514977
1.0000044991890684
1.0000032422480509
1.0000019779326295
1.0000007092644088
0.9999994392751923
0.9999981709997333
0.9999969074684817
0.9999956517003410
0.9999944066954535
0.9999931754280291
0.9999919608392362
0.9999907658301708
0.9999895932549223
0.9999884459137530
0.9999873265464042
0.9999862378255471
0.9999851823503945
0.9999841626404885
0.9999831811296771
0.9999822401602985
0.9999813419775812
0.9999804887242798
0.9999796824355527
0.9999789250340977
0.9999782183255571
0.9999775639942039
0.9999769635989156
0.9999764185694524
0.9999759302030400
0.9999754996612689
0.9999751279673220
0.9999748160035301
0.9999745645092663
0.9999743740791819
0.9999742451617896
0.9999741780583914
0.9999741729223640
0.9999742297587957
0.9999743484244799
0.9999745286282606
0.9999747699317337
0.9999750717503001
0.9999754333545674
0.9999758538721001
0.9999763322895094
0.9999768674548821
0.9999774580805409
0.9999781027461311
0.9999787999020188
0.9999795478730018
0.9999803448623220
0.9999811889559673
0.9999820781272526
0.9999830102416718
0.9999839830620073
0.9999849942536856
0.9999860413903641
0.9999871219597393
0.9999882333695579
0.9999893729538198
0.9999905379791600
0.9999917256513875
0.9999929331221721
0.9999941574958587
0.9999953958363971
0.9999966451743653
0.9999979025140738
0.9999991648407338
1.0000004291276676
1.0000016923435506
1.0000029514596629
1.0000042034571341
1.0000054453341651
1.0000066741132081
1.0000078868480888
1.0000090806310542
1.0000102525997261
1.0000113999439486
1.0000125199125083
1.0000136098197154
1.0000146670518273
1.0000156890732994
1.0000166734328491
1.0000176177693203
1.0000185198173304
1.0000193774126895
1.0000201884975768
1.0000209511254612
1.0000216634657564
1.0000223238082002
1.0000229305669450
1.0000234822843526
1.0000239776344808
1.0000244154262565
1.0000247946063265
1.0000251142615766
1.0000253736213180
1.0000255720591333
1.0000257090943763
1.0000257843933236
1.0000257977699780
1.0000257491865152
1.0000256387533766
1.0000254667290094
1.0000252335192530
1.0000249396763721
1.0000245858977406
1.0000241730241783
1.0000237020379441
1.0000231740603929
1.0000225903492985
1.0000219522958513
1.0000212614213355
1.0000205193734977
1.0000197279226128
1.0000188889572541
1.0000180044797815
1.0000170766015606
1.0000161075379193
1.0000150996028547
1.0000140552035064
1.0000129768344042
1.0000118670715072
1.0000107285660498
1.0000095640382061
1.0000083762705914
1.0000071681016118
1.0000059424186791
1.0000047021513103
1.0000034502641277
1.0000021897497733
1.0000009236217555
0.9999996549072460
0.9999983866398415
0.9999971218523133
0.9999958635693551
0.9999946148003529
0.9999933785321916
0.9999921577221125
0.9999909552906423
0.9999897741146101
0.9999886170202665
0.9999874867765265
0.9999863860883477
0.9999853175902611
0.9999842838400702
0.9999832873127312
0.9999823303944348
0.9999814153768974
0.9999805444518802
0.9999797197059455
0.9999789431154631
0.9999782165418826
0.9999775417272785
0.9999769202901796
0.9999763537216972
0.9999758433819546
0.9999753904968315
0.9999749961550313
0.9999746613054733
0.9999743867550169
0.9999741731665301
0.9999740210573002
0.9999739307977910
0.9999739026107555
0.9999739365706971
0.9999740326036890
0.9999741904875459
0.9999744098523502
0.9999746901813316
0.9999750308121002
0.9999754309382255
0.9999758896111598
0.9999764057425015
0.9999769781065933
0.9999776053434489
0.9999782859619991
0.9999790183436547
0.9999798007461722
0.9999806313078143
0.9999815080517948
0.9999824288910013
0.9999833916329802
0.9999843939851758
0.9999854335604061
0.9999865078825665
0.9999876143925442
0.9999887504543318
0.9999899133613221
0.9999911003427753
0.9999923085704395
0.9999935351653066
0.9999947772044900
0.9999960317282055
0.9999972957468419
0.9999985662481023
0.9999998402042001
1.0000011145790892
1.0000023863357181
1.0000036524432832
1.0000049098844688
1.0000061556626536
1.0000073868090686
1.0000086003898867
1.0000097935132308
1.0000109633360759
1.0000121070710404
1.0000132219930442
1.0000143054458135
1.0000153548482256
1.0000163677004714
1.0000173415900242
1.0000182741974000
1.0000191633016937
1.0000200067858833
1.0000208026418835
1.0000215489753383
1.0000222440101434
1.0000228860926843
1.0000234736957849
1.0000240054223504
1.0000244800086997
1.0000248963275822
1.0000252533908669
1.0000255503518989
1.0000257865075184
1.0000259612997360
1.0000260743170617
1.0000261252954861
1.0000261141191065
1.0000260408204014
1.0000259055801477
1.0000257087269873
1.0000254507366364
1.0000251322307483
1.0000247539754241
1.0000243168793781
