1.0553060384601118
1.0546489539116355
1.0538688997733410
1.0529672978382159
1.0519457977144200
1.0508062766400499
1.0495508392225317
1.0481818170829493
1.0467017683831066
1.0451134772105699
1.0434199527943935
1.0416244285216294
1.0397303607221851
1.0377414271870258
1.0356615253822199
1.0334947703188897
1.0312454920367817
1.0289182326569801
1.0265177429572558
1.0240489784217464
1.0215170947151460
1.0189274425304062
1.0162855617581705
1.0135971749258883
1.0108681798547972
1.0081046414838590
1.0053127828113502
1.0024989749071980
0.9996697259524587
0.9968316692665679
0.9939915502882880
0.9911562124826565
0.9883325821537752
0.9855276521520168
0.9827484644741522
0.9800020917660537
0.9772956177499280
0.9746361166114615
0.9720306313966637
0.9694861514834864
0.9670095892092724
0.9646077557515290
0.9622873363761901
0.9600548651840898
0.9579166995025538
0.9558789940843931
0.9539476752908266
0.9521284154475455
0.9504266075738892
0.9488473406935151
0.9473953759407007
0.9460751236791493
0.9448906218496472
0.9438455157589321
0.9429430395145384
0.9421859992991943
0.9415767586635612
0.9411172259979489
0.9408088443223177
0.9406525835097771
0.9406489350323274
0.9407979092893011
0.9410990355493881
0.9415513645069308
0.9421534734229386
0.9429034737916763
0.9437990214452979
0.9448373289824710
0.9460151803826914
0.9473289476465552
0.9487746092839294
0.9503477704570401
0.9520436845741325
0.9538572761216052
0.9557831645183815
0.9578156887755866
0.9599489327472106
0.9621767507630509
0.9644927934435428
0.9668905335067302
0.9693632913902489
0.9719042605253709
0.9745065321154989
0.9771631192876460
0.9798669805019911
0.9826110421212729
0.9853882200582413
0.9881914404353835
0.9910136592064688
0.9938478807039106
0.9966871750894105
0.9995246946977034
1.0023536892744285
1.0051675201191239
1.0079596731531519
1.0107237709399266
1.0134535836912648
1.0161430392990123
1.0187862324353840
1.0213774327687946
1.0239110923443910
1.0263818521801489
1.0287845481303073
1.0311142160682079
1.0333660964403373
1.0355356382426062
1.0376185024687532
1.0396105650792486
1.0415079195372887
1.0433068789564519
1.0450039779023998
1.0465959738886645
1.0480798486041323
1.0494528089073298
1.0507122876200741
1.0518559441504778
1.0528816649727244
1.0537875639884688
1.0545719827921769
1.0552334908601926
1.0557708856808381
1.0561831928403957
1.0564696660773825
1.0566297873151520
1.0566632666804558
1.0565700425132740
1.0563502813708616
1.0560043780266448
1.0555329554622606
1.0549368648487045
1.0542171855102056
1.0533752248620867
1.0524125183114803
1.0513308291073604
1.0501321481239119
1.0488186935587760
1.0473929105252164
1.0458574705147121
1.0442152707039249
1.0424694330774245
1.0406233033349710
1.0386804495495958
1.0366446605401884
1.0345199439198185
1.0323105237786214
1.0300208379578046
1.0276555348692034
1.0252194698128985
1.0227177007437405
1.0201554834362643
1.0175382659964975
1.0148716826686253
1.0121615468844420
1.0094138435040909
1.0066347201978325
1.0038304779205915
1.0010075604338573
0.9981725428332954
0.9953321190451826
0.9924930882606217
0.9896623402834542
0.9868468397759406
0.9840536093956159
0.9812897118272995
0.9785622307259829
0.9758782505992106
0.9732448356715295
0.9706690077884683
0.9681577234331984
0.9657178499452791
0.9633561410475078
0.9610792118035761
0.9588935131456606
0.9568053061269229
0.9548206360687683
0.9529453067862322
0.9511848550866445
0.9495445257463445
0.9480292471773504
0.9466436080001436
0.9453918347398511
0.9442777708608472
0.9433048573489792
0.9424761150411910
0.9417941288892767
0.9412610343279492
0.9408785058975871
0.9406477482491982
0.9405694896337513
0.9406439779505318
0.9408709794001178
0.9412497797575697
0.9417791882510761
0.9424575440012846
0.9432827249474464
0.9442521591589574
0.9453628384054249
0.9466113338354917
0.9479938135947414
0.9495060621963605
0.9511435014450994
0.9529012127055382
0.9547739602997469
0.9567562158170815
0.9588421831198692
0.9610258238329342
0.9633008831119481
0.9656609154951661
0.9680993106548258
0.9706093188779643
0.9731840761212558
0.9758166285002873
0.9784999560901189
0.9812269959306467
0.9839906641469011
0.9867838771106915
0.9895995715857122
0.9924307238131355
0.9952703675086967
0.9981116107552124
1.0009476517862423
1.0037717936672057
1.0065774578896478
1.0093581969025245
1.0121077056113679
1.0148198318820776
1.0174885860908651
1.0201081497656765
1.0226728833672809
1.0251773332602396
1.0276162379252292
1.0299845334647799
1.0322773584544809
1.0344900581911660
1.0366181883886267
1.0386575183700586
1.0406040338047760
1.0424539390348251
1.0442036590350019
1.0458498410475157
1.0473893559301355
1.0488192992541920
1.0501369921862644
1.0513399821848335
1.0524260435405906
1.0533931777865346
1.0542396140014263
1.0549638090276410
1.0555644476219537
1.0560404425553134
1.0563909346752287
1.0566152929419745
1.0567131144474373
1.0566842244230674
1.0565286762410493
1.0562467514104812
1.0558389595680182
1.0553060384601118
1.0546489539116355
1.0538688997733410
1.0529672978382159
