1.0000000000047018
1.0000000000047387
1.0000000000047651
1.0000000000047808
1.0000000000047864
1.0000000000047822
1.0000000000047677
1.0000000000047433
1.0000000000047107
1.0000000000046707
1.0000000000046225
1.0000000000045672
1.0000000000045042
1.0000000000044333
1.0000000000043556
1.0000000000042719
1.0000000000041829
1.0000000000040896
1.0000000000039917
1.0000000000038898
1.0000000000037843
1.0000000000036748
1.0000000000035616
1.0000000000034459
1.0000000000033282
1.0000000000032101
1.0000000000030922
1.0000000000029747
1.0000000000028584
1.0000000000027434
1.0000000000026297
1.0000000000025169
1.0000000000024043
1.0000000000022933
1.0000000000021836
1.0000000000020763
1.0000000000019735
1.0000000000018749
1.0000000000017792
1.0000000000016858
1.0000000000015947
1.0000000000015064
1.0000000000014220
1.0000000000013423
1.0000000000012683
1.0000000000012002
1.0000000000011378
1.0000000000010798
1.0000000000010252
1.0000000000009739
1.0000000000009255
1.0000000000008795
1.0000000000008358
1.0000000000007940
1.0000000000007550
1.0000000000007188
1.0000000000006859
1.0000000000006564
1.0000000000006297
1.0000000000006048
1.0000000000005820
1.0000000000005622
1.0000000000005458
1.0000000000005311
1.0000000000005180
1.0000000000005060
1.0000000000004956
1.0000000000004865
1.0000000000004783
1.0000000000004712
1.0000000000004658
1.0000000000004636
1.0000000000004654
1.0000000000004714
1.0000000000004814
1.0000000000004945
1.0000000000005103
1.0000000000005282
1.0000000000005467
1.0000000000005651
1.0000000000005831
1.0000000000006002
1.0000000000006180
1.0000000000006359
1.0000000000006544
1.0000000000006730
1.0000000000006910
1.0000000000007079
1.0000000000007243
1.0000000000007396
1.0000000000007530
1.0000000000007632
1.0000000000007705
1.0000000000007754
1.0000000000007787
1.0000000000007798
1.0000000000007789
1.0000000000007760
1.0000000000007707
1.0000000000007627
1.0000000000007527
1.0000000000007410
1.0000000000007274
1.0000000000007112
1.0000000000006914
1.0000000000006692
1.0000000000006450
1.0000000000006195
1.0000000000005937
1.0000000000005689
1.0000000000005453
1.0000000000005225
1.0000000000004996
1.0000000000004770
1.0000000000004545
1.0000000000004317
1.0000000000004088
1.0000000000003855
1.0000000000003626
1.0000000000003404
1.0000000000003200
1.0000000000003020
1.0000000000002853
1.0000000000002702
1.0000000000002560
1.0000000000002431
1.0000000000002320
1.0000000000002223
1.0000000000002134
1.0000000000002052
1.0000000000001970
1.0000000000001881
1.0000000000001779
1.0000000000001661
1.0000000000001537
1.0000000000001410
1.0000000000001286
1.0000000000001166
1.0000000000001046
1.0000000000000926
1.0000000000000819
1.0000000000000728
1.0000000000000664
1.0000000000000628
1.0000000000000617
1.0000000000000633
1.0000000000000675
1.0000000000000735
1.0000000000000799
1.0000000000000862
1.0000000000000924
1.0000000000000977
1.0000000000001010
1.0000000000001033
1.0000000000001039
1.0000000000001037
1.0000000000001041
1.0000000000001059
1.0000000000001099
1.0000000000001152
1.0000000000001210
1.0000000000001255
1.0000000000001272
1.0000000000001270
1.0000000000001243
1.0000000000001181
1.0000000000001084
1.0000000000000953
1.0000000000000786
1.0000000000000595
1.0000000000000393
1.0000000000000182
0.9999999999999971
0.9999999999999756
0.9999999999999527
0.9999999999999286
0.9999999999999034
0.9999999999998759
0.9999999999998463
0.9999999999998149
0.9999999999997824
0.9999999999997499
0.9999999999997182
0.9999999999996879
0.9999999999996592
0.9999999999996325
0.9999999999996082
0.9999999999995860
0.9999999999995658
0.9999999999995476
0.9999999999995310
0.9999999999995159
0.9999999999995030
0.9999999999994919
0.9999999999994823
0.9999999999994740
0.9999999999994668
0.9999999999994621
0.9999999999994615
0.9999999999994655
0.9999999999994749
0.9999999999994909
0.9999999999995137
0.9999999999995430
0.9999999999995778
0.9999999999996169
0.9999999999996598
0.9999999999997056
0.9999999999997544
0.9999999999998066
0.9999999999998626
0.9999999999999218
0.9999999999999847
1.0000000000000508
1.0000000000001206
1.0000000000001932
1.0000000000002693
1.0000000000003502
1.0000000000004372
1.0000000000005307
1.0000000000006299
1.0000000000007345
1.0000000000008431
1.0000000000009541
1.0000000000010671
1.0000000000011817
1.0000000000012981
1.0000000000014155
1.0000000000015334
1.0000000000016518
1.0000000000017710
1.0000000000018914
1.0000000000020128
1.0000000000021356
1.0000000000022597
1.0000000000023850
1.0000000000025120
1.0000000000026412
1.0000000000027720
1.0000000000029035
1.0000000000030349
1.0000000000031648
1.0000000000032929
1.0000000000034190
1.0000000000035432
1.0000000000036651
1.0000000000037836
1.0000000000038978
1.0000000000040072
1.0000000000041112
1.0000000000042084
1.0000000000042992
1.0000000000043834
1.0000000000044609
1.0000000000045322
1.0000000000045974
1.0000000000046547
1.0000000000047018
1.0000000000047387
1.0000000000047651
1.0000000000047808
