1.0000000000155205
1.0000000000155551
1.0000000000155720
1.0000000000155722
1.0000000000155567
1.0000000000155245
1.0000000000154747
1.0000000000154075
1.0000000000153235
1.0000000000152236
1.0000000000151075
1.0000000000149760
1.0000000000148292
1.0000000000146663
1.0000000000144862
1.0000000000142888
1.0000000000140736
1.0000000000138405
1.0000000000135894
1.0000000000133205
1.0000000000130334
1.0000000000127292
1.0000000000124090
1.0000000000120750
1.0000000000117288
1.0000000000113700
1.0000000000109999
1.0000000000106184
1.0000000000102256
1.0000000000098233
1.0000000000094122
1.0000000000089944
1.0000000000085716
1.0000000000081448
1.0000000000077141
1.0000000000072802
1.0000000000068441
1.0000000000064060
1.0000000000059670
1.0000000000055287
1.0000000000050928
1.0000000000046596
1.0000000000042295
1.0000000000038027
1.0000000000033804
1.0000000000029630
1.0000000000025520
1.0000000000021496
1.0000000000017575
1.0000000000013753
1.0000000000010036
1.0000000000006437
1.0000000000002960
0.9999999999999625
0.9999999999996441
0.9999999999993414
0.9999999999990549
0.9999999999987863
0.9999999999985368
0.9999999999983069
0.9999999999980964
0.9999999999979049
0.9999999999977321
0.9999999999975785
0.9999999999974440
0.9999999999973290
0.9999999999972341
0.9999999999971593
0.9999999999971055
0.9999999999970733
0.9999999999970620
0.9999999999970710
0.9999999999971000
0.9999999999971475
0.9999999999972129
0.9999999999972948
0.9999999999973934
0.9999999999975087
0.9999999999976397
0.9999999999977862
0.9999999999979481
0.9999999999981233
0.9999999999983111
0.9999999999985109
0.9999999999987214
0.9999999999989416
0.9999999999991702
0.9999999999994059
0.9999999999996474
0.9999999999998931
1.0000000000001414
1.0000000000003904
1.0000000000006397
1.0000000000008888
1.0000000000011366
1.0000000000013816
1.0000000000016223
1.0000000000018574
1.0000000000020863
1.0000000000023079
1.0000000000025233
1.0000000000027329
1.0000000000029370
1.0000000000031350
1.0000000000033267
1.0000000000035110
1.0000000000036866
1.0000000000038516
1.0000000000040050
1.0000000000041467
1.0000000000042757
1.0000000000043923
1.0000000000044962
1.0000000000045866
1.0000000000046625
1.0000000000047222
1.0000000000047655
1.0000000000047917
1.0000000000048004
1.0000000000047917
1.0000000000047657
1.0000000000047231
1.0000000000046632
1.0000000000045866
1.0000000000044944
1.0000000000043872
1.0000000000042646
1.0000000000041263
1.0000000000039724
1.0000000000038018
1.0000000000036138
1.0000000000034075
1.0000000000031839
1.0000000000029443
1.0000000000026892
1.0000000000024194
1.0000000000021358
1.0000000000018401
1.0000000000015314
1.0000000000012110
1.0000000000008791
1.0000000000005362
1.0000000000001832
0.9999999999998209
0.9999999999994509
0.9999999999990750
0.9999999999986953
0.9999999999983117
0.9999999999979245
0.9999999999975347
0.9999999999971416
0.9999999999967453
0.9999999999963467
0.9999999999959474
0.9999999999955488
0.9999999999951509
0.9999999999947539
0.9999999999943598
0.9999999999939705
0.9999999999935875
0.9999999999932117
0.9999999999928443
0.9999999999924863
0.9999999999921388
0.9999999999918029
0.9999999999914799
0.9999999999911713
0.9999999999908777
0.9999999999905992
0.9999999999903370
0.9999999999900911
0.9999999999898641
0.9999999999896569
0.9999999999894714
0.9999999999893071
0.9999999999891636
0.9999999999890402
0.9999999999889362
0.9999999999888515
0.9999999999887871
0.9999999999887436
0.9999999999887209
0.9999999999887198
0.9999999999887413
0.9999999999887854
0.9999999999888532
0.9999999999889452
0.9999999999890608
0.9999999999892001
0.9999999999893625
0.9999999999895473
0.9999999999897544
0.9999999999899833
0.9999999999902336
0.9999999999905052
0.9999999999907978
0.9999999999911117
0.9999999999914467
0.9999999999918024
0.9999999999921779
0.9999999999925713
0.9999999999929813
0.9999999999934077
0.9999999999938491
0.9999999999943043
0.9999999999947731
0.9999999999952547
0.9999999999957481
0.9999999999962522
0.9999999999967653
0.9999999999972862
0.9999999999978141
0.9999999999983484
0.9999999999988886
0.9999999999994332
0.9999999999999820
1.0000000000005342
1.0000000000010896
1.0000000000016471
1.0000000000022049
1.0000000000027611
1.0000000000033145
1.0000000000038631
1.0000000000044074
1.0000000000049474
1.0000000000054827
1.0000000000060123
1.0000000000065350
1.0000000000070486
1.0000000000075520
1.0000000000080440
1.0000000000085238
1.0000000000089917
1.0000000000094469
1.0000000000098896
1.0000000000103186
1.0000000000107325
1.0000000000111304
1.0000000000115123
1.0000000000118778
1.0000000000122269
1.0000000000125600
1.0000000000128755
1.0000000000131741
1.0000000000134559
1.0000000000137199
1.0000000000139653
1.0000000000141926
1.0000000000144020
1.0000000000145948
1.0000000000147715
1.0000000000149316
1.0000000000150739
1.0000000000151985
1.0000000000153058
1.0000000000153952
1.0000000000154667
1.0000000000155205
1.0000000000155551
1.0000000000155720
1.0000000000155722
