1.0278601334222979
1.0275182215913674
1.0271125206431437
1.0266438799080648
1.0261132823859538
1.0255218435589544
1.0248708100244981
1.0241615579423415
1.0233955912891337
1.0225745399134598
1.0217001573838347
1.0207743186217353
1.0197990173114462
1.0187763630782583
1.0177085784264255
1.0165979954282511
1.0154470521557506
1.0142582888465381
1.0130343437959168
1.0117779489676069
1.0104919253161693
1.0091791778149422
1.0078426901842379
1.0064855193156435
1.0051107893895352
1.0037216856843636
1.0023214480778724
1.0009133642422334
0.9995007625370239
0.9980870046061254
0.9966754776869118
0.9952695866425442
0.9938727457307648
0.9924883701252780
0.9911198672085948
0.9897706276580720
0.9884440163497699
0.9871433631076622
0.9858719533286033
0.9846330185162786
0.9834297267600598
0.9822651731972509
0.9811423704995726
0.9800642394268753
0.9790335994929026
0.9780531597894804
0.9771255100166586
0.9762531117671076
0.9754382901134052
0.9746832255467283
0.9739899463148579
0.9733603212062926
0.9727960528256597
0.9722986714034997
0.9718695291808818
0.9715097954062114
0.9712204519780512
0.9710022897638093
0.9708559056198066
0.9707817001335671
0.9707798761042372
0.9708504377719017
0.9709931908012713
0.9712077430198582
0.9714935059054024
0.9718496968120137
0.9722753419193524
0.9727692798842108
0.9733301661691875
0.9739564780187855
0.9746465200492834
0.9753984304151594
0.9762101875117394
0.9770796171711024
0.9780044003061337
0.9789820809559882
0.9800100746851010
0.9810856772872381
0.9822060737459546
0.9833683474031302
0.9845694892880058
0.9858064075602998
0.9870759370224895
0.9883748486581907
0.9896998591556821
0.9910476403779815
0.9924148287434251
0.9937980344834130
0.9951938507467839
0.9965988625231547
0.9980096553604716
0.9994228238549120
1.0008349798941345
1.0022427606376672
1.0036428362209233
1.0050319171719162
1.0064067615321914
1.0077641816758109
1.0091010508223512
1.0104143092418658
1.0117009701515600
1.0129581253055548
1.0141829502805682
1.0153727094616176
1.0165247607329491
1.0176365598803294
1.0187056647116202
1.0197297389031625
1.0207065555799788
1.0216340006381306
1.0225100758177739
1.0233329015355350
1.0241007194848046
1.0248118950124119
1.0254649192799137
1.0260584112174258
1.0265911192775286
1.0270619229963258
1.0274698343682116
1.0278139990403301
1.0280936973320838
1.0283083450843966
1.0284574943427307
1.0285408338771376
1.0285581895418723
1.0285095244763374
1.0283949391483473
1.0282146712399229
1.0279690953750342
1.0276587226879395
1.0272842002299929
1.0268463102120335
1.0263459690787293
1.0257842264105443
1.0251622636483118
1.0244813926347531
1.0237430539666770
1.0229488151510517
1.0221003685576364
1.0211995291604521
1.0202482320599930
1.0192485297778247
1.0182025893150204
1.0171126889658060
1.0159812148777996
1.0148106573503779
1.0136036068629568
1.0123627498253716
1.0110908640430816
1.0097908138906149
1.0084655451875169
1.0071180797720758
1.0057515097692840
1.0043689915508507
1.0029737393866096
1.0015690187883819
1.0001581395492343
0.9987444484831304
0.9973313218721984
0.9959221576312064
0.9945203672013527
0.9931293671881247
0.9917525707607253
0.9903933788333911
0.9890551710518075
0.9877412966107394
0.9864550649318891
0.9851997362338454
0.9839785120287544
0.9827945255829736
0.9816508323814533
0.9805504006378363
0.9794961018942651
0.9784907017565806
0.9775368508119509
0.9766370757769384
0.9757937709245741
0.9750091898391007
0.9742854375466904
0.9736244630695812
0.9730280524497115
0.9724978222860664
0.9720352138275753
0.9716414876605350
0.9713177190262060
0.9710647938004613
0.9708834051632066
0.9707740509807646
0.9707370319196076
0.9707724503047629
0.9708802097309926
0.9710600154295062
0.9713113753875933
0.9716336022132345
0.9720258157315019
0.9724869462945105
0.9730157387818552
0.9736107572639420
0.9742703902964415
0.9749928568103210
0.9757762125585674
0.9766183570778307
0.9775170411208418
0.9784698745135705
0.9794743343897039
0.9805277737541730
0.9816274303270510
0.9827704356192573
0.9839538241920349
0.9851745430531333
0.9864294611439685
0.9877153788737177
0.9890290376582973
0.9903671294244264
0.9917263060414310
0.9931031886460864
0.9944943768285527
0.9958964576503132
0.9973060144679228
0.9987196355392757
1.0001339223919850
1.0015454979363014
1.0029510143077460
1.0043471604272758
1.0057306692693195
1.0070983248303971
1.0084469687932722
1.0097735068836413
1.0110749149182479
1.0123482445450347
1.0135906286774794
1.0147992866266251
1.0159715289354976
1.0171047619216216
1.0181964919342106
1.0192443293332809
1.0202459921984959
1.0211993097759475
1.0221022256713403
1.0229528007981938
1.0237492160896953
1.0244897749827595
1.0251729056826622
1.0257971632163516
1.0263612312821848
1.0268639239034096
1.0273041868922232
1.0276810991306939
1.0279938736742251
1.0282418586826076
1.0284245381830186
1.0285415326686154
1.0285925995356406
1.0285776333611909
1.0284966660230321
1.0283498666620721
1.0281375414873108
1.0278601334222979
1.0275182215913674
1.0271125206431437
1.0266438799080648
