1.0000069958073257
1.0000069089493153
1.0000068057109313
1.0000066863408710
1.0000065511263094
1.0000064003922127
1.0000062345005603
1.0000060538494782
1.0000058588722882
1.0000056500364689
1.0000054278425374
1.0000051928228539
1.0000049455403466
1.0000046865871677
1.0000044165832760
1.0000041361749545
1.0000038460332670
1.0000035468524529
1.0000032393482667
1.0000029242562674
1.0000026023300574
1.0000022743394830
1.0000019410687950
1.0000016033147734
1.0000012618848244
1.0000009175950477
1.0000005712682878
1.0000002237321648
0.9999998758170989
0.9999995283543223
0.9999991821738938
0.9999988381027179
0.9999984969625652
0.9999981595681084
0.9999978267249762
0.9999974992278294
0.9999971778584610
0.9999968633839260
0.9999965565547115
0.9999962581029418
0.9999959687406296
0.9999956891579749
0.9999954200217142
0.9999951619735293
0.9999949156285123
0.9999946815736978
0.9999944603666602
0.9999942525341831
0.9999940585709997
0.9999938789386122
0.9999937140641902
0.9999935643395493
0.9999934301202152
0.9999933117245761
0.9999932094331252
0.9999931234877893
0.9999930540913523
0.9999930014069717
0.9999929655577908
0.9999929466266463
0.9999929446558714
0.9999929596471976
0.9999929915617497
0.9999930403201419
0.9999931058026709
0.9999931878496008
0.9999932862615496
0.9999934007999663
0.9999935311877048
0.9999936771096871
0.9999938382136594
0.9999940141110358
0.9999942043778297
0.9999944085556693
0.9999946261528961
0.9999948566457415
0.9999950994795801
0.9999953540702597
0.9999956198055003
0.9999958960463562
0.9999961821287486
0.9999964773650574
0.9999967810457633
0.9999970924411484
0.9999974108030433
0.9999977353666164
0.9999980653522058
0.9999983999671860
0.9999987384078620
0.9999990798613938
0.9999994235077418
0.9999997685216306
1.0000001140745234
1.0000004593366043
1.0000008034787662
1.0000011456745943
1.0000014851023440
1.0000018209469030
1.0000021524017457
1.0000024786708634
1.0000027989706695
1.0000031125318720
1.0000034186013178
1.0000037164437920
1.0000040053437800
1.0000042846071795
1.0000045535629596
1.0000048115647699
1.0000050579924848
1.0000052922536875
1.0000055137850894
1.0000057220538781
1.0000059165589947
1.0000060968323314
1.0000062624398531
1.0000064129826347
1.0000065480978173
1.0000066674594779
1.0000067707794089
1.0000068578078096
1.0000069283338853
1.0000069821863535
1.0000070192338539
1.0000070393852640
1.0000070425899179
1.0000070288377287
1.0000069981592150
1.0000069506254294
1.0000068863477887
1.0000068054778104
1.0000067082067514
1.0000065947651531
1.0000064654222895
1.0000063204855252
1.0000061602995833
1.0000059852457213
1.0000057957408210
1.0000055922363933
1.0000053752174991
1.0000051452015917
1.0000049027372806
1.0000046484030205
1.0000043828057310
1.0000041065793450
1.0000038203832946
1.0000035249009354
1.0000032208379128
1.0000029089204772
1.0000025898937479
1.0000022645199318
1.0000019335765014
1.0000015978543375
1.0000012581558397
1.0000009152930067
1.0000005700854955
1.0000002233586625
0.9999998759415920
0.9999995286651119
0.9999991823598093
0.9999988378540431
0.9999984959719648
0.9999981575315473
0.9999978233426309
0.9999974942049858
0.9999971709063993
0.9999968542207919
0.9999965449063669
0.9999962437037965
0.9999959513344521
0.9999956684986774
0.9999953958741151
0.9999951341140834
0.9999948838460151
0.9999946456699548
0.9999944201571254
0.9999942078485610
0.9999940092538120
0.9999938248497262
0.9999936550793075
0.9999935003506546
0.9999933610359860
0.9999932374707454
0.9999931299528018
0.9999930387417341
0.9999929640582103
0.9999929060834574
0.9999928649588261
0.9999928407854511
0.9999928336240085
0.9999928434945680
0.9999928703765448
0.9999929142087451
0.9999929748895110
0.9999930522769632
0.9999931461893384
0.9999932564054199
0.9999933826650643
0.9999935246698222
0.9999936820836498
0.9999938545337119
0.9999940416112694
0.9999942428726547
0.9999944578403311
0.9999946860040313
0.9999949268219753
0.9999951797221632
0.9999954441037393
0.9999957193384273
0.9999960047720315
0.9999962997259971
0.9999966034990304
0.9999969153687716
0.9999972345935199
0.9999975604140079
0.9999978920552117
0.9999982287282000
0.9999985696320181
0.9999989139556025
0.9999992608797150
0.9999996095789003
0.9999999592234553
1.0000003089814118
1.0000006580205218
1.0000010055102453
1.0000013506237335
1.0000016925398025
1.0000020304448940
1.0000023635350188
1.0000026910176745
1.0000030121137402
1.0000033260593331
1.0000036321076340
1.0000039295306697
1.0000042176210526
1.0000044956936687
1.0000047630873115
1.0000050191662608
1.0000052633218017
1.0000054949736750
1.0000057135714624
1.0000059185959027
1.0000061095601287
1.0000062860108307
1.0000064475293369
1.0000065937326124
1.0000067242741730
1.0000068388449115
1.0000069371738343
1.0000070190287076
1.0000070842166104
1.0000071325843949
1.0000071640190500
1.0000071784479709
1.0000071758391311
1.0000071562011557
1.0000071195833018
1.0000070660753375
1.0000069958073257
1.0000069089493153
1.0000068057109313
1.0000066863408710
