1.0000000911209801
1.0000000900681980
1.0000000888070109
1.0000000873405319
1.0000000856723608
1.0000000838065757
1.0000000817477219
1.0000000795008011
1.0000000770712598
1.0000000744649777
1.0000000716882522
1.0000000687477826
1.0000000656506567
1.0000000624043321
1.0000000590166183
1.0000000554956578
1.0000000518499077
1.0000000480881184
1.0000000442193131
1.0000000402527671
1.0000000361979826
1.0000000320646694
1.0000000278627197
1.0000000236021840
1.0000000192932479
1.0000000149462074
1.0000000105714475
1.0000000061794139
1.0000000017805897
0.9999999973854680
0.9999999930045296
0.9999999886482163
0.9999999843269052
0.9999999800508855
0.9999999758303333
0.9999999716752874
0.9999999675956261
0.9999999636010430
0.9999999597010234
0.9999999559048210
0.9999999522214370
0.9999999486595996
0.9999999452277416
0.9999999419339801
0.9999999387860986
0.9999999357915293
0.9999999329573339
0.9999999302901855
0.9999999277963525
0.9999999254816851
0.9999999233516008
0.9999999214110729
0.9999999196646171
0.9999999181162830
0.9999999167696435
0.9999999156277852
0.9999999146933023
0.9999999139682891
0.9999999134543360
0.9999999131525258
0.9999999130634316
0.9999999131871137
0.9999999135231203
0.9999999140704897
0.9999999148277525
0.9999999157929353
0.9999999169635642
0.9999999183366713
0.9999999199088034
0.9999999216760282
0.9999999236339470
0.9999999257777020
0.9999999281019905
0.9999999306010751
0.9999999332687995
0.9999999360986006
0.9999999390835275
0.9999999422162562
0.9999999454891088
0.9999999488940715
0.9999999524228148
0.9999999560667118
0.9999999598168589
0.9999999636640966
0.9999999675990324
0.9999999716120657
0.9999999756934076
0.9999999798331058
0.9999999840210694
0.9999999882470925
0.9999999925008786
0.9999999967720632
1.0000000010502410
1.0000000053249893
1.0000000095858934
1.0000000138225735
1.0000000180247108
1.0000000221820691
1.0000000262845199
1.0000000303220671
1.0000000342848698
1.0000000381632683
1.0000000419478057
1.0000000456292508
1.0000000491986207
1.0000000526472037
1.0000000559665778
1.0000000591486311
1.0000000621855827
1.0000000650700016
1.0000000677948235
1.0000000703533676
1.0000000727393519
1.0000000749469093
1.0000000769706028
1.0000000788054362
1.0000000804468676
1.0000000818908219
1.0000000831337004
1.0000000841723882
1.0000000850042616
1.0000000856271947
1.0000000860395637
1.0000000862402527
1.0000000862286540
1.0000000860046723
1.0000000855687221
1.0000000849217274
1.0000000840651211
1.0000000830008424
1.0000000817313304
1.0000000802595195
1.0000000785888308
1.0000000767231656
1.0000000746668962
1.0000000724248552
1.0000000700023244
1.0000000674050196
1.0000000646390781
1.0000000617110454
1.0000000586278581
1.0000000553968282
1.0000000520256271
1.0000000485222653
1.0000000448950737
1.0000000411526844
1.0000000373040119
1.0000000333582271
1.0000000293247380
1.0000000252131676
1.0000000210333291
1.0000000167952041
1.0000000125089188
1.0000000081847191
1.0000000038329462
0.9999999994640130
0.9999999950883779
0.9999999907165193
0.9999999863589109
0.9999999820259962
0.9999999777281658
0.9999999734757327
0.9999999692789043
0.9999999651477597
0.9999999610922261
0.9999999571220544
0.9999999532467970
0.9999999494757831
0.9999999458180960
0.9999999422825531
0.9999999388776841
0.9999999356117127
0.9999999324925340
0.9999999295276960
0.9999999267243819
0.9999999240893929
0.9999999216291310
0.9999999193495855
0.9999999172563178
0.9999999153544471
0.9999999136486403
0.9999999121430986
0.9999999108415487
0.9999999097472329
0.9999999088629018
0.9999999081908069
0.9999999077326946
0.9999999074898041
0.9999999074628634
0.9999999076520890
0.9999999080571838
0.9999999086773376
0.9999999095112274
0.9999999105570221
0.9999999118123869
0.9999999132744885
0.9999999149400020
0.9999999168051175
0.9999999188655508
0.9999999211165533
0.9999999235529227
0.9999999261690151
0.9999999289587599
0.9999999319156726
0.9999999350328714
0.9999999383030920
0.9999999417187058
0.9999999452717374
0.9999999489538853
0.9999999527565404
0.9999999566708068
0.9999999606875211
0.9999999647972756
0.9999999689904399
0.9999999732571858
0.9999999775875099
0.9999999819712563
0.9999999863981429
0.9999999908577851
0.9999999953397187
0.9999999998334255
1.0000000043283581
1.0000000088139662
1.0000000132797227
1.0000000177151465
1.0000000221098280
1.0000000264534532
1.0000000307358281
1.0000000349469051
1.0000000390768056
1.0000000431158436
1.0000000470545480
1.0000000508836873
1.0000000545942911
1.0000000581776698
1.0000000616254368
1.0000000649295275
1.0000000680822190
1.0000000710761467
1.0000000739043233
1.0000000765601558
1.0000000790374595
1.0000000813304735
1.0000000834338751
1.0000000853427906
1.0000000870528092
1.0000000885599938
1.0000000898608892
1.0000000909525308
1.0000000918324496
1.0000000924986798
1.0000000929497623
1.0000000931847493
1.0000000932032052
1.0000000930052084
1.0000000925913510
1.0000000919627374
1.0000000911209801
1.0000000900681980
1.0000000888070109
1.0000000873405319
