1.0000000071488440
1.0000000070760764
1.0000000069875827
1.0000000068835924
1.0000000067643695
1.0000000066302155
1.0000000064814660
1.0000000063184913
1.0000000061416938
1.0000000059515091
1.0000000057484022
1.0000000055328695
1.0000000053054350
1.0000000050666513
1.0000000048170974
1.0000000045573767
1.0000000042881179
1.0000000040099701
1.0000000037236036
1.0000000034297061
1.0000000031289833
1.0000000028221576
1.0000000025099649
1.0000000021931530
1.0000000018724799
1.0000000015487125
1.0000000012226236
1.0000000008949901
1.0000000005665910
1.0000000002382079
0.9999999999106214
0.9999999995846087
0.9999999992609433
0.9999999989403920
0.9999999986237139
0.9999999983116579
0.9999999980049599
0.9999999977043431
0.9999999974105153
0.9999999971241662
0.9999999968459675
0.9999999965765691
0.9999999963165996
0.9999999960666651
0.9999999958273470
0.9999999955992005
0.9999999953827544
0.9999999951785079
0.9999999949869313
0.9999999948084641
0.9999999946435140
0.9999999944924547
0.9999999943556277
0.9999999942333393
0.9999999941258596
0.9999999940334223
0.9999999939562250
0.9999999938944281
0.9999999938481550
0.9999999938174916
0.9999999938024869
0.9999999938031512
0.9999999938194570
0.9999999938513388
0.9999999938986931
0.9999999939613787
0.9999999940392169
0.9999999941319923
0.9999999942394545
0.9999999943613167
0.9999999944972571
0.9999999946469195
0.9999999948099152
0.9999999949858230
0.9999999951741914
0.9999999953745383
0.9999999955863536
0.9999999958090982
0.9999999960422065
0.9999999962850893
0.9999999965371331
0.9999999967977016
0.9999999970661390
0.9999999973417708
0.9999999976239047
0.9999999979118341
0.9999999982048384
0.9999999985021831
0.9999999988031244
0.9999999991069084
0.9999999994127754
0.9999999997199605
1.0000000000276954
1.0000000003352110
1.0000000006417391
1.0000000009465122
1.0000000012487686
1.0000000015477539
1.0000000018427211
1.0000000021329323
1.0000000024176618
1.0000000026961966
1.0000000029678386
1.0000000032319061
1.0000000034877370
1.0000000037346874
1.0000000039721368
1.0000000041994874
1.0000000044161654
1.0000000046216242
1.0000000048153439
1.0000000049968329
1.0000000051656293
1.0000000053213021
1.0000000054634524
1.0000000055917135
1.0000000057057534
1.0000000058052727
1.0000000058900085
1.0000000059597332
1.0000000060142553
1.0000000060534224
1.0000000060771170
1.0000000060852605
1.0000000060778118
1.0000000060547682
1.0000000060161645
1.0000000059620719
1.0000000058926002
1.0000000058078957
1.0000000057081442
1.0000000055935667
1.0000000054644214
1.0000000053210008
1.0000000051636320
1.0000000049926769
1.0000000048085311
1.0000000046116213
1.0000000044024058
1.0000000041813732
1.0000000039490422
1.0000000037059593
1.0000000034526975
1.0000000031898528
1.0000000029180471
1.0000000026379234
1.0000000023501447
1.0000000020553934
1.0000000017543695
1.0000000014477906
1.0000000011363874
1.0000000008209040
1.0000000005020953
1.0000000001807239
0.9999999998575584
0.9999999995333718
0.9999999992089396
0.9999999988850399
0.9999999985624520
0.9999999982419515
0.9999999979243095
0.9999999976102925
0.9999999973006580
0.9999999969961554
0.9999999966975218
0.9999999964054809
0.9999999961207418
0.9999999958439973
0.9999999955759211
0.9999999953171674
0.9999999950683693
0.9999999948301361
0.9999999946030520
0.9999999943876752
0.9999999941845363
0.9999999939941371
0.9999999938169508
0.9999999936534197
0.9999999935039543
0.9999999933689322
0.9999999932486977
0.9999999931435596
0.9999999930537924
0.9999999929796326
0.9999999929212801
0.9999999928788976
0.9999999928526113
0.9999999928425092
0.9999999928486411
0.9999999928710170
0.9999999929096093
0.9999999929643528
0.9999999930351445
0.9999999931218425
0.9999999932242677
0.9999999933422035
0.9999999934753971
0.9999999936235608
0.9999999937863705
0.9999999939634665
0.9999999941544557
0.9999999943589118
0.9999999945763771
0.9999999948063631
0.9999999950483517
0.9999999953017961
0.9999999955661222
0.9999999958407305
0.9999999961249982
0.9999999964182786
0.9999999967199051
0.9999999970291910
0.9999999973454303
0.9999999976678999
0.9999999979958614
0.9999999983285639
0.9999999986652458
0.9999999990051356
0.9999999993474538
0.9999999996914156
1.0000000000362324
1.0000000003811136
1.0000000007252690
1.0000000010679100
1.0000000014082504
1.0000000017455095
1.0000000020789137
1.0000000024076985
1.0000000027311102
1.0000000030484082
1.0000000033588656
1.0000000036617722
1.0000000039564352
1.0000000042421806
1.0000000045183566
1.0000000047843340
1.0000000050395075
1.0000000052832971
1.0000000055151492
1.0000000057345384
1.0000000059409679
1.0000000061339718
1.0000000063131158
1.0000000064780004
1.0000000066282577
1.0000000067635555
1.0000000068835961
1.0000000069881183
1.0000000070768968
1.0000000071497439
1.0000000072065087
1.0000000072470780
1.0000000072713768
1.0000000072793682
1.0000000072710520
1.0000000072464676
1.0000000072056927
1.0000000071488440
1.0000000070760764
1.0000000069875827
1.0000000068835924
