1.0000000000141274
1.0000000000141496
1.0000000000141562
1.0000000000141462
1.0000000000141185
1.0000000000140725
1.0000000000140088
1.0000000000139289
1.0000000000138334
1.0000000000137221
1.0000000000135947
1.0000000000134512
1.0000000000132916
1.0000000000131155
1.0000000000129237
1.0000000000127167
1.0000000000124956
1.0000000000122606
1.0000000000120117
1.0000000000117484
1.0000000000114715
1.0000000000111828
1.0000000000108840
1.0000000000105758
1.0000000000102598
1.0000000000099356
1.0000000000096045
1.0000000000092661
1.0000000000089215
1.0000000000085725
1.0000000000082196
1.0000000000078639
1.0000000000075071
1.0000000000071507
1.0000000000067943
1.0000000000064384
1.0000000000060827
1.0000000000057279
1.0000000000053746
1.0000000000050235
1.0000000000046749
1.0000000000043296
1.0000000000039877
1.0000000000036509
1.0000000000033202
1.0000000000029965
1.0000000000026796
1.0000000000023694
1.0000000000020668
1.0000000000017717
1.0000000000014853
1.0000000000012088
1.0000000000009426
1.0000000000006886
1.0000000000004465
1.0000000000002165
0.9999999999999988
0.9999999999997947
0.9999999999996049
0.9999999999994303
0.9999999999992717
0.9999999999991289
0.9999999999990007
0.9999999999988861
0.9999999999987852
0.9999999999986985
0.9999999999986260
0.9999999999985683
0.9999999999985255
0.9999999999984966
0.9999999999984817
0.9999999999984795
0.9999999999984897
0.9999999999985111
0.9999999999985432
0.9999999999985855
0.9999999999986373
0.9999999999986992
0.9999999999987705
0.9999999999988497
0.9999999999989359
0.9999999999990277
0.9999999999991254
0.9999999999992301
0.9999999999993413
0.9999999999994579
0.9999999999995801
0.9999999999997066
0.9999999999998364
0.9999999999999682
1.0000000000001024
1.0000000000002378
1.0000000000003741
1.0000000000005109
1.0000000000006477
1.0000000000007823
1.0000000000009148
1.0000000000010454
1.0000000000011735
1.0000000000012985
1.0000000000014204
1.0000000000015388
1.0000000000016547
1.0000000000017675
1.0000000000018776
1.0000000000019846
1.0000000000020872
1.0000000000021838
1.0000000000022737
1.0000000000023566
1.0000000000024316
1.0000000000024982
1.0000000000025553
1.0000000000026037
1.0000000000026441
1.0000000000026761
1.0000000000026990
1.0000000000027129
1.0000000000027176
1.0000000000027123
1.0000000000026978
1.0000000000026752
1.0000000000026452
1.0000000000026081
1.0000000000025639
1.0000000000025129
1.0000000000024540
1.0000000000023863
1.0000000000023099
1.0000000000022247
1.0000000000021310
1.0000000000020290
1.0000000000019187
1.0000000000018003
1.0000000000016747
1.0000000000015419
1.0000000000014031
1.0000000000012590
1.0000000000011093
1.0000000000009541
1.0000000000007929
1.0000000000006257
1.0000000000004527
1.0000000000002744
1.0000000000000913
0.9999999999999034
0.9999999999997110
0.9999999999995146
0.9999999999993145
0.9999999999991119
0.9999999999989079
0.9999999999987030
0.9999999999984981
0.9999999999982934
0.9999999999980885
0.9999999999978830
0.9999999999976771
0.9999999999974712
0.9999999999972663
0.9999999999970638
0.9999999999968644
0.9999999999966691
0.9999999999964779
0.9999999999962914
0.9999999999961093
0.9999999999959318
0.9999999999957597
0.9999999999955936
0.9999999999954334
0.9999999999952783
0.9999999999951286
0.9999999999949836
0.9999999999948446
0.9999999999947135
0.9999999999945917
0.9999999999944803
0.9999999999943803
0.9999999999942927
0.9999999999942175
0.9999999999941549
0.9999999999941031
0.9999999999940609
0.9999999999940279
0.9999999999940039
0.9999999999939898
0.9999999999939857
0.9999999999939924
0.9999999999940108
0.9999999999940409
0.9999999999940837
0.9999999999941415
0.9999999999942153
0.9999999999943062
0.9999999999944142
0.9999999999945405
0.9999999999946854
0.9999999999948480
0.9999999999950276
0.9999999999952238
0.9999999999954361
0.9999999999956644
0.9999999999959086
0.9999999999961700
0.9999999999964476
0.9999999999967402
0.9999999999970458
0.9999999999973640
0.9999999999976937
0.9999999999980342
0.9999999999983856
0.9999999999987471
0.9999999999991185
0.9999999999995005
0.9999999999998922
1.0000000000002931
1.0000000000007034
1.0000000000011233
1.0000000000015501
1.0000000000019822
1.0000000000024183
1.0000000000028568
1.0000000000032978
1.0000000000037406
1.0000000000041844
1.0000000000046285
1.0000000000050713
1.0000000000055111
1.0000000000059492
1.0000000000063851
1.0000000000068172
1.0000000000072444
1.0000000000076656
1.0000000000080802
1.0000000000084881
1.0000000000088889
1.0000000000092808
1.0000000000096634
1.0000000000100351
1.0000000000103946
1.0000000000107414
1.0000000000110754
1.0000000000113949
1.0000000000116986
1.0000000000119851
1.0000000000122538
1.0000000000125047
1.0000000000127385
1.0000000000129545
1.0000000000131521
1.0000000000133318
1.0000000000134939
1.0000000000136382
1.0000000000137652
1.0000000000138742
1.0000000000139642
1.0000000000140357
1.0000000000140896
1.0000000000141274
1.0000000000141496
1.0000000000141562
1.0000000000141462
