1.0000000000093163
1.0000000000093436
1.0000000000093514
1.0000000000093403
1.0000000000093112
1.0000000000092646
1.0000000000092018
1.0000000000091247
1.0000000000090337
1.0000000000089289
1.0000000000088107
1.0000000000086804
1.0000000000085381
1.0000000000083844
1.0000000000082203
1.0000000000080482
1.0000000000078701
1.0000000000076865
1.0000000000074971
1.0000000000073024
1.0000000000071028
1.0000000000068991
1.0000000000066920
1.0000000000064824
1.0000000000062701
1.0000000000060560
1.0000000000058404
1.0000000000056237
1.0000000000054059
1.0000000000051879
1.0000000000049698
1.0000000000047524
1.0000000000045368
1.0000000000043230
1.0000000000041112
1.0000000000039018
1.0000000000036942
1.0000000000034881
1.0000000000032834
1.0000000000030809
1.0000000000028808
1.0000000000026834
1.0000000000024889
1.0000000000022977
1.0000000000021103
1.0000000000019276
1.0000000000017506
1.0000000000015790
1.0000000000014122
1.0000000000012517
1.0000000000010989
1.0000000000009543
1.0000000000008173
1.0000000000006886
1.0000000000005678
1.0000000000004554
1.0000000000003519
1.0000000000002585
1.0000000000001745
1.0000000000000993
1.0000000000000320
0.9999999999999719
0.9999999999999191
0.9999999999998729
0.9999999999998332
0.9999999999998007
0.9999999999997757
0.9999999999997583
0.9999999999997481
0.9999999999997448
0.9999999999997480
0.9999999999997570
0.9999999999997715
0.9999999999997911
0.9999999999998156
0.9999999999998447
0.9999999999998778
0.9999999999999148
0.9999999999999554
0.9999999999999987
1.0000000000000446
1.0000000000000930
1.0000000000001437
1.0000000000001956
1.0000000000002476
1.0000000000002991
1.0000000000003502
1.0000000000004010
1.0000000000004519
1.0000000000005018
1.0000000000005511
1.0000000000005986
1.0000000000006448
1.0000000000006901
1.0000000000007343
1.0000000000007778
1.0000000000008202
1.0000000000008613
1.0000000000009006
1.0000000000009373
1.0000000000009710
1.0000000000010010
1.0000000000010270
1.0000000000010496
1.0000000000010683
1.0000000000010836
1.0000000000010958
1.0000000000011051
1.0000000000011116
1.0000000000011156
1.0000000000011173
1.0000000000011176
1.0000000000011156
1.0000000000011104
1.0000000000011025
1.0000000000010918
1.0000000000010782
1.0000000000010620
1.0000000000010429
1.0000000000010227
1.0000000000010016
1.0000000000009794
1.0000000000009550
1.0000000000009295
1.0000000000009033
1.0000000000008766
1.0000000000008489
1.0000000000008200
1.0000000000007903
1.0000000000007594
1.0000000000007263
1.0000000000006906
1.0000000000006526
1.0000000000006128
1.0000000000005711
1.0000000000005276
1.0000000000004812
1.0000000000004314
1.0000000000003788
1.0000000000003240
1.0000000000002676
1.0000000000002103
1.0000000000001514
1.0000000000000904
1.0000000000000269
0.9999999999999615
0.9999999999998939
0.9999999999998244
0.9999999999997534
0.9999999999996813
0.9999999999996078
0.9999999999995333
0.9999999999994564
0.9999999999993773
0.9999999999992963
0.9999999999992149
0.9999999999991339
0.9999999999990539
0.9999999999989739
0.9999999999988940
0.9999999999988135
0.9999999999987325
0.9999999999986507
0.9999999999985683
0.9999999999984847
0.9999999999983997
0.9999999999983142
0.9999999999982293
0.9999999999981459
0.9999999999980647
0.9999999999979853
0.9999999999979069
0.9999999999978300
0.9999999999977549
0.9999999999976830
0.9999999999976154
0.9999999999975524
0.9999999999974937
0.9999999999974397
0.9999999999973894
0.9999999999973422
0.9999999999972982
0.9999999999972579
0.9999999999972218
0.9999999999971912
0.9999999999971672
0.9999999999971509
0.9999999999971435
0.9999999999971448
0.9999999999971543
0.9999999999971714
0.9999999999971964
0.9999999999972293
0.9999999999972700
0.9999999999973183
0.9999999999973741
0.9999999999974387
0.9999999999975115
0.9999999999975928
0.9999999999976817
0.9999999999977779
0.9999999999978807
0.9999999999979906
0.9999999999981078
0.9999999999982322
0.9999999999983658
0.9999999999985097
0.9999999999986653
0.9999999999988318
0.9999999999990086
0.9999999999991962
0.9999999999993940
0.9999999999996009
0.9999999999998147
1.0000000000000340
1.0000000000002580
1.0000000000004869
1.0000000000007203
1.0000000000009581
1.0000000000011993
1.0000000000014433
1.0000000000016900
1.0000000000019387
1.0000000000021894
1.0000000000024416
1.0000000000026958
1.0000000000029519
1.0000000000032090
1.0000000000034674
1.0000000000037266
1.0000000000039859
1.0000000000042457
1.0000000000045068
1.0000000000047702
1.0000000000050353
1.0000000000053018
1.0000000000055693
1.0000000000058360
1.0000000000061000
1.0000000000063607
1.0000000000066160
1.0000000000068645
1.0000000000071048
1.0000000000073357
1.0000000000075568
1.0000000000077676
1.0000000000079676
1.0000000000081564
1.0000000000083333
1.0000000000084992
1.0000000000086533
1.0000000000087939
1.0000000000089200
1.0000000000090314
1.0000000000091274
1.0000000000092071
1.0000000000092704
1.0000000000093163
1.0000000000093436
1.0000000000093514
1.0000000000093403
