1.0000000004909326
1.0000000004874827
1.0000000004830603
1.0000000004776788
1.0000000004713525
1.0000000004640981
1.0000000004559348
1.0000000004468841
1.0000000004369705
1.0000000004262193
1.0000000004146583
1.0000000004023157
1.0000000003892211
1.0000000003754050
1.0000000003609015
1.0000000003457452
1.0000000003299732
1.0000000003136245
1.0000000002967393
1.0000000002793588
1.0000000002615246
1.0000000002432796
1.0000000002246670
1.0000000002057312
1.0000000001865159
1.0000000001670672
1.0000000001474327
1.0000000001276592
1.0000000001077936
1.0000000000878824
1.0000000000679719
1.0000000000481082
1.0000000000283373
1.0000000000087046
0.9999999999892558
0.9999999999700367
0.9999999999510925
0.9999999999324669
0.9999999999142033
0.9999999998963429
0.9999999998789255
0.9999999998619924
0.9999999998455824
0.9999999998297326
0.9999999998144786
0.9999999997998543
0.9999999997858922
0.9999999997726231
0.9999999997600764
0.9999999997482796
0.9999999997372582
0.9999999997270363
0.9999999997176354
0.9999999997090738
0.9999999997013687
0.9999999996945342
0.9999999996885830
0.9999999996835252
0.9999999996793687
0.9999999996761213
0.9999999996737884
0.9999999996723730
0.9999999996718747
0.9999999996722906
0.9999999996736143
0.9999999996758389
0.9999999996789547
0.9999999996829508
0.9999999996878144
0.9999999996935297
0.9999999997000779
0.9999999997074375
0.9999999997155857
0.9999999997244974
0.9999999997341452
0.9999999997445012
0.9999999997555367
0.9999999997672209
0.9999999997795208
0.9999999997924021
0.9999999998058300
0.9999999998197675
0.9999999998341776
0.9999999998490203
0.9999999998642539
0.9999999998798368
0.9999999998957259
0.9999999999118772
0.9999999999282477
0.9999999999447936
0.9999999999614702
0.9999999999782334
0.9999999999950384
1.0000000000118394
1.0000000000285909
1.0000000000452471
1.0000000000617639
1.0000000000780971
1.0000000000942022
1.0000000001100369
1.0000000001255585
1.0000000001407254
1.0000000001554972
1.0000000001698335
1.0000000001836944
1.0000000001970424
1.0000000002098417
1.0000000002220568
1.0000000002336533
1.0000000002445997
1.0000000002548650
1.0000000002644200
1.0000000002732377
1.0000000002812923
1.0000000002885607
1.0000000002950213
1.0000000003006551
1.0000000003054450
1.0000000003093754
1.0000000003124336
1.0000000003146090
1.0000000003158929
1.0000000003162790
1.0000000003157641
1.0000000003143470
1.0000000003120284
1.0000000003088099
1.0000000003046949
1.0000000002996901
1.0000000002938041
1.0000000002870484
1.0000000002794369
1.0000000002709855
1.0000000002617118
1.0000000002516367
1.0000000002407834
1.0000000002291762
1.0000000002168414
1.0000000002038065
1.0000000001901004
1.0000000001757541
1.0000000001607992
1.0000000001452698
1.0000000001292020
1.0000000001126330
1.0000000000956015
1.0000000000781468
1.0000000000603102
1.0000000000421350
1.0000000000236653
1.0000000000049460
0.9999999999860212
0.9999999999669357
0.9999999999477354
0.9999999999284674
0.9999999999091790
0.9999999998899166
0.9999999998707257
0.9999999998516516
0.9999999998327406
0.9999999998140402
0.9999999997955962
0.9999999997774526
0.9999999997596541
0.9999999997422456
0.9999999997252704
0.9999999997087705
0.9999999996927872
0.9999999996773611
0.9999999996625308
0.9999999996483334
0.9999999996348053
0.9999999996219815
0.9999999996098947
0.9999999995985757
0.9999999995880543
0.9999999995783585
0.9999999995695139
0.9999999995615446
0.9999999995544734
0.9999999995483202
0.9999999995431029
0.9999999995388374
0.9999999995355374
0.9999999995332142
0.9999999995318763
0.9999999995315312
0.9999999995321843
0.9999999995338389
0.9999999995364941
0.9999999995401471
0.9999999995447921
0.9999999995504218
0.9999999995570275
0.9999999995645976
0.9999999995731185
0.9999999995825735
0.9999999995929438
0.9999999996042098
0.9999999996163487
0.9999999996293369
0.9999999996431493
0.9999999996577577
0.9999999996731311
0.9999999996892360
0.9999999997060380
0.9999999997235012
0.9999999997415890
0.9999999997602639
0.9999999997794866
0.9999999997992166
0.9999999998194116
0.9999999998400273
0.9999999998610190
0.9999999998823408
0.9999999999039466
0.9999999999257888
0.9999999999478196
0.9999999999699908
0.9999999999922536
1.0000000000145612
1.0000000000368650
1.0000000000591169
1.0000000000812688
1.0000000001032727
1.0000000001250824
1.0000000001466514
1.0000000001679334
1.0000000001888822
1.0000000002094529
1.0000000002296012
1.0000000002492844
1.0000000002684601
1.0000000002870872
1.0000000003051250
1.0000000003225347
1.0000000003392786
1.0000000003553215
1.0000000003706302
1.0000000003851721
1.0000000003989169
1.0000000004118361
1.0000000004239025
1.0000000004350913
1.0000000004453804
1.0000000004547489
1.0000000004631782
1.0000000004706531
1.0000000004771599
1.0000000004826868
1.0000000004872240
1.0000000004907643
1.0000000004933018
1.0000000004948333
1.0000000004953578
1.0000000004948781
1.0000000004934007
1.0000000004909326
1.0000000004874827
1.0000000004830603
1.0000000004776788
