1.0000001792265294
1.0000001771163276
1.0000001745937166
1.0000001716648816
1.0000001683369724
1.0000001646180863
1.0000001605172504
1.0000001560443978
1.0000001512103438
1.0000001460267605
1.0000001405061476
1.0000001346618024
1.0000001285077884
1.0000001220589021
1.0000001153306373
1.0000001083391492
1.0000001011012150
1.0000000936341935
1.0000000859559837
1.0000000780849814
1.0000000700400358
1.0000000618404044
1.0000000535057050
1.0000000450558713
1.0000000365111039
1.0000000278918240
1.0000000192186229
1.0000000105122155
1.0000000017933879
0.9999999930829482
0.9999999844016760
0.9999999757702732
0.9999999672093156
0.9999999587392044
0.9999999503801168
0.9999999421519555
0.9999999340743034
0.9999999261663750
0.9999999184469711
0.9999999109344347
0.9999999036466091
0.9999998966007924
0.9999998898136968
0.9999998833014092
0.9999998770793518
0.9999998711622474
0.9999998655640834
0.9999998602980792
0.9999998553766544
0.9999998508113989
0.9999998466130440
0.9999998427914376
0.9999998393555211
0.9999998363133072
0.9999998336718618
0.9999998314372878
0.9999998296147099
0.9999998282082629
0.9999998272210827
0.9999998266552959
0.9999998265120166
0.9999998267913430
0.9999998274923587
0.9999998286131362
0.9999998301507408
0.9999998321012368
0.9999998344596962
0.9999998372202130
0.9999998403759162
0.9999998439189852
0.9999998478406704
0.9999998521313147
0.9999998567803761
0.9999998617764526
0.9999998671073097
0.9999998727599100
0.9999998787204438
0.9999998849743644
0.9999998915064215
0.9999998983006979
0.9999999053406472
0.9999999126091361
0.9999999200884825
0.9999999277604990
0.9999999356065359
0.9999999436075276
0.9999999517440381
0.9999999599963049
0.9999999683442896
0.9999999767677259
0.9999999852461676
0.9999999937590359
1.0000000022856699
1.0000000108053759
1.0000000192974792
1.0000000277413716
1.0000000361165624
1.0000000444027251
1.0000000525797479
1.0000000606277819
1.0000000685272881
1.0000000762590839
1.0000000838043908
1.0000000911448796
1.0000000982627140
1.0000001051405931
1.0000001117617905
1.0000001181101961
1.0000001241703558
1.0000001299275096
1.0000001353676236
1.0000001404774257
1.0000001452444387
1.0000001496570090
1.0000001537043350
1.0000001573764925
1.0000001606644588
1.0000001635601339
1.0000001660563604
1.0000001681469413
1.0000001698266530
1.0000001710912596
1.0000001719375238
1.0000001723632139
1.0000001723671084
1.0000001719490008
1.0000001711096997
1.0000001698510255
1.0000001681758075
1.0000001660878772
1.0000001635920590
1.0000001606941586
1.0000001574009496
1.0000001537201566
1.0000001496604374
1.0000001452313627
1.0000001404433931
1.0000001353078545
1.0000001298369101
1.0000001240435323
1.0000001179414710
1.0000001115452217
1.0000001048699907
1.0000000979316588
1.0000000907467426
1.0000000833323550
1.0000000757061662
1.0000000678863605
1.0000000598915928
1.0000000517409433
1.0000000434538716
1.0000000350501712
1.0000000265499218
1.0000000179734425
1.0000000093412420
1.0000000006739689
0.9999999919923636
0.9999999833172080
0.9999999746692774
0.9999999660692894
0.9999999575378552
0.9999999490954276
0.9999999407622548
0.9999999325583332
0.9999999245033568
0.9999999166166710
0.9999999089172250
0.9999999014235276
0.9999998941536039
0.9999998871249500
0.9999998803544922
0.9999998738585465
0.9999998676527811
0.9999998617521768
0.9999998561709905
0.9999998509227233
0.9999998460200855
0.9999998414749691
0.9999998372984171
0.9999998335005990
0.9999998300907837
0.9999998270773195
0.9999998244676140
0.9999998222681142
0.9999998204842927
0.9999998191206341
0.9999998181806234
0.9999998176667380
0.9999998175804400
0.9999998179221754
0.9999998186913731
0.9999998198864437
0.9999998215047854
0.9999998235427888
0.9999998259958459
0.9999998288583600
0.9999998321237583
0.9999998357845082
0.9999998398321367
0.9999998442572494
0.9999998490495535
0.9999998541978806
0.9999998596902133
0.9999998655137161
0.9999998716547638
0.9999998780989759
0.9999998848312502
0.9999998918357971
0.9999998990961771
0.9999999065953417
0.9999999143156720
0.9999999222390217
0.9999999303467596
0.9999999386198157
0.9999999470387263
0.9999999555836796
0.9999999642345613
0.9999999729710030
0.9999999817724327
0.9999999906181226
0.9999999994872398
1.0000000083588956
1.0000000172121939
1.0000000260262818
1.0000000347803975
1.0000000434539216
1.0000000520264263
1.0000000604777231
1.0000000687879107
1.0000000769374247
1.0000000849070823
1.0000000926781278
1.0000001002322771
1.0000001075517628
1.0000001146193758
1.0000001214185055
1.0000001279331794
1.0000001341481015
1.0000001400486884
1.0000001456211070
1.0000001508523022
1.0000001557300315
1.0000001602428916
1.0000001643803473
1.0000001681327571
1.0000001714913949
1.0000001744484714
1.0000001769971523
1.0000001791315727
1.0000001808468530
1.0000001821391098
1.0000001830054661
1.0000001834440579
1.0000001834540388
1.0000001830355796
1.0000001821898701
1.0000001809191152
1.0000001792265294
1.0000001771163276
1.0000001745937166
1.0000001716648816
