1.0001888101968652
1.0001864303797301
1.0001836062846092
1.0001803446744113
1.0001766533562924
1.0001725411630475
1.0001680179320587
1.0001630944818471
1.0001577825862880
1.0001520949465488
1.0001460451608122
1.0001396476918603
1.0001329178325920
1.0001258716695622
1.0001185260446244
1.0001108985147613
1.0001030073102124
1.0000948712909870
1.0000865099018676
1.0000779431260149
1.0000691914372795
1.0000602757513364
1.0000512173757579
1.0000420379591393
1.0000327594394063
1.0000234039914191
1.0000139939740060
1.0000045518765444
0.9999951002652240
0.9999856617291168
0.9999762588261802
0.9999669140293276
0.9999576496726940
0.9999484878982213
0.9999394506026991
0.9999305593853784
0.9999218354962930
0.9999132997854050
0.9999049726527027
0.9998968739993646
0.9998890231801134
0.9998814389568691
0.9998741394538185
0.9998671421140065
0.9998604636575491
0.9998541200415785
0.9998481264220090
0.9998424971172227
0.9998372455737535
0.9998323843340620
0.9998279250064751
0.9998238782373616
0.9998202536856132
0.9998170599994927
0.9998143047959043
0.9998119946421384
0.9998101350401317
0.9998087304132817
0.9998077840958526
0.9998072983249895
0.9998072742353684
0.9998077118564909
0.9998086101126272
0.9998099668254176
0.9998117787191133
0.9998140414284534
0.9998167495091561
0.9998198964509968
0.9998234746934438
0.9998274756438137
0.9998318896979002
0.9998367062630243
0.9998419137834594
0.9998474997681598
0.9998534508207330
0.9998597526715771
0.9998663902121084
0.9998733475309950
0.9998806079523120
0.9998881540755243
0.9998959678171975
0.9999040304543411
0.9999123226692772
0.9999208245959267
0.9999295158674022
0.9999383756647914
0.9999473827670158
0.9999565156016417
0.9999657522965245
0.9999750707321607
0.9999844485946234
0.9999938634289512
1.0000032926928677
1.0000127138106971
1.0000221042273529
1.0000314414622660
1.0000407031631242
1.0000498671592986
1.0000589115148220
1.0000678145808035
1.0000765550471415
1.0000851119934209
1.0000934649388740
1.0001015938912818
1.0001094793947023
1.0001171025759095
1.0001244451894384
1.0001314896611218
1.0001382191300199
1.0001446174886492
1.0001506694214031
1.0001563604410826
1.0001616769234460
1.0001666061396990
1.0001711362868466
1.0001752565158348
1.0001789569574189
1.0001822287456941
1.0001850640392340
1.0001874560397850
1.0001893990084736
1.0001908882794934
1.0001919202712335
1.0001924924948240
1.0001926035600777
1.0001922531788161
1.0001914421655675
1.0001901724356423
1.0001884470005835
1.0001862699610078
1.0001836464968503
1.0001805828550399
1.0001770863346298
1.0001731652694208
1.0001688290081201
1.0001640878920786
1.0001589532306612
1.0001534372743088
1.0001475531853539
1.0001413150066585
1.0001347376281526
1.0001278367513482
1.0001206288519118
1.0001131311403848
1.0001053615211479
1.0000973385497240
1.0000890813885202
1.0000806097611146
1.0000719439051986
1.0000631045242834
1.0000541127382852
1.0000449900331079
1.0000357582093431
1.0000264393302081
1.0000170556688466
1.0000076296551210
0.9999981838220171
0.9999887407517952
0.9999793230220132
0.9999699531515445
0.9999606535467334
0.9999514464478046
0.9999423538756631
0.9999333975792061
0.9999245989832792
0.9999159791373956
0.9999075586653465
0.9998993577158214
0.9998913959141570
0.9998836923153311
0.9998762653583163
0.9998691328218987
0.9998623117820762
0.9998558185711292
0.9998496687384704
0.9998438770133669
0.9998384572696203
0.9998334224922965
0.9998287847465798
0.9998245551488288
0.9998207438399078
0.9998173599608512
0.9998144116309261
0.9998119059281440
0.9998098488722680
0.9998082454103563
0.9998070994048791
0.9998064136244378
0.9998061897371063
0.9998064283064124
0.9998071287899691
0.9998082895407591
0.9998099078110704
0.9998119797590697
0.9998145004580009
0.9998174639079873
0.9998208630504064
0.9998246897848030
0.9998289349883016
0.9998335885374682
0.9998386393325698
0.9998440753241729
0.9998498835420151
0.9998560501260841
0.9998625603598238
0.9998693987053923
0.9998765488408823
0.9998839936994154
0.9998917155100178
0.9998996958401744
0.9999079156399622
0.9999163552876583
0.9999249946367074
0.9999338130639397
0.9999427895189205
0.9999519025743144
0.9999611304771462
0.9999704512008264
0.9999798424978263
0.9999892819528723
0.9999987470365295
1.0000082151590508
1.0000176637243590
1.0000270701840346
1.0000364120911809
1.0000456671540354
1.0000548132892029
1.0000638286743799
1.0000726918004481
1.0000813815228089
1.0000898771118412
1.0000981583023589
1.0001062053419534
1.0001139990381027
1.0001215208039418
1.0001287527025757
1.0001356774898422
1.0001422786554137
1.0001485404621440
1.0001544479835660
1.0001599871394549
1.0001651447293680
1.0001699084640883
1.0001742669948888
1.0001782099405574
1.0001817279121119
1.0001848125351502
1.0001874564697850
1.0001896534281105
1.0001913981891630
1.0001926866113424
1.0001935156422588
1.0001938833259882
1.0001937888077161
1.0001932323357607
1.0001922152609657
1.0001907400334715
1.0001888101968652
1.0001864303797301
1.0001836062846092
1.0001803446744113
