1.0000006615032109
1.0000006535062280
1.0000006439739555
1.0000006329295650
1.0000006203998255
1.0000006064150404
1.0000005910089733
1.0000005742187690
1.0000005560848628
1.0000005366508846
1.0000005159635550
1.0000004940725731
1.0000004710304973
1.0000004468926189
1.0000004217168319
1.0000003955634926
1.0000003684952763
1.0000003405770266
1.0000003118755989
1.0000002824597038
1.0000002523997404
1.0000002217676298
1.0000001906366405
1.0000001590812151
1.0000001271767938
1.0000000949996326
1.0000000626266212
1.0000000301350982
0.9999999976026664
0.9999999651070077
0.9999999327256972
0.9999999005360176
0.9999998686147754
0.9999998370381173
0.9999998058813482
0.9999997752187491
0.9999997451234029
0.9999997156670193
0.9999996869197634
0.9999996589500882
0.9999996318245709
0.9999996056077538
0.9999995803619890
0.9999995561472903
0.9999995330211905
0.9999995110386025
0.9999994902516904
0.9999994707097434
0.9999994524590580
0.9999994355428311
0.9999994200010544
0.9999994058704182
0.9999993931842256
0.9999993819723115
0.9999993722609730
0.9999993640729050
0.9999993574271493
0.9999993523390482
0.9999993488202071
0.9999993468784674
0.9999993465178874
0.9999993477387341
0.9999993505374838
0.9999993549068280
0.9999993608356935
0.9999993683092676
0.9999993773090359
0.9999993878128265
0.9999993997948637
0.9999994132258303
0.9999994280729361
0.9999994442999991
0.9999994618675287
0.9999994807328235
0.9999995008500727
0.9999995221704672
0.9999995446423159
0.9999995682111699
0.9999995928199533
0.9999996184090992
0.9999996449166921
0.9999996722786174
0.9999997004287151
0.9999997292989375
0.9999997588195128
0.9999997889191143
0.9999998195250303
0.9999998505633366
0.9999998819590753
0.9999999136364341
0.9999999455189297
0.9999999775295869
1.0000000095911263
1.0000000416261472
1.0000000735573147
1.0000001053075451
1.0000001368001905
1.0000001679592225
1.0000001987094138
1.0000002289765200
1.0000002586874561
1.0000002877704719
1.0000003161553235
1.0000003437734408
1.0000003705580935
1.0000003964445505
1.0000004213702363
1.0000004452748792
1.0000004681006562
1.0000004897923320
1.0000005102973915
1.0000005295661649
1.0000005475519484
1.0000005642111156
1.0000005795032216
1.0000005933911000
1.0000006058409514
1.0000006168224254
1.0000006263086942
1.0000006342765164
1.0000006407062938
1.0000006455821180
1.0000006488918070
1.0000006506269377
1.0000006507828640
1.0000006493587295
1.0000006463574689
1.0000006417858007
1.0000006356542130
1.0000006279769393
1.0000006187719235
1.0000006080607773
1.0000005958687266
1.0000005822245550
1.0000005671605341
1.0000005507123455
1.0000005329189969
1.0000005138227290
1.0000004934689146
1.0000004719059488
1.0000004491851351
1.0000004253605641
1.0000004004889829
1.0000003746296573
1.0000003478442316
1.0000003201965832
1.0000002917526694
1.0000002625803692
1.0000002327493211
1.0000002023307581
1.0000001713973361
1.0000001400229597
1.0000001082826058
1.0000000762521442
1.0000000440081573
1.0000000116277563
0.9999999791883978
0.9999999467676987
0.9999999144432502
0.9999998822924306
0.9999998503922226
0.9999998188190270
0.9999997876484821
0.9999997569552819
0.9999997268129973
0.9999996972938999
0.9999996684687902
0.9999996404068272
0.9999996131753629
0.9999995868397804
0.9999995614633397
0.9999995371070253
0.9999995138293996
0.9999994916864637
0.9999994707315227
0.9999994510150587
0.9999994325846099
0.9999994154846561
0.9999993997565110
0.9999993854382244
0.9999993725644903
0.9999993611665646
0.9999993512721899
0.9999993429055274
0.9999993360871013
0.9999993308337485
0.9999993271585776
0.9999993250709387
0.9999993245763985
0.9999993256767279
0.9999993283698970
0.9999993326500793
0.9999993385076671
0.9999993459292931
0.9999993548978615
0.9999993653925878
0.9999993773890482
0.9999993908592388
0.9999994057716416
0.9999994220912983
0.9999994397798941
0.9999994587958513
0.9999994790944254
0.9999995006278127
0.9999995233452631
0.9999995471932039
0.9999995721153657
0.9999995980529157
0.9999996249445995
0.9999996527268842
0.9999996813341107
0.9999997106986530
0.9999997407510762
0.9999997714203034
0.9999998026337866
0.9999998343176763
0.9999998663969999
0.9999998987958404
0.9999999314375158
0.9999999642447638
0.9999999971399259
1.0000000300451317
1.0000000628824850
1.0000000955742498
1.0000001280430348
1.0000001602119777
1.0000001920049308
1.0000002233466416
1.0000002541629303
1.0000002843808684
1.0000003139289513
1.0000003427372690
1.0000003707376743
1.0000003978639436
1.0000004240519362
1.0000004492397481
1.0000004733678576
1.0000004963792668
1.0000005182196385
1.0000005388374249
1.0000005581839910
1.0000005762137307
1.0000005928841755
1.0000006081560944
1.0000006219935891
1.0000006343641783
1.0000006452388768
1.0000006545922613
1.0000006624025317
1.0000006686515646
1.0000006733249542
1.0000006764120484
1.0000006779059740
1.0000006778036510
1.0000006761058007
1.0000006728169430
1.0000006679453874
1.0000006615032109
1.0000006535062280
1.0000006439739555
1.0000006329295650
