1.0000004263571642
1.0000004212421738
1.0000004151401183
1.0000004080658695
1.0000004000366105
1.0000003910717938
1.0000003811930971
1.0000003704243692
1.0000003587915736
1.0000003463227265
1.0000003330478302
1.0000003189988009
1.0000003042093921
1.0000002887151143
1.0000002725531505
1.0000002557622647
1.0000002383827120
1.0000002204561398
1.0000002020254892
1.0000001831348928
1.0000001638295677
1.0000001441557087
1.0000001241603798
1.0000001038913984
1.0000000833972220
1.0000000627268326
1.0000000419296196
1.0000000210552615
1.0000000001536091
0.9999999792745645
0.9999999584679617
0.9999999377834483
0.9999999172703662
0.9999998969776320
0.9999998769536224
0.9999998572460584
0.9999998379018928
0.9999998189671955
0.9999998004870438
0.9999997825054169
0.9999997650650900
0.9999997482075313
0.9999997319728029
0.9999997163994662
0.9999997015244887
0.9999996873831555
0.9999996740089859
0.9999996614336538
0.9999996496869115
0.9999996387965192
0.9999996287881781
0.9999996196854715
0.9999996115098059
0.9999996042803608
0.9999995980140437
0.9999995927254508
0.9999995884268310
0.9999995851280570
0.9999995828366026
0.9999995815575242
0.9999995812934479
0.9999995820445657
0.9999995838086343
0.9999995865809792
0.9999995903545078
0.9999995951197251
0.9999996008647594
0.9999996075753914
0.9999996152350858
0.9999996238250325
0.9999996333241907
0.9999996437093409
0.9999996549551392
0.9999996670341803
0.9999996799170626
0.9999996935724567
0.9999997079671833
0.9999997230662913
0.9999997388331419
0.9999997552294968
0.9999997722156108
0.9999997897503250
0.9999998077911662
0.9999998262944496
0.9999998452153829
0.9999998645081738
0.9999998841261389
0.9999999040218167
0.9999999241470819
0.9999999444532615
0.9999999648912504
0.9999999854116299
1.0000000059647860
1.0000000265010269
1.0000000469707024
1.0000000673243232
1.0000000875126802
1.0000001074869616
1.0000001271988699
1.0000001466007373
1.0000001656456401
1.0000001842875117
1.0000002024812535
1.0000002201828442
1.0000002373494423
1.0000002539394919
1.0000002699128192
1.0000002852307306
1.0000002998561064
1.0000003137534890
1.0000003268891671
1.0000003392312571
1.0000003507497790
1.0000003614167285
1.0000003712061474
1.0000003800941826
1.0000003880591433
1.0000003950815533
1.0000004011441987
1.0000004062321699
1.0000004103328961
1.0000004134361760
1.0000004155342024
1.0000004166215817
1.0000004166953460
1.0000004157549600
1.0000004138023224
1.0000004108417631
1.0000004068800341
1.0000004019262920
1.0000003959920767
1.0000003890912830
1.0000003812401281
1.0000003724571134
1.0000003627629799
1.0000003521806589
1.0000003407352174
1.0000003284537990
1.0000003153655581
1.0000003015015897
1.0000002868948545
1.0000002715801035
1.0000002555937932
1.0000002389739993
1.0000002217603257
1.0000002039938083
1.0000001857168195
1.0000001669729650
1.0000001478069811
1.0000001282646260
1.0000001083925723
1.0000000882382931
1.0000000678499505
1.0000000472762787
1.0000000265664672
1.0000000057700467
0.9999999849367684
0.9999999641164868
0.9999999433590393
0.9999999227141279
0.9999999022311981
0.9999998819593224
0.9999998619470811
0.9999998422424476
0.9999998228926733
0.9999998039441744
0.9999997854424213
0.9999997674318304
0.9999997499556564
0.9999997330558897
0.9999997167731548
0.9999997011466136
0.9999996862138716
0.9999996720108877
0.9999996585718895
0.9999996459292909
0.9999996341136141
0.9999996231534165
0.9999996130752223
0.9999996039034580
0.9999995956603949
0.9999995883660935
0.9999995820383585
0.9999995766926931
0.9999995723422639
0.9999995689978681
0.9999995666679085
0.9999995653583719
0.9999995650728145
0.9999995658123546
0.9999995675756687
0.9999995703589942
0.9999995741561399
0.9999995789584993
0.9999995847550708
0.9999995915324817
0.9999995992750215
0.9999996079646800
0.9999996175811890
0.9999996281020702
0.9999996395026913
0.9999996517563218
0.9999996648341981
0.9999996787055908
0.9999996933378780
0.9999997086966230
0.9999997247456575
0.9999997414471667
0.9999997587617807
0.9999997766486659
0.9999997950656228
0.9999998139691859
0.9999998333147287
0.9999998530565691
0.9999998731480807
0.9999998935418029
0.9999999141895534
0.9999999350425418
0.9999999560514862
0.9999999771667315
0.9999999983383681
1.0000000195163514
1.0000000406506211
1.0000000616912190
1.0000000825884094
1.0000001032927959
1.0000001237554395
1.0000001439279766
1.0000001637627336
1.0000001832128402
1.0000002022323429
1.0000002207763115
1.0000002388009488
1.0000002562636940
1.0000002731233248
1.0000002893400548
1.0000003048756267
1.0000003196934062
1.0000003337584682
1.0000003470376793
1.0000003594997775
1.0000003711154462
1.0000003818573846
1.0000003917003730
1.0000004006213330
1.0000004085993821
1.0000004156158833
1.0000004216544875
1.0000004267011742
1.0000004307442845
1.0000004337745489
1.0000004357851082
1.0000004367715303
1.0000004367318200
1.0000004356664249
1.0000004335782331
1.0000004304725656
1.0000004263571642
1.0000004212421738
1.0000004151401183
1.0000004080658695
