1.0000001393999025
1.0000001377692991
1.0000001358186015
1.0000001335526048
1.0000001309768514
1.0000001280976198
1.0000001249219090
1.0000001214574183
1.0000001177125322
1.0000001136962990
1.0000001094184097
1.0000001048891749
1.0000001001194998
1.0000000951208581
1.0000000899052646
1.0000000844852464
1.0000000788738141
1.0000000730844294
1.0000000671309732
1.0000000610277127
1.0000000547892640
1.0000000484305624
1.0000000419668233
1.0000000354135077
1.0000000287862842
1.0000000221009919
1.0000000153736017
1.0000000086201795
1.0000000018568460
0.9999999950997404
0.9999999883649804
0.9999999816686236
0.9999999750266294
0.9999999684548201
0.9999999619688451
0.9999999555841413
0.9999999493158975
0.9999999431790176
0.9999999371880858
0.9999999313573315
0.9999999257005958
0.9999999202312992
0.9999999149624071
0.9999999099063990
0.9999999050752405
0.9999999004803545
0.9999998961325934
0.9999998920422131
0.9999998882188491
0.9999998846714927
0.9999998814084703
0.9999998784374224
0.9999998757652885
0.9999998733982861
0.9999998713419002
0.9999998696008687
0.9999998681791710
0.9999998670800174
0.9999998663058438
0.9999998658583052
0.9999998657382705
0.9999998659458214
0.9999998664802537
0.9999998673400778
0.9999998685230229
0.9999998700260418
0.9999998718453191
0.9999998739762799
0.9999998764136003
0.9999998791512215
0.9999998821823640
0.9999998854995447
0.9999998890945939
0.9999998929586751
0.9999998970823056
0.9999999014553813
0.9999999060671992
0.9999999109064830
0.9999999159614107
0.9999999212196438
0.9999999266683559
0.9999999322942642
0.9999999380836621
0.9999999440224500
0.9999999500961706
0.9999999562900442
0.9999999625890043
0.9999999689777317
0.9999999754406927
0.9999999819621740
0.9999999885263239
0.9999999951171890
1.0000000017187543
1.0000000083149776
1.0000000148898318
1.0000000214273419
1.0000000279116217
1.0000000343269129
1.0000000406576250
1.0000000468883694
1.0000000530040007
1.0000000589896498
1.0000000648307608
1.0000000705131227
1.0000000760229082
1.0000000813467058
1.0000000864715497
1.0000000913849521
1.0000000960749327
1.0000001005300501
1.0000001047394262
1.0000001086927741
1.0000001123804219
1.0000001157933378
1.0000001189231491
1.0000001217621639
1.0000001243033898
1.0000001265405496
1.0000001284680973
1.0000001300812311
1.0000001313759062
1.0000001323488423
1.0000001329975325
1.0000001333202491
1.0000001333160491
1.0000001329847774
1.0000001323270631
1.0000001313443223
1.0000001300387531
1.0000001284133306
1.0000001264718013
1.0000001242186707
1.0000001216591943
1.0000001187993663
1.0000001156459060
1.0000001122062399
1.0000001084884851
1.0000001045014280
1.0000001002545051
1.0000000957577806
1.0000000910219202
1.0000000860581688
1.0000000808783216
1.0000000754946961
1.0000000699201028
1.0000000641678157
1.0000000582515405
1.0000000521853805
1.0000000459838041
1.0000000396616107
1.0000000332338921
1.0000000267160003
1.0000000201235093
1.0000000134721772
1.0000000067779089
1.0000000000567186
0.9999999933246914
0.9999999865979451
0.9999999798925912
0.9999999732246954
0.9999999666102399
0.9999999600650878
0.9999999536049421
0.9999999472453082
0.9999999410014578
0.9999999348883920
0.9999999289208051
0.9999999231130507
0.9999999174791062
0.9999999120325387
0.9999999067864727
0.9999999017535596
0.9999998969459469
0.9999998923752499
0.9999998880525224
0.9999998839882309
0.9999998801922301
0.9999998766737390
0.9999998734413191
0.9999998705028527
0.9999998678655252
0.9999998655358072
0.9999998635194395
0.9999998618214178
0.9999998604459808
0.9999998593966022
0.9999998586759798
0.9999998582860296
0.9999998582278823
0.9999998585018799
0.9999998591075735
0.9999998600437260
0.9999998613083144
0.9999998628985344
0.9999998648108058
0.9999998670407825
0.9999998695833617
0.9999998724326959
0.9999998755822076
0.9999998790246042
0.9999998827518946
0.9999998867554104
0.9999998910258262
0.9999998955531817
0.9999999003269044
0.9999999053358338
0.9999999105682493
0.9999999160118980
0.9999999216540238
0.9999999274813983
0.9999999334803505
0.9999999396368006
0.9999999459362924
0.9999999523640289
0.9999999589049082
0.9999999655435574
0.9999999722643699
0.9999999790515411
0.9999999858891088
0.9999999927609897
0.9999999996510187
1.0000000065429868
1.0000000134206808
1.0000000202679205
1.0000000270685983
1.0000000338067168
1.0000000404664282
1.0000000470320687
1.0000000534881979
1.0000000598196350
1.0000000660114958
1.0000000720492270
1.0000000779186402
1.0000000836059486
1.0000000890977980
1.0000000943812983
1.0000000994440550
1.0000001042741991
1.0000001088604153
1.0000001131919678
1.0000001172587258
1.0000001210511891
1.0000001245605097
1.0000001277785122
1.0000001306977124
1.0000001333113355
1.0000001356133339
1.0000001375984022
1.0000001392619884
1.0000001406003034
1.0000001416103319
1.0000001422898372
1.0000001426373692
1.0000001426522658
1.0000001423346558
1.0000001416854578
1.0000001407063772
1.0000001393999025
1.0000001377692991
1.0000001358186015
1.0000001335526048
