1.0001203097692593
1.0001187951427619
1.0001169975224788
1.0001149212163822
1.0001125711977130
1.0001099530931128
1.0001070731691948
1.0001039383175889
1.0001005560384981
1.0000969344227952
1.0000930821327170
1.0000890083811915
1.0000847229098508
1.0000802359657788
1.0000755582770535
1.0000707010271404
1.0000656758281943
1.0000604946933376
1.0000551700079776
1.0000497145002338
1.0000441412105454
1.0000384634605288
1.0000326948211598
1.0000268490803603
1.0000209402100595
1.0000149823328142
1.0000089896880660
1.0000029765981158
0.9999969574338968
0.9999909465806280
0.9999849584034285
0.9999790072129779
0.9999731072313024
0.9999672725577712
0.9999615171353801
0.9999558547174058
0.9999502988345137
0.9999448627623924
0.9999395594899950
0.9999344016884650
0.9999294016808189
0.9999245714124605
0.9999199224225962
0.9999154658166189
0.9999112122395285
0.9999071718504533
0.9999033542983341
0.9998997686988277
0.9998964236124843
0.9998933270242562
0.9998904863243803
0.9998879082906872
0.9998855990723753
0.9998835641752898
0.9998818084487442
0.9998803360739128
0.9998791505538250
0.9998782547049828
0.9998776506506244
0.9998773398156503
0.9998773229232202
0.9998775999930297
0.9998781703412782
0.9998790325823197
0.9998801846319952
0.9998816237126399
0.9998833463597501
0.9998853484302973
0.9998876251126669
0.9998901709382002
0.9998929797943086
0.9998960449391291
0.9998993590176900
0.9999029140795413
0.9999067015978114
0.9999107124896425
0.9999149371379562
0.9999193654144977
0.9999239867041012
0.9999287899301220
0.9999337635809676
0.9999388957376681
0.9999441741024205
0.9999495860280359
0.9999551185482208
0.9999607584086214
0.9999664920985495
0.9999723058833191
0.9999781858371170
0.9999841178763266
0.9999900877932248
0.9999960812899712
1.0000020840128090
1.0000080815863983
1.0000140596481941
1.0000200038827916
1.0000259000561511
1.0000317340496301
1.0000374918937298
1.0000431598014876
1.0000487242014271
1.0000541717699876
1.0000594894633594
1.0000646645486497
1.0000696846342989
1.0000745376996809
1.0000792121238153
1.0000836967131241
1.0000879807281600
1.0000920539092557
1.0000959065010202
1.0000995292756312
1.0001029135548656
1.0001060512308200
1.0001089347852679
1.0001115573076080
1.0001139125113621
1.0001159947491816
1.0001177990263326
1.0001193210126191
1.0001205570527230
1.0001215041749332
1.0001221600982440
1.0001225232378073
1.0001225927087205
1.0001223683281486
1.0001218506157699
1.0001210407925465
1.0001199407778232
1.0001185531847594
1.0001168813141035
1.0001149291463320
1.0001127013321636
1.0001102031814739
1.0001074406506376
1.0001044203283298
1.0001011494198153
1.0000976357297682
1.0000938876436578
1.0000899141077486
1.0000857246077586
1.0000813291462303
1.0000767382186666
1.0000719627884875
1.0000670142608654
1.0000619044555052
1.0000566455784341
1.0000512501928605
1.0000457311891811
1.0000401017542015
1.0000343753396457
1.0000285656300298
1.0000226865099739
1.0000167520310357
1.0000107763781356
1.0000047738356648
0.9999987587533457
0.9999927455119373
0.9999867484888577
0.9999807820238139
0.9999748603845168
0.9999689977325619
0.9999632080895595
0.9999575053035968
0.9999519030161106
0.9999464146292505
0.9999410532738100
0.9999358317778044
0.9999307626357689
0.9999258579788510
0.9999211295457707
0.9999165886547164
0.9999122461762434
0.9999081125072405
0.9999041975460305
0.9999005106686607
0.9998970607064426
0.9998938559247937
0.9998909040034346
0.9998882120179845
0.9998857864230047
0.9998836330365267
0.9998817570261050
0.9998801628964279
0.9998788544785142
0.9998778349205243
0.9998771066802067
0.9998766715189981
0.9998765304977898
0.9998766839743752
0.9998771316025791
0.9998778723330757
0.9998789044158907
0.9998802254045810
0.9998818321620827
0.9998837208682145
0.9998858870288144
0.9998883254864962
0.9998910304329868
0.9998939954230296
0.9998972133898086
0.9999006766618601
0.9999043769814348
0.9999083055242570
0.9999124529206425
0.9999168092779203
0.9999213642041073
0.9999261068327729
0.9999310258490405
0.9999361095166572
0.9999413457060707
0.9999467219234440
0.9999522253405401
0.9999578428254035
0.9999635609737653
0.9999693661410974
0.9999752444752351
0.9999811819494945
0.9999871643962027
0.9999931775405627
0.9999992070347700
1.0000052384923006
1.0000112575222879
1.0000172497639022
1.0000232009206593
1.0000290967945704
1.0000349233200496
1.0000406665975048
1.0000463129265249
1.0000518488385939
1.0000572611292413
1.0000625368895624
1.0000676635370278
1.0000726288455104
1.0000774209744592
1.0000820284971512
1.0000864404279513
1.0000906462485175
1.0000946359328902
1.0000983999714037
1.0001019293933635
1.0001052157884351
1.0001082513266990
1.0001110287773145
1.0001135415257567
1.0001157835895838
1.0001177496326932
1.0001194349780371
1.0001208356187639
1.0001219482277630
1.0001227701655890
1.0001232994867442
1.0001235349443085
1.0001234759929039
1.0001231227899812
1.0001224761954366
1.0001215377695507
1.0001203097692593
1.0001187951427619
1.0001169975224788
1.0001149212163822
