1.0000000000374549
1.0000000000373885
1.0000000000372555
1.0000000000370575
1.0000000000367957
1.0000000000364713
1.0000000000360849
1.0000000000356379
1.0000000000351335
1.0000000000345741
1.0000000000339633
1.0000000000333034
1.0000000000325961
1.0000000000318432
1.0000000000310474
1.0000000000302107
1.0000000000293354
1.0000000000284239
1.0000000000274780
1.0000000000265008
1.0000000000254963
1.0000000000244673
1.0000000000234170
1.0000000000223477
1.0000000000212608
1.0000000000201572
1.0000000000190392
1.0000000000179092
1.0000000000167706
1.0000000000156271
1.0000000000144826
1.0000000000133398
1.0000000000122016
1.0000000000110694
1.0000000000099436
1.0000000000088269
1.0000000000077220
1.0000000000066331
1.0000000000055624
1.0000000000045124
1.0000000000034854
1.0000000000024838
1.0000000000015090
1.0000000000005629
0.9999999999996466
0.9999999999987621
0.9999999999979106
0.9999999999970935
0.9999999999963110
0.9999999999955639
0.9999999999948551
0.9999999999941869
0.9999999999935600
0.9999999999929756
0.9999999999924338
0.9999999999919360
0.9999999999914827
0.9999999999910737
0.9999999999907095
0.9999999999903907
0.9999999999901176
0.9999999999898906
0.9999999999897095
0.9999999999895741
0.9999999999894847
0.9999999999894410
0.9999999999894432
0.9999999999894904
0.9999999999895822
0.9999999999897169
0.9999999999898931
0.9999999999901100
0.9999999999903656
0.9999999999906598
0.9999999999909920
0.9999999999913607
0.9999999999917629
0.9999999999921970
0.9999999999926605
0.9999999999931511
0.9999999999936654
0.9999999999942004
0.9999999999947548
0.9999999999953275
0.9999999999959174
0.9999999999965229
0.9999999999971427
0.9999999999977748
0.9999999999984170
0.9999999999990665
0.9999999999997207
1.0000000000003770
1.0000000000010341
1.0000000000016898
1.0000000000023417
1.0000000000029885
1.0000000000036280
1.0000000000042584
1.0000000000048770
1.0000000000054818
1.0000000000060714
1.0000000000066434
1.0000000000071949
1.0000000000077234
1.0000000000082270
1.0000000000087048
1.0000000000091558
1.0000000000095786
1.0000000000099707
1.0000000000103313
1.0000000000106590
1.0000000000109526
1.0000000000112113
1.0000000000114346
1.0000000000116216
1.0000000000117715
1.0000000000118827
1.0000000000119538
1.0000000000119844
1.0000000000119751
1.0000000000119256
1.0000000000118359
1.0000000000117062
1.0000000000115368
1.0000000000113272
1.0000000000110787
1.0000000000107925
1.0000000000104687
1.0000000000101081
1.0000000000097111
1.0000000000092781
1.0000000000088103
1.0000000000083069
1.0000000000077676
1.0000000000071925
1.0000000000065832
1.0000000000059421
1.0000000000052709
1.0000000000045712
1.0000000000038438
1.0000000000030898
1.0000000000023099
1.0000000000015059
1.0000000000006799
0.9999999999998337
0.9999999999989695
0.9999999999980890
0.9999999999971945
0.9999999999962879
0.9999999999953706
0.9999999999944446
0.9999999999935110
0.9999999999925714
0.9999999999916273
0.9999999999906812
0.9999999999897365
0.9999999999887969
0.9999999999878655
0.9999999999869446
0.9999999999860352
0.9999999999851389
0.9999999999842584
0.9999999999833935
0.9999999999825455
0.9999999999817171
0.9999999999809113
0.9999999999801316
0.9999999999793806
0.9999999999786614
0.9999999999779758
0.9999999999773255
0.9999999999767115
0.9999999999761356
0.9999999999756000
0.9999999999751068
0.9999999999746586
0.9999999999742556
0.9999999999738981
0.9999999999735865
0.9999999999733216
0.9999999999731035
0.9999999999729331
0.9999999999728112
0.9999999999727394
0.9999999999727186
0.9999999999727505
0.9999999999728368
0.9999999999729778
0.9999999999731737
0.9999999999734238
0.9999999999737273
0.9999999999740834
0.9999999999744911
0.9999999999749508
0.9999999999754621
0.9999999999760254
0.9999999999766411
0.9999999999773084
0.9999999999780256
0.9999999999787924
0.9999999999796092
0.9999999999804741
0.9999999999813847
0.9999999999823395
0.9999999999833372
0.9999999999843755
0.9999999999854526
0.9999999999865663
0.9999999999877143
0.9999999999888943
0.9999999999901046
0.9999999999913439
0.9999999999926094
0.9999999999938992
0.9999999999952121
0.9999999999965451
0.9999999999978960
0.9999999999992619
1.0000000000006406
1.0000000000020286
1.0000000000034226
1.0000000000048188
1.0000000000062153
1.0000000000076097
1.0000000000089984
1.0000000000103795
1.0000000000117515
1.0000000000131115
1.0000000000144578
1.0000000000157885
1.0000000000171017
1.0000000000183953
1.0000000000196672
1.0000000000209159
1.0000000000221385
1.0000000000233316
1.0000000000244926
1.0000000000256193
1.0000000000267082
1.0000000000277571
1.0000000000287628
1.0000000000297227
1.0000000000306351
1.0000000000314981
1.0000000000323102
1.0000000000330700
1.0000000000337754
1.0000000000344240
1.0000000000350140
1.0000000000355440
1.0000000000360130
1.0000000000364189
1.0000000000367602
1.0000000000370359
1.0000000000372440
1.0000000000373837
1.0000000000374536
1.0000000000374549
1.0000000000373885
1.0000000000372555
1.0000000000370575
