1.0000023439249015
1.0000023151093531
1.0000022808235889
1.0000022411504781
1.0000021961857271
1.0000021460376529
1.0000020908269227
1.0000020306862647
1.0000019657601518
1.0000018962044535
1.0000018221860656
1.0000017438825093
1.0000016614815070
1.0000015751805318
1.0000014851863368
1.0000013917144597
1.0000012949887094
1.0000011952406287
1.0000010927089424
1.0000009876389846
1.0000008802821123
1.0000007708951051
1.0000006597395512
1.0000005470812210
1.0000004331894332
1.0000003183364121
1.0000002027966359
1.0000000868461785
0.9999999707620509
0.9999998548215412
0.9999997393015496
0.9999996244779280
0.9999995106248201
0.9999993980140067
0.9999992869142547
0.9999991775906769
0.9999990703040970
0.9999989653104272
0.9999988628600568
0.9999987631972551
0.9999986665595869
0.9999985731773443
0.9999984832729963
0.9999983970606584
0.9999983147455809
0.9999982365236585
0.9999981625809613
0.9999980930932942
0.9999980282257752
0.9999979681324421
0.9999979129558841
0.9999978628269026
0.9999978178641966
0.9999977781740811
0.9999977438502338
0.9999977149734726
0.9999976916115612
0.9999976738190501
0.9999976616371461
0.9999976550936123
0.9999976542027049
0.9999976589651396
0.9999976693680913
0.9999976853852267
0.9999977069767666
0.9999977340895806
0.9999977666573163
0.9999978046005589
0.9999978478270219
0.9999978962317695
0.9999979496974662
0.9999980080946616
0.9999980712820957
0.9999981391070419
0.9999982114056727
0.9999982880034509
0.9999983687155493
0.9999984533472933
0.9999985416946269
0.9999986335446008
0.9999987286758824
0.9999988268592862
0.9999989278583229
0.9999990314297673
0.9999991373242405
0.9999992452868052
0.9999993550575774
0.9999994663723474
0.9999995789632130
0.9999996925592208
0.9999998068870170
0.9999999216715011
1.0000000366364832
1.0000001515053460
1.0000002660017089
1.0000003798500861
1.0000004927765500
1.0000006045093850
1.0000007147797372
1.0000008233222595
1.0000009298757466
1.0000010341837609
1.0000011359952456
1.0000012350651266
1.0000013311548963
1.0000014240331891
1.0000015134763345
1.0000015992688913
1.0000016812041648
1.0000017590847015
1.0000018327227609
1.0000019019407662
1.0000019665717303
1.0000020264596536
1.0000020814598993
1.0000021314395398
1.0000021762776765
1.0000022158657302
1.0000022501076999
1.0000022789203926
1.0000023022336224
1.0000023199903822
1.0000023321469773
1.0000023386731307
1.0000023395520581
1.0000023347805083
1.0000023243687701
1.0000023083406511
1.0000022867334202
1.0000022595977207
1.0000022269974480
1.0000021890095958
1.0000021457240749
1.0000020972434978
1.0000020436829340
1.0000019851696380
1.0000019218427416
1.0000018538529245
1.0000017813620532
1.0000017045427954
1.0000016235782072
1.0000015386612962
1.0000014499945591
1.0000013577895006
1.0000012622661256
1.0000011636524160
1.0000010621837840
1.0000009581025098
1.0000008516571623
1.0000007431020055
1.0000006326963911
1.0000005207041385
1.0000004073929034
1.0000002930335394
1.0000001778994503
1.0000000622659366
0.9999999464095377
0.9999998306073711
0.9999997151364685
0.9999996002731122
0.9999994862921771
0.9999993734664726
0.9999992620660899
0.9999991523577563
0.9999990446041973
0.9999989390635081
0.9999988359885372
0.9999987356262817
0.9999986382172958
0.9999985439951162
0.9999984531857034
0.9999983660068990
0.9999982826679077
0.9999982033687951
0.9999981283000093
0.9999980576419235
0.9999979915644051
0.9999979302264079
0.9999978737755959
0.9999978223479860
0.9999977760676225
0.9999977350462819
0.9999976993832029
0.9999976691648497
0.9999976444647036
0.9999976253430877
0.9999976118470205
0.9999976040101031
0.9999976018524394
0.9999976053805866
0.9999976145875369
0.9999976294527338
0.9999976499421226
0.9999976760082302
0.9999977075902793
0.9999977446143313
0.9999977869934601
0.9999978346279611
0.9999978874055850
0.9999979452018095
0.9999980078801344
0.9999980752924084
0.9999981472791792
0.9999982236700757
0.9999983042842127
0.9999983889306228
0.9999984774087142
0.9999985695087480
0.9999986650123386
0.9999987636929744
0.9999988653165580
0.9999989696419642
0.9999990764216150
0.9999991854020722
0.9999992963246402
0.9999994089259844
0.9999995229387574
0.9999996380922407
0.9999997541129895
0.9999998707254837
0.9999999876527876
1.0000001046172102
1.0000002213409673
1.0000003375468440
1.0000004529588553
1.0000005673029069
1.0000006803074482
1.0000007917041214
1.0000009012284021
1.0000010086202289
1.0000011136246247
1.0000012159923051
1.0000013154802743
1.0000014118524043
1.0000015048799964
1.0000015943423304
1.0000016800271900
1.0000017617313686
1.0000018392611523
1.0000019124327844
1.0000019810729015
1.0000020450189480
1.0000021041195644
1.0000021582349474
1.0000022072371848
1.0000022510105588
1.0000022894518232
1.0000023224704491
1.0000023499888386
1.0000023719425111
1.0000023882802556
1.0000023989642532
1.0000024039701669
1.0000024032871988
1.0000023969181147
1.0000023848792365
1.0000023672004041
1.0000023439249015
1.0000023151093531
1.0000022808235889
1.0000022411504781
