1.1404401644809821
1.1389378882636227
1.1371520616456707
1.1350846180625740
1.1327378164560720
1.1301142483577804
1.1272168459745637
1.1240488912813338
1.1206140261257387
1.1169162633472915
1.1129599989107304
1.1087500250495750
1.1042915444108665
1.0995901851856804
1.0946520172020171
1.0894835689468472
1.0840918454721569
1.0784843471255030
1.0726690890285662
1.0666546212071115
1.0604500492523352
1.0540650553663939
1.0475099196136437
1.0407955411634342
1.0339334592699079
1.0269358736888949
1.0198156641815379
1.0125864086987240
1.0052623997798988
0.9978586586347933
0.9903909463077384
0.9828757712526339
0.9753303925738250
0.9677728181162178
0.9602217965196074
0.9526968022908184
0.9452180128969896
0.9378062768490977
0.9304830717322570
0.9232704511547574
0.9161909796380128
0.9092676545615667
0.9025238144178435
0.8959830328265572
0.8896689980132629
0.8836053777731282
0.8778156703192392
0.8723230418505465
0.8671501521592540
0.8623189701173953
0.8578505814184517
0.8537649914780844
0.8500809268899113
0.8468156392563403
0.8439847155384295
0.8416018992617910
0.8396789269512577
0.8382253840263524
0.8372485840633788
0.8367534748209351
0.8367425737494036
0.8372159348896173
0.8381711481505544
0.8396033709877709
0.8415053915349924
0.8438677213225295
0.8466787148954945
0.8499247129616748
0.8535902051820500
0.8576580083824457
0.8621094558160024
0.8669245931343526
0.8720823769119654
0.8775608718868858
0.8833374435014240
0.8893889428158759
0.8956918813955771
0.9022225943079241
0.9089573898870661
0.9158726854105939
0.9229451282707112
0.9301517026033065
0.9374698216576828
0.9448774064470219
0.9523529514174122
0.9598755780161283
0.9674250771338443
0.9749819414473707
0.9825273887063430
0.9900433769958278
0.9975126129734153
1.0049185540297128
1.0122454052601630
1.0194781120680041
1.0266023491463518
1.0336045065145651
1.0404716732123684
1.0471916191861828
1.0537527758368996
1.0601442156376195
1.0663556311740841
1.0723773139098569
1.0782001329327191
1.0838155138981440
1.0892154183498155
1.0943923235657067
1.0993392030508848
1.1040495077746026
1.1085171482290264
1.1127364773698016
1.1167022744842068
1.1204097300206222
1.1238544314031080
1.1270323498468346
1.1299398281836557
1.1325735697020578
1.1349306280018658
1.1370083978612677
1.1388046071117790
1.1403173095155603
1.1415448786389357
1.1424860027158970
1.1431396804957470
1.1435052180697372
1.1435822266725293
1.1433706214554891
1.1428706212301167
1.1420827491812990
1.1410078345514609
1.1396470152980518
1.1380017417280515
1.1360737811142638
1.1338652232990434
1.1313784872916510
1.1286163288656303
1.1255818491623120
1.1222785043057111
1.1187101160325683
1.1148808833389496
1.1107953951415657
1.1064586439475788
1.1018760405210108
1.0970534295266936
1.0919971061238263
1.0867138334703388
1.0812108610861579
1.0754959440078060
1.0695773626482294
1.0634639432540134
1.0571650788268103
1.0506907503465872
1.0440515481007826
1.0372586928853713
1.0303240568008745
1.0232601833183428
1.0160803062371626
1.0087983670983185
1.0014290305537046
0.9939876971248019
0.9864905127134064
0.9789543741544015
0.9713969300276266
0.9638365758750896
0.9562924429041526
0.9487843792006561
0.9413329224327992
0.9339592630022518
0.9266851965994655
0.9195330651520899
0.9125256852257431
0.9056862630521199
0.8990382955271035
0.8926054567466851
0.8864114699348966
0.8804799649668633
0.8748343220993575
0.8694975029845811
0.8644918705491351
0.8598389998528300
0.8555594825794192
0.8516727283269531
0.8481967663289571
0.8451480516167332
0.8425412798956904
0.8403892155256428
0.8387025369433306
0.8374897036305675
0.8367568483100790
0.8365076974524887
0.8367435224241657
0.8374631227309238
0.8386628418606579
0.8403366152491556
0.8424760489399737
0.8450705266317237
0.8481073420484705
0.8515718529656241
0.8554476527972057
0.8597167554102809
0.8643597887756787
0.8693561931766963
0.8746844199563923
0.8803221271603247
0.8862463688931868
0.8924337757223646
0.8988607239986350
0.9055034924973859
0.9123384052909542
0.9193419602274095
0.9264909428020009
0.9337625255581306
0.9411343534428712
0.9485846157688543
0.9560921056035778
0.9636362675242977
0.9711972347481759
0.9787558566802840
0.9862937179233413
0.9937931497693311
1.0012372351504446
1.0086098079704524
1.0158954476721707
1.0230794698260011
1.0301479134515890
1.0370875257119327
1.0438857445485568
1.0505306797589755
1.0570110929545193
1.0633163767782194
1.0694365337091423
1.0753621547313994
1.0810843981029643
1.0865949684211944
1.0918860961483301
1.0969505177308883
1.1017814564214476
1.1063726038894777
1.1107181026892488
1.1148125296371216
1.1186508801373372
1.1222285534845033
1.1255413391620506
1.1285854041487056
1.1313572812393409
1.1338538583821367
1.1360723690306962
1.1380103835074069
1.1396658013727985
1.1410368447947890
1.1421220529114171
1.1429202771808273
1.1434306777128407
1.1436527205772864
1.1435861760853696
1.1432311180415897
1.1425879239650756
1.1416572762806103
1.1404401644809821
1.1389378882636227
1.1371520616456707
1.1350846180625740
