1.0351672039072826
1.0347393128988229
1.0342315255048193
1.0336448671030409
1.0329805252457236
1.0322398485788842
1.0314243455867269
1.0305356831513817
1.0295756849171873
1.0285463294477251
1.0274497481628948
1.0262882230424684
1.0250641840817867
1.0237802064845996
1.0224390075774952
1.0210434434299294
1.0195965051635714
1.0181013149345617
1.0165611215723085
1.0149792958586856
1.0133593254319393
1.0117048093002752
1.0100194519510144
1.0083070570423780
1.0065715206664161
1.0048168241733388
1.0030470265495399
1.0012662563439767
0.9994787031402353
0.9976886085746098
0.9959002569038300
0.9941179651297023
0.9923460726918379
0.9905889307438457
0.9888508910328061
0.9871362944065091
0.9854494589777617
0.9837946679800409
0.9821761573537886
0.9805981031076786
0.9790646085041536
0.9775796911233483
0.9761472698641223
0.9747711519452034
0.9734550199733526
0.9722024191488602
0.9710167446815386
0.9699012294925579
0.9688589322789464
0.9678927260182496
0.9670052869906685
0.9661990843949215
0.9654763706320916
0.9648391723287759
0.9642892821670093
0.9638282515836432
0.9634573843962333
0.9631777314060184
0.9629900860213970
0.9628949809374809
0.9628926858989409
0.9629832065645960
0.9631662844831449
0.9634413981802407
0.9638077653479223
0.9642643461183529
0.9648098473950233
0.9654427282062111
0.9661612060376289
0.9669632640939695
0.9678466594325774
0.9688089319067926
0.9698474138516934
0.9709592404410680
0.9721413606414674
0.9733905486871608
0.9747034159987006
0.9760764234675975
0.9775058940302296
0.9789880254555572
0.9805189032733740
0.9820945137726275
0.9837107570027593
0.9853634597148578
0.9870483881837107
0.9887612608564319
0.9904977607781430
0.9922535477501524
0.9940242701811165
0.9958055765966797
0.9975931267780687
0.9993826025049412
1.0011697178824770
1.0029502292371342
1.0047199445697172
1.0064747325583216
1.0082105311073606
1.0099233554422113
1.0116093057520148
1.0132645743858613
1.0148854526099640
1.0164683369354779
1.0180097350283792
1.0195062712142819
1.0209546915922543
1.0223518687726272
1.0236948062544604
1.0249806424587833
1.0262066544339736
1.0273702612496824
1.0284690270955921
1.0295006641010074
1.0304630348908514
1.0313541548930958
1.0321721944119779
1.0329154804806027
1.0335824985056756
1.0341718937161943
1.0346824724269268
1.0351132031264751
1.0354632173986216
1.0357318106845315
1.0359184428922290
1.0360227388585661
1.0360444886677085
1.0359836478289379
1.0358403373153369
1.0356148434636820
1.0353076177346445
1.0349192763311454
1.0344505996715003
1.0339025317127666
1.0332761791185041
1.0325728102639897
1.0317938540707825
1.0309408986614115
1.0300156898239061
1.0290201292748535
1.0279562727087144
1.0268263276202372
1.0256326508860032
1.0243777460904002
1.0230642605807274
1.0216949822356269
1.0202728359306772
1.0188008796847663
1.0172823004708234
1.0157204096746162
1.0141186381856573
1.0124805311048253
1.0108097420540849
1.0091100270747471
1.0073852381020065
1.0056393160051094
1.0038762831843877
1.0021002357186028
1.0003153350585567
0.9985257992657754
0.9967358937982209
0.9949499218484589
0.9931722142434981
0.9914071189195676
0.9896589899894416
0.9879321764244707
0.9862310103782436
0.9845597951837092
0.9829227930605968
0.9813242125750136
0.9797681958981123
0.9782588059156290
0.9768000132448161
0.9753956832197566
0.9740495629101442
0.9727652682422853
0.9715462712942161
0.9703958878393532
0.9693172652149294
0.9683133705925484
0.9673869797284367
0.9665406662703490
0.9657767916965481
0.9650974959598055
0.9645046889059692
0.9640000425322989
0.9635849841455617
0.9632606904737905
0.9630280827787775
0.9628878230088420
0.9628403110232855
0.9628856829113647
0.9630238104196702
0.9632543014926476
0.9635765019217813
0.9639894980898069
0.9644921207873653
0.9650829500709228
0.9657603211226365
0.9665223310652953
0.9673668466786067
0.9682915129570090
0.9692937624439303
0.9703708252730646
0.9715197398437994
0.9727373640554271
0.9740203870232230
0.9753653411988035
0.9767686148174294
0.9782264645959504
0.9797350286069165
0.9812903392568829
0.9828883363000633
0.9845248798221299
0.9861957631330603
0.9878967255123773
0.9896234647548475
0.9913716494696110
0.9931369310907169
0.9949149555620912
0.9967013746649674
0.9984918569607272
1.0002820983268490
1.0020678320682486
1.0038448385906098
1.0056089546264022
1.0073560820080418
1.0090821959861533
1.0107833530940478
1.0124556985623785
1.0140954732904728
1.0156990203830425
1.0172627912628815
1.0187833513717643
1.0202573854730830
1.0216817025708065
1.0230532404601431
1.0243690699258559
1.0256263986045153
1.0268225745271156
1.0279550893584442
1.0290215813493793
1.0300198380179324
1.0309477985743645
1.0318035561050871
1.0325853595293513
1.0332916153419114
1.0339208891539660
1.0344719070437181
1.0349435567268797
1.0353348885563809
1.0356451163594256
1.0358736181189008
1.0360199365049600
1.0360837792614128
1.0360650194503336
1.0359636955570848
1.0357800114566968
1.0355143362413286
1.0351672039072826
1.0347393128988229
1.0342315255048193
1.0336448671030409
