1.0688793882522651
1.0680741628447590
1.0671180219261800
1.0660125870600092
1.0647597418093457
1.0633616325097175
1.0618206690893366
1.0601395259127480
1.0583211426204406
1.0563687249334468
1.0542857453882719
1.0520759439636667
1.0497433285567577
1.0472921752619500
1.0447270284017505
1.0420527002543345
1.0392742704182467
1.0363970847501949
1.0334267538074706
1.0303691507221857
1.0272304084303303
1.0240169161747201
1.0207353151973064
1.0173924935331899
1.0139955798161515
1.0105519360037070
1.0070691489288077
1.0035550205854897
1.0000175570572034
0.9964649559994526
0.9929055925929040
0.9893480038895024
0.9858008714825255
0.9822730024421091
0.9787733084707246
0.9753107832484998
0.9718944779562312
0.9685334749844373
0.9652368598598329
0.9620136914460165
0.9588729705027741
0.9558236067178766
0.9528743843562326
0.9500339267032147
0.9473106595112970
0.9447127736911467
0.9422481875192145
0.9399245086627819
0.9377489963494979
0.9357285240307116
0.9338695429055079
0.9321780466844293
0.9306595379776463
0.9293189966912094
0.9281608508065100
0.9271889499019363
0.9264065417518923
0.9258162523070755
0.9254200693216317
0.9252193298482365
0.9252147117722204
0.9254062295017006
0.9257932338736213
0.9263744162770122
0.9271478169361860
0.9281108372394025
0.9292602559442368
0.9305922490407339
0.9321024130086004
0.9337857911661032
0.9356369027767583
0.9376497745557230
0.9398179742013252
0.9421346455683165
0.9445925450979774
0.9471840791257110
0.9499013416985325
0.9527361525522575
0.9556800949202754
0.9587245528717077
0.9618607479055610
0.9650797745583198
0.9683726348143863
0.9717302711411101
0.9751435980021358
0.9786035317338145
0.9821010186990041
0.9856270616602729
0.9891727443400361
0.9927292541582973
0.9962879031592833
0.9998401471563364
1.0033776031399395
1.0068920650068178
1.0103755176787568
1.0138201496882724
1.0172183643147272
1.0205627893591043
1.0238462856486032
1.0270619543637249
1.0302031432807419
1.0332634520216064
1.0362367364015859
1.0391171119624076
1.0418989567755947
1.0445769135970990
1.0471458914503999
1.0496010667110784
1.0519378837615228
1.0541520552800177
1.0562395622240104
1.0581966535629377
1.0600198458116437
1.0617059224111702
1.0632519329995753
1.0646551926114467
1.0659132808409264
1.0670240409993696
1.0679855792952340
1.0687962640603710
1.0694547250436537
1.0699598527897181
1.0703107981175795
1.0705069717109570
1.0705480438292854
1.0704339441456141
1.0701648617148429
1.0697412450730326
1.0691638024658126
1.0684335022011793
1.0675515731192202
1.0665195051684848
1.0653390500758377
1.0640122220936543
1.0625412988051488
1.0609288219654220
1.0591775983524898
1.0572907005990919
1.0552714679724589
1.0531235070654481
1.0508506923585517
1.0484571666082056
1.0459473410126507
1.0433258951022810
1.0405977762970340
1.0377681990689231
1.0348426436433709
1.0318268541686055
1.0287268362780957
1.0255488539669253
1.0222994256992157
1.0189853196603278
1.0156135480647144
1.0121913604281096
1.0087262357113671
1.0052258732428898
1.0016981823273710
0.9981512704507219
0.9945934299947425
0.9910331233805433
0.9874789665670970
0.9839397108408080
0.9804242228437530
0.9769414628024560
0.9735004609357583
0.9701102920396211
0.9667800482685162
0.9635188101573430
0.9603356159544058
0.9572394293646288
0.9542391058325246
0.9513433575260162
0.9485607172145029
0.9458995012668524
0.9433677720266124
0.9409732998517855
0.9387235251341568
0.9366255206374596
0.9346859545137277
0.9329110543721144
0.9313065727834426
0.9298777546061121
0.9286293065141623
0.9275653690959087
0.9266894918715006
0.9260046115500670
0.9255130338121539
0.9252164188615216
0.9251157709428652
0.9252114319697187
0.9255030793508978
0.9259897280457348
0.9266697368194809
0.9275408186120977
0.9286000548776800
0.9298439136993398
0.9312682714367163
0.9328684376214744
0.9346391827809949
0.9365747688425780
0.9386689817501876
0.9409151659131811
0.9433062601014348
0.9458348344034407
0.9484931278727639
0.9512730865030276
0.9541664011915255
0.9571645453757528
0.9602588120547066
0.9634403499368163
0.9667001984879233
0.9700293216850349
0.9734186403138559
0.9768590626797328
0.9803415136320049
0.9838569618304754
0.9873964452093466
0.9909510946183305
0.9945121556425280
0.9980710086220088
1.0016191869088118
1.0051483934133383
1.0086505155039667
1.0121176383332708
1.0155420566716546
1.0189162853347156
1.0222330682943901
1.0254853865661071
1.0286664649650092
1.0317697778239474
1.0347890537646178
1.0377182796110302
1.0405517035316660
1.0432838374933169
1.0459094591058120
1.0484236129327702
1.0508216113392415
1.0530990349426983
1.0552517327293984
1.0572758218936915
1.0591676874534539
1.0609239816905247
1.0625416234608263
1.0640177974147857
1.0653499531647526
1.0665358044323456
1.0675733282050315
1.0684607639277823
1.0691966127523127
1.0697796368632169
1.0702088588972301
1.0704835614688775
1.0706032868128852
1.0705678365509110
1.0703772715873965
1.0700319121366100
1.0695323378802521
1.0688793882522651
1.0680741628447590
1.0671180219261800
1.0660125870600092
