1.0000017020780860
1.0000016812287553
1.0000016564118996
1.0000016276875747
1.0000015951251435
1.0000015588031121
1.0000015188089415
1.0000014752388391
1.0000014281975254
1.0000013777979857
1.0000013241612007
1.0000012674158558
1.0000012076980347
1.0000011451508923
1.0000010799243126
1.0000010121745488
1.0000009420638503
1.0000008697600755
1.0000007954362888
1.0000007192703484
1.0000006414444793
1.0000005621448396
1.0000004815610763
1.0000003998858706
1.0000003173144756
1.0000002340442513
1.0000001502741929
1.0000000662044546
0.9999999820358707
0.9999998979694776
0.9999998142060330
0.9999997309455345
0.9999996483867433
0.9999995667267064
0.9999994861602899
0.9999994068797099
0.9999993290740745
0.9999992529289319
0.9999991786258270
0.9999991063418685
0.9999990362493050
0.9999989685151126
0.9999989033005983
0.9999988407610132
0.9999987810451831
0.9999987242951525
0.9999986706458456
0.9999986202247447
0.9999985731515845
0.9999985295380667
0.9999984894875947
0.9999984530950256
0.9999984204464440
0.9999983916189590
0.9999983666805183
0.9999983456897459
0.9999983286958022
0.9999983157382690
0.9999983068470556
0.9999983020423261
0.9999983013344532
0.9999983047239934
0.9999983122016874
0.9999983237484826
0.9999983393355785
0.9999983589244961
0.9999983824671705
0.9999984099060694
0.9999984411743280
0.9999984761959109
0.9999985148857935
0.9999985571501674
0.9999986028866668
0.9999986519846106
0.9999987043252697
0.9999987597821522
0.9999988182213045
0.9999988795016341
0.9999989434752478
0.9999990099878050
0.9999990788788886
0.9999991499823890
0.9999992231269015
0.9999992981361367
0.9999993748293444
0.9999994530217444
0.9999995325249702
0.9999996131475204
0.9999996946952155
0.9999997769716662
0.9999998597787404
0.9999999429170405
1.0000000261863802
1.0000001093862623
1.0000001923163599
1.0000002747769956
1.0000003565696209
1.0000004374972919
1.0000005173651390
1.0000005959808329
1.0000006731550477
1.0000007487019131
1.0000008224394592
1.0000008941900533
1.0000009637808243
1.0000010310440781
1.0000010958176984
1.0000011579455352
1.0000012172777788
1.0000012736713186
1.0000013269900863
1.0000013771053808
1.0000014238961776
1.0000014672494182
1.0000015070602819
1.0000015432324356
1.0000015756782681
1.0000016043190958
1.0000016290853542
1.0000016499167645
1.0000016667624774
1.0000016795811959
1.0000016883412739
1.0000016930207927
1.0000016936076144
1.0000016900994115
1.0000016825036735
1.0000016708376902
1.0000016551285087
1.0000016354128700
1.0000016117371233
1.0000015841571126
1.0000015527380455
1.0000015175543375
1.0000014786894367
1.0000014362356213
1.0000013902937801
1.0000013409731718
1.0000012883911651
1.0000012326729579
1.0000011739512791
1.0000011123660715
1.0000010480641583
1.0000009811988901
1.0000009119297788
1.0000008404221163
1.0000007668465825
1.0000006913788344
1.0000006141990883
1.0000005354916868
1.0000004554446629
1.0000003742492869
1.0000002920996092
1.0000002091919966
1.0000001257246636
1.0000000418971984
0.9999999579100872
0.9999998739642323
0.9999997902604727
0.9999997069991035
0.9999996243793972
0.9999995425991285
0.9999994618541003
0.9999993823376756
0.9999993042403156
0.9999992277491240
0.9999991530473994
0.9999990803141974
0.9999990097239005
0.9999989414458024
0.9999988756437020
0.9999988124755125
0.9999987520928821
0.9999986946408332
0.9999986402574144
0.9999985890733696
0.9999985412118259
0.9999984967879992
0.9999984559089169
0.9999984186731614
0.9999983851706351
0.9999983554823439
0.9999983296802033
0.9999983078268661
0.9999982899755726
0.9999982761700228
0.9999982664442691
0.9999982608226368
0.9999982593196638
0.9999982619400664
0.9999982686787263
0.9999982795207039
0.9999982944412726
0.9999983134059777
0.9999983363707162
0.9999983632818416
0.9999983940762909
0.9999984286817366
0.9999984670167579
0.9999985089910350
0.9999985545055640
0.9999986034528916
0.9999986557173729
0.9999987111754461
0.9999987696959285
0.9999988311403275
0.9999988953631707
0.9999989622123542
0.9999990315295034
0.9999991031503529
0.9999991769051367
0.9999992526189949
0.9999993301123890
0.9999994092015320
0.9999994896988256
0.9999995714133071
0.9999996541511055
0.9999997377159052
0.9999998219094135
0.9999999065318339
0.9999999913823424
1.0000000762595687
1.0000001609620734
1.0000002452888312
1.0000003290397093
1.0000004120159456
1.0000004940206211
1.0000005748591310
1.0000006543396496
1.0000007322735898
1.0000008084760501
1.0000008827662561
1.0000009549679929
1.0000010249100242
1.0000010924265024
1.0000011573573637
1.0000012195487094
1.0000012788531729
1.0000013351302712
1.0000013882467409
1.0000014380768545
1.0000014845027207
1.0000015274145666
1.0000015667109976
1.0000016022992402
1.0000016340953639
1.0000016620244805
1.0000016860209209
1.0000017060283932
1.0000017220001141
1.0000017338989229
1.0000017416973690
1.0000017453777763
1.0000017449322847
1.0000017403628692
1.0000017316813352
1.0000017189092889
1.0000017020780860
1.0000016812287553
1.0000016564118996
1.0000016276875747
