1.0000150655500382
1.0000148775423907
1.0000146541993258
1.0000143960579295
1.0000141037383266
1.0000137779421983
1.0000134194511026
1.0000130291246050
1.0000126078982199
1.0000121567811779
1.0000116768540077
1.0000111692659543
1.0000106352322324
1.0000100760311197
1.0000094930009009
1.0000088875366711
1.0000082610869987
1.0000076151504613
1.0000069512720644
1.0000062710395485
1.0000055760795958
1.0000048680539382
1.0000041486553874
1.0000034196037868
1.0000026826419017
1.0000019395312534
1.0000011920479082
1.0000004419782351
0.9999996911146348
0.9999989412512537
0.9999981941796966
0.9999974516847463
0.9999967155400956
0.9999959875041081
0.9999952693156157
0.9999945626897641
0.9999938693139112
0.9999931908435961
0.9999925288985828
0.9999918850589881
0.9999912608615060
0.9999906577957347
0.9999900773006175
0.9999895207610038
0.9999889895043396
0.9999884847974966
0.9999880078437434
0.9999875597798714
0.9999871416734790
0.9999867545204215
0.9999863992424323
0.9999860766849206
0.9999857876149513
0.9999855327194145
0.9999853126033856
0.9999851277886803
0.9999849787126106
0.9999848657269399
0.9999847890970476
0.9999847490012970
0.9999847455306117
0.9999847786882597
0.9999848483898498
0.9999849544635357
0.9999850966504296
0.9999852746052234
0.9999854878970200
0.9999857360103658
0.9999860183464869
0.9999863342247231
0.9999866828841593
0.9999870634854503
0.9999874751128293
0.9999879167763002
0.9999883874140119
0.9999888858947968
0.9999894110208802
0.9999899615307472
0.9999905361021632
0.9999911333553383
0.9999917518562298
0.9999923901199748
0.9999930466144444
0.9999937197639133
0.9999944079528275
0.9999951095296713
0.9999958228109180
0.9999965460850575
0.9999972776166933
0.9999980156506943
0.9999987584163951
0.9999995041318330
1.0000002510080113
1.0000009972531796
1.0000017410771200
1.0000024806954306
1.0000032143337949
1.0000039402322256
1.0000046566492762
1.0000053618662061
1.0000060541910940
1.0000067319628856
1.0000073935553679
1.0000080373810578
1.0000086618949988
1.0000092655984603
1.0000098470425209
1.0000104048315364
1.0000109376264763
1.0000114441481300
1.0000119231801661
1.0000123735720428
1.0000127942417614
1.0000131841784550
1.0000135424448069
1.0000138681792952
1.0000141605982555
1.0000144189977536
1.0000146427552705
1.0000148313311967
1.0000149842701218
1.0000151012019263
1.0000151818426690
1.0000152259952693
1.0000152335499768
1.0000152044846391
1.0000151388647576
1.0000150368433318
1.0000148986604975
1.0000147246429538
1.0000145152031847
1.0000142708384769
1.0000139921297322
1.0000136797400825
1.0000133344133055
1.0000129569720486
1.0000125483158646
1.0000121094190650
1.0000116413283919
1.0000111451605183
1.0000106220993807
1.0000100733933512
1.0000095003522540
1.0000089043442386
1.0000082867925104
1.0000076491719292
1.0000069930054842
1.0000063198606550
1.0000056313456644
1.0000049291056388
1.0000042148186750
1.0000034901918291
1.0000027569570369
1.0000020168669728
1.0000012716908646
1.0000005232102611
0.9999997732147723
0.9999990234977935
0.9999982758522189
0.9999975320661539
0.9999967939186406
0.9999960631754050
0.9999953415846354
0.9999946308728020
0.9999939327405293
0.9999932488585266
0.9999925808635948
0.9999919303547120
0.9999912988892103
0.9999906879790510
0.9999900990872082
0.9999895336241690
0.9999889929445603
0.9999884783439085
0.9999879910555406
0.9999875322476333
0.9999871030204155
0.9999867044035397
0.9999863373536154
0.9999860027519210
0.9999857014022927
0.9999854340292026
0.9999852012760221
0.9999850037034819
0.9999848417883276
0.9999847159221787
0.9999846264105885
0.9999845734723104
0.9999845572387719
0.9999845777537578
0.9999846349733043
0.9999847287657996
0.9999848589122973
0.9999850251070329
0.9999852269581549
0.9999854639886568
0.9999857356375156
0.9999860412610290
0.9999863801343511
0.9999867514532229
0.9999871543358894
0.9999875878252061
0.9999880508909249
0.9999885424321524
0.9999890612799793
0.9999896062002710
0.9999901758966150
0.9999907690134182
0.9999913841391406
0.9999920198096665
0.9999926745118053
0.9999933466869024
0.9999940347345626
0.9999947370164701
0.9999954518603040
0.9999961775637316
0.9999969123984745
0.9999976546144361
0.9999984024438805
0.9999991541056539
0.9999999078094399
1.0000006617600350
1.0000014141616351
1.0000021632221268
1.0000029071573646
1.0000036441954345
1.0000043725808816
1.0000050905789046
1.0000057964795004
1.0000064886015461
1.0000071652968130
1.0000078249539028
1.0000084660020949
1.0000090869150950
1.0000096862146814
1.0000102624742342
1.0000108143221393
1.0000113404450670
1.0000118395911051
1.0000123105727479
1.0000127522697306
1.0000131636317040
1.0000135436807394
1.0000138915136647
1.0000142063042186
1.0000144873050214
1.0000147338493595
1.0000149453527747
1.0000151213144577
1.0000152613184428
1.0000153650345993
1.0000154322194175
1.0000154627165871
1.0000154564573698
1.0000154134607593
1.0000153338334350
1.0000152177695050
1.0000150655500382
1.0000148775423907
1.0000146541993258
1.0000143960579295
