1.0000000000028080
1.0000000000028137
1.0000000000028149
1.0000000000028118
1.0000000000028046
1.0000000000027938
1.0000000000027791
1.0000000000027602
1.0000000000027374
1.0000000000027107
1.0000000000026812
1.0000000000026499
1.0000000000026168
1.0000000000025817
1.0000000000025446
1.0000000000025047
1.0000000000024609
1.0000000000024132
1.0000000000023612
1.0000000000023050
1.0000000000022446
1.0000000000021818
1.0000000000021179
1.0000000000020550
1.0000000000019944
1.0000000000019365
1.0000000000018805
1.0000000000018261
1.0000000000017717
1.0000000000017162
1.0000000000016582
1.0000000000015969
1.0000000000015334
1.0000000000014690
1.0000000000014062
1.0000000000013467
1.0000000000012914
1.0000000000012408
1.0000000000011939
1.0000000000011502
1.0000000000011084
1.0000000000010683
1.0000000000010292
1.0000000000009905
1.0000000000009528
1.0000000000009159
1.0000000000008797
1.0000000000008440
1.0000000000008082
1.0000000000007732
1.0000000000007394
1.0000000000007077
1.0000000000006783
1.0000000000006517
1.0000000000006273
1.0000000000006055
1.0000000000005866
1.0000000000005711
1.0000000000005589
1.0000000000005500
1.0000000000005456
1.0000000000005456
1.0000000000005491
1.0000000000005556
1.0000000000005638
1.0000000000005731
1.0000000000005849
1.0000000000006006
1.0000000000006217
1.0000000000006475
1.0000000000006761
1.0000000000007050
1.0000000000007321
1.0000000000007570
1.0000000000007800
1.0000000000008018
1.0000000000008236
1.0000000000008455
1.0000000000008669
1.0000000000008866
1.0000000000009039
1.0000000000009182
1.0000000000009301
1.0000000000009399
1.0000000000009470
1.0000000000009510
1.0000000000009519
1.0000000000009492
1.0000000000009441
1.0000000000009373
1.0000000000009288
1.0000000000009186
1.0000000000009057
1.0000000000008900
1.0000000000008715
1.0000000000008513
1.0000000000008298
1.0000000000008069
1.0000000000007825
1.0000000000007563
1.0000000000007285
1.0000000000006992
1.0000000000006688
1.0000000000006375
1.0000000000006046
1.0000000000005702
1.0000000000005349
1.0000000000005000
1.0000000000004661
1.0000000000004345
1.0000000000004057
1.0000000000003793
1.0000000000003544
1.0000000000003313
1.0000000000003089
1.0000000000002855
1.0000000000002613
1.0000000000002365
1.0000000000002103
1.0000000000001832
1.0000000000001552
1.0000000000001266
1.0000000000000979
1.0000000000000717
1.0000000000000482
1.0000000000000273
1.0000000000000091
0.9999999999999938
0.9999999999999815
0.9999999999999721
0.9999999999999654
0.9999999999999603
0.9999999999999549
0.9999999999999497
0.9999999999999444
0.9999999999999400
0.9999999999999361
0.9999999999999325
0.9999999999999301
0.9999999999999298
0.9999999999999325
0.9999999999999375
0.9999999999999454
0.9999999999999555
0.9999999999999677
0.9999999999999823
0.9999999999999989
1.0000000000000162
1.0000000000000342
1.0000000000000528
1.0000000000000715
1.0000000000000893
1.0000000000001059
1.0000000000001210
1.0000000000001334
1.0000000000001430
1.0000000000001501
1.0000000000001557
1.0000000000001599
1.0000000000001623
1.0000000000001628
1.0000000000001612
1.0000000000001585
1.0000000000001552
1.0000000000001510
1.0000000000001457
1.0000000000001399
1.0000000000001330
1.0000000000001252
1.0000000000001172
1.0000000000001081
1.0000000000000968
1.0000000000000828
1.0000000000000659
1.0000000000000469
1.0000000000000253
1.0000000000000011
0.9999999999999744
0.9999999999999467
0.9999999999999176
0.9999999999998884
0.9999999999998586
0.9999999999998268
0.9999999999997935
0.9999999999997595
0.9999999999997257
0.9999999999996927
0.9999999999996604
0.9999999999996283
0.9999999999995968
0.9999999999995658
0.9999999999995366
0.9999999999995106
0.9999999999994886
0.9999999999994703
0.9999999999994568
0.9999999999994480
0.9999999999994439
0.9999999999994433
0.9999999999994468
0.9999999999994539
0.9999999999994655
0.9999999999994817
0.9999999999995023
0.9999999999995270
0.9999999999995557
0.9999999999995879
0.9999999999996225
0.9999999999996594
0.9999999999996991
0.9999999999997433
0.9999999999997922
0.9999999999998459
0.9999999999999040
0.9999999999999655
1.0000000000000298
1.0000000000000948
1.0000000000001597
1.0000000000002247
1.0000000000002904
1.0000000000003577
1.0000000000004272
1.0000000000004987
1.0000000000005718
1.0000000000006475
1.0000000000007268
1.0000000000008102
1.0000000000008966
1.0000000000009852
1.0000000000010754
1.0000000000011660
1.0000000000012572
1.0000000000013485
1.0000000000014395
1.0000000000015297
1.0000000000016178
1.0000000000017042
1.0000000000017886
1.0000000000018709
1.0000000000019511
1.0000000000020277
1.0000000000021010
1.0000000000021718
1.0000000000022407
1.0000000000023070
1.0000000000023712
1.0000000000024325
1.0000000000024900
1.0000000000025433
1.0000000000025919
1.0000000000026357
1.0000000000026741
1.0000000000027078
1.0000000000027371
1.0000000000027625
1.0000000000027827
1.0000000000027980
1.0000000000028080
1.0000000000028137
1.0000000000028149
1.0000000000028118
