1.0000002300898485
1.0000002273645512
1.0000002241087833
1.0000002203305145
1.0000002160389538
1.0000002112445301
1.0000002059588651
1.0000002001947470
1.0000001939661001
1.0000001872879496
1.0000001801763871
1.0000001726485324
1.0000001647224910
1.0000001564173120
1.0000001477529417
1.0000001387501782
1.0000001294306184
1.0000001198166075
1.0000001099311855
1.0000000997980318
1.0000000894414087
1.0000000788861054
1.0000000681573766
1.0000000572808816
1.0000000462826237
1.0000000351888871
1.0000000240261757
1.0000000128211510
1.0000000016005666
0.9999999903912028
0.9999999792198059
0.9999999681130209
0.9999999570973309
0.9999999461989919
0.9999999354439707
0.9999999248578818
0.9999999144659265
0.9999999042928343
0.9999998943628030
0.9999998846994406
0.9999998753257098
0.9999998662638714
0.9999998575354334
0.9999998491610981
0.9999998411607139
0.9999998335532275
0.9999998263566388
0.9999998195879571
0.9999998132631609
0.9999998073971604
0.9999998020037620
0.9999997970956344
0.9999997926842790
0.9999997887800036
0.9999997853918970
0.9999997825278080
0.9999997801943256
0.9999997783967651
0.9999997771391534
0.9999997764242206
0.9999997762533924
0.9999997766267892
0.9999997775432238
0.9999997790002056
0.9999997809939468
0.9999997835193717
0.9999997865701284
0.9999997901386048
0.9999997942159474
0.9999997987920815
0.9999998038557363
0.9999998093944714
0.9999998153947083
0.9999998218417601
0.9999998287198698
0.9999998360122465
0.9999998437011054
0.9999998517677113
0.9999998601924248
0.9999998689547486
0.9999998780333751
0.9999998874062388
0.9999998970505685
0.9999999069429438
0.9999999170593497
0.9999999273752346
0.9999999378655703
0.9999999485049098
0.9999999592674507
0.9999999701270965
0.9999999810575186
0.9999999920322191
1.0000000030245950
1.0000000140080023
1.0000000249558187
1.0000000358415075
1.0000000466386820
1.0000000573211685
1.0000000678630698
1.0000000782388281
1.0000000884232860
1.0000000983917450
1.0000001081200254
1.0000001175845243
1.0000001267622736
1.0000001356309931
1.0000001441691448
1.0000001523559841
1.0000001601716106
1.0000001675970167
1.0000001746141298
1.0000001812058592
1.0000001873561355
1.0000001930499500
1.0000001982733904
1.0000002030136736
1.0000002072591769
1.0000002109994663
1.0000002142253219
1.0000002169287605
1.0000002191030510
1.0000002207427345
1.0000002218436355
1.0000002224028737
1.0000002224188704
1.0000002218913535
1.0000002208213563
1.0000002192112161
1.0000002170645679
1.0000002143863360
1.0000002111827249
1.0000002074612020
1.0000002032304811
1.0000001985005011
1.0000001932824025
1.0000001875884998
1.0000001814322532
1.0000001748282374
1.0000001677921058
1.0000001603405531
1.0000001524912747
1.0000001442629256
1.0000001356750761
1.0000001267481635
1.0000001175034443
1.0000001079629450
1.0000000981494086
1.0000000880862390
1.0000000777974458
1.0000000673075875
1.0000000566417124
1.0000000458252980
1.0000000348841900
1.0000000238445415
1.0000000127327482
1.0000000015753892
0.9999999903991622
0.9999999792308177
0.9999999680970967
0.9999999570246662
0.9999999460400567
0.9999999351695975
0.9999999244393548
0.9999999138750686
0.9999999035020897
0.9999998933453196
0.9999998834291508
0.9999998737774111
0.9999998644133049
0.9999998553593571
0.9999998466373591
0.9999998382683167
0.9999998302724014
0.9999998226689013
0.9999998154761724
0.9999998087115977
0.9999998023915443
0.9999997965313260
0.9999997911451641
0.9999997862461536
0.9999997818462313
0.9999997779561489
0.9999997745854456
0.9999997717424255
0.9999997694341376
0.9999997676663591
0.9999997664435826
0.9999997657690045
0.9999997656445186
0.9999997660707086
0.9999997670468471
0.9999997685708969
0.9999997706395169
0.9999997732480703
0.9999997763906339
0.9999997800600137
0.9999997842477594
0.9999997889441857
0.9999997941383952
0.9999997998183067
0.9999998059706806
0.9999998125811534
0.9999998196342690
0.9999998271135162
0.9999998350013668
0.9999998432793192
0.9999998519279428
0.9999998609269234
0.9999998702551104
0.9999998798905679
0.9999998898106292
0.9999998999919482
0.9999999104105549
0.9999999210419122
0.9999999318609762
0.9999999428422555
0.9999999539598710
0.9999999651876179
0.9999999764990287
0.9999999878674364
0.9999999992660357
1.0000000106679492
1.0000000220462901
1.0000000333742258
1.0000000446250434
1.0000000557722128
1.0000000667894509
1.0000000776507818
1.0000000883306006
1.0000000988037343
1.0000001090455013
1.0000001190317702
1.0000001287390177
1.0000001381443826
1.0000001472257227
1.0000001559616665
1.0000001643316641
1.0000001723160363
1.0000001798960219
1.0000001870538227
1.0000001937726439
1.0000002000367350
1.0000002058314268
1.0000002111431667
1.0000002159595511
1.0000002202693554
1.0000002240625609
1.0000002273303785
1.0000002300652679
1.0000002322609571
1.0000002339124567
1.0000002350160710
1.0000002355694082
1.0000002355713848
1.0000002350222281
1.0000002339234744
1.0000002322779669
1.0000002300898485
1.0000002273645512
1.0000002241087833
1.0000002203305145
