1.0000000000283242
1.0000000000282985
1.0000000000282248
1.0000000000281033
1.0000000000279345
1.0000000000277198
1.0000000000274603
1.0000000000271569
1.0000000000268117
1.0000000000264260
1.0000000000260008
1.0000000000255371
1.0000000000250360
1.0000000000244988
1.0000000000239284
1.0000000000233271
1.0000000000226958
1.0000000000220377
1.0000000000213540
1.0000000000206466
1.0000000000199165
1.0000000000191651
1.0000000000183946
1.0000000000176070
1.0000000000168050
1.0000000000159912
1.0000000000151681
1.0000000000143374
1.0000000000135016
1.0000000000126623
1.0000000000118203
1.0000000000109781
1.0000000000101377
1.0000000000093017
1.0000000000084712
1.0000000000076479
1.0000000000068336
1.0000000000060298
1.0000000000052378
1.0000000000044589
1.0000000000036930
1.0000000000029430
1.0000000000022105
1.0000000000014979
1.0000000000008065
1.0000000000001386
0.9999999999994953
0.9999999999988768
0.9999999999982840
0.9999999999977185
0.9999999999971824
0.9999999999966764
0.9999999999962016
0.9999999999957583
0.9999999999953474
0.9999999999949687
0.9999999999946217
0.9999999999943063
0.9999999999940222
0.9999999999937701
0.9999999999935518
0.9999999999933682
0.9999999999932204
0.9999999999931090
0.9999999999930329
0.9999999999929907
0.9999999999929821
0.9999999999930057
0.9999999999930618
0.9999999999931497
0.9999999999932687
0.9999999999934172
0.9999999999935951
0.9999999999938014
0.9999999999940347
0.9999999999942942
0.9999999999945787
0.9999999999948864
0.9999999999952169
0.9999999999955683
0.9999999999959378
0.9999999999963225
0.9999999999967210
0.9999999999971322
0.9999999999975548
0.9999999999979878
0.9999999999984305
0.9999999999988816
0.9999999999993395
0.9999999999998020
1.0000000000002669
1.0000000000007325
1.0000000000011984
1.0000000000016629
1.0000000000021250
1.0000000000025824
1.0000000000030331
1.0000000000034757
1.0000000000039091
1.0000000000043330
1.0000000000047473
1.0000000000051512
1.0000000000055427
1.0000000000059193
1.0000000000062781
1.0000000000066176
1.0000000000069358
1.0000000000072311
1.0000000000075020
1.0000000000077476
1.0000000000079667
1.0000000000081590
1.0000000000083247
1.0000000000084643
1.0000000000085780
1.0000000000086644
1.0000000000087239
1.0000000000087557
1.0000000000087603
1.0000000000087379
1.0000000000086877
1.0000000000086091
1.0000000000085016
1.0000000000083658
1.0000000000082010
1.0000000000080083
1.0000000000077860
1.0000000000075342
1.0000000000072524
1.0000000000069416
1.0000000000066029
1.0000000000062363
1.0000000000058413
1.0000000000054192
1.0000000000049716
1.0000000000045002
1.0000000000040061
1.0000000000034908
1.0000000000029552
1.0000000000024007
1.0000000000018288
1.0000000000012401
1.0000000000006362
1.0000000000000187
0.9999999999993893
0.9999999999987487
0.9999999999980972
0.9999999999974349
0.9999999999967637
0.9999999999960841
0.9999999999953982
0.9999999999947071
0.9999999999940128
0.9999999999933178
0.9999999999926240
0.9999999999919323
0.9999999999912434
0.9999999999905591
0.9999999999898808
0.9999999999892105
0.9999999999885504
0.9999999999879023
0.9999999999872689
0.9999999999866526
0.9999999999860545
0.9999999999854744
0.9999999999849136
0.9999999999843734
0.9999999999838559
0.9999999999833622
0.9999999999828936
0.9999999999824516
0.9999999999820371
0.9999999999816520
0.9999999999812977
0.9999999999809753
0.9999999999806856
0.9999999999804287
0.9999999999802052
0.9999999999800170
0.9999999999798644
0.9999999999797475
0.9999999999796668
0.9999999999796226
0.9999999999796159
0.9999999999796478
0.9999999999797194
0.9999999999798311
0.9999999999799828
0.9999999999801743
0.9999999999804048
0.9999999999806752
0.9999999999809860
0.9999999999813365
0.9999999999817263
0.9999999999821552
0.9999999999826233
0.9999999999831305
0.9999999999836762
0.9999999999842589
0.9999999999848781
0.9999999999855329
0.9999999999862219
0.9999999999869444
0.9999999999876992
0.9999999999884841
0.9999999999892979
0.9999999999901382
0.9999999999910038
0.9999999999918937
0.9999999999928078
0.9999999999937449
0.9999999999947031
0.9999999999956812
0.9999999999966772
0.9999999999976881
0.9999999999987120
0.9999999999997471
1.0000000000007918
1.0000000000018436
1.0000000000029003
1.0000000000039595
1.0000000000050180
1.0000000000060743
1.0000000000071270
1.0000000000081741
1.0000000000092140
1.0000000000102442
1.0000000000112623
1.0000000000122653
1.0000000000132510
1.0000000000142186
1.0000000000151672
1.0000000000160949
1.0000000000169997
1.0000000000178795
1.0000000000187326
1.0000000000195592
1.0000000000203579
1.0000000000211267
1.0000000000218634
1.0000000000225671
1.0000000000232354
1.0000000000238676
1.0000000000244629
1.0000000000250204
1.0000000000255389
1.0000000000260174
1.0000000000264533
1.0000000000268452
1.0000000000271911
1.0000000000274916
1.0000000000277465
1.0000000000279554
1.0000000000281184
1.0000000000282341
1.0000000000283027
1.0000000000283242
1.0000000000282985
1.0000000000282248
1.0000000000281033
