1.0000000000154403
1.0000000000154661
1.0000000000154790
1.0000000000154787
1.0000000000154645
1.0000000000154345
1.0000000000153886
1.0000000000153260
1.0000000000152469
1.0000000000151517
1.0000000000150400
1.0000000000149123
1.0000000000147671
1.0000000000146037
1.0000000000144211
1.0000000000142193
1.0000000000139988
1.0000000000137601
1.0000000000135050
1.0000000000132341
1.0000000000129479
1.0000000000126472
1.0000000000123321
1.0000000000120028
1.0000000000116607
1.0000000000113067
1.0000000000109419
1.0000000000105682
1.0000000000101861
1.0000000000097951
1.0000000000093947
1.0000000000089853
1.0000000000085687
1.0000000000081475
1.0000000000077229
1.0000000000072951
1.0000000000068645
1.0000000000064317
1.0000000000059985
1.0000000000055662
1.0000000000051359
1.0000000000047089
1.0000000000042863
1.0000000000038682
1.0000000000034552
1.0000000000030485
1.0000000000026488
1.0000000000022575
1.0000000000018763
1.0000000000015050
1.0000000000011455
1.0000000000007987
1.0000000000004647
1.0000000000001432
0.9999999999998352
0.9999999999995410
0.9999999999992610
0.9999999999989964
0.9999999999987473
0.9999999999985155
0.9999999999983020
0.9999999999981075
0.9999999999979317
0.9999999999977749
0.9999999999976376
0.9999999999975202
0.9999999999974231
0.9999999999973461
0.9999999999972895
0.9999999999972522
0.9999999999972341
0.9999999999972337
0.9999999999972508
0.9999999999972841
0.9999999999973328
0.9999999999973954
0.9999999999974722
0.9999999999975644
0.9999999999976723
0.9999999999977968
0.9999999999979373
0.9999999999980923
0.9999999999982609
0.9999999999984415
0.9999999999986321
0.9999999999988313
0.9999999999990378
0.9999999999992506
0.9999999999994690
0.9999999999996928
0.9999999999999202
1.0000000000001505
1.0000000000003828
1.0000000000006155
1.0000000000008469
1.0000000000010756
1.0000000000013007
1.0000000000015210
1.0000000000017364
1.0000000000019473
1.0000000000021532
1.0000000000023543
1.0000000000025500
1.0000000000027394
1.0000000000029206
1.0000000000030931
1.0000000000032572
1.0000000000034137
1.0000000000035631
1.0000000000037048
1.0000000000038380
1.0000000000039622
1.0000000000040767
1.0000000000041807
1.0000000000042724
1.0000000000043505
1.0000000000044142
1.0000000000044627
1.0000000000044942
1.0000000000045071
1.0000000000045006
1.0000000000044758
1.0000000000044336
1.0000000000043745
1.0000000000042981
1.0000000000042060
1.0000000000040983
1.0000000000039764
1.0000000000038396
1.0000000000036888
1.0000000000035238
1.0000000000033442
1.0000000000031499
1.0000000000029419
1.0000000000027205
1.0000000000024853
1.0000000000022351
1.0000000000019702
1.0000000000016902
1.0000000000013956
1.0000000000010869
1.0000000000007656
1.0000000000004337
1.0000000000000921
0.9999999999997417
0.9999999999993832
0.9999999999990172
0.9999999999986451
0.9999999999982675
0.9999999999978851
0.9999999999974988
0.9999999999971098
0.9999999999967193
0.9999999999963285
0.9999999999959389
0.9999999999955518
0.9999999999951686
0.9999999999947898
0.9999999999944167
0.9999999999940500
0.9999999999936916
0.9999999999933425
0.9999999999930029
0.9999999999926734
0.9999999999923527
0.9999999999920418
0.9999999999917421
0.9999999999914555
0.9999999999911834
0.9999999999909266
0.9999999999906858
0.9999999999904615
0.9999999999902540
0.9999999999900632
0.9999999999898886
0.9999999999897314
0.9999999999895929
0.9999999999894738
0.9999999999893752
0.9999999999892976
0.9999999999892426
0.9999999999892106
0.9999999999892021
0.9999999999892153
0.9999999999892505
0.9999999999893076
0.9999999999893858
0.9999999999894849
0.9999999999896046
0.9999999999897452
0.9999999999899062
0.9999999999900889
0.9999999999902932
0.9999999999905194
0.9999999999907685
0.9999999999910412
0.9999999999913364
0.9999999999916522
0.9999999999919869
0.9999999999923394
0.9999999999927112
0.9999999999931015
0.9999999999935095
0.9999999999939354
0.9999999999943788
0.9999999999948390
0.9999999999953159
0.9999999999958081
0.9999999999963148
0.9999999999968339
0.9999999999973637
0.9999999999979021
0.9999999999984479
0.9999999999990002
0.9999999999995580
1.0000000000001203
1.0000000000006861
1.0000000000012534
1.0000000000018201
1.0000000000023850
1.0000000000029465
1.0000000000035028
1.0000000000040534
1.0000000000045974
1.0000000000051350
1.0000000000056661
1.0000000000061899
1.0000000000067055
1.0000000000072122
1.0000000000077096
1.0000000000081970
1.0000000000086740
1.0000000000091385
1.0000000000095886
1.0000000000100226
1.0000000000104399
1.0000000000108409
1.0000000000112275
1.0000000000116001
1.0000000000119584
1.0000000000123026
1.0000000000126323
1.0000000000129470
1.0000000000132445
1.0000000000135243
1.0000000000137848
1.0000000000140254
1.0000000000142473
1.0000000000144504
1.0000000000146354
1.0000000000148019
1.0000000000149494
1.0000000000150766
1.0000000000151845
1.0000000000152740
1.0000000000153457
1.0000000000154008
1.0000000000154403
1.0000000000154661
1.0000000000154790
1.0000000000154787
