1.0000008529106637
1.0000008425589513
1.0000008302251435
1.0000008159391813
1.0000007997356521
1.0000007816537066
1.0000007617369668
1.0000007400334194
1.0000007165953015
1.0000006914789756
1.0000006647447928
1.0000006364569543
1.0000006066833544
1.0000005754954158
1.0000005429679211
1.0000005091788329
1.0000004742091080
1.0000004381425041
1.0000004010653785
1.0000003630664851
1.0000003242367557
1.0000002846690865
1.0000002444581162
1.0000002036999995
1.0000001624921764
1.0000001209331375
1.0000000791221924
1.0000000371592312
0.9999999951444863
0.9999999531782904
0.9999999113608369
0.9999998697919442
0.9999998285708125
0.9999997877957885
0.9999997475641310
0.9999997079717798
0.9999996691131238
0.9999996310807764
0.9999995939653548
0.9999995578552643
0.9999995228364865
0.9999994889923733
0.9999994564034482
0.9999994251472151
0.9999993952979711
0.9999993669266314
0.9999993401005602
0.9999993148834065
0.9999992913349547
0.9999992695109812
0.9999992494631240
0.9999992312387583
0.9999992148808814
0.9999992004280126
0.9999991879141004
0.9999991773684407
0.9999991688156084
0.9999991622753991
0.9999991577627823
0.9999991552878668
0.9999991548558748
0.9999991564671309
0.9999991601170611
0.9999991657962063
0.9999991734902439
0.9999991831800230
0.9999991948416092
0.9999992084463435
0.9999992239609100
0.9999992413474165
0.9999992605634869
0.9999992815623621
0.9999993042930124
0.9999993287002611
0.9999993547249149
0.9999993823039056
0.9999994113704436
0.9999994418541759
0.9999994736813560
0.9999995067750209
0.9999995410551756
0.9999995764389836
0.9999996128409663
0.9999996501732076
0.9999996883455652
0.9999997272658866
0.9999997668402288
0.9999998069730858
0.9999998475676163
0.9999998885258741
0.9999999297490431
0.9999999711376751
1.0000000125919288
1.0000000540118077
1.0000000952973997
1.0000001363491178
1.0000001770679381
1.0000002173556362
1.0000002571150231
1.0000002962501762
1.0000003346666715
1.0000003722718092
1.0000004089748358
1.0000004446871615
1.0000004793225734
1.0000005127974412
1.0000005450309180
1.0000005759451323
1.0000006054653761
1.0000006335202847
1.0000006600420064
1.0000006849663654
1.0000007082330147
1.0000007297855831
1.0000007495718104
1.0000007675436700
1.0000007836574860
1.0000007978740384
1.0000008101586566
1.0000008204813033
1.0000008288166471
1.0000008351441227
1.0000008394479796
1.0000008417173201
1.0000008419461266
1.0000008401332763
1.0000008362825434
1.0000008304025896
1.0000008225069459
1.0000008126139819
1.0000008007468608
1.0000007869334833
1.0000007712064209
1.0000007536028372
1.0000007341644006
1.0000007129371866
1.0000006899715665
1.0000006653220888
1.0000006390473501
1.0000006112098510
1.0000005818758479
1.0000005511151973
1.0000005190011856
1.0000004856103564
1.0000004510223257
1.0000004153195938
1.0000003785873475
1.0000003409132565
1.0000003023872650
1.0000002631013760
1.0000002231494305
1.0000001826268823
1.0000001416305706
1.0000001002584913
1.0000000586095612
1.0000000167833796
0.9999999748799915
0.9999999329996502
0.9999998912425763
0.9999998497087181
0.9999998084975124
0.9999997677076448
0.9999997274368164
0.9999996877815084
0.9999996488367526
0.9999996106959054
0.9999995734504223
0.9999995371896386
0.9999995020005562
0.9999994679676372
0.9999994351726000
0.9999994036942241
0.9999993736081622
0.9999993449867580
0.9999993178988736
0.9999992924097261
0.9999992685807284
0.9999992464693437
0.9999992261289478
0.9999992076087014
0.9999991909534314
0.9999991762035234
0.9999991633948275
0.9999991525585703
0.9999991437212795
0.9999991369047208
0.9999991321258448
0.9999991293967465
0.9999991287246359
0.9999991301118196
0.9999991335556960
0.9999991390487597
0.9999991465786203
0.9999991561280333
0.9999991676749385
0.9999991811925123
0.9999991966492318
0.9999992140089490
0.9999992332309776
0.9999992542701898
0.9999992770771237
0.9999993015981014
0.9999993277753559
0.9999993555471693
0.9999993848480176
0.9999994156087312
0.9999994477566544
0.9999994812158221
0.9999995159071405
0.9999995517485756
0.9999995886553474
0.9999996265401331
0.9999996653132762
0.9999997048829992
0.9999997451556221
0.9999997860357853
0.9999998274266787
0.9999998692302722
0.9999999113475497
0.9999999536787441
0.9999999961235750
1.0000000385814884
1.0000000809518981
1.0000001231344233
1.0000001650291310
1.0000002065367717
1.0000002475590160
1.0000002879986893
1.0000003277600047
1.0000003667487896
1.0000004048727122
1.0000004420415007
1.0000004781671588
1.0000005131641749
1.0000005469497288
1.0000005794438853
1.0000006105697872
1.0000006402538388
1.0000006684258800
1.0000006950193532
1.0000007199714633
1.0000007432233262
1.0000007647201083
1.0000007844111609
1.0000008022501392
1.0000008181951106
1.0000008322086567
1.0000008442579607
1.0000008543148851
1.0000008623560408
1.0000008683628405
1.0000008723215430
1.0000008742232867
1.0000008740641100
1.0000008718449616
1.0000008675716954
1.0000008612550586
1.0000008529106637
1.0000008425589513
1.0000008302251435
1.0000008159391813
