1.0000000000133769
1.0000000000133875
1.0000000000133777
1.0000000000133489
1.0000000000133022
1.0000000000132387
1.0000000000131593
1.0000000000130642
1.0000000000129536
1.0000000000128275
1.0000000000126856
1.0000000000125278
1.0000000000123543
1.0000000000121658
1.0000000000119642
1.0000000000117499
1.0000000000115250
1.0000000000112903
1.0000000000110474
1.0000000000107963
1.0000000000105371
1.0000000000102698
1.0000000000099927
1.0000000000097062
1.0000000000094091
1.0000000000091023
1.0000000000087859
1.0000000000084619
1.0000000000081315
1.0000000000077960
1.0000000000074569
1.0000000000071148
1.0000000000067701
1.0000000000064229
1.0000000000060745
1.0000000000057261
1.0000000000053779
1.0000000000050318
1.0000000000046896
1.0000000000043532
1.0000000000040234
1.0000000000037013
1.0000000000033873
1.0000000000030824
1.0000000000027858
1.0000000000024978
1.0000000000022189
1.0000000000019493
1.0000000000016895
1.0000000000014406
1.0000000000012037
1.0000000000009794
1.0000000000007681
1.0000000000005693
1.0000000000003837
1.0000000000002114
1.0000000000000511
0.9999999999999017
0.9999999999997631
0.9999999999996347
0.9999999999995181
0.9999999999994109
0.9999999999993133
0.9999999999992264
0.9999999999991503
0.9999999999990846
0.9999999999990293
0.9999999999989846
0.9999999999989511
0.9999999999989284
0.9999999999989159
0.9999999999989136
0.9999999999989212
0.9999999999989373
0.9999999999989623
0.9999999999989952
0.9999999999990355
0.9999999999990850
0.9999999999991428
0.9999999999992097
0.9999999999992856
0.9999999999993691
0.9999999999994601
0.9999999999995579
0.9999999999996609
0.9999999999997685
0.9999999999998804
0.9999999999999958
1.0000000000001130
1.0000000000002311
1.0000000000003502
1.0000000000004696
1.0000000000005895
1.0000000000007090
1.0000000000008276
1.0000000000009452
1.0000000000010618
1.0000000000011764
1.0000000000012870
1.0000000000013933
1.0000000000014955
1.0000000000015938
1.0000000000016893
1.0000000000017819
1.0000000000018709
1.0000000000019562
1.0000000000020366
1.0000000000021110
1.0000000000021778
1.0000000000022373
1.0000000000022888
1.0000000000023330
1.0000000000023699
1.0000000000023996
1.0000000000024218
1.0000000000024369
1.0000000000024454
1.0000000000024460
1.0000000000024396
1.0000000000024261
1.0000000000024047
1.0000000000023752
1.0000000000023381
1.0000000000022933
1.0000000000022400
1.0000000000021791
1.0000000000021116
1.0000000000020386
1.0000000000019607
1.0000000000018769
1.0000000000017886
1.0000000000016962
1.0000000000016001
1.0000000000014995
1.0000000000013942
1.0000000000012848
1.0000000000011706
1.0000000000010520
1.0000000000009286
1.0000000000007998
1.0000000000006661
1.0000000000005276
1.0000000000003839
1.0000000000002356
1.0000000000000839
0.9999999999999292
0.9999999999997716
0.9999999999996116
0.9999999999994499
0.9999999999992860
0.9999999999991200
0.9999999999989514
0.9999999999987799
0.9999999999986063
0.9999999999984320
0.9999999999982585
0.9999999999980868
0.9999999999979174
0.9999999999977500
0.9999999999975843
0.9999999999974194
0.9999999999972549
0.9999999999970901
0.9999999999969250
0.9999999999967604
0.9999999999965978
0.9999999999964386
0.9999999999962829
0.9999999999961305
0.9999999999959824
0.9999999999958409
0.9999999999957073
0.9999999999955830
0.9999999999954686
0.9999999999953637
0.9999999999952683
0.9999999999951813
0.9999999999951020
0.9999999999950304
0.9999999999949677
0.9999999999949150
0.9999999999948723
0.9999999999948403
0.9999999999948199
0.9999999999948114
0.9999999999948138
0.9999999999948277
0.9999999999948530
0.9999999999948894
0.9999999999949379
0.9999999999949988
0.9999999999950717
0.9999999999951563
0.9999999999952536
0.9999999999953643
0.9999999999954875
0.9999999999956232
0.9999999999957717
0.9999999999959336
0.9999999999961080
0.9999999999962952
0.9999999999964951
0.9999999999967077
0.9999999999969330
0.9999999999971704
0.9999999999974205
0.9999999999976837
0.9999999999979606
0.9999999999982511
0.9999999999985545
0.9999999999988702
0.9999999999991965
0.9999999999995330
0.9999999999998785
1.0000000000002329
1.0000000000005957
1.0000000000009661
1.0000000000013436
1.0000000000017266
1.0000000000021150
1.0000000000025087
1.0000000000029081
1.0000000000033125
1.0000000000037197
1.0000000000041285
1.0000000000045384
1.0000000000049480
1.0000000000053564
1.0000000000057625
1.0000000000061655
1.0000000000065652
1.0000000000069613
1.0000000000073530
1.0000000000077391
1.0000000000081191
1.0000000000084917
1.0000000000088554
1.0000000000092093
1.0000000000095530
1.0000000000098870
1.0000000000102105
1.0000000000105236
1.0000000000108247
1.0000000000111127
1.0000000000113873
1.0000000000116478
1.0000000000118932
1.0000000000121227
1.0000000000123355
1.0000000000125309
1.0000000000127081
1.0000000000128662
1.0000000000130047
1.0000000000131222
1.0000000000132183
1.0000000000132925
1.0000000000133453
1.0000000000133769
1.0000000000133875
1.0000000000133777
1.0000000000133489
