1.0000145297509870
1.0000143484684489
1.0000141331096033
1.0000138841923771
1.0000136023147750
1.0000132881534480
1.0000129424620765
1.0000125660695665
1.0000121598780685
1.0000117248608180
1.0000112620598094
1.0000107725833027
1.0000102576031746
1.0000097183521186
1.0000091561206976
1.0000085722542571
1.0000079681497098
1.0000073452521956
1.0000067050516281
1.0000060490791316
1.0000053789033809
1.0000046961268538
1.0000040023820007
1.0000032993273398
1.0000025886434936
1.0000018720291732
1.0000011511971170
1.0000004278699963
0.9999997037763005
0.9999989806462025
0.9999982602074253
0.9999975441811118
0.9999968342777116
0.9999961321928931
0.9999954396034892
0.9999947581634909
0.9999940895000945
0.9999934352098109
0.9999927968546513
0.9999921759583941
0.9999915740029433
0.9999909924247885
0.9999904326115706
0.9999898958987656
0.9999893835664934
0.9999888968364599
0.9999884368690366
0.9999880047604898
0.9999876015403597
0.9999872281690017
0.9999868855352912
0.9999865744545030
0.9999862956663617
0.9999860498332775
0.9999858375387655
0.9999856592860503
0.9999855154968662
0.9999854065104522
0.9999853325827422
0.9999852938857572
0.9999852905071956
0.9999853224502268
0.9999853896334872
0.9999854918912787
0.9999856289739660
0.9999858005485762
0.9999860061996002
0.9999862454299875
0.9999865176623389
0.9999868222402899
0.9999871584300837
0.9999875254223288
0.9999879223339356
0.9999883482102342
0.9999888020272621
0.9999892826942128
0.9999897890560472
0.9999903198962601
0.9999908739397916
0.9999914498560784
0.9999920462622394
0.9999926617263867
0.9999932947710530
0.9999939438767256
0.9999946074854834
0.9999952840047264
0.9999959718109844
0.9999966692538022
0.9999973746596887
0.9999980863361235
0.9999988025756057
0.9999995216597397
1.0000002418633465
1.0000009614585901
1.0000016787191119
1.0000023919241621
1.0000030993627154
1.0000037993375637
1.0000044901693799
1.0000051702007335
1.0000058378000563
1.0000064913655442
1.0000071293289916
1.0000077501595397
1.0000083523673420
1.0000089345071275
1.0000094951816596
1.0000100330450792
1.0000105468061224
1.0000110352312115
1.0000114971474059
1.0000119314452089
1.0000123370812222
1.0000127130806418
1.0000130585395921
1.0000133726272875
1.0000136545880216
1.0000139037429772
1.0000141194918517
1.0000143013142937
1.0000144487711478
1.0000145615055087
1.0000146392435760
1.0000146817953113
1.0000146890548944
1.0000146610009792
1.0000145976967452
1.0000144992897511
1.0000143660115839
1.0000141981773090
1.0000139961847170
1.0000137605133763
1.0000134917234895
1.0000131904545542
1.0000128574238378
1.0000124934246664
1.0000120993245305
1.0000116760630129
1.0000112246495421
1.0000107461609840
1.0000102417390699
1.0000097125876679
1.0000091599699068
1.0000085852051581
1.0000079896658844
1.0000073747743610
1.0000067419992766
1.0000060928522245
1.0000054288840885
1.0000047516813375
1.0000040628622344
1.0000033640729671
1.0000026569837150
1.0000019432846583
1.0000012246819363
1.0000005028935706
0.9999997796453580
0.9999990566667444
0.9999983356866892
0.9999976184295329
0.9999969066108767
0.9999962019334784
0.9999955060831828
0.9999948207248894
0.9999941474985714
0.9999934880153557
0.9999928438536690
0.9999922165554632
0.9999916076225276
0.9999910185128982
0.9999904506373698
0.9999899053561202
0.9999893839754583
0.9999888877447003
0.9999884178531805
0.9999879754274045
0.9999875615283548
0.9999871771489521
0.9999868232116774
0.9999865005663675
0.9999862099881798
0.9999859521757338
0.9999857277494417
0.9999855372500195
0.9999853811371957
0.9999852597886073
0.9999851734988948
0.9999851224789930
0.9999851068556260
0.9999851266709997
0.9999851818826979
0.9999852723637842
0.9999853979030987
0.9999855582057610
0.9999857528938711
0.9999859815074116
0.9999862435053447
0.9999865382669030
0.9999868650930687
0.9999872232082410
0.9999876117620882
0.9999880298315768
0.9999884764231740
0.9999889504752220
0.9999894508604720
0.9999899763887767
0.9999905258099310
0.9999910978166573
0.9999916910477284
0.9999923040912162
0.9999929354878651
0.9999935837345763
0.9999942472879993
0.9999949245682153
0.9999956139625126
0.9999963138292387
0.9999970225017198
0.9999977382922410
0.9999984594960776
0.9999991843955656
0.9999999112642043
1.0000006383707818
1.0000013639835064
1.0000020863741432
1.0000028038221416
1.0000035146187429
1.0000042170710635
1.0000049095061376
1.0000055902749121
1.0000062577561830
1.0000069103604685
1.0000075465338047
1.0000081647614538
1.0000087635715220
1.0000093415384730
1.0000098972865308
1.0000104294929675
1.0000109368912589
1.0000114182741107
1.0000118724963378
1.0000122984775981
1.0000126952049719
1.0000130617353782
1.0000133971978273
1.0000137007954992
1.0000139718076433
1.0000142095912981
1.0000144135828255
1.0000145832992549
1.0000147183394348
1.0000148183849880
1.0000148832010689
1.0000149126369238
1.0000149066262485
1.0000148651873448
1.0000147884230746
1.0000146765206106
1.0000145297509870
1.0000143484684489
1.0000141331096033
1.0000138841923771
