1.0617545869313214
1.0610264914223893
1.0601620408260077
1.0591627582488734
1.0580304118243178
1.0567670149549850
1.0553748265338250
1.0538563511213228
1.0522143390539105
1.0504517864554890
1.0485719351208662
1.0465782722367376
1.0444745299026075
1.0422646844107524
1.0399529552410247
1.0375438037229952
1.0350419313146486
1.0324522774436571
1.0297800168541800
1.0270305563992408
1.0242095312160722
1.0213228002194976
1.0183764408464755
1.0153767429834915
1.0123302020076483
1.0092435108721667
1.0061235511676960
1.0029773830924731
0.9998122342670739
0.9966354873334162
0.9934546662829004
0.9902774214652488
0.9871115132378310
0.9839647942251100
0.9808451901694079
0.9777606793674906
0.9747192707025121
0.9717289802975930
0.9687978068356765
0.9659337056101156
0.9631445613915550
0.9604381602187575
0.9578221602438035
0.9553040617851521
0.9528911767649391
0.9505905977291058
0.9484091666699545
0.9463534438899092
0.9444296771620679
0.9426437714569341
0.9410012595149593
0.9395072735507081
0.9381665183760917
0.9369832462268892
0.9359612335684050
0.9351037601425143
0.9344135904995655
0.9338929582347972
0.9335435531204788
0.9333665112923604
0.9333624086128794
0.9335312572946693
0.9338725058270986
0.9343850422067835
0.9350672004312026
0.9359167701736585
0.9369310095188401
0.9381066606019409
0.9394399679615065
0.9409266993875304
0.9425621690222908
0.9443412624524075
0.9462584635167676
0.9483078825463654
0.9504832857486468
0.9527781254503784
0.9551855709190314
0.9576985394927575
0.9603097277626872
0.9630116425679571
0.9657966315829698
0.9686569132973191
0.9715846062109900
0.9745717570903129
0.9776103681532156
0.9806924230751047
0.9838099117288568
0.9869548535935310
0.9901193197863105
0.9932954536906065
0.9964754901700706
0.9996517733733794
1.0028167731480386
1.0059631000930811
1.0090835192904779
1.0121709627633633
1.0152185407159122
1.0182195516150234
1.0211674911779016
1.0240560603324125
1.0268791722187536
1.0296309583017205
1.0323057736627432
1.0348982015400501
1.0374030571839157
1.0398153910920231
1.0421304916876524
1.0443438875007740
1.0464513489092311
1.0484488894941277
1.0503327670603426
1.0520994843698241
1.0537457896320115
1.0552686767924191
1.0566653856571386
1.0579334018877649
1.0590704568980707
1.0600745276806436
1.0609438365886534
1.0616768510949632
1.0622722835478924
1.0627290909401483
1.0630464747046775
1.0632238805484988
1.0632609983329484
1.0631577620061579
1.0629143495910143
1.0625311832292912
1.0620089292800867
1.0613484984681363
1.0605510460749823
1.0596179721633676
1.0585509218225526
1.0573517854195373
1.0560226988383923
1.0545660436870501
1.0529844474479901
1.0512807835462430
1.0494581713050537
1.0475199757564153
1.0454698072704494
1.0433115209643478
1.0410492158482898
1.0386872336624247
1.0362301573557227
1.0336828091542389
1.0310502481631936
1.0283377674442740
1.0255508905067752
1.0226953671486851
1.0197771685816701
1.0168024817722192
1.0137777029300532
1.0107094300743924
1.0076044546089442
1.0044697518376304
1.0013124703552150
0.9981399202503110
0.9949595600628068
0.9917789824436907
0.9886058984727172
0.9854481205983967
0.9823135441755112
0.9792101275878061
0.9761458709577205
0.9731287934609258
0.9701669092810470
0.9672682022590900
0.9644405993126165
0.9616919427213790
0.9590299613986440
0.9564622412904380
0.9539961950680150
0.9516390313014998
0.9493977233243595
0.9472789780185450
0.9452892047682330
0.9434344848454738
0.9417205415031457
0.9401527110588727
0.9387359152574992
0.9374746351989257
0.9363728871122903
0.9354342002464489
0.9346615971304437
0.9340575764362488
0.9336240986498321
0.9333625747258858
0.9332738578670269
0.9333582385305750
0.9336154427259664
0.9340446336243752
0.9346444164601286
0.9354128466619940
0.9363474411123023
0.9374451923941181
0.9387025858520028
0.9401156192611293
0.9416798248731194
0.9433902935854387
0.9452417009647744
0.9472283348436475
0.9493441242035485
0.9515826690569597
0.9539372710444363
0.9564009644710660
0.9589665475186211
0.9616266133850092
0.9643735811206482
0.9671997259515329
0.9700972089004204
0.9730581055402062
0.9760744337366195
0.9791381802603698
0.9822413261714297
0.9853758708998143
0.9885338549677991
0.9917073813176834
0.9948886352268573
0.9980699028079062
1.0012435881057280
1.0044022288161336
1.0075385106611803
1.0106452804655690
1.0137155579859265
1.0167425465507964
1.0197196425737582
1.0226404440054160
1.0254987577922083
1.0282886064111556
1.0310042335499474
1.0336401090012903
1.0361909328393017
1.0386516389440430
1.0410173979381485
1.0432836195970139
1.0454459547912127
1.0475002970168359
1.0494427835662825
1.0512697963888076
1.0529779626868219
1.0545641552906302
1.0560254928509882
1.0573593398855869
1.0585633067123650
1.0596352492993870
1.0605732690579588
1.0613757126026335
1.0620411714988520
1.0625684820161008
1.0629567249016916
1.0632052251875499
1.0633135520397399
1.0632815186578304
1.0631091822286169
1.0627968439361666
1.0623450490275801
1.0617545869313214
1.0610264914223893
1.0601620408260077
1.0591627582488734
