1.0000000000095588
1.0000000000095954
1.0000000000096143
1.0000000000096139
1.0000000000095948
1.0000000000095572
1.0000000000095013
1.0000000000094287
1.0000000000093412
1.0000000000092402
1.0000000000091256
1.0000000000089984
1.0000000000088578
1.0000000000087048
1.0000000000085396
1.0000000000083633
1.0000000000081766
1.0000000000079814
1.0000000000077809
1.0000000000075766
1.0000000000073697
1.0000000000071603
1.0000000000069496
1.0000000000067375
1.0000000000065246
1.0000000000063103
1.0000000000060947
1.0000000000058766
1.0000000000056553
1.0000000000054321
1.0000000000052083
1.0000000000049845
1.0000000000047620
1.0000000000045419
1.0000000000043241
1.0000000000041087
1.0000000000038960
1.0000000000036862
1.0000000000034783
1.0000000000032729
1.0000000000030702
1.0000000000028708
1.0000000000026747
1.0000000000024822
1.0000000000022933
1.0000000000021079
1.0000000000019262
1.0000000000017495
1.0000000000015783
1.0000000000014135
1.0000000000012554
1.0000000000011049
1.0000000000009617
1.0000000000008262
1.0000000000006990
1.0000000000005800
1.0000000000004678
1.0000000000003635
1.0000000000002660
1.0000000000001756
1.0000000000000933
1.0000000000000200
0.9999999999999558
0.9999999999999002
0.9999999999998531
0.9999999999998150
0.9999999999997861
0.9999999999997670
0.9999999999997581
0.9999999999997586
0.9999999999997671
0.9999999999997822
0.9999999999998027
0.9999999999998276
0.9999999999998561
0.9999999999998879
0.9999999999999224
0.9999999999999595
0.9999999999999996
1.0000000000000424
1.0000000000000875
1.0000000000001328
1.0000000000001790
1.0000000000002249
1.0000000000002713
1.0000000000003180
1.0000000000003642
1.0000000000004110
1.0000000000004587
1.0000000000005071
1.0000000000005549
1.0000000000006013
1.0000000000006464
1.0000000000006906
1.0000000000007345
1.0000000000007776
1.0000000000008196
1.0000000000008604
1.0000000000009002
1.0000000000009381
1.0000000000009721
1.0000000000010010
1.0000000000010245
1.0000000000010443
1.0000000000010609
1.0000000000010751
1.0000000000010867
1.0000000000010962
1.0000000000011036
1.0000000000011087
1.0000000000011116
1.0000000000011116
1.0000000000011087
1.0000000000011025
1.0000000000010931
1.0000000000010805
1.0000000000010651
1.0000000000010478
1.0000000000010283
1.0000000000010068
1.0000000000009837
1.0000000000009588
1.0000000000009328
1.0000000000009068
1.0000000000008811
1.0000000000008551
1.0000000000008278
1.0000000000007980
1.0000000000007658
1.0000000000007305
1.0000000000006926
1.0000000000006528
1.0000000000006117
1.0000000000005687
1.0000000000005249
1.0000000000004805
1.0000000000004341
1.0000000000003859
1.0000000000003364
1.0000000000002855
1.0000000000002323
1.0000000000001759
1.0000000000001168
1.0000000000000537
0.9999999999999858
0.9999999999999126
0.9999999999998342
0.9999999999997505
0.9999999999996626
0.9999999999995716
0.9999999999994789
0.9999999999993860
0.9999999999992940
0.9999999999992031
0.9999999999991142
0.9999999999990269
0.9999999999989412
0.9999999999988564
0.9999999999987723
0.9999999999986888
0.9999999999986043
0.9999999999985190
0.9999999999984334
0.9999999999983487
0.9999999999982656
0.9999999999981850
0.9999999999981062
0.9999999999980288
0.9999999999979524
0.9999999999978771
0.9999999999978028
0.9999999999977301
0.9999999999976590
0.9999999999975899
0.9999999999975228
0.9999999999974579
0.9999999999973954
0.9999999999973342
0.9999999999972752
0.9999999999972196
0.9999999999971686
0.9999999999971231
0.9999999999970830
0.9999999999970488
0.9999999999970203
0.9999999999969983
0.9999999999969827
0.9999999999969739
0.9999999999969714
0.9999999999969752
0.9999999999969850
0.9999999999970018
0.9999999999970257
0.9999999999970575
0.9999999999970987
0.9999999999971497
0.9999999999972112
0.9999999999972833
0.9999999999973657
0.9999999999974579
0.9999999999975594
0.9999999999976706
0.9999999999977912
0.9999999999979208
0.9999999999980591
0.9999999999982064
0.9999999999983624
0.9999999999985267
0.9999999999986996
0.9999999999988803
0.9999999999990696
0.9999999999992668
0.9999999999994713
0.9999999999996830
0.9999999999999034
1.0000000000001323
1.0000000000003695
1.0000000000006144
1.0000000000008671
1.0000000000011260
1.0000000000013916
1.0000000000016629
1.0000000000019391
1.0000000000022196
1.0000000000025033
1.0000000000027889
1.0000000000030755
1.0000000000033626
1.0000000000036495
1.0000000000039353
1.0000000000042186
1.0000000000044995
1.0000000000047764
1.0000000000050491
1.0000000000053180
1.0000000000055835
1.0000000000058460
1.0000000000061053
1.0000000000063614
1.0000000000066134
1.0000000000068596
1.0000000000070985
1.0000000000073290
1.0000000000075508
1.0000000000077647
1.0000000000079701
1.0000000000081677
1.0000000000083566
1.0000000000085358
1.0000000000087041
1.0000000000088600
1.0000000000090032
1.0000000000091334
1.0000000000092497
1.0000000000093510
1.0000000000094365
1.0000000000095057
1.0000000000095588
1.0000000000095954
1.0000000000096143
1.0000000000096139
