1.0016157204207436
1.0015953079353130
1.0015710941904348
1.0015431367083922
1.0015115018978342
1.0014762648996931
1.0014375094127519
1.0013953274992256
1.0013498193707668
1.0013010931553556
1.0012492646455620
1.0011944570287201
1.0011368005996013
1.0010764324561960
1.0010134961792676
1.0009481414963721
1.0008805239310805
1.0008108044381734
1.0007391490256135
1.0006657283641347
1.0005907173853221
1.0005142948690835
1.0004366430214446
1.0003579470436323
1.0002783946934224
1.0001981758397671
1.0001174820117327
1.0000365059427989
0.9999554411115865
0.9998744812800974
0.9997938200305631
0.9997136503020091
0.9996341639276479
0.9995555511742185
0.9994780002843942
0.9994016970233806
0.9993268242308138
0.9992535613790743
0.9991820841391141
0.9991125639548859
0.9990451676274448
0.9989800569097735
0.9989173881133639
0.9988573117275583
0.9987999720526297
0.9987455068475468
0.9986940469933382
0.9986457161729285
0.9986006305682834
0.9985588985756600
0.9985206205397107
0.9984858885071398
0.9984547860005688
0.9984273878132083
0.9984037598248831
0.9983839588399005
0.9983680324471959
0.9983560189031285
0.9983479470372462
0.9983438361812682
0.9983436961214767
0.9983475270746457
0.9983553196875748
0.9983670550602233
0.9983827047923888
0.9984022310538001
0.9984255866774371
0.9984527152758266
0.9984835513800069
0.9985180206007842
0.9985560398118500
0.9985975173542738
0.9986423532618228
0.9986904395065164
0.9987416602637585
0.9987958921963545
0.9988530047566597
0.9989128605060715
0.9989753154510271
0.9990402193946339
0.9991074163030239
0.9991767446854809
0.9992480379873716
0.9993211249948689
0.9993958302504400
0.9994719744780480
0.9995493750170003
0.9996278462633496
0.9997072001177517
0.9997872464386734
0.9998677934998280
0.9999486484507265
1.0000296177792163
1.0001105077748917
1.0001911249922628
1.0002712767125739
1.0003507714031803
1.0004294191733922
1.0005070322257188
1.0005834253014665
1.0006584161196483
1.0007318258082032
1.0008034793265379
1.0008732058784269
1.0009408393143406
1.0010062185222928
1.0010691878063414
1.0011295972518957
1.0011873030770246
1.0012421679689962
1.0012940614053087
1.0013428599585188
1.0013884475842041
1.0014307158914408
1.0014695643952145
1.0015049007502259
1.0015366409655955
1.0015647096000069
1.0015890399368801
1.0016095741392015
1.0016262633836854
1.0016390679739937
1.0016479574327621
1.0016529105722538
1.0016539155434838
1.0016509698637177
1.0016440804222797
1.0016332634646696
1.0016185445550092
1.0015999585169040
1.0015775493528412
1.0015513701422925
1.0015214829187356
1.0014879585258536
1.0014508764532091
1.0014103246517434
1.0013663993294897
1.0013192047279285
1.0012688528794700
1.0012154633465715
1.0011591629430538
1.0011000854382139
1.0010383712443720
1.0009741670885302
1.0009076256688620
1.0008389052967859
1.0007681695254043
1.0006955867651386
1.0006213298874127
1.0005455758172708
1.0004685051158539
1.0003903015536748
1.0003111516756662
1.0002312443590038
1.0001507703647194
1.0000699218841487
0.9999888920812703
0.9999078746320198
0.9998270632616605
0.9997466512813206
0.9996668311247989
0.9995877938867618
0.9995097288634505
0.9994328230970209
0.9993572609246303
0.9992832235333899
0.9992108885222828
0.9991404294721473
0.9990720155247989
0.9990058109723583
0.9989419748578280
0.9988806605879330
0.9988220155592167
0.9987661807983580
0.9987132906176399
0.9986634722864620
0.9986168457197552
0.9985735231841116
0.9985336090224012
0.9984971993976069
0.9984643820565461
0.9984352361141117
0.9984098318586058
0.9983882305786816
0.9983704844123584
0.9983566362185116
0.9983467194711805
0.9983407581769860
0.9983387668158678
0.9983407503053092
0.9983467039881430
0.9983566136439700
0.9983704555241627
0.9983881964103569
0.9984097936962740
0.9984351954926567
0.9984643407550341
0.9984971594339754
0.9985335726474299
0.9985734928746923
0.9986168241714781
0.9986634624055367
0.9987132955121784
0.9987662037690366
0.9988220600893429
0.9988807303329458
0.9989420736342595
0.9990059427462854
0.9990721843998125
0.9991406396768722
0.9992111443974814
0.9992835295186844
0.9993576215448757
0.9994332429483634
0.9995102125991091
0.9995883462025694
0.9996674567445397
0.9997473549419004
0.9998278496981494
0.9999087485626029
0.9999898581921460
1.0000709848144089
1.0001519346912560
1.0002325145814712
1.0003125322015474
1.0003917966834768
1.0004701190284784
1.0005473125555915
1.0006231933440970
1.0006975806687455
1.0007702974267940
1.0008411705558782
1.0009100314417694
1.0009767163151035
1.0010410666361862
1.0011029294670233
1.0011621578297452
1.0012186110506480
1.0012721550890842
1.0013226628504945
1.0013700144828976
1.0014140976561978
1.0014548078237113
1.0014920484653518
1.0015257313119539
1.0015557765502634
1.0015821130081539
1.0016046783196826
1.0016234190696345
1.0016382909172554
1.0016492586989112
1.0016562965094609
1.0016593877621713
1.0016585252270529
1.0016537110475303
1.0016449567354191
1.0016322831442128
1.0016157204207436
1.0015953079353130
1.0015710941904348
1.0015431367083922
