1.0000000007057654
1.0000000007003622
1.0000000006935246
1.0000000006852727
1.0000000006756298
1.0000000006646215
1.0000000006522771
1.0000000006386291
1.0000000006237117
1.0000000006075633
1.0000000005902236
1.0000000005717355
1.0000000005521448
1.0000000005315008
1.0000000005098550
1.0000000004872602
1.0000000004637712
1.0000000004394460
1.0000000004143439
1.0000000003885252
1.0000000003620526
1.0000000003349885
1.0000000003073979
1.0000000002793470
1.0000000002509029
1.0000000002221339
1.0000000001931086
1.0000000001638951
1.0000000001345624
1.0000000001051794
1.0000000000758149
1.0000000000465379
1.0000000000174165
0.9999999999885194
0.9999999999599143
0.9999999999316673
0.9999999999038452
0.9999999998765129
0.9999999998497336
0.9999999998235690
0.9999999997980803
0.9999999997733254
0.9999999997493604
0.9999999997262388
0.9999999997040130
0.9999999996827323
0.9999999996624449
0.9999999996431959
0.9999999996250276
0.9999999996079808
0.9999999995920931
0.9999999995773986
0.9999999995639278
0.9999999995517084
0.9999999995407657
0.9999999995311204
0.9999999995227911
0.9999999995157928
0.9999999995101378
0.9999999995058347
0.9999999995028881
0.9999999995012999
0.9999999995010687
0.9999999995021897
0.9999999995046545
0.9999999995084515
0.9999999995135672
0.9999999995199855
0.9999999995276866
0.9999999995366471
0.9999999995468406
0.9999999995582370
0.9999999995708028
0.9999999995845010
0.9999999995992919
0.9999999996151334
0.9999999996319814
0.9999999996497893
0.9999999996685082
0.9999999996880869
0.9999999997084732
0.9999999997296121
0.9999999997514469
0.9999999997739190
0.9999999997969683
0.9999999998205323
0.9999999998445482
0.9999999998689520
0.9999999998936777
0.9999999999186590
0.9999999999438297
0.9999999999691240
0.9999999999944761
1.0000000000198188
1.0000000000450853
1.0000000000702076
1.0000000000951186
1.0000000001197520
1.0000000001440426
1.0000000001679268
1.0000000001913414
1.0000000002142246
1.0000000002365164
1.0000000002581568
1.0000000002790863
1.0000000002992484
1.0000000003185892
1.0000000003370570
1.0000000003546032
1.0000000003711806
1.0000000003867433
1.0000000004012493
1.0000000004146588
1.0000000004269340
1.0000000004380398
1.0000000004479432
1.0000000004566163
1.0000000004640333
1.0000000004701717
1.0000000004750127
1.0000000004785388
1.0000000004807366
1.0000000004815970
1.0000000004811138
1.0000000004792835
1.0000000004761072
1.0000000004715881
1.0000000004657326
1.0000000004585505
1.0000000004500562
1.0000000004402667
1.0000000004292027
1.0000000004168874
1.0000000004033480
1.0000000003886140
1.0000000003727185
1.0000000003556975
1.0000000003375882
1.0000000003184315
1.0000000002982696
1.0000000002771492
1.0000000002551177
1.0000000002322254
1.0000000002085259
1.0000000001840754
1.0000000001589329
1.0000000001331575
1.0000000001068090
1.0000000000799487
1.0000000000526406
1.0000000000249505
0.9999999999969449
0.9999999999686913
0.9999999999402580
0.9999999999117126
0.9999999998831226
0.9999999998545570
0.9999999998260843
0.9999999997977747
0.9999999997696978
0.9999999997419218
0.9999999997145150
0.9999999996875446
0.9999999996610766
0.9999999996351755
0.9999999996099047
0.9999999995853255
0.9999999995614972
0.9999999995384784
0.9999999995163260
0.9999999994950961
0.9999999994748419
0.9999999994556154
0.9999999994374673
0.9999999994204453
0.9999999994045938
0.9999999993899550
0.9999999993765690
0.9999999993644720
0.9999999993536965
0.9999999993442713
0.9999999993362233
0.9999999993295753
0.9999999993243472
0.9999999993205555
0.9999999993182139
0.9999999993173321
0.9999999993179154
0.9999999993199672
0.9999999993234883
0.9999999993284762
0.9999999993349247
0.9999999993428245
0.9999999993521622
0.9999999993629199
0.9999999993750779
0.9999999993886124
0.9999999994034960
0.9999999994196985
0.9999999994371869
0.9999999994559252
0.9999999994758744
0.9999999994969935
0.9999999995192395
0.9999999995425651
0.9999999995669209
0.9999999995922555
0.9999999996185139
0.9999999996456398
0.9999999996735733
0.9999999997022538
0.9999999997316183
0.9999999997616036
0.9999999997921443
0.9999999998231739
0.9999999998546243
0.9999999998864264
0.9999999999185111
0.9999999999508078
0.9999999999832465
1.0000000000157561
1.0000000000482643
1.0000000000806994
1.0000000001129909
1.0000000001450697
1.0000000001768667
1.0000000002083127
1.0000000002393392
1.0000000002698786
1.0000000002998637
1.0000000003292284
1.0000000003579079
1.0000000003858394
1.0000000004129623
1.0000000004392180
1.0000000004645491
1.0000000004889009
1.0000000005122214
1.0000000005344603
1.0000000005555707
1.0000000005755081
1.0000000005942293
1.0000000006116947
1.0000000006278671
1.0000000006427139
1.0000000006562055
1.0000000006683145
1.0000000006790171
1.0000000006882914
1.0000000006961212
1.0000000007024923
1.0000000007073944
1.0000000007108194
1.0000000007127625
1.0000000007132244
1.0000000007122078
1.0000000007097185
1.0000000007057654
1.0000000007003622
1.0000000006935246
1.0000000006852727
