1.0027979410536654
1.0027626197660859
1.0027207226741577
1.0026723487369260
1.0026176122133734
1.0025566424032364
1.0024895833534191
1.0024165935305609
1.0023378454603820
1.0022535253345013
1.0021638325854849
1.0020689794309532
1.0019691903876420
1.0018647017563764
1.0017557610789858
1.0016426265682534
1.0015255665120573
1.0014048586529243
1.0012807895442839
1.0011536538847656
1.0010237538319517
1.0008913982970442
1.0007569022219804
1.0006205858405643
1.0004827739252464
1.0003437950212390
1.0002039806696876
1.0000636646216750
0.9999231820448651
0.9997828687246476
0.9996430602616538
0.9995040912675650
0.9993662945611479
0.9992300003664760
0.9990955355153068
0.9989632226555948
0.9988333794681343
0.9987063178933119
0.9985823433699494
0.9984617540882067
0.9983448402584875
0.9982318833982715
0.9981231556387659
0.9980189190532293
0.9979194250087752
0.9978249135434225
0.9977356127700850
0.9976517383091523
0.9975734927512254
0.9975010651515095
0.9974346305572772
0.9973743495697418
0.9973203679415705
0.9972728162111870
0.9972318093749121
0.9971974465978749
0.9971698109645323
0.9971489692695112
0.9971349718493814
0.9971278524558411
0.9971276281706911
0.9971342993628383
0.9971478496874553
0.9971682461272997
0.9971954390760712
0.9972293624635657
0.9972699339222637
0.9973170549948677
0.9973706113821950
0.9974304732307029
0.9974964954588238
0.9975685181211758
0.9976463668096073
0.9977298530899342
0.9978187749731349
0.9979129174196691
0.9980120528755160
0.9981159418384267
0.9982243334528310
0.9983369661317555
0.9984535682040496
0.9985738585851699
0.9986975474697083
0.9988243370438123
0.9989539222156079
0.9990859913617043
0.9992202270878351
0.9993563070016658
0.9994939044957933
0.9996326895389493
0.9997723294734223
0.9999124898167108
1.0000528350654390
1.0001930294995771
1.0003327379850258
1.0004716267726508
1.0006093642918850
1.0007456219370476
1.0008800748445583
1.0010124026592813
1.0011422902882627
1.0012694286401835
1.0013935153488918
1.0015142554794345
1.0016313622150650
1.0017445575237571
1.0018535728028155
1.0019581495002310
1.0020580397114982
1.0021530067506654
1.0022428256944604
1.0023272838983956
1.0024061814838199
1.0024793317949563
1.0025465618250289
1.0026077126106445
1.0026626395936724
1.0027112129499225
1.0027533178839969
1.0027888548897550
1.0028177399758993
1.0028399048562577
1.0028552971044074
1.0028638802723457
1.0028656339729956
1.0028605539263846
1.0028486519694144
1.0028299560292049
1.0028045100600582
1.0027723739441639
1.0027336233562236
1.0026883495922543
1.0026366593628877
1.0025786745515510
1.0025145319379860
1.0024443828876310
1.0023683930074538
1.0022867417689003
1.0021996220986782
1.0021072399381699
1.0020098137723423
1.0019075741290737
1.0018007630498966
1.0016896335332159
1.0015744489511276
1.0014554824410287
1.0013330162732708
1.0012073411961744
1.0010787557597856
1.0009475656198066
1.0008140828231977
1.0006786250770026
1.0005415150019978
1.0004030793728300
1.0002636483463412
1.0001235546798342
0.9999831329410729
0.9998427187118462
0.9997026477869678
0.9995632553706068
0.9994248752718794
0.9992878391016473
0.9991524754724864
0.9990191092038107
0.9988880605341310
0.9987596443424417
0.9986341693807110
0.9985119375194604
0.9983932430083818
0.9982783717539314
0.9981676006158077
0.9980611967241885
0.9979594168195617
0.9978625066169313
0.9977707001961347
0.9976842194199426
0.9976032733815486
0.9975280578829874
0.9974587549459335
0.9973955323562619
0.9973385432436532
0.9972879256974391
0.9972438024197827
0.9972062804171856
0.9971754507312047
0.9971513882091594
0.9971341513154892
0.9971237819843070
0.9971203055135722
0.9971237305011986
0.9971340488232759
0.9971512356544725
0.9971752495305537
0.9972060324528417
0.9972435100343107
0.9972875916868923
0.9973381708494508
0.9973951252557679
0.9974583172417668
0.9975275940910944
0.9976027884180723
0.9976837185869233
0.9977701891660837
0.9978619914163164
0.9979589038112534
0.9980606925889186
0.9981671123326864
0.9982779065800756
0.9983928084577146
0.9985115413407342
0.9986338195348167
0.9987593489790602
0.9988878279677922
0.9990189478894221
0.9991523939803967
0.9992878460923066
0.9994249794701633
0.9995634655398672
0.9997029727028791
0.9998431671361099
0.9999837135950486
1.0001242762181632
1.0002645193306250
1.0004041082454305
1.0005427100600195
1.0006799944465226
1.0008156344338015
1.0009493071794957
1.0010806947303108
1.0012094847688526
1.0013353713453448
1.0014580555926238
1.0015772464228583
1.0016926612044987
1.0018040264180104
1.0019110782890217
1.0020135633975578
1.0021112392621150
1.0022038748973752
1.0022912513444351
1.0023731621724896
1.0024494139509739
1.0025198266912274
1.0025842342568243
1.0026424847417708
1.0026944408158420
1.0027399800363983
1.0027789951260819
1.0028113942158794
1.0028371010530808
1.0028560551737526
1.0028682120394006
1.0028735431375664
1.0028720360461731
1.0028636944614981
1.0028485381897243
1.0028266031020812
1.0027979410536654
1.0027626197660859
1.0027207226741577
1.0026723487369260
