1.0007808765988400
1.0007710119247122
1.0007593091333939
1.0007457961448512
1.0007305051902216
1.0007134727358482
1.0006947393973102
1.0006743498436463
1.0006523526919908
1.0006288003928547
1.0006037491063116
1.0005772585693757
1.0005493919548665
1.0005202157220856
1.0004897994596453
1.0004582157208088
1.0004255398517179
1.0003918498129059
1.0003572259945024
1.0003217510255631
1.0002855095779586
1.0002485881652823
1.0002110749372466
1.0001730594700426
1.0001346325531582
1.0000958859731506
1.0000569122948915
1.0000178046407890
0.9999786564685199
0.9999395613477956
0.9999006127366933
0.9998619037580904
0.9998235269767334
0.9997855741774817
0.9997481361452598
0.9997113024472496
0.9996751612178503
0.9996397989469280
0.9996053002718769
0.9995717477739934
0.9995392217796714
0.9995078001668981
0.9994775581775339
0.9994485682358386
0.9994208997736904
0.9993946190629360
0.9993697890552865
0.9993464692301612
0.9993247154508534
0.9993045798293841
0.9992861106003789
0.9992693520042856
0.9992543441802292
0.9992411230687689
0.9992297203248059
0.9992201632408614
0.9992124746809166
0.9992066730249862
0.9992027721245625
0.9992007812690413
0.9992007051632212
0.9992025439159266
0.9992062930397848
0.9992119434621598
0.9992194815472161
0.9992288891290528
0.9992401435558246
0.9992532177447381
0.9992680802477873
0.9992846953280603
0.9993030230464217
0.9993230193583573
0.9993446362207297
0.9993678217081776
0.9993925201388737
0.9994186722093168
0.9994462151378257
0.9994750828163671
0.9995052059703491
0.9995365123259747
0.9995689267847431
0.9996023716046608
0.9996367665877161
0.9996720292731549
0.9997080751360781
0.9997448177908786
0.9997821691990100
0.9998200398805842
0.9998583391292809
0.9998969752300442
0.9999358556790412
0.9999748874053489
1.0000139769938350
1.0000530309086939
1.0000919557171088
1.0001306583124940
1.0001690461367982
1.0002070274013304
1.0002445113055893
1.0002814082535818
1.0003176300671148
1.0003530901955602
1.0003877039216118
1.0004213885625401
1.0004540636664856
1.0004856512033291
1.0005160757497007
1.0005452646677011
1.0005731482769193
1.0005996600193536
1.0006247366168595
1.0006483182207584
1.0006703485532746
1.0006907750404683
1.0007095489363715
1.0007266254380405
1.0007419637912649
1.0007555273866928
1.0007672838461588
1.0007772050990145
1.0007852674482962
1.0007914516265761
1.0007957428413725
1.0007981308100158
1.0007986097838948
1.0007971785620289
1.0007938404939303
1.0007886034717557
1.0007814799117647
1.0007724867251244
1.0007616452781232
1.0007489813418866
1.0007345250317108
1.0007183107361446
1.0007003770359815
1.0006807666133455
1.0006595261510747
1.0006367062226318
1.0006123611727877
1.0005865489893493
1.0005593311662266
1.0005307725581458
1.0005009412273422
1.0004699082825830
1.0004377477108848
1.0004045362023184
1.0003703529682990
1.0003352795537854
1.0002993996438170
1.0002627988648425
1.0002255645812972
1.0001877856879051
1.0001495523981929
1.0001109560297106
1.0000720887864627
1.0000330435390667
0.9999939136031555
0.9999547925165491
0.9999157738157319
0.9998769508121585
0.9998384163689333
0.9998002626783953
0.9997625810411435
0.9997254616470413
0.9996889933587234
0.9996532634981374
0.9996183576366370
0.9995843593891389
0.9995513502128518
0.9995194092110637
0.9994886129424804
0.9994590352365795
0.9994307470154391
0.9994038161224822
0.9993783071585618
0.9993542813257960
0.9993317962795438
0.9993109059888915
0.9992916606059964
0.9992741063446187
0.9992582853681451
0.9992442356873892
0.9992319910684220
0.9992215809506673
0.9992130303754700
0.9992063599253143
0.9992015856738468
0.9991987191468358
0.9991977672941593
0.9991987324728984
0.9992016124415750
0.9992064003655485
0.9992130848335588
0.9992216498853740
0.9992320750504738
0.9992443353976684
0.9992584015955276
0.9992742399834679
0.9992918126533172
0.9993110775411548
0.9993319885291858
0.9993544955574062
0.9993785447447646
0.9994040785195233
0.9994310357584915
0.9994593519347790
0.9994889592737052
0.9995197869164699
0.9995517610911799
0.9995848052908054
0.9996188404576258
0.9996537851737110
0.9996895558569616
0.9997260669622328
0.9997632311870419
0.9998009596813597
0.9998391622609720
0.9998777476238901
0.9999166235692843
0.9999556972184158
0.9999948752370229
1.0000340640586358
1.0000731701082777
1.0001121000260222
1.0001507608898665
1.0001890604373969
1.0002269072857133
1.0002642111490994
1.0003008830539204
1.0003368355502458
1.0003719829197009
1.0004062413790578
1.0004395292790962
1.0004717672982688
1.0005028786307202
1.0005327891682276
1.0005614276756465
1.0005887259594490
1.0006146190289800
1.0006390452500489
1.0006619464905167
1.0006832682575391
1.0007029598261581
1.0007209743589500
1.0007372690164560
1.0007518050581450
1.0007645479336862
1.0007754673643179
1.0007845374141358
1.0007917365511347
1.0007970476978709
1.0008004582716270
1.0008019602139944
1.0008015500098046
1.0007992286953653
1.0007950018559832
1.0007888796127815
1.0007808765988400
1.0007710119247122
1.0007593091333939
1.0007457961448512
