1.0001184547131350
1.0001169635073590
1.0001151936751267
1.0001131494579198
1.0001108357522257
1.0001082580978482
1.0001054226646890
1.0001023362380224
1.0000990062023021
1.0000954405235387
1.0000916477302877
1.0000876368932949
1.0000834176038476
1.0000789999508810
1.0000743944968988
1.0000696122527590
1.0000646646513889
1.0000595635204907
1.0000543210543005
1.0000489497844731
1.0000434625501557
1.0000378724673267
1.0000321928974674
1.0000264374156487
1.0000206197781007
1.0000147538893498
1.0000088537689964
1.0000029335182159
0.9999970072860573
0.9999910892356280
0.9999851935102374
0.9999793341995883
0.9999735253060927
0.9999677807113916
0.9999621141431607
0.9999565391422804
0.9999510690304498
0.9999457168783242
0.9999404954742466
0.9999354172936531
0.9999304944692253
0.9999257387618596
0.9999211615325241
0.9999167737150709
0.9999125857900683
0.9999086077597157
0.9999048491239041
0.9999013188574768
0.9998980253887444
0.9998949765793103
0.9998921797052507
0.9998896414396951
0.9998873678368543
0.9998853643175267
0.9998836356561241
0.9998821859692429
0.9998810187058137
0.9998801366388499
0.9998795418588137
0.9998792357686188
0.9998792190802813
0.9998794918132274
0.9998800532942552
0.9998809021591653
0.9998820363560393
0.9998834531501701
0.9998851491306260
0.9998871202184351
0.9998893616763701
0.9998918681203104
0.9998946335321546
0.9998976512742506
0.9999009141053070
0.9999044141977526
0.9999081431564980
0.9999120920390553
0.9999162513769670
0.9999206111984938
0.9999251610525042
0.9999298900335094
0.9999347868077874
0.9999398396405276
0.9999450364239324
0.9999503647062095
0.9999558117213846
0.9999613644198642
0.9999670094996714
0.9999727334382869
0.9999785225250071
0.9999843628937531
0.9999902405562467
0.9999961414354771
1.0000020513993730
1.0000079562946049
1.0000138419804316
1.0000196943625146
1.0000254994266160
1.0000312432721064
1.0000369121451895
1.0000424924717797
1.0000479708899415
1.0000533342818212
1.0000585698049920
1.0000636649231369
1.0000686074359972
1.0000733855085164
1.0000779876991095
1.0000824029869915
1.0000866207984938
1.0000906310323179
1.0000944240836549
1.0000979908671195
1.0001013228384414
1.0001044120148663
1.0001072509942139
1.0001098329725502
1.0001121517604306
1.0001142017976781
1.0001159781666580
1.0001174766040202
1.0001186935108757
1.0001196259613956
1.0001202717097970
1.0001206291957141
1.0001206975479269
1.0001204765864495
1.0001199668229694
1.0001191694596365
1.0001180863862060
1.0001167201755428
1.0001150740774905
1.0001131520111313
1.0001109585554460
1.0001084989384015
1.0001057790244872
1.0001028053007330
1.0000995848612424
1.0000961253902743
1.0000924351439178
1.0000885229303997
1.0000843980890712
1.0000800704681272
1.0000755504011103
1.0000708486822532
1.0000659765407183
1.0000609456137961
1.0000557679191273
1.0000504558260139
1.0000450220258885
1.0000394795020093
1.0000338414984553
1.0000281214884963
1.0000223331424087
1.0000164902948183
1.0000106069116472
1.0000046970567427
0.9999987748582672
0.9999928544749301
0.9999869500621433
0.9999810757381798
0.9999752455504168
0.9999694734417444
0.9999637732172197
0.9999581585110487
0.9999526427539711
0.9999472391411263
0.9999419606004817
0.9999368197618962
0.9999318289268927
0.9999270000392126
0.9999223446562235
0.9999178739212506
0.9999135985368944
0.9999095287394021
0.9999056742741520
0.9999020443723132
0.9998986477287289
0.9998954924810890
0.9998925861904303
0.9998899358230200
0.9998875477336597
0.9998854276504545
0.9998835806610820
0.9998820112005943
0.9998807230407833
0.9998797192811336
0.9998790023413844
0.9998785739557219
0.9998784351686125
0.9998785863322881
0.9998790271058897
0.9998797564562723
0.9998807726604674
0.9998820733097992
0.9998836553156418
0.9998855149168071
0.9998876476885399
0.9998900485531055
0.9998927117919414
0.9998956310593401
0.9998987993976355
0.9999022092538531
0.9999058524977875
0.9999097204414575
0.9999138038598977
0.9999180930132320
0.9999225776699819
0.9999272471315460
0.9999320902577983
0.9999370954937384
0.9999422508971371
0.9999475441671015
0.9999529626734985
0.9999584934871608
0.9999641234108069
0.9999698390105974
0.9999756266482571
0.9999814725136783
0.9999873626579333
0.9999932830266169
0.9999992194934357
1.0000051578939648
1.0000110840594945
1.0000169838508823
1.0000228431923279
1.0000286481049971
1.0000343847404081
1.0000400394135018
1.0000455986353201
1.0000510491452106
1.0000563779424860
1.0000615723174546
1.0000666198817565
1.0000715085979273
1.0000762268081220
1.0000807632619304
1.0000851071432186
1.0000892480959300
1.0000931762487888
1.0000968822388414
1.0001003572337859
1.0001035929530322
1.0001065816874464
1.0001093163177273
1.0001117903313792
1.0001139978382343
1.0001159335844898
1.0001175929652268
1.0001189720353825
1.0001200675191486
1.0001208768177721
1.0001213980157417
1.0001216298853455
1.0001215718895884
1.0001212241834643
1.0001205876135753
1.0001196637161025
1.0001184547131350
1.0001169635073590
1.0001151936751267
1.0001131494579198
