1.0046797668662943
1.0046207922807235
1.0045508392908959
1.0044700716391033
1.0043786784175275
1.0042768736548222
1.0041648958473834
1.0040430074360409
1.0039114942289837
1.0037706647718474
1.0036208496659740
1.0034624008359578
1.0032956907476982
1.0031211115782757
1.0029390743390749
1.0027500079536891
1.0025543582922398
1.0023525871638652
1.0021451712692289
1.0019326011150234
1.0017153798925458
1.0014940223225357
1.0012690534685800
1.0010410075214897
1.0008104265571771
1.0005778592706451
1.0003438596888283
1.0001089858651038
0.9998737985583986
0.9996388598999117
0.9994047320505391
0.9991719758521931
0.9989411494762565
0.9987128070724961
0.9984874974218000
0.9982657625961634
0.9980481366293837
0.9978351442019442
0.9976272993435897
0.9974251041571069
0.9972290475668022
0.9970396040951597
0.9968572326711247
0.9966823754734183
0.9965154568122222
0.9963568820525069
0.9962070365821833
0.9960662848281613
0.9959349693232805
0.9958134098269621
0.9957019025022750
0.9956007191519701
0.9955101065158631
0.9954302856317752
0.9953614512620478
0.9953037713874592
0.9952573867701496
0.9952224105869689
0.9951989281344182
0.9951869966061421
0.9951866449436855
0.9951978737610078
0.9952206553429925
0.9952549337179617
0.9953006248039580
0.9953576166283182
0.9954257696198305
0.9955049169725351
0.9955948650799901
0.9956953940386197
0.9958062582185262
0.9959271868999598
0.9960578849734311
0.9961980337012694
0.9963472915382465
0.9965052950087271
0.9966716596376491
0.9968459809325030
0.9970278354133358
0.9972167816877102
0.9974123615674352
0.9976141012238058
0.9978215123780095
0.9980340935232985
0.9982513311754851
0.9984727011482742
0.9986976698499445
0.9989256955978619
0.9991562299473253
0.9993887190312568
0.9996226049072797
0.9998573269087615
1.0000923229964416
1.0003270311073331
1.0005608904976404
1.0007933430765081
1.0010238347275009
1.0012518166147977
1.0014767464711700
1.0016980898649119
1.0019153214429954
1.0021279261478186
1.0023354004050180
1.0025372532799381
1.0027330076004493
1.0029222010439152
1.0031043871862260
1.0032791365109250
1.0034460373765637
1.0036046969405381
1.0037547420377542
1.0038958200125929
1.0040275995027443
1.0041497711735881
1.0042620484018994
1.0043641679077593
1.0044558903336505
1.0045370007698171
1.0046073092250642
1.0046666510422588
1.0047148872579021
1.0047519049052189
1.0047776172603076
1.0047919640309788
1.0047949114880041
1.0047864525385768
1.0047666067418746
1.0047354202667023
1.0046929657912773
1.0046393423453064
1.0045746750945845
1.0044991150684479
1.0044128388304798
1.0043160480929769
1.0042089692757628
1.0040918530100293
1.0039649735879841
1.0038286283591660
1.0036831370744057
1.0035288411784886
1.0033661030526859
1.0031953052084277
1.0030168494334837
1.0028311558921366
1.0026386621809216
1.0024398223416384
1.0022351058334320
1.0020249964658572
1.0018099912949558
1.0015905994844774
1.0013673411344926
1.0011407460797588
1.0009113526603024
1.0006797064667881
1.0004463590633570
1.0002118666907085
0.9999767889523071
0.9997416874866822
0.9995071246288779
0.9992736620641974
0.9990418594774563
0.9988122732010317
0.9985854548650515
0.9983619500531261
0.9981422969670645
0.9979270251040450
0.9977166539497400
0.9975116916908987
0.9973126339508986
0.9971199625517563
0.9969341443060624
0.9967556298422681
0.9965848524666989
0.9964222270656081
0.9962681490504889
0.9961229933497869
0.9959871134500425
0.9958608404893629
0.9957444824060063
0.9956383231446974
0.9955426219231416
0.9954576125610421
0.9953835028737221
0.9953204741322857
0.9952686805920312
0.9952282490906244
0.9951992787173279
0.9951818405543521
0.9951759774911609
0.9951817041123368
0.9951990066593646
0.9952278430664597
0.9952681430703250
0.9953198083934782
0.9953827130005626
0.9954567034268026
0.9955415991775537
0.9956371931976565
0.9957432524090956
0.9958595183152488
0.9959857076698111
0.9961215132082861
0.9962666044397500
0.9964206284964301
0.9965832110384785
0.9967539572111636
0.9969324526515870
0.9971182645418922
0.9973109427058398
0.9975100207455208
0.9977150172149040
0.9979254368268418
0.9981407716901129
0.9983605025730345
0.9985841001901480
0.9988110265084807
0.9990407360698748
0.9992726773258837
0.9995062939817604
0.9997410263461005
0.9999763126827363
1.0002115905615336
1.0004462982048057
1.0006798758261255
1.0009117669583913
1.0011414197680868
1.0013682883527599
1.0015918340188426
1.0018115265370313
1.0020268453725492
1.0022372808877080
1.0024423355143055
1.0026415248934941
1.0028343789808789
1.0030204431146965
1.0031992790450512
1.0033704659222862
1.0035336012426934
1.0036883017498524
1.0038342042900203
1.0039709666200856
1.0040982681667150
1.0042158107354189
1.0043233191683667
1.0044205419498893
1.0045072517586904
1.0045832459659010
1.0046483470781975
1.0047024031252996
1.0047452879912533
1.0047769016889971
1.0047971705778023
1.0048060475232565
1.0048035119995566
1.0047895701339553
1.0047642546933000
1.0047276250126802
1.0046797668662943
1.0046207922807235
1.0045508392908959
1.0044700716391033
