1.0000000000273352
1.0000000000273135
1.0000000000272473
1.0000000000271361
1.0000000000269804
1.0000000000267812
1.0000000000265401
1.0000000000262574
1.0000000000259339
1.0000000000255715
1.0000000000251710
1.0000000000247331
1.0000000000242604
1.0000000000237550
1.0000000000232183
1.0000000000226517
1.0000000000220575
1.0000000000214369
1.0000000000207900
1.0000000000201179
1.0000000000194214
1.0000000000187035
1.0000000000179661
1.0000000000172116
1.0000000000164417
1.0000000000156595
1.0000000000148670
1.0000000000140667
1.0000000000132601
1.0000000000124480
1.0000000000116329
1.0000000000108167
1.0000000000100007
1.0000000000091871
1.0000000000083789
1.0000000000075782
1.0000000000067859
1.0000000000060039
1.0000000000052340
1.0000000000044775
1.0000000000037352
1.0000000000030085
1.0000000000022979
1.0000000000016049
1.0000000000009317
1.0000000000002798
0.9999999999996499
0.9999999999990432
0.9999999999984607
0.9999999999979036
0.9999999999973737
0.9999999999968716
0.9999999999963974
0.9999999999959521
0.9999999999955372
0.9999999999951537
0.9999999999948022
0.9999999999944839
0.9999999999942002
0.9999999999939522
0.9999999999937398
0.9999999999935628
0.9999999999934205
0.9999999999933125
0.9999999999932373
0.9999999999931944
0.9999999999931848
0.9999999999932083
0.9999999999932648
0.9999999999933527
0.9999999999934712
0.9999999999936203
0.9999999999937997
0.9999999999940087
0.9999999999942460
0.9999999999945108
0.9999999999948010
0.9999999999951146
0.9999999999954492
0.9999999999958037
0.9999999999961756
0.9999999999965626
0.9999999999969635
0.9999999999973765
0.9999999999978001
0.9999999999982327
0.9999999999986734
0.9999999999991215
0.9999999999995753
1.0000000000000329
1.0000000000004918
1.0000000000009504
1.0000000000014064
1.0000000000018583
1.0000000000023048
1.0000000000027438
1.0000000000031755
1.0000000000035989
1.0000000000040123
1.0000000000044134
1.0000000000048006
1.0000000000051730
1.0000000000055300
1.0000000000058700
1.0000000000061915
1.0000000000064933
1.0000000000067744
1.0000000000070344
1.0000000000072731
1.0000000000074907
1.0000000000076870
1.0000000000078608
1.0000000000080118
1.0000000000081375
1.0000000000082370
1.0000000000083102
1.0000000000083566
1.0000000000083769
1.0000000000083713
1.0000000000083407
1.0000000000082840
1.0000000000082012
1.0000000000080913
1.0000000000079547
1.0000000000077915
1.0000000000076021
1.0000000000073874
1.0000000000071481
1.0000000000068843
1.0000000000065947
1.0000000000062785
1.0000000000059350
1.0000000000055651
1.0000000000051692
1.0000000000047482
1.0000000000043030
1.0000000000038354
1.0000000000033467
1.0000000000028377
1.0000000000023093
1.0000000000017626
1.0000000000011990
1.0000000000006197
1.0000000000000253
0.9999999999994167
0.9999999999987963
0.9999999999981646
0.9999999999975234
0.9999999999968732
0.9999999999962161
0.9999999999955529
0.9999999999948849
0.9999999999942136
0.9999999999935398
0.9999999999928653
0.9999999999921915
0.9999999999915206
0.9999999999908539
0.9999999999901926
0.9999999999895385
0.9999999999888923
0.9999999999882569
0.9999999999876331
0.9999999999870219
0.9999999999864255
0.9999999999858465
0.9999999999852867
0.9999999999847459
0.9999999999842250
0.9999999999837259
0.9999999999832524
0.9999999999828064
0.9999999999823900
0.9999999999820035
0.9999999999816477
0.9999999999813232
0.9999999999810310
0.9999999999807720
0.9999999999805476
0.9999999999803583
0.9999999999802059
0.9999999999800921
0.9999999999800181
0.9999999999799836
0.9999999999799881
0.9999999999800324
0.9999999999801169
0.9999999999802420
0.9999999999804071
0.9999999999806121
0.9999999999808569
0.9999999999811415
0.9999999999814652
0.9999999999818273
0.9999999999822275
0.9999999999826655
0.9999999999831397
0.9999999999836493
0.9999999999841936
0.9999999999847713
0.9999999999853815
0.9999999999860231
0.9999999999866949
0.9999999999873959
0.9999999999881262
0.9999999999888853
0.9999999999896718
0.9999999999904843
0.9999999999913213
0.9999999999921818
0.9999999999930651
0.9999999999939698
0.9999999999948940
0.9999999999958369
0.9999999999967972
0.9999999999977729
0.9999999999987623
0.9999999999997639
1.0000000000007756
1.0000000000017948
1.0000000000028180
1.0000000000038434
1.0000000000048688
1.0000000000058917
1.0000000000069105
1.0000000000079239
1.0000000000089295
1.0000000000099252
1.0000000000109091
1.0000000000118792
1.0000000000128337
1.0000000000137703
1.0000000000146865
1.0000000000155802
1.0000000000164500
1.0000000000172959
1.0000000000181173
1.0000000000189122
1.0000000000196791
1.0000000000204159
1.0000000000211218
1.0000000000217950
1.0000000000224345
1.0000000000230402
1.0000000000236109
1.0000000000241449
1.0000000000246405
1.0000000000250979
1.0000000000255167
1.0000000000258955
1.0000000000262323
1.0000000000265257
1.0000000000267744
1.0000000000269778
1.0000000000271354
1.0000000000272466
1.0000000000273128
1.0000000000273352
1.0000000000273135
1.0000000000272473
1.0000000000271361
