1.0000000082022995
1.0000000081179727
1.0000000080155551
1.0000000078953093
1.0000000077575382
1.0000000076025857
1.0000000074308382
1.0000000072427206
1.0000000070386983
1.0000000068192705
1.0000000065849743
1.0000000063363814
1.0000000060740966
1.0000000057987555
1.0000000055110259
1.0000000052116056
1.0000000049012183
1.0000000045806128
1.0000000042505612
1.0000000039118555
1.0000000035653087
1.0000000032117526
1.0000000028520335
1.0000000024870126
1.0000000021175628
1.0000000017445663
1.0000000013689134
1.0000000009915011
1.0000000006132279
1.0000000002349929
0.9999999998576946
0.9999999994822286
0.9999999991094863
0.9999999987403524
0.9999999983757012
0.9999999980163949
0.9999999976632825
0.9999999973171976
0.9999999969789554
0.9999999966493507
0.9999999963291564
0.9999999960191240
0.9999999957199787
0.9999999954324190
0.9999999951571158
0.9999999948947096
0.9999999946458089
0.9999999944109881
0.9999999941907879
0.9999999939857147
0.9999999937962381
0.9999999936227892
0.9999999934657610
0.9999999933255054
0.9999999932023336
0.9999999930965142
0.9999999930082746
0.9999999929378001
0.9999999928852323
0.9999999928506700
0.9999999928341670
0.9999999928357328
0.9999999928553344
0.9999999928928943
0.9999999929482924
0.9999999930213664
0.9999999931119109
0.9999999932196779
0.9999999933443779
0.9999999934856784
0.9999999936432077
0.9999999938165565
0.9999999940052757
0.9999999942088803
0.9999999944268496
0.9999999946586289
0.9999999949036291
0.9999999951612298
0.9999999954307803
0.9999999957116006
0.9999999960029826
0.9999999963041922
0.9999999966144730
0.9999999969330470
0.9999999972591147
0.9999999975918601
0.9999999979304504
0.9999999982740393
0.9999999986217680
0.9999999989727673
0.9999999993261602
0.9999999996810659
1.0000000000366007
1.0000000003918781
1.0000000007460113
1.0000000010981172
1.0000000014473174
1.0000000017927402
1.0000000021335251
1.0000000024688220
1.0000000027977958
1.0000000031196257
1.0000000034335088
1.0000000037386596
1.0000000040343133
1.0000000043197284
1.0000000045941886
1.0000000048570044
1.0000000051075137
1.0000000053450853
1.0000000055691196
1.0000000057790490
1.0000000059743406
1.0000000061544969
1.0000000063190575
1.0000000064675982
1.0000000065997356
1.0000000067151260
1.0000000068134658
1.0000000068944928
1.0000000069579857
1.0000000070037676
1.0000000070317041
1.0000000070417030
1.0000000070337147
1.0000000070077351
1.0000000069638031
1.0000000069020016
1.0000000068224575
1.0000000067253407
1.0000000066108639
1.0000000064792818
1.0000000063308911
1.0000000061660308
1.0000000059850791
1.0000000057884535
1.0000000055766094
1.0000000053500389
1.0000000051092699
1.0000000048548654
1.0000000045874220
1.0000000043075674
1.0000000040159607
1.0000000037132895
1.0000000034002687
1.0000000030776408
1.0000000027461724
1.0000000024066507
1.0000000020598820
1.0000000017066908
1.0000000013479171
1.0000000009844168
1.0000000006170569
1.0000000002467151
0.9999999998742787
0.9999999995006403
0.9999999991266965
0.9999999987533442
0.9999999983814815
0.9999999980120036
0.9999999976458003
0.9999999972837537
0.9999999969267365
0.9999999965756106
0.9999999962312258
0.9999999958944167
0.9999999955660002
0.9999999952467733
0.9999999949375118
0.9999999946389692
0.9999999943518741
0.9999999940769290
0.9999999938148079
0.9999999935661551
0.9999999933315831
0.9999999931116715
0.9999999929069671
0.9999999927179806
0.9999999925451859
0.9999999923890182
0.9999999922498738
0.9999999921281084
0.9999999920240366
0.9999999919379317
0.9999999918700238
0.9999999918205015
0.9999999917895102
0.9999999917771514
0.9999999917834821
0.9999999918085158
0.9999999918522223
0.9999999919145260
0.9999999919953076
0.9999999920944040
0.9999999922116092
0.9999999923466740
0.9999999924993085
0.9999999926691804
0.9999999928559156
0.9999999930591015
0.9999999932782866
0.9999999935129816
0.9999999937626600
0.9999999940267593
0.9999999943046829
0.9999999945958015
0.9999999948994553
0.9999999952149543
0.9999999955415803
0.9999999958785889
0.9999999962252111
0.9999999965806547
0.9999999969441069
0.9999999973147342
0.9999999976916872
0.9999999980741000
0.9999999984610954
0.9999999988517860
0.9999999992452746
0.9999999996406566
1.0000000000370239
1.0000000004334653
1.0000000008290679
1.0000000012229222
1.0000000016141235
1.0000000020017734
1.0000000023849807
1.0000000027628668
1.0000000031345657
1.0000000034992260
1.0000000038560117
1.0000000042041042
1.0000000045427049
1.0000000048710385
1.0000000051883540
1.0000000054939260
1.0000000057870568
1.0000000060670793
1.0000000063333558
1.0000000065852830
1.0000000068222907
1.0000000070438431
1.0000000072494415
1.0000000074386244
1.0000000076109692
1.0000000077660927
1.0000000079036526
1.0000000080233484
1.0000000081249218
1.0000000082081568
1.0000000082728804
1.0000000083189631
1.0000000083463196
1.0000000083549077
1.0000000083447300
1.0000000083158347
1.0000000082683129
1.0000000082022995
1.0000000081179727
1.0000000080155551
1.0000000078953093
