1.0046959454819573
1.0046367679745485
1.0045665742871213
1.0044855287126899
1.0043938209797156
1.0042916658374310
1.0041793025856816
1.0040569945500124
1.0039250285028254
1.0037837140315262
1.0036333828546760
1.0034743880872619
1.0033071034563115
1.0031319224681676
1.0029492575288512
1.0027595390190465
1.0025632143253511
1.0023607468295406
1.0021526148577089
1.0019393105912613
1.0017213389418416
1.0014992163923910
1.0012734698066477
1.0010446352094959
1.0008132565407026
1.0005798843846638
1.0003450746789031
1.0001093874041498
0.9998733852589399
0.9996376323217527
0.9994026927038001
0.9991691291956505
0.9989375019109570
0.9987083669306129
0.9984822749507242
0.9982597699378254
0.9980413877948165
0.9978276550411136
0.9976190875105311
0.9974161890704202
0.9972194503655730
0.9970293475903866
0.9968463412927525
0.9966708752130836
0.9965033751618401
0.9963442479388317
0.9961938802974991
0.9960526379572652
0.9959208646669431
0.9957988813220534
0.9956869851387619
0.9955854488870022
0.9954945201851716
0.9954144208586229
0.9953453463639798
0.9952874652811026
0.9952409188743324
0.9952058207244230
0.9951822564323409
0.9951702833958999
0.9951699306599402
0.9951811988405493
0.9952040601235694
0.9952384583373874
0.9952843090997837
0.9953415000383559
0.9954098910838053
0.9954893148351398
0.9955795769956145
0.9956804568780113
0.9957917079776458
0.9959130586112757
0.9960442126198884
0.9961848501331639
0.9963346283932196
0.9964931826350856
0.9966601270212044
0.9968350556271035
0.9970175434752665
0.9972071476141098
0.9974034082388706
0.9976058498511282
0.9978139824536021
0.9980273027768148
0.9982452955341561
0.9984674347018587
0.9986931848203665
0.9989220023135826
0.9991533368224708
0.9993866325495172
0.9996213296105771
0.9998568653906718
1.0000926759003481
1.0003281971292755
1.0005628663938038
1.0007961236752980
1.0010274129461307
1.0012561834803115
1.0014818911458119
1.0017039996757457
1.0019219819156673
1.0021353210443478
1.0023435117655037
1.0025460614680521
1.0027424913525798
1.0029323375218271
1.0031151520330979
1.0032905039106133
1.0034579801159464
1.0036171864747812
1.0037677485583447
1.0039093125179828
1.0040415458714380
1.0041641382395115
1.0042768020318846
1.0043792730809753
1.0044713112228123
1.0045527008240016
1.0046232512539617
1.0046827973016901
1.0047311995364272
1.0047683446116640
1.0047941455120364
1.0048085417427355
1.0048114994611523
1.0048030115505602
1.0047830976357237
1.0047518040404151
1.0047092036868968
1.0046553959375191
1.0045905063786738
1.0045146865474175
1.0044281136011823
1.0043309899310717
1.0042235427193289
1.0041060234416643
1.0039787073152147
1.0038418926930039
1.0036959004058779
1.0035410730529739
1.0033777742418963
1.0032063877798703
1.0030273168172401
1.0028409829447982
1.0026478252465336
1.0024482993094939
1.0022428761925681
1.0020320413561137
1.0018162935544475
1.0015961436933525
1.0013721136548477
1.0011447350915843
1.0009145481933430
1.0006821004282103
1.0004479452611188
1.0002126408525445
0.9999767487402377
0.9997408325069738
0.9995054564373914
0.9992711841670650
0.9990385773270465
0.9988081941871703
0.9985805883014794
0.9983563071591854
0.9981358908446167
0.9979198707096412
0.9977087680620730
0.9975030928735886
0.9973033425106677
0.9971100004920660
0.9969235352763041
0.9967443990826097
0.9965730267487061
0.9964098346287665
0.9962552195347809
0.9961095577244785
0.9959732039388516
0.9958464904921992
0.9957297264174751
0.9956231966695812
0.9955271613890851
0.9954418552286660
0.9953674867444137
0.9953042378539119
0.9952522633628356
0.9952116905615798
0.9951826188932105
0.9951651196938137
0.9951592360060850
0.9951649824667579
0.9951823452682413
0.9952112821945861
0.9952517227316683
0.9953035682512269
0.9953666922681621
0.9954409407702629
0.9955261326192955
0.9956220600221651
0.9957284890706398
0.9958451603479209
0.9959717896001240
0.9961080684705643
0.9962536652945378
0.9964082259521254
0.9965713747763899
0.9967427155141797
0.9969218323366285
0.9971082908963095
0.9973016394279003
0.9975014098891186
0.9977071191386107
0.9979182701474030
0.9981343532404756
0.9983548473649819
0.9985792213816060
0.9988069353755361
0.9990374419835401
0.9992701877336271
0.9995046143938096
0.9997401603265104
0.9999762618452016
1.0002123545699129
1.0004478747783176
1.0006822607491588
1.0009149540948650
1.0011454010802856
1.0013730539245609
1.0015973720832425
1.0018178235078703
1.0020338858803208
1.0022450478193401
1.0024508100567904
1.0026506865812426
1.0028442057466556
1.0030309113440004
1.0032103636337968
1.0033821403376415
1.0035458375869146
1.0037010708269662
1.0038474756751929
1.0039847087315166
1.0041124483398927
1.0042303952995741
1.0043382735249577
1.0044358306529466
1.0045228385968543
1.0045990940459812
1.0046644189100822
1.0047186607080392
1.0047616929001497
1.0047934151635241
1.0048137536101809
1.0048226609475159
1.0048201165809010
1.0048061266582633
1.0047807240565860
1.0047439683103394
1.0046959454819573
1.0046367679745485
1.0045665742871213
1.0044855287126899
