1.0000060740305992
1.0000059986990795
1.0000059091506355
1.0000058056010659
1.0000056882995627
1.0000055575281130
1.0000054136008258
1.0000052568631799
1.0000050876911974
1.0000049064905445
1.0000047136955603
1.0000045097682200
1.0000042951970274
1.0000040704958491
1.0000038362026828
1.0000035928783733
1.0000033411052696
1.0000030814858336
1.0000028146412001
1.0000025412096913
1.0000022618452906
1.0000019772160780
1.0000016880026343
1.0000013948964159
1.0000010985980996
1.0000007998159086
1.0000004992639184
1.0000001976603510
0.9999998957258577
0.9999995941817991
0.9999992937485183
0.9999989951436203
0.9999986990802572
0.9999984062654221
0.9999981173982609
0.9999978331684021
0.9999975542543086
0.9999972813216558
0.9999970150217400
0.9999967559899237
0.9999965048441168
0.9999962621833018
0.9999960285861004
0.9999958046093915
0.9999955907869816
0.9999953876283292
0.9999951956173281
0.9999950152111521
0.9999948468391634
0.9999946909018875
0.9999945477700559
0.9999944177837202
0.9999943012514403
0.9999941984495497
0.9999941096214952
0.9999940349772557
0.9999939746928442
0.9999939289098870
0.9999938977352878
0.9999938812409722
0.9999938794637173
0.9999938924050646
0.9999939200313207
0.9999939622736369
0.9999940190281759
0.9999940901563615
0.9999941754852122
0.9999942748077560
0.9999943878835291
0.9999945144391511
0.9999946541689801
0.9999948067358434
0.9999949717718469
0.9999951488792583
0.9999953376314590
0.9999955375739652
0.9999957482255162
0.9999959690792284
0.9999961996038087
0.9999964392448257
0.9999966874260374
0.9999969435507701
0.9999972070033457
0.9999974771505595
0.9999977533431933
0.9999980349175684
0.9999983211971373
0.9999986114941010
0.9999989051110557
0.9999992013426617
0.9999994994773317
0.9999997987989345
1.0000000985885087
1.0000003981259820
1.0000006966918933
1.0000009935691183
1.0000012880445841
1.0000015794109764
1.0000018669684325
1.0000021500262133
1.0000024279043596
1.0000026999353198
1.0000029654655460
1.0000032238570558
1.0000034744889605
1.0000037167589535
1.0000039500847508
1.0000041739054852
1.0000043876830473
1.0000045909033752
1.0000047830776837
1.0000049637436341
1.0000051324664414
1.0000052888399142
1.0000054324874297
1.0000055630628348
1.0000056802512749
1.0000057837699476
1.0000058733687802
1.0000059488310302
1.0000060099738035
1.0000060566484947
1.0000060887411431
1.0000061061727059
1.0000061088992478
1.0000060969120479
1.0000060702376210
1.0000060289376578
1.0000059731088784
1.0000059028828019
1.0000058184254315
1.0000057199368608
1.0000056076507959
1.0000054818339974
1.0000053427856448
1.0000051908366223
1.0000050263487275
1.0000048497138077
1.0000046613528257
1.0000044617148547
1.0000042512760043
1.0000040305382829
1.0000038000283982
1.0000035602964994
1.0000033119148637
1.0000030554765269
1.0000027915938678
1.0000025208971455
1.0000022440329925
1.0000019616628677
1.0000016744614764
1.0000013831151593
1.0000010883202515
1.0000007907814177
1.0000004912099663
1.0000001903221507
0.9999998888374567
0.9999995874768828
0.9999992869612158
0.9999989880093093
0.9999986913363644
0.9999983976522189
0.9999981076596506
0.9999978220526952
0.9999975415149891
0.9999972667181323
0.9999969983200845
0.9999967369635921
0.9999964832746512
0.9999962378610077
0.9999960013107050
0.9999957741906774
0.9999955570453934
0.9999953503955556
0.9999951547368515
0.9999949705387703
0.9999947982434780
0.9999946382647594
0.9999944909870276
0.9999943567644031
0.9999942359198686
0.9999941287444923
0.9999940354967334
0.9999939564018222
0.9999938916512202
0.9999938414021610
0.9999938057772725
0.9999937848642819
0.9999937787158046
0.9999937873492174
0.9999938107466161
0.9999938488548556
0.9999939015856760
0.9999939688159106
0.9999940503877788
0.9999941461092630
0.9999942557545648
0.9999943790646435
0.9999945157478324
0.9999946654805358
0.9999948279079991
0.9999950026451555
0.9999951892775456
0.9999953873623060
0.9999955964292261
0.9999958159818685
0.9999960454987553
0.9999962844346129
0.9999965322216737
0.9999967882710307
0.9999970519740431
0.9999973227037899
0.9999975998165663
0.9999978826534205
0.9999981705417267
0.9999984627967899
0.9999987587234819
0.9999990576179003
0.9999993587690491
0.9999996614605354
0.9999999649722818
1.0000002685822464
1.0000005715681444
1.0000008732091714
1.0000011727877274
1.0000014695911275
1.0000017629133036
1.0000020520564925
1.0000023363328998
1.0000026150663412
1.0000028875938578
1.0000031532673002
1.0000034114548741
1.0000036615426493
1.0000039029360253
1.0000041350611499
1.0000043573662871
1.0000045693231367
1.0000047704280963
1.0000049602034597
1.0000051381985593
1.0000053039908416
1.0000054571868739
1.0000055974232855
1.0000057243676308
1.0000058377191845
1.0000059372096586
1.0000060226038412
1.0000060937001571
1.0000061503311506
1.0000061923638808
1.0000062197002397
1.0000062322771854
1.0000062300668904
1.0000062130768090
1.0000061813496568
1.0000061349633058
1.0000060740305992
1.0000059986990795
1.0000059091506355
1.0000058056010659
