1.0351065165952311
1.0346793334270195
1.0341723865934660
1.0335867000839907
1.0329234598363399
1.0321840126544637
1.0313698649513630
1.0304826813071903
1.0295242828318385
1.0284966453202768
1.0274018971879666
1.0262423171728345
1.0250203317895350
1.0237385125210507
1.0223995727321400
1.0210063642887097
1.0195618738669037
1.0180692189355662
1.0165316433957958
1.0149525128615200
1.0133353095654931
1.0116836268757603
1.0100011634085724
1.0082917167248944
1.0065591765991055
1.0048075178502291
1.0030407927280764
1.0012631228490323
0.9994786906788915
0.9976917305631345
0.9959065193083364
0.9941273663220159
0.9923586033221420
0.9906045736316876
0.9888696210780629
0.9871580785218904
0.9854742560444062
0.9838224288277143
0.9822068247671217
0.9806316118597952
0.9791008854189230
0.9776186551673689
0.9761888322693739
0.9748152163631396
0.9735014826609962
0.9722511691872493
0.9710676642266240
0.9699541940584072
0.9689138110528419
0.9679493822069885
0.9670635781970890
0.9662588630234020
0.9655374843214783
0.9649014644109332
0.9643525921489040
0.9638924156506411
0.9635222359340434
0.9632431015385243
0.9630558041614411
0.9629608753475075
0.9629585842583055
0.9630489365402609
0.9632316743004504
0.9635062771904349
0.9638719645891727
0.9643276988670342
0.9648721897041931
0.9655038994283246
0.9662210493287191
0.9670216268967283
0.9679033939360006
0.9688638954802919
0.9699004694518535
0.9710102569894938
0.9721902133724514
0.9734371194641852
0.9747475935990710
0.9761181038347795
0.9775449804937349
0.9790244289184707
0.9805525423678523
0.9821253149839333
0.9837386547625804
0.9853883964648505
0.9870703144103666
0.9887801350984946
0.9905135496079185
0.9922662257301544
0.9940338197975472
0.9958119881712986
0.9975963983600303
0.9993827397442029
1.0011667338863535
1.0029441444115716
1.0047107864468157
1.0064625356115944
1.0081953365561591
1.0099052110466795
1.0115882655998705
1.0132406986722198
1.0148588074113409
1.0164389939790222
1.0179777714573048
1.0194717693503790
1.0209177386962773
1.0223125568032723
1.0236532316265556
1.0249369058012479
1.0261608603480132
1.0273225180676235
1.0284194466406815
1.0294493614484368
1.0304101281302098
1.0312997648923918
1.0321164445833180
1.0328584965475645
1.0335244082723707
1.0341128268379727
1.0346225601826406
1.0350525781921847
1.0354020136225981
1.0356701628633880
1.0358564865479896
1.0359606100164707
1.0359823236345365
1.0359215829716204
1.0357785088396256
1.0355533871926472
1.0352466688867663
1.0348589692977836
1.0343910677935224
1.0338439070561389
1.0332185922486650
1.0325163900188490
1.0317387273322129
1.0308871901251320
1.0299635217676872
1.0289696213250166
1.0279075416049428
1.0267794869787572
1.0255878109612417
1.0243350135352984
1.0230237382059326
1.0216567687678544
1.0202370257706017
1.0187675626648813
1.0172515616137698
1.0156923289525703
1.0140932902814435
1.0124579851755040
1.0107900614978558
1.0090932693020831
1.0073714543120338
1.0056285509683209
1.0038685750328664
1.0020956157450085
1.0003138275252055
0.9985274212252108
0.9967406549267316
0.9949578242940571
0.9931832524899085
0.9914212796678066
0.9896762520585803
0.9879525106731699
0.9862543796486338
0.9845861542691546
0.9829520886988172
0.9813563834679652
0.9798031727599213
0.9782965115497518
0.9768403626514500
0.9754385837343590
0.9740949143737296
0.9728129632039565
0.9715961952461550
0.9704479194842507
0.9693712767655723
0.9683692281030107
0.9674445434560405
0.9665997910672759
0.9658373274297005
0.9651592879572374
0.9645675784279287
0.9640638672646762
0.9636495787132907
0.9633258869715373
0.9630937113160573
0.9629537122665416
0.9629062888184442
0.9629515767669639
0.9630894481361303
0.9633195117177118
0.9636411147154795
0.9640533454812511
0.9645550373202264
0.9651447733345615
0.9658208922660226
0.9665814952910471
0.9674244537146908
0.9683474175038839
0.9693478245951738
0.9704229109077958
0.9715697209894840
0.9727851192199448
0.9740658014953452
0.9754083073165298
0.9768090322038900
0.9782642403628452
0.9797700775257138
0.9813225838982269
0.9829177071420490
0.9845513153283041
0.9862192098011686
0.9879171378950244
0.9896408054533650
0.9913858891025243
0.9931480482382919
0.9949229366884914
0.9967062140195976
0.9984935564603472
1.0002806674200593
1.0020632875839195
1.0038372045718176
1.0055982621513744
1.0073423689995737
1.0090655070108960
1.0107637391529964
1.0124332168738215
1.0140701870665771
1.0156709986011681
1.0172321084326370
1.0187500872987283
1.0202216250200258
1.0216435354171718
1.0230127608604562
1.0243263764676485
1.0255815939662756
1.0267757652366989
1.0279063855523056
1.0289710965329224
1.0299676888272040
1.0308941045392646
1.0317484394142125
1.0325289447965305
1.0332340293744486
1.0338622607225654
1.0344123666540226
1.0348832363925224
1.0352739215734179
1.0355836370819964
1.0358117617359290
1.0359578388177031
1.0360215764616456
1.0360028478989471
1.0359016915628640
1.0357183110550501
1.0354530749727355
1.0351065165952311
1.0346793334270195
1.0341723865934660
1.0335867000839907
