1.0021372781382907
1.0021102839532496
1.0020782636567918
1.0020412931219598
1.0019994599471174
1.0019528632547068
1.0019016134633698
1.0018458320338886
1.0017856511894601
1.0017212136108753
1.0016526721072221
1.0015801892627927
1.0015039370609193
1.0014240964855252
1.0013408571012192
1.0012544166128179
1.0011649804052307
1.0010727610646855
1.0009779778823304
1.0008808563412763
1.0007816275882038
1.0006805278906994
1.0005777980815191
1.0004736829910206
1.0003684308690421
1.0002622927975453
1.0001555220953604
1.0000483737164152
0.9999411036428424
0.9998339682743915
0.9997272238155923
0.9996211256621319
0.9995159277879211
0.9994118821343377
0.9993092380031403
0.9992082414545475
0.9991091347119786
0.9990121555749495
0.9989175368415922
0.9988255057422767
0.9987362833857767
0.9986500842194079
0.9985671155045407
0.9984875768088466
0.9984116595166227
0.9983395463584739
0.9982714109616125
0.9982074174219673
0.9981477198992573
0.9980924622361146
0.9980417776022903
0.9979957881649131
0.9979546047856952
0.9979183267459193
0.9978870414999601
0.9978608244580194
0.9978397387986758
0.9978238353117679
0.9978131522720449
0.9978077153439386
0.9978075375177207
0.9978126190772199
0.9978229475991935
0.9978384979843529
0.9978592325199576
0.9978851009738029
0.9979160407193370
0.9979519768915660
0.9979928225733090
0.9980384790112895
0.9980888358614685
0.9981437714629372
0.9982031531396277
0.9982668375290008
0.9983346709368226
0.9984064897170648
0.9984821206759001
0.9985613814987018
0.9986440811989030
0.9987300205875178
0.9988189927620761
0.9989107836136834
0.9990051723508709
0.9991019320388721
0.9992008301529273
0.9993016291441930
0.9994040870168024
0.9995079579146176
0.9996129927161893
0.9997189396364357
0.9998255448335477
0.9999325530196238
1.0000397080735370
1.0001467536545463
1.0002534338151861
1.0003594936119562
1.0004646797123773
1.0005687409969772
1.0006714291548124
1.0007724992711438
1.0008717104059301
1.0009688261618117
1.0010636152403147
1.0011558519850303
1.0012453169105615
1.0013317972160809
1.0014150872823713
1.0014949891512757
1.0015713129865300
1.0016438775149925
1.0017125104473334
1.0017770488772992
1.0018373396587184
1.0018932397594671
1.0019446165916632
1.0019913483174021
1.0020333241294221
1.0020704445061190
1.0021026214403983
1.0021297786419050
1.0021518517122161
1.0021687882926555
1.0021805481844279
1.0021871034408398
1.0021884384314128
1.0021845498777726
1.0021754468612385
1.0021611508020980
1.0021416954106066
1.0021171266098103
1.0020875024303475
1.0020528928774355
1.0020133797703070
1.0019690565544204
1.0019200280868188
1.0018664103950679
1.0018083304102618
1.0017459256746404
1.0016793440244096
1.0016087432484173
1.0015342907233857
1.0014561630264571
1.0013745455258574
1.0012896319505400
1.0012016239397152
1.0011107305732239
1.0010171678837616
1.0009211583520037
1.0008229303857266
1.0007227177840718
1.0006207591881289
1.0005172975190613
1.0004125794050378
1.0003068545982639
1.0002003753834430
1.0000933959790292
0.9999861719326558
0.9998789595121541
0.9997720150936057
0.9996655945478707
0.9995599526270705
0.9994553423525071
0.9993520144055081
0.9992502165226924
0.9991501928971533
0.9990521835870539
0.9989564239331206
0.9988631439865072
0.9987725679484869
0.9986849136234092
0.9986003918863414
0.9985192061667740
0.9984415519497424
0.9983676162956776
0.9982975773802575
0.9982316040554843
0.9981698554331609
0.9981124804918861
0.9980596177086337
0.9980113947159118
0.9979679279854393
0.9979293225392001
0.9978956716886701
0.9978670568029370
0.9978435471063460
0.9978251995062419
0.9978120584512704
0.9978041558206465
0.9978015108446875
0.9978041300568380
0.9978120072773153
0.9978251236284256
0.9978434475815046
0.9978669350353565
0.9978955294259648
0.9979291618671793
0.9979677513219825
0.9980112048038641
0.9980594176077431
0.9981122735698047
0.9981696453555334
0.9982313947751535
0.9982973731256115
0.9983674215581758
0.9984413714706500
0.9985190449231427
0.9986002550762740
0.9986848066506465
0.9987724964063578
0.9988631136412850
0.9989564407068304
0.9990522535397774
0.9991503222088720
0.9992504114747185
0.9993522813615539
0.9994556877394396
0.9995603829154034
0.9996661162320380
0.9997726346720706
0.9998796834674020
0.9999870067111227
1.0000943479710167
1.0002014509030637
1.0003080598634742
1.0004139205178022
1.0005187804456992
1.0006223897398918
1.0007245015979964
1.0008248729058109
1.0009232648107533
1.0010194432841462
1.0011131796710890
1.0012042512266943
1.0012924416375040
1.0013775415269424
1.0014593489437094
1.0015376698320615
1.0016123184829691
1.0016831179651939
1.0017499005353805
1.0018125080262961
1.0018707922124115
1.0019246151520667
1.0019738495055144
1.0020183788281964
1.0020580978386511
1.0020929126605020
1.0021227410380531
1.0021475125250443
1.0021671686461948
1.0021816630312090
1.0021909615209816
1.0021950422457881
1.0021938956753020
1.0021875246403453
1.0021759443263281
1.0021591822383864
1.0021372781382907
1.0021102839532496
1.0020782636567918
1.0020412931219598
