1.0000000205942072
1.0000000203701782
1.0000000200999299
1.0000000197841434
1.0000000194236061
1.0000000190192120
1.0000000185719580
1.0000000180829418
1.0000000175533601
1.0000000169845034
1.0000000163777545
1.0000000157345874
1.0000000150565611
1.0000000143453160
1.0000000136025697
1.0000000128301132
1.0000000120298056
1.0000000112035721
1.0000000103533984
1.0000000094813262
1.0000000085894465
1.0000000076798969
1.0000000067548580
1.0000000058165437
1.0000000048671973
1.0000000039090868
1.0000000029444991
1.0000000019757349
1.0000000010051038
1.0000000000349192
0.9999999990674917
0.9999999981051226
0.9999999971500999
0.9999999962046917
0.9999999952711415
0.9999999943516630
0.9999999934484345
0.9999999925635944
0.9999999916992343
0.9999999908573964
0.9999999900400662
0.9999999892491696
0.9999999884865695
0.9999999877540583
0.9999999870533546
0.9999999863860999
0.9999999857538560
0.9999999851580986
0.9999999846002133
0.9999999840814936
0.9999999836031375
0.9999999831662467
0.9999999827718229
0.9999999824207629
0.9999999821138599
0.9999999818517995
0.9999999816351604
0.9999999814644107
0.9999999813399074
0.9999999812618948
0.9999999812305059
0.9999999812457609
0.9999999813075671
0.9999999814157196
0.9999999815699012
0.9999999817696844
0.9999999820145333
0.9999999823038034
0.9999999826367415
0.9999999830124898
0.9999999834300870
0.9999999838884712
0.9999999843864831
0.9999999849228673
0.9999999854962762
0.9999999861052726
0.9999999867483345
0.9999999874238578
0.9999999881301611
0.9999999888654891
0.9999999896280152
0.9999999904158474
0.9999999912270336
0.9999999920595651
0.9999999929113810
0.9999999937803750
0.9999999946644001
0.9999999955612734
0.9999999964687801
0.9999999973846799
0.9999999983067120
0.9999999992326027
1.0000000001600684
1.0000000010868226
1.0000000020105813
1.0000000029290672
1.0000000038400163
1.0000000047411826
1.0000000056303435
1.0000000065053063
1.0000000073639117
1.0000000082040410
1.0000000090236196
1.0000000098206223
1.0000000105930771
1.0000000113390721
1.0000000120567605
1.0000000127443631
1.0000000134001752
1.0000000140225691
1.0000000146099970
1.0000000151609945
1.0000000156741859
1.0000000161482865
1.0000000165821064
1.0000000169745520
1.0000000173246291
1.0000000176314452
1.0000000178942139
1.0000000181122553
1.0000000182849982
1.0000000184119802
1.0000000184928493
1.0000000185273650
1.0000000185153972
1.0000000184569302
1.0000000183520605
1.0000000182009967
1.0000000180040598
1.0000000177616828
1.0000000174744086
1.0000000171428891
1.0000000167678826
1.0000000163502529
1.0000000158909670
1.0000000153910920
1.0000000148517945
1.0000000142743364
1.0000000136600720
1.0000000130104456
1.0000000123269870
1.0000000116113097
1.0000000108651061
1.0000000100901432
1.0000000092882577
1.0000000084613534
1.0000000076113962
1.0000000067404096
1.0000000058504679
1.0000000049436926
1.0000000040222452
1.0000000030883240
1.0000000021441586
1.0000000011920056
1.0000000002341420
0.9999999992728610
0.9999999983104664
0.9999999973492646
0.9999999963915613
0.9999999954396561
0.9999999944958367
0.9999999935623730
0.9999999926415121
0.9999999917354733
0.9999999908464416
0.9999999899765626
0.9999999891279375
0.9999999883026179
0.9999999875026013
0.9999999867298278
0.9999999859861730
0.9999999852734438
0.9999999845933752
0.9999999839476263
0.9999999833377752
0.9999999827653159
0.9999999822316541
0.9999999817381042
0.9999999812858861
0.9999999808761219
0.9999999805098345
0.9999999801879453
0.9999999799112697
0.9999999796805153
0.9999999794962807
0.9999999793590556
0.9999999792692177
0.9999999792270335
0.9999999792326570
0.9999999792861287
0.9999999793873758
0.9999999795362132
0.9999999797323421
0.9999999799753515
0.9999999802647187
0.9999999805998128
0.9999999809798930
0.9999999814041129
0.9999999818715215
0.9999999823810650
0.9999999829315894
0.9999999835218430
0.9999999841504803
0.9999999848160648
0.9999999855170713
0.9999999862518905
0.9999999870188332
0.9999999878161340
0.9999999886419551
0.9999999894943905
0.9999999903714706
0.9999999912711686
0.9999999921914027
0.9999999931300431
0.9999999940849165
0.9999999950538100
0.9999999960344775
0.9999999970246457
0.9999999980220176
0.9999999990242793
1.0000000000291063
1.0000000010341668
1.0000000020371274
1.0000000030356602
1.0000000040274479
1.0000000050101896
1.0000000059816039
1.0000000069394357
1.0000000078814624
1.0000000088054981
1.0000000097094006
1.0000000105910758
1.0000000114484815
1.0000000122796338
1.0000000130826108
1.0000000138555569
1.0000000145966876
1.0000000153042938
1.0000000159767457
1.0000000166124956
1.0000000172100838
1.0000000177681410
1.0000000182853901
1.0000000187606510
1.0000000191928442
1.0000000195809930
1.0000000199242234
1.0000000202217663
1.0000000204729613
1.0000000206772572
1.0000000208342146
1.0000000209435065
1.0000000210049187
1.0000000210183495
1.0000000209838114
1.0000000209014301
1.0000000207714452
1.0000000205942072
1.0000000203701782
1.0000000200999299
1.0000000197841434
