1.0000000654635599
1.0000000647154426
1.0000000638181201
1.0000000627738170
1.0000000615851037
1.0000000602548922
1.0000000587864299
1.0000000571832910
1.0000000554493689
1.0000000535888662
1.0000000516062846
1.0000000495064114
1.0000000472943116
1.0000000449753161
1.0000000425550082
1.0000000400392086
1.0000000374339642
1.0000000347455316
1.0000000319803630
1.0000000291450908
1.0000000262465101
1.0000000232915611
1.0000000202873165
1.0000000172409624
1.0000000141597820
1.0000000110511389
1.0000000079224582
1.0000000047812099
1.0000000016348887
0.9999999984909994
0.9999999953570343
0.9999999922404593
0.9999999891486956
0.9999999860891013
0.9999999830689547
0.9999999800954366
0.9999999771756117
0.9999999743164134
0.9999999715246255
0.9999999688068668
0.9999999661695763
0.9999999636189975
0.9999999611611640
0.9999999588018829
0.9999999565467225
0.9999999544009983
0.9999999523697597
0.9999999504577818
0.9999999486695502
0.9999999470092515
0.9999999454807640
0.9999999440876467
0.9999999428331326
0.9999999417201203
0.9999999407511679
0.9999999399284859
0.9999999392539320
0.9999999387290065
0.9999999383548507
0.9999999381322425
0.9999999380615966
0.9999999381429615
0.9999999383760204
0.9999999387600899
0.9999999392941238
0.9999999399767137
0.9999999408060954
0.9999999417801517
0.9999999428964181
0.9999999441520894
0.9999999455440243
0.9999999470687537
0.9999999487224881
0.9999999505011296
0.9999999524002815
0.9999999544152568
0.9999999565410902
0.9999999587725491
0.9999999611041492
0.9999999635301646
0.9999999660446426
0.9999999686414185
0.9999999713141322
0.9999999740562401
0.9999999768610323
0.9999999797216497
0.9999999826310987
0.9999999855822687
0.9999999885679505
0.9999999915808515
0.9999999946136141
0.9999999976588324
1.0000000007090724
1.0000000037568886
1.0000000067948398
1.0000000098155086
1.0000000128115205
1.0000000157755611
1.0000000187003926
1.0000000215788720
1.0000000244039677
1.0000000271687777
1.0000000298665441
1.0000000324906715
1.0000000350347416
1.0000000374925302
1.0000000398580200
1.0000000421254156
1.0000000442891579
1.0000000463439367
1.0000000482847047
1.0000000501066895
1.0000000518054049
1.0000000533766613
1.0000000548165762
1.0000000561215814
1.0000000572884358
1.0000000583142310
1.0000000591963976
1.0000000599327115
1.0000000605213000
1.0000000609606461
1.0000000612495925
1.0000000613873441
1.0000000613734696
1.0000000612079030
1.0000000608909418
1.0000000604232508
1.0000000598058585
1.0000000590401539
1.0000000581278838
1.0000000570711491
1.0000000558724000
1.0000000545344288
1.0000000530603648
1.0000000514536658
1.0000000497181096
1.0000000478577857
1.0000000458770846
1.0000000437806877
1.0000000415735566
1.0000000392609214
1.0000000368482689
1.0000000343413293
1.0000000317460618
1.0000000290686393
1.0000000263154345
1.0000000234930051
1.0000000206080790
1.0000000176675368
1.0000000146783952
1.0000000116477918
1.0000000085829672
1.0000000054912479
1.0000000023800280
0.9999999992567525
0.9999999961288984
0.9999999930039574
0.9999999898894180
0.9999999867927488
0.9999999837213783
0.9999999806826783
0.9999999776839461
0.9999999747323877
0.9999999718350990
0.9999999689990501
0.9999999662310693
0.9999999635378251
0.9999999609258103
0.9999999584013294
0.9999999559704797
0.9999999536391393
0.9999999514129498
0.9999999492973052
0.9999999472973382
0.9999999454179100
0.9999999436635975
0.9999999420386803
0.9999999405471333
0.9999999391926145
0.9999999379784583
0.9999999369076649
0.9999999359828950
0.9999999352064636
0.9999999345803333
0.9999999341061108
0.9999999337850438
0.9999999336180154
0.9999999336055432
0.9999999337477765
0.9999999340444981
0.9999999344951230
0.9999999350987010
0.9999999358539186
0.9999999367591030
0.9999999378122243
0.9999999390109000
0.9999999403524008
0.9999999418336585
0.9999999434512733
0.9999999452015211
0.9999999470803620
0.9999999490834502
0.9999999512061433
0.9999999534435148
0.9999999557903658
0.9999999582412372
0.9999999607904213
0.9999999634319761
0.9999999661597399
0.9999999689673459
0.9999999718482384
0.9999999747956854
0.9999999778027976
0.9999999808625424
0.9999999839677611
0.9999999871111867
0.9999999902854609
0.9999999934831513
0.9999999966967693
0.9999999999187885
1.0000000031416634
1.0000000063578456
1.0000000095598023
1.0000000127400339
1.0000000158910916
1.0000000190055951
1.0000000220762502
1.0000000250958676
1.0000000280573795
1.0000000309538550
1.0000000337785169
1.0000000365247592
1.0000000391861623
1.0000000417565076
1.0000000442297923
1.0000000466002448
1.0000000488623368
1.0000000510107991
1.0000000530406314
1.0000000549471149
1.0000000567258218
1.0000000583726285
1.0000000598837240
1.0000000612556199
1.0000000624851595
1.0000000635695230
1.0000000645062352
1.0000000652931724
1.0000000659285655
1.0000000664110036
1.0000000667394404
1.0000000669131954
1.0000000669319526
1.0000000667957651
1.0000000665050526
1.0000000660606010
1.0000000654635599
1.0000000647154426
1.0000000638181201
1.0000000627738170
