1.0000000000275009
1.0000000000274711
1.0000000000273950
1.0000000000272733
1.0000000000271070
1.0000000000268960
1.0000000000266420
1.0000000000263471
1.0000000000260136
1.0000000000256426
1.0000000000252356
1.0000000000247937
1.0000000000243190
1.0000000000238136
1.0000000000232783
1.0000000000227138
1.0000000000221207
1.0000000000215012
1.0000000000208575
1.0000000000201896
1.0000000000194993
1.0000000000187881
1.0000000000180576
1.0000000000173093
1.0000000000165437
1.0000000000157636
1.0000000000149714
1.0000000000141689
1.0000000000133584
1.0000000000125417
1.0000000000117208
1.0000000000108975
1.0000000000100742
1.0000000000092544
1.0000000000084401
1.0000000000076330
1.0000000000068341
1.0000000000060447
1.0000000000052656
1.0000000000044980
1.0000000000037432
1.0000000000030040
1.0000000000022826
1.0000000000015807
1.0000000000008986
1.0000000000002380
0.9999999999996001
0.9999999999989858
0.9999999999983961
0.9999999999978324
0.9999999999972968
0.9999999999967907
0.9999999999963149
0.9999999999958709
0.9999999999954585
0.9999999999950786
0.9999999999947309
0.9999999999944156
0.9999999999941334
0.9999999999938848
0.9999999999936697
0.9999999999934880
0.9999999999933402
0.9999999999932271
0.9999999999931488
0.9999999999931058
0.9999999999930986
0.9999999999931254
0.9999999999931861
0.9999999999932786
0.9999999999934009
0.9999999999935527
0.9999999999937337
0.9999999999939420
0.9999999999941772
0.9999999999944379
0.9999999999947220
0.9999999999950275
0.9999999999953532
0.9999999999956971
0.9999999999960594
0.9999999999964397
0.9999999999968381
0.9999999999972519
0.9999999999976775
0.9999999999981134
0.9999999999985577
0.9999999999990088
0.9999999999994652
0.9999999999999253
1.0000000000003868
1.0000000000008484
1.0000000000013101
1.0000000000017706
1.0000000000022278
1.0000000000026785
1.0000000000031211
1.0000000000035536
1.0000000000039750
1.0000000000043840
1.0000000000047795
1.0000000000051599
1.0000000000055238
1.0000000000058709
1.0000000000062008
1.0000000000065130
1.0000000000068061
1.0000000000070803
1.0000000000073346
1.0000000000075675
1.0000000000077764
1.0000000000079607
1.0000000000081197
1.0000000000082527
1.0000000000083600
1.0000000000084415
1.0000000000084965
1.0000000000085243
1.0000000000085243
1.0000000000084965
1.0000000000084406
1.0000000000083560
1.0000000000082430
1.0000000000081004
1.0000000000079297
1.0000000000077316
1.0000000000075071
1.0000000000072560
1.0000000000069778
1.0000000000066733
1.0000000000063436
1.0000000000059881
1.0000000000056060
1.0000000000051978
1.0000000000047657
1.0000000000043103
1.0000000000038325
1.0000000000033338
1.0000000000028155
1.0000000000022791
1.0000000000017257
1.0000000000011564
1.0000000000005722
0.9999999999999744
0.9999999999993648
0.9999999999987439
0.9999999999981123
0.9999999999974708
0.9999999999968203
0.9999999999961617
0.9999999999954964
0.9999999999948257
0.9999999999941522
0.9999999999934778
0.9999999999928042
0.9999999999921322
0.9999999999914627
0.9999999999907966
0.9999999999901343
0.9999999999894780
0.9999999999888292
0.9999999999881897
0.9999999999875610
0.9999999999869452
0.9999999999863443
0.9999999999857595
0.9999999999851921
0.9999999999846442
0.9999999999841180
0.9999999999836159
0.9999999999831406
0.9999999999826940
0.9999999999822770
0.9999999999818905
0.9999999999815352
0.9999999999812114
0.9999999999809194
0.9999999999806596
0.9999999999804330
0.9999999999802405
0.9999999999800834
0.9999999999799632
0.9999999999798810
0.9999999999798374
0.9999999999798331
0.9999999999798695
0.9999999999799466
0.9999999999800641
0.9999999999802229
0.9999999999804230
0.9999999999806646
0.9999999999809474
0.9999999999812722
0.9999999999816376
0.9999999999820424
0.9999999999824852
0.9999999999829650
0.9999999999834800
0.9999999999840300
0.9999999999846146
0.9999999999852335
0.9999999999858861
0.9999999999865709
0.9999999999872861
0.9999999999880302
0.9999999999888026
0.9999999999896018
0.9999999999904264
0.9999999999912758
0.9999999999921478
0.9999999999930415
0.9999999999939558
0.9999999999948885
0.9999999999958378
0.9999999999968017
0.9999999999977788
0.9999999999987669
0.9999999999997641
1.0000000000007689
1.0000000000017812
1.0000000000027995
1.0000000000038218
1.0000000000048463
1.0000000000058704
1.0000000000068918
1.0000000000079086
1.0000000000089182
1.0000000000099187
1.0000000000109075
1.0000000000118823
1.0000000000128415
1.0000000000137841
1.0000000000147085
1.0000000000156133
1.0000000000164966
1.0000000000173566
1.0000000000181919
1.0000000000190004
1.0000000000197800
1.0000000000205296
1.0000000000212490
1.0000000000219369
1.0000000000225915
1.0000000000232114
1.0000000000237956
1.0000000000243428
1.0000000000248506
1.0000000000253171
1.0000000000257401
1.0000000000261176
1.0000000000264495
1.0000000000267355
1.0000000000269751
1.0000000000271694
1.0000000000273193
1.0000000000274247
1.0000000000274853
1.0000000000275009
1.0000000000274711
1.0000000000273950
1.0000000000272733
