1.0000133065809629
1.0000131406473196
1.0000129435115515
1.0000127156478449
1.0000124576037073
1.0000121699986579
1.0000118535227445
1.0000115089348924
1.0000111370610891
1.0000107387924095
1.0000103150828858
1.0000098669472246
1.0000093954583822
1.0000089017449982
1.0000083869886993
1.0000078524212717
1.0000072993217177
1.0000067290131980
1.0000061428598674
1.0000055422636165
1.0000049286607178
1.0000043035183932
1.0000036683313076
1.0000030246179965
1.0000023739172343
1.0000017177843568
1.0000010577875442
1.0000003955040730
0.9999997325165455
0.9999990704091077
0.9999984107636642
0.9999977551560945
0.9999971051524880
0.9999964623053996
0.9999958281501418
0.9999952042011118
0.9999945919481753
0.9999939928531049
0.9999934083460865
0.9999928398223017
0.9999922886385924
0.9999917561102192
0.9999912435077167
0.9999907520538598
0.9999902829207405
0.9999898372269692
0.9999894160349992
0.9999890203485899
0.9999886511104089
0.9999883091997799
0.9999879954305810
0.9999877105493032
0.9999874552332655
0.9999872300889987
0.9999870356507977
0.9999868723794474
0.9999867406611213
0.9999866408064623
0.9999865730498403
0.9999865375487964
0.9999865343836700
0.9999865635574063
0.9999866249955529
0.9999867185464425
0.9999868439815573
0.9999870009960776
0.9999871892096142
0.9999874081671195
0.9999876573399812
0.9999879361272866
0.9999882438572651
0.9999885797888938
0.9999889431136751
0.9999893329575746
0.9999897483831128
0.9999901883916095
0.9999906519255730
0.9999911378712348
0.9999916450612153
0.9999921722773168
0.9999927182534399
0.9999932816786129
0.9999938612001312
0.9999944554267939
0.9999950629322337
0.9999956822583299
0.9999963119186965
0.9999969504022418
0.9999975961767822
0.9999982476927101
0.9999989033867016
0.9999995616854567
1.0000002210094627
1.0000008797767759
1.0000015364068027
1.0000021893240856
1.0000028369620690
1.0000034777668476
1.0000041102008859
1.0000047327466963
1.0000053439104681
1.0000059422256438
1.0000065262564275
1.0000070946012192
1.0000076458959679
1.0000081788174358
1.0000086920863624
1.0000091844705274
1.0000096547876962
1.0000101019084526
1.0000105247588986
1.0000109223232230
1.0000112936461327
1.0000116378351398
1.0000119540626975
1.0000122415681805
1.0000124996597073
1.0000127277157935
1.0000129251868419
1.0000130915964585
1.0000132265425923
1.0000133296984999
1.0000134008135260
1.0000134397137070
1.0000134463021884
1.0000134205594586
1.0000133625433987
1.0000132723891466
1.0000131503087764
1.0000129965907931
1.0000128115994451
1.0000125957738550
1.0000123496269731
1.0000120737443536
1.0000117687827548
1.0000114354685707
1.0000110745960999
1.0000106870256460
1.0000102736814638
1.0000098355495510
1.0000093736752949
1.0000088891609749
1.0000083831631286
1.0000078568897885
1.0000073115975958
1.0000067485887980
1.0000061692081361
1.0000055748396328
1.0000049669032833
1.0000043468516633
1.0000037161664566
1.0000030763549137
1.0000024289462510
1.0000017754879931
1.0000011175422758
1.0000004566821123
0.9999997944876324
0.9999991325423043
0.9999984724291507
0.9999978157269631
0.9999971640065285
0.9999965188268727
0.9999958817315330
0.9999952542448673
0.9999946378684103
0.9999940340772810
0.9999934443166579
0.9999928699983226
0.9999923124972824
0.9999917731484824
0.9999912532436137
0.9999907540280217
0.9999902766977282
0.9999898223965705
0.9999893922134637
0.9999889871797970
0.9999886082669673
0.9999882563840526
0.9999879323756377
0.9999876370197912
0.9999873710262045
0.9999871350344925
0.9999869296126613
0.9999867552557491
0.9999866123846409
0.9999865013450581
0.9999864224067302
0.9999863757627461
0.9999863615290914
0.9999863797443674
0.9999864303696955
0.9999865132888094
0.9999866283083295
0.9999867751582214
0.9999869534924378
0.9999871628897444
0.9999874028547231
0.9999876728189555
0.9999879721423787
0.9999883001148112
0.9999886559576489
0.9999890388257213
0.9999894478093097
0.9999898819363193
0.9999903401745999
0.9999908214344100
0.9999913245710202
0.9999918483874453
0.9999923916373021
0.9999929530277865
0.9999935312227604
0.9999941248459437
0.9999947324842012
0.9999953526909150
0.9999959839894412
0.9999966248766375
0.9999972738264515
0.9999979292935653
0.9999985897170859
0.9999992535242731
0.9999999191342954
1.0000005849620059
1.0000012494217285
1.0000019109310423
1.0000025679145619
1.0000032188076982
1.0000038620603973
1.0000044961408412
1.0000051195391064
1.0000057307707682
1.0000063283804452
1.0000069109452756
1.0000074770783132
1.0000080254318389
1.0000085547005795
1.0000090636248249
1.0000095509934355
1.0000100156467322
1.0000104564792653
1.0000108724424528
1.0000112625470854
1.0000116258656855
1.0000119615347218
1.0000122687566704
1.0000125468019154
1.0000127950104936
1.0000130127936646
1.0000131996353181
1.0000133550932044
1.0000134787999879
1.0000135704641231
1.0000136298705489
1.0000136568811997
1.0000136514353328
1.0000136135496711
1.0000135433183621
1.0000134409127499
1.0000133065809629
1.0000131406473196
1.0000129435115515
1.0000127156478449
