1.0000241670945038
1.0000238647308060
1.0000235056360669
1.0000230906730512
1.0000226208378669
1.0000220972575797
1.0000215211875230
1.0000208940082922
1.0000202172224464
1.0000194924509131
1.0000187214291141
1.0000179060028185
1.0000170481237300
1.0000161498448208
1.0000152133154241
1.0000142407760979
1.0000132345532686
1.0000121970536715
1.0000111307585968
1.0000100382179602
1.0000089220442068
1.0000077849060702
1.0000066295221903
1.0000054586546174
1.0000042751022105
1.0000030816939458
1.0000018812821569
1.0000006767357168
0.9999994709331820
0.9999982667559092
0.9999970670811704
0.9999958747752760
0.9999946926867226
0.9999935236393844
0.9999923704257643
0.9999912358003192
0.9999901224728761
0.9999890331021561
0.9999879702894175
0.9999869365722400
0.9999859344184584
0.9999849662202647
0.9999840342884890
0.9999831408470783
0.9999822880277798
0.9999814778650465
0.9999807122911759
0.9999799931316909
0.9999793221009772
0.9999787007981884
0.9999781307034216
0.9999776131741844
0.9999771494421514
0.9999767406102197
0.9999763876498774
0.9999760913988821
0.9999758525592616
0.9999756716956384
0.9999755492338843
0.9999754854601061
0.9999754805199637
0.9999755344183261
0.9999756470192651
0.9999758180463840
0.9999760470834824
0.9999763335755569
0.9999766768301325
0.9999770760189218
0.9999775301798121
0.9999780382191691
0.9999785989144604
0.9999792109171798
0.9999798727560802
0.9999805828406942
0.9999813394651430
0.9999821408122207
0.9999829849577448
0.9999838698751633
0.9999847934404056
0.9999857534369663
0.9999867475612095
0.9999877734278841
0.9999888285758303
0.9999899104738692
0.9999910165268592
0.9999921440819075
0.9999932904347166
0.9999944528360571
0.9999956284983452
0.9999968146023126
0.9999980083037503
0.9999992067403117
1.0000004070383630
1.0000016063198562
1.0000028017092146
1.0000039903402125
1.0000051693628305
1.0000063359500742
1.0000074873047355
1.0000086206660832
1.0000097333164659
1.0000108225878135
1.0000118858680194
1.0000129206071871
1.0000139243237287
1.0000148946103022
1.0000158291395671
1.0000167256697530
1.0000175820500199
1.0000183962256060
1.0000191662427378
1.0000198902533062
1.0000205665192863
1.0000211934168954
1.0000217694404778
1.0000222932061040
1.0000227634548853
1.0000231790559853
1.0000235390093255
1.0000238424479779
1.0000240886402401
1.0000242769913879
1.0000244070451005
1.0000244784845544
1.0000244911331835
1.0000244449551066
1.0000243400552140
1.0000241766789206
1.0000239552115824
1.0000236761775803
1.0000233402390681
1.0000229481943956
1.0000225009762018
1.0000219996491910
1.0000214454075897
1.0000208395722974
1.0000201835877305
1.0000194790183754
1.0000187275450514
1.0000179309608956
1.0000170911670812
1.0000162101682737
1.0000152900678450
1.0000143330628473
1.0000133414387660
1.0000123175640581
1.0000112638844934
1.0000101829173091
1.0000090772451962
1.0000079495101271
1.0000068024070414
1.0000056386774074
1.0000044611026686
1.0000032724975949
1.0000020757035575
1.0000008735817372
0.9999996690062845
0.9999984648574490
0.9999972640146937
0.9999960693498113
0.9999948837200582
0.9999937099613246
0.9999925508813529
0.9999914092530250
0.9999902878077307
0.9999891892288383
0.9999881161452759
0.9999870711252447
0.9999860566700766
0.9999850752082526
0.9999841290895944
0.9999832205796418
0.9999823518542353
0.9999815249943110
0.9999807419809223
0.9999800046905006
0.9999793148903636
0.9999786742344875
0.9999780842595478
0.9999775463812430
0.9999770618909057
0.9999766319524116
0.9999762575993929
0.9999759397327621
0.9999756791185532
0.9999754763860884
0.9999753320264672
0.9999752463913903
0.9999752196923138
0.9999752519999383
0.9999753432440358
0.9999754932136139
0.9999757015574159
0.9999759677847565
0.9999762912666906
0.9999766712375134
0.9999771067965878
0.9999775969104941
0.9999781404154953
0.9999787360203150
0.9999793823092223
0.9999800777454128
0.9999808206746758
0.9999816093293461
0.9999824418325265
0.9999833162025704
0.9999842303578157
0.9999851821215568
0.9999861692272436
0.9999871893238969
0.9999882399817244
0.9999893186979236
0.9999904229026618
0.9999915499652156
0.9999926972002554
0.9999938618742610
0.9999950412120497
0.9999962324034042
0.9999974326097869
0.9999986389711206
0.9999998486126205
1.0000010586516583
1.0000022662046519
1.0000034683939518
1.0000046623547125
1.0000058452417349
1.0000070142362616
1.0000081665527110
1.0000092994453271
1.0000104102147407
1.0000114962144118
1.0000125548569514
1.0000135836202997
1.0000145800537490
1.0000155417837955
1.0000164665198066
1.0000173520594884
1.0000181962941448
1.0000189972137090
1.0000197529115451
1.0000204615890003
1.0000211215596950
1.0000217312535506
1.0000222892205348
1.0000227941341224
1.0000232447944635
1.0000236401312432
1.0000239792062358
1.0000242612155412
1.0000244854915028
1.0000246515042981
1.0000247588632023
1.0000248073175175
1.0000247967571683
1.0000247272129610
1.0000245988565066
1.0000244119998061
1.0000241670945038
1.0000238647308060
1.0000235056360669
1.0000230906730512
