1.0000000000027010
1.0000000000027045
1.0000000000027025
1.0000000000026963
1.0000000000026865
1.0000000000026734
1.0000000000026570
1.0000000000026363
1.0000000000026112
1.0000000000025817
1.0000000000025469
1.0000000000025075
1.0000000000024640
1.0000000000024172
1.0000000000023677
1.0000000000023164
1.0000000000022640
1.0000000000022105
1.0000000000021561
1.0000000000021003
1.0000000000020444
1.0000000000019880
1.0000000000019309
1.0000000000018736
1.0000000000018152
1.0000000000017562
1.0000000000016975
1.0000000000016394
1.0000000000015803
1.0000000000015206
1.0000000000014599
1.0000000000013989
1.0000000000013378
1.0000000000012763
1.0000000000012144
1.0000000000011520
1.0000000000010907
1.0000000000010314
1.0000000000009752
1.0000000000009228
1.0000000000008740
1.0000000000008278
1.0000000000007834
1.0000000000007412
1.0000000000007017
1.0000000000006650
1.0000000000006319
1.0000000000006042
1.0000000000005818
1.0000000000005638
1.0000000000005504
1.0000000000005416
1.0000000000005362
1.0000000000005347
1.0000000000005356
1.0000000000005380
1.0000000000005420
1.0000000000005476
1.0000000000005547
1.0000000000005622
1.0000000000005713
1.0000000000005813
1.0000000000005917
1.0000000000006026
1.0000000000006137
1.0000000000006248
1.0000000000006355
1.0000000000006457
1.0000000000006555
1.0000000000006637
1.0000000000006710
1.0000000000006783
1.0000000000006863
1.0000000000006957
1.0000000000007057
1.0000000000007163
1.0000000000007279
1.0000000000007403
1.0000000000007538
1.0000000000007681
1.0000000000007820
1.0000000000007956
1.0000000000008087
1.0000000000008205
1.0000000000008298
1.0000000000008371
1.0000000000008427
1.0000000000008467
1.0000000000008495
1.0000000000008509
1.0000000000008498
1.0000000000008462
1.0000000000008400
1.0000000000008309
1.0000000000008191
1.0000000000008054
1.0000000000007898
1.0000000000007725
1.0000000000007536
1.0000000000007330
1.0000000000007110
1.0000000000006872
1.0000000000006617
1.0000000000006346
1.0000000000006062
1.0000000000005773
1.0000000000005491
1.0000000000005214
1.0000000000004940
1.0000000000004670
1.0000000000004385
1.0000000000004092
1.0000000000003788
1.0000000000003482
1.0000000000003186
1.0000000000002907
1.0000000000002638
1.0000000000002365
1.0000000000002092
1.0000000000001827
1.0000000000001574
1.0000000000001343
1.0000000000001139
1.0000000000000955
1.0000000000000786
1.0000000000000628
1.0000000000000486
1.0000000000000366
1.0000000000000278
1.0000000000000220
1.0000000000000191
1.0000000000000191
1.0000000000000215
1.0000000000000264
1.0000000000000335
1.0000000000000422
1.0000000000000520
1.0000000000000635
1.0000000000000768
1.0000000000000917
1.0000000000001088
1.0000000000001275
1.0000000000001459
1.0000000000001636
1.0000000000001819
1.0000000000002003
1.0000000000002194
1.0000000000002391
1.0000000000002578
1.0000000000002738
1.0000000000002884
1.0000000000003018
1.0000000000003140
1.0000000000003253
1.0000000000003355
1.0000000000003431
1.0000000000003468
1.0000000000003466
1.0000000000003428
1.0000000000003355
1.0000000000003244
1.0000000000003089
1.0000000000002900
1.0000000000002682
1.0000000000002440
1.0000000000002174
1.0000000000001892
1.0000000000001605
1.0000000000001330
1.0000000000001066
1.0000000000000806
1.0000000000000555
1.0000000000000311
1.0000000000000078
0.9999999999999861
0.9999999999999668
0.9999999999999485
0.9999999999999304
0.9999999999999132
0.9999999999998971
0.9999999999998822
0.9999999999998678
0.9999999999998538
0.9999999999998400
0.9999999999998271
0.9999999999998163
0.9999999999998077
0.9999999999998007
0.9999999999997947
0.9999999999997893
0.9999999999997845
0.9999999999997792
0.9999999999997723
0.9999999999997644
0.9999999999997560
0.9999999999997476
0.9999999999997403
0.9999999999997354
0.9999999999997325
0.9999999999997311
0.9999999999997311
0.9999999999997330
0.9999999999997370
0.9999999999997431
0.9999999999997530
0.9999999999997673
0.9999999999997861
0.9999999999998096
0.9999999999998378
0.9999999999998713
0.9999999999999101
0.9999999999999534
1.0000000000000000
1.0000000000000495
1.0000000000001019
1.0000000000001570
1.0000000000002141
1.0000000000002722
1.0000000000003311
1.0000000000003910
1.0000000000004519
1.0000000000005136
1.0000000000005755
1.0000000000006386
1.0000000000007030
1.0000000000007692
1.0000000000008371
1.0000000000009068
1.0000000000009783
1.0000000000010523
1.0000000000011280
1.0000000000012050
1.0000000000012834
1.0000000000013638
1.0000000000014464
1.0000000000015317
1.0000000000016185
1.0000000000017044
1.0000000000017883
1.0000000000018694
1.0000000000019471
1.0000000000020210
1.0000000000020919
1.0000000000021607
1.0000000000022264
1.0000000000022888
1.0000000000023472
1.0000000000024012
1.0000000000024514
1.0000000000024982
1.0000000000025409
1.0000000000025790
1.0000000000026115
1.0000000000026388
1.0000000000026614
1.0000000000026792
1.0000000000026925
1.0000000000027010
1.0000000000027045
1.0000000000027025
1.0000000000026963
