1.0000000000027411
1.0000000000027471
1.0000000000027471
1.0000000000027409
1.0000000000027292
1.0000000000027112
1.0000000000026872
1.0000000000026579
1.0000000000026228
1.0000000000025826
1.0000000000025371
1.0000000000024865
1.0000000000024309
1.0000000000023717
1.0000000000023088
1.0000000000022424
1.0000000000021732
1.0000000000021001
1.0000000000020242
1.0000000000019478
1.0000000000018723
1.0000000000017986
1.0000000000017255
1.0000000000016538
1.0000000000015832
1.0000000000015132
1.0000000000014437
1.0000000000013758
1.0000000000013101
1.0000000000012466
1.0000000000011857
1.0000000000011269
1.0000000000010696
1.0000000000010130
1.0000000000009568
1.0000000000009017
1.0000000000008480
1.0000000000007969
1.0000000000007490
1.0000000000007032
1.0000000000006590
1.0000000000006166
1.0000000000005758
1.0000000000005353
1.0000000000004945
1.0000000000004536
1.0000000000004128
1.0000000000003721
1.0000000000003311
1.0000000000002907
1.0000000000002525
1.0000000000002185
1.0000000000001896
1.0000000000001674
1.0000000000001514
1.0000000000001430
1.0000000000001423
1.0000000000001479
1.0000000000001574
1.0000000000001705
1.0000000000001856
1.0000000000002021
1.0000000000002189
1.0000000000002358
1.0000000000002522
1.0000000000002669
1.0000000000002802
1.0000000000002929
1.0000000000003062
1.0000000000003197
1.0000000000003337
1.0000000000003477
1.0000000000003624
1.0000000000003781
1.0000000000003944
1.0000000000004106
1.0000000000004270
1.0000000000004439
1.0000000000004616
1.0000000000004798
1.0000000000004985
1.0000000000005163
1.0000000000005329
1.0000000000005489
1.0000000000005640
1.0000000000005778
1.0000000000005900
1.0000000000005997
1.0000000000006057
1.0000000000006084
1.0000000000006080
1.0000000000006053
1.0000000000006002
1.0000000000005917
1.0000000000005802
1.0000000000005651
1.0000000000005476
1.0000000000005289
1.0000000000005105
1.0000000000004923
1.0000000000004736
1.0000000000004534
1.0000000000004312
1.0000000000004068
1.0000000000003797
1.0000000000003504
1.0000000000003184
1.0000000000002849
1.0000000000002487
1.0000000000002107
1.0000000000001708
1.0000000000001297
1.0000000000000870
1.0000000000000435
1.0000000000000004
0.9999999999999580
0.9999999999999173
0.9999999999998779
0.9999999999998403
0.9999999999998059
0.9999999999997740
0.9999999999997460
0.9999999999997214
0.9999999999997012
0.9999999999996851
0.9999999999996723
0.9999999999996623
0.9999999999996555
0.9999999999996519
0.9999999999996525
0.9999999999996564
0.9999999999996623
0.9999999999996698
0.9999999999996784
0.9999999999996889
0.9999999999997014
0.9999999999997148
0.9999999999997293
0.9999999999997454
0.9999999999997626
0.9999999999997795
0.9999999999997949
0.9999999999998080
0.9999999999998188
0.9999999999998279
0.9999999999998369
0.9999999999998466
0.9999999999998578
0.9999999999998698
0.9999999999998815
0.9999999999998921
0.9999999999999001
0.9999999999999051
0.9999999999999072
0.9999999999999069
0.9999999999999041
0.9999999999998994
0.9999999999998928
0.9999999999998848
0.9999999999998762
0.9999999999998674
0.9999999999998593
0.9999999999998520
0.9999999999998449
0.9999999999998378
0.9999999999998305
0.9999999999998234
0.9999999999998161
0.9999999999998105
0.9999999999998058
0.9999999999998027
0.9999999999998012
0.9999999999997999
0.9999999999997978
0.9999999999997942
0.9999999999997887
0.9999999999997815
0.9999999999997738
0.9999999999997675
0.9999999999997633
0.9999999999997607
0.9999999999997597
0.9999999999997597
0.9999999999997600
0.9999999999997597
0.9999999999997595
0.9999999999997594
0.9999999999997592
0.9999999999997576
0.9999999999997543
0.9999999999997481
0.9999999999997399
0.9999999999997304
0.9999999999997213
0.9999999999997130
0.9999999999997072
0.9999999999997033
0.9999999999997004
0.9999999999996997
0.9999999999997009
0.9999999999997035
0.9999999999997072
0.9999999999997112
0.9999999999997156
0.9999999999997207
0.9999999999997281
0.9999999999997384
0.9999999999997530
0.9999999999997714
0.9999999999997944
0.9999999999998211
0.9999999999998520
0.9999999999998861
0.9999999999999239
0.9999999999999656
1.0000000000000104
1.0000000000000571
1.0000000000001057
1.0000000000001568
1.0000000000002096
1.0000000000002642
1.0000000000003217
1.0000000000003828
1.0000000000004476
1.0000000000005156
1.0000000000005864
1.0000000000006606
1.0000000000007385
1.0000000000008198
1.0000000000009042
1.0000000000009908
1.0000000000010787
1.0000000000011686
1.0000000000012601
1.0000000000013527
1.0000000000014460
1.0000000000015397
1.0000000000016329
1.0000000000017253
1.0000000000018161
1.0000000000019043
1.0000000000019880
1.0000000000020670
1.0000000000021425
1.0000000000022140
1.0000000000022817
1.0000000000023452
1.0000000000024047
1.0000000000024598
1.0000000000025107
1.0000000000025568
1.0000000000025981
1.0000000000026350
1.0000000000026668
1.0000000000026930
1.0000000000027136
1.0000000000027298
1.0000000000027411
1.0000000000027471
1.0000000000027471
1.0000000000027409
