1.0000000002688862
1.0000000002672744
1.0000000002651539
1.0000000002625311
1.0000000002594136
1.0000000002558096
1.0000000002517284
1.0000000002471807
1.0000000002421794
1.0000000002367377
1.0000000002308704
1.0000000002245915
1.0000000002179155
1.0000000002108589
1.0000000002034375
1.0000000001956693
1.0000000001875726
1.0000000001791676
1.0000000001704752
1.0000000001615170
1.0000000001523150
1.0000000001428908
1.0000000001332652
1.0000000001234617
1.0000000001135034
1.0000000001034144
1.0000000000932199
1.0000000000829454
1.0000000000726150
1.0000000000622535
1.0000000000518867
1.0000000000415374
1.0000000000312297
1.0000000000209885
1.0000000000108373
1.0000000000007987
0.9999999999908943
0.9999999999811465
0.9999999999715764
0.9999999999622056
0.9999999999530552
0.9999999999441458
0.9999999999354973
0.9999999999271292
0.9999999999190604
0.9999999999113084
0.9999999999038905
0.9999999998968235
0.9999999998901231
0.9999999998838035
0.9999999998778774
0.9999999998723572
0.9999999998672544
0.9999999998625781
0.9999999998583372
0.9999999998545402
0.9999999998511934
0.9999999998483031
0.9999999998458732
0.9999999998439073
0.9999999998424094
0.9999999998413801
0.9999999998408186
0.9999999998407224
0.9999999998410886
0.9999999998419127
0.9999999998431899
0.9999999998449158
0.9999999998470842
0.9999999998496869
0.9999999998527136
0.9999999998561533
0.9999999998599939
0.9999999998642224
0.9999999998688253
0.9999999998737892
0.9999999998790994
0.9999999998847400
0.9999999998906952
0.9999999998969483
0.9999999999034819
0.9999999999102757
0.9999999999173105
0.9999999999245663
0.9999999999320246
0.9999999999396646
0.9999999999474661
0.9999999999554081
0.9999999999634694
0.9999999999716275
0.9999999999798580
0.9999999999881376
0.9999999999964431
1.0000000000047511
1.0000000000130376
1.0000000000212799
1.0000000000294544
1.0000000000375382
1.0000000000455094
1.0000000000533460
1.0000000000610254
1.0000000000685263
1.0000000000758276
1.0000000000829090
1.0000000000897504
1.0000000000963325
1.0000000001026348
1.0000000001086402
1.0000000001143308
1.0000000001196896
1.0000000001247007
1.0000000001293496
1.0000000001336242
1.0000000001375120
1.0000000001410014
1.0000000001440816
1.0000000001467437
1.0000000001489793
1.0000000001507812
1.0000000001521432
1.0000000001530600
1.0000000001535279
1.0000000001535434
1.0000000001531053
1.0000000001522118
1.0000000001508624
1.0000000001490570
1.0000000001467975
1.0000000001440870
1.0000000001409295
1.0000000001373319
1.0000000001333027
1.0000000001288505
1.0000000001239833
1.0000000001187108
1.0000000001130447
1.0000000001069964
1.0000000001005800
1.0000000000938092
1.0000000000866991
1.0000000000792657
1.0000000000715248
1.0000000000634937
1.0000000000551910
1.0000000000466354
1.0000000000378471
1.0000000000288474
1.0000000000196569
1.0000000000102980
1.0000000000007929
0.9999999999911648
0.9999999999814372
0.9999999999716336
0.9999999999617778
0.9999999999518937
0.9999999999420048
0.9999999999321337
0.9999999999223036
0.9999999999125377
0.9999999999028588
0.9999999998932909
0.9999999998838590
0.9999999998745884
0.9999999998655031
0.9999999998566261
0.9999999998479797
0.9999999998395855
0.9999999998314643
0.9999999998236359
0.9999999998161199
0.9999999998089362
0.9999999998021020
0.9999999997956360
0.9999999997895549
0.9999999997838744
0.9999999997786099
0.9999999997737757
0.9999999997693866
0.9999999997654553
0.9999999997619935
0.9999999997590119
0.9999999997565193
0.9999999997545244
0.9999999997530342
0.9999999997520540
0.9999999997515882
0.9999999997516399
0.9999999997522114
0.9999999997533051
0.9999999997549215
0.9999999997570589
0.9999999997597147
0.9999999997628853
0.9999999997665661
0.9999999997707503
0.9999999997754309
0.9999999997806001
0.9999999997862490
0.9999999997923678
0.9999999997989446
0.9999999998059661
0.9999999998134181
0.9999999998212864
0.9999999998295541
0.9999999998382035
0.9999999998472162
0.9999999998565737
0.9999999998662570
0.9999999998762463
0.9999999998865211
0.9999999998970599
0.9999999999078412
0.9999999999188413
0.9999999999300372
0.9999999999414045
0.9999999999529193
0.9999999999645586
0.9999999999762973
0.9999999999881115
0.9999999999999756
1.0000000000118636
1.0000000000237508
1.0000000000356120
1.0000000000474223
1.0000000000591576
1.0000000000707929
1.0000000000823033
1.0000000000936644
1.0000000001048526
1.0000000001158438
1.0000000001266136
1.0000000001371385
1.0000000001473954
1.0000000001573623
1.0000000001670186
1.0000000001763441
1.0000000001853195
1.0000000001939269
1.0000000002021483
1.0000000002099672
1.0000000002173675
1.0000000002243337
1.0000000002308516
1.0000000002369087
1.0000000002424936
1.0000000002475957
1.0000000002522054
1.0000000002563143
1.0000000002599156
1.0000000002630034
1.0000000002655729
1.0000000002676206
1.0000000002691445
1.0000000002701432
1.0000000002706151
1.0000000002705611
1.0000000002699834
1.0000000002688862
1.0000000002672744
1.0000000002651539
1.0000000002625311
