1.0687577679528995
1.0679538474881252
1.0669992580431691
1.0658956196164744
1.0646448139340299
1.0632489852126985
1.0617105409697281
1.0600321528544283
1.0582167574746086
1.0562675571868483
1.0541880208159977
1.0519818842654705
1.0496531509759335
1.0472060921858812
1.0446452469433607
1.0419754218137833
1.0392016902243657
1.0363293913813192
1.0333641286915134
1.0303117676160169
1.0271784328787694
1.0239705049497296
1.0206946157182712
1.0173576432695235
1.0139667056738242
1.0105291536977108
1.0070525623440019
1.0035447211287432
1.0000136230042509
0.9964674518404000
0.9929145683808546
0.9893634945973293
0.9858228963733690
0.9823015644597237
0.9788083936563345
0.9753523601913126
0.9719424972852065
0.9685878689092993
0.9652975417696137
0.9620805555736233
0.9589458916641567
0.9559024401343261
0.9529589655681437
0.9501240715832574
0.9474061643844052
0.9448134155679888
0.9423537244488770
0.9400346802092722
0.9378635241953628
0.9358471127095895
0.9339918806638032
0.9323038064705385
0.9307883785553233
0.9294505638717679
0.9282947787926549
0.9273248627341578
0.9265440548465899
0.9259549740739456
0.9255596028464108
0.9253592746256777
0.9253546654732291
0.9255457897579112
0.9259320000623548
0.9265119912895550
0.9272838089126428
0.9282448612540183
0.9293919356260164
0.9307212181153913
0.9322283167493015
0.9339082877420947
0.9357556644907316
0.9377644889626240
0.9399283451032182
0.9422403938818043
0.9446934095925397
0.9472798170330563
0.9499917291947203
0.9528209851158254
0.9557591875709182
0.9587977402951946
0.9619278844715173
0.9651407342382534
0.9684273110078876
0.9717785764185404
0.9751854637723248
0.9786389078453510
0.9821298729836169
0.9856493794266026
0.9891885278257999
0.9927385219484620
0.9962906895774231
0.9998365016358489
1.0033675895812717
1.0068757611263062
1.0103530143541304
1.0137915503053201
1.0171837841190836
1.0205223548165965
1.0238001338170906
1.0270102322789028
1.0301460073579394
1.0332010674751928
1.0361692766832380
1.0390447582191433
1.0418218973281692
1.0444953434390845
1.0470600117680202
1.0495110844236544
1.0518440110821969
1.0540545092962557
1.0561385644972290
1.0580924297464886
1.0599126252862805
1.0615959379370308
1.0631394203836411
1.0645403903893711
1.0657964299720797
1.0669053845739100
1.0678653622519658
1.0686747329141395
1.0693321276209935
1.0698364379714600
1.0701868155871102
1.0703826717068112
1.0704236769007522
1.0703097609100227
1.0700411126152003
1.0696181801346798
1.0690416710507735
1.0683125527588697
1.0674320529321999
1.0664016600919364
1.0652231242694674
1.0638984577447297
1.0624299358413996
1.0608200977565581
1.0590717473991225
1.0571879542078788
1.0551720539163369
1.0530276492278792
1.0507586103607680
1.0483690754185311
1.0458634505370665
1.0432464097555210
1.0405228945536185
1.0376981129937066
1.0347775384013502
1.0317669075139426
1.0286722180225352
1.0254997254280516
1.0222559391292847
1.0189476176567327
1.0155817629635004
1.0121656136823387
1.0087066372565687
1.0052125208522762
1.0016911609599861
0.9981506515962028
0.9945992710189020
0.9910454668765306
0.9874978397174504
0.9839651247962634
0.9804561721252147
0.9769799247330454
0.9735453951103404
0.9701616398396232
0.9668377324302001
0.9635827344019514
0.9604056646887476
0.9573154674606886
0.9543209784945592
0.9514308902533113
0.9486537158674997
0.9459977522437140
0.9434710425564571
0.9410813384097843
0.9388360619824655
0.9367422684945601
0.9348066093531908
0.9330352963500920
0.9314340672923966
0.9300081534504078
0.9287622492012401
0.9277004842348692
0.9268263986691093
0.9261429213924741
0.9256523519190881
0.9253563459983756
0.9252559051750097
0.9253513704425791
0.9256424200788321
0.9261280716925849
0.9268066884538277
0.9276759894207333
0.9287330638216110
0.9299743890977011
0.9313958524653169
0.9329927757142255
0.9347599429241824
0.9366916307537528
0.9387816409353449
0.9410233345978013
0.9434096680328365
0.9459332295237091
0.9485862768632213
0.9513607752027822
0.9542484348940317
0.9572407490085446
0.9603290302485108
0.9635044469910898
0.9667580582405100
0.9700808472941053
0.9734637539605906
0.9768977052003250
0.9803736440875609
0.9838825570232312
0.9874154991533722
0.9909636179725477
0.9945181751134484
0.9980705663431294
1.0016123398030856
1.0051352125446023
1.0086310854226528
1.0120920564211704
1.0155104324899635
1.0188787399790553
1.0221897337599810
1.0254364051257931
1.0286119885623772
1.0317099674833556
1.0347240790195564
1.0376483179518874
1.0404769398736406
1.0432044636649285
1.0458256733582003
1.0483356194697411
1.0507296198678111
1.0530032602437154
1.0551523942476615
1.0571731433468465
1.0590618964588481
1.0608153094090900
1.0624303042569818
1.0639040685312902
1.0652340544113732
1.0664179778871639
1.0674538179271735
1.0683398156803245
1.0690744737340991
1.0696565554482940
1.0700850843806000
1.0703593438172567
1.0704788764191473
1.0704434839908872
1.0702532273777035
1.0699084264921768
1.0694096604702150
1.0687577679528995
1.0679538474881252
1.0669992580431691
1.0658956196164744
