1.0000000013242865
1.0000000013130532
1.0000000012990484
1.0000000012823091
1.0000000012628794
1.0000000012408108
1.0000000012161607
1.0000000011889925
1.0000000011593762
1.0000000011273871
1.0000000010931061
1.0000000010566186
1.0000000010180163
1.0000000009773939
1.0000000009348506
1.0000000008904903
1.0000000008444201
1.0000000007967520
1.0000000007476018
1.0000000006970875
1.0000000006453320
1.0000000005924612
1.0000000005386007
1.0000000004838796
1.0000000004284277
1.0000000003723759
1.0000000003158569
1.0000000002590068
1.0000000002019600
1.0000000001448515
1.0000000000878166
1.0000000000309912
0.9999999999745103
0.9999999999185073
0.9999999998631137
0.9999999998084593
0.9999999997546720
0.9999999997018768
0.9999999996501960
0.9999999995997488
0.9999999995506516
0.9999999995030169
0.9999999994569543
0.9999999994125706
0.9999999993699679
0.9999999993292441
0.9999999992904924
0.9999999992538000
0.9999999992192491
0.9999999991869158
0.9999999991568709
0.9999999991291801
0.9999999991039038
0.9999999990810955
0.9999999990608021
0.9999999990430645
0.9999999990279171
0.9999999990153899
0.9999999990055055
0.9999999989982801
0.9999999989937237
0.9999999989918401
0.9999999989926254
0.9999999989960694
0.9999999990021553
0.9999999990108593
0.9999999990221515
0.9999999990359957
0.9999999990523503
0.9999999990711664
0.9999999990923902
0.9999999991159600
0.9999999991418100
0.9999999991698685
0.9999999992000592
0.9999999992323015
0.9999999992665088
0.9999999993025901
0.9999999993404498
0.9999999993799864
0.9999999994210953
0.9999999994636679
0.9999999995075936
0.9999999995527569
0.9999999995990397
0.9999999996463229
0.9999999996944837
0.9999999997433963
0.9999999997929333
0.9999999998429653
0.9999999998933620
0.9999999999439922
0.9999999999947246
1.0000000000454261
1.0000000000959650
1.0000000001462099
1.0000000001960312
1.0000000002453002
1.0000000002938896
1.0000000003416729
1.0000000003885257
1.0000000004343261
1.0000000004789542
1.0000000005222944
1.0000000005642349
1.0000000006046672
1.0000000006434866
1.0000000006805927
1.0000000007158876
1.0000000007492780
1.0000000007806755
1.0000000008099967
1.0000000008371615
1.0000000008620953
1.0000000008847301
1.0000000009050032
1.0000000009228582
1.0000000009382441
1.0000000009511161
1.0000000009614358
1.0000000009691716
1.0000000009742993
1.0000000009768000
1.0000000009766623
1.0000000009738810
1.0000000009684566
1.0000000009603951
1.0000000009497090
1.0000000009364165
1.0000000009205432
1.0000000009021215
1.0000000008811891
1.0000000008577914
1.0000000008319800
1.0000000008038128
1.0000000007733536
1.0000000007406715
1.0000000007058401
1.0000000006689391
1.0000000006300538
1.0000000005892746
1.0000000005466956
1.0000000005024150
1.0000000004565361
1.0000000004091678
1.0000000003604219
1.0000000003104141
1.0000000002592615
1.0000000002070841
1.0000000001540046
1.0000000001001492
1.0000000000456464
0.9999999999906268
0.9999999999352226
0.9999999998795662
0.9999999998237914
0.9999999997680313
0.9999999997124202
0.9999999996570926
0.9999999996021828
0.9999999995478231
0.9999999994941458
0.9999999994412812
0.9999999993893579
0.9999999993385030
0.9999999992888419
0.9999999992404973
0.9999999991935877
0.9999999991482282
0.9999999991045311
0.9999999990626048
0.9999999990225531
0.9999999989844761
0.9999999989484694
0.9999999989146234
0.9999999988830262
0.9999999988537606
0.9999999988269027
0.9999999988025239
0.9999999987806887
0.9999999987614552
0.9999999987448753
0.9999999987309951
0.9999999987198535
0.9999999987114837
0.9999999987059133
0.9999999987031630
0.9999999987032472
0.9999999987061723
0.9999999987119392
0.9999999987205411
0.9999999987319651
0.9999999987461919
0.9999999987631967
0.9999999987829491
0.9999999988054115
0.9999999988305396
0.9999999988582822
0.9999999988885814
0.9999999989213735
0.9999999989565888
0.9999999989941523
0.9999999990339837
0.9999999990759977
0.9999999991201038
0.9999999991662066
0.9999999992142061
0.9999999992639971
0.9999999993154710
0.9999999993685147
0.9999999994230123
0.9999999994788439
0.9999999995358847
0.9999999995940081
0.9999999996530854
0.9999999997129853
0.9999999997735747
0.9999999998347190
0.9999999998962824
0.9999999999581277
1.0000000000201166
1.0000000000821105
1.0000000001439715
1.0000000002055618
1.0000000002667444
1.0000000003273837
1.0000000003873453
1.0000000004464971
1.0000000005047069
1.0000000005618472
1.0000000006177920
1.0000000006724172
1.0000000007256018
1.0000000007772285
1.0000000008271828
1.0000000008753542
1.0000000009216372
1.0000000009659282
1.0000000010081287
1.0000000010481467
1.0000000010858960
1.0000000011212951
1.0000000011542671
1.0000000011847419
1.0000000012126562
1.0000000012379506
1.0000000012605721
1.0000000012804737
1.0000000012976153
1.0000000013119625
1.0000000013234884
1.0000000013321728
1.0000000013380026
1.0000000013409702
1.0000000013410737
1.0000000013383183
1.0000000013327164
1.0000000013242865
1.0000000013130532
1.0000000012990484
1.0000000012823091
