1.0001152272041600
1.0001137767452053
1.0001120552582092
1.0001100668689697
1.0001078163404313
1.0001053090613146
1.0001025510332548
1.0000995488564790
1.0000963097140532
1.0000928413547399
1.0000891520745039
1.0000852506967126
1.0000811465510759
1.0000768494513774
1.0000723696720484
1.0000677179236395
1.0000629053272529
1.0000579433879908
1.0000528439674847
1.0000476192555727
1.0000422817411869
1.0000368441825294
1.0000313195765997
1.0000257211281496
1.0000200622181372
1.0000143563717598
1.0000086172261360
1.0000028584977185
0.9999970939495169
0.9999913373582021
0.9999856024811774
0.9999799030236906
0.9999742526060675
0.9999686647311467
0.9999631527519904
0.9999577298399536
0.9999524089531814
0.9999472028056139
0.9999421238365745
0.9999371841810117
0.9999323956404657
0.9999277696548313
0.9999233172749855
0.9999190491363416
0.9999149754333954
0.9999111058953284
0.9999074497627198
0.9999040157654309
0.9999008121017072
0.9998978464185565
0.9998951257934421
0.9998926567173426
0.9998904450792149
0.9998884961518961
0.9998868145794853
0.9998854043662274
0.9998842688669317
0.9998834107789464
0.9998828321357072
0.9998825343018773
0.9998825179700890
0.9998827831592961
0.9998833292147411
0.9998841548095357
0.9998852579478509
0.9998866359697142
0.9998882855573917
0.9998902027433502
0.9998923829197741
0.9998948208496178
0.9998975106791637
0.9999004459520567
0.9999036196247815
0.9999070240835479
0.9999106511625382
0.9999144921634754
0.9999185378764678
0.9999227786020728
0.9999272041745341
0.9999318039861358
0.9999365670126102
0.9999414818395401
0.9999465366896932
0.9999517194512233
0.9999570177066667
0.9999624187626689
0.9999679096803692
0.9999734773063675
0.9999791083042041
0.9999847891862699
0.9999905063460777
0.9999962460908145
1.0000019946740955
1.0000077383288433
1.0000134633002107
1.0000191558784728
1.0000248024318061
1.0000303894388822
1.0000359035211879
1.0000413314750027
1.0000466603029570
1.0000518772450913
1.0000569698093464
1.0000619258014121
1.0000667333538598
1.0000713809544919
1.0000758574738402
1.0000801521917497
1.0000842548229802
1.0000881555417711
1.0000918450053036
1.0000953143760110
1.0000985553426802
1.0001015601402952
1.0001043215685772
1.0001068330091769
1.0001090884414778
1.0001110824569688
1.0001128102721575
1.0001142677399923
1.0001154513597661
1.0001163582854768
1.0001169863326247
1.0001173339834364
1.0001174003904938
1.0001171853787656
1.0001166894460356
1.0001159137617224
1.0001148601641021
1.0001135311559337
1.0001119298984948
1.0001100602040511
1.0001079265267725
1.0001055339521148
1.0001028881846965
1.0000999955347001
1.0000968629028220
1.0000934977638172
1.0000899081486714
1.0000861026254440
1.0000820902788292
1.0000778806884811
1.0000734839061556
1.0000689104317242
1.0000641711881177
1.0000592774952519
1.0000542410430060
1.0000490738633188
1.0000437883014592
1.0000383969865492
1.0000329128014043
1.0000273488517628
1.0000217184349813
1.0000160350082672
1.0000103121565256
1.0000045635598982
0.9999988029610709
0.9999930441324270
0.9999873008431270
0.9999815868261916
0.9999759157456645
0.9999703011639393
0.9999647565093228
0.9999592950439161
0.9999539298318916
0.9999486737082365
0.9999435392480454
0.9999385387364261
0.9999336841391007
0.9999289870737633
0.9999244587822705
0.9999201101037276
0.9999159514485360
0.9999119927734638
0.9999082435578017
0.9999047127806607
0.9999014088994623
0.9998983398296779
0.9998955129258659
0.9998929349640492
0.9998906121254763
0.9998885499818068
0.9998867534817559
0.9998852269392299
0.9998839740229811
0.9998829977478091
0.9998823004673261
0.9998818838683075
0.9998817489666406
0.9998818961048799
0.9998823249514139
0.9998830345012476
0.9998840230783982
0.9998852883398979
0.9998868272813939
0.9998886362443330
0.9998907109247118
0.9998930463833746
0.9998956370578312
0.9998984767755651
0.9999015587688056
0.9999048756907253
0.9999084196330179
0.9999121821448249
0.9999161542529560
0.9999203264833617
0.9999246888838018
0.9999292310476575
0.9999339421388287
0.9999388109176592
0.9999438257678247
0.9999489747241159
0.9999542455010578
0.9999596255222892
0.9999651019506398
0.9999706617188255
0.9999762915606925
0.9999819780429310
0.9999877075971864
0.9999934665524908
0.9999992411679347
1.0000050176655035
1.0000107822630002
1.0000165212069747
1.0000222208055800
1.0000278674612755
1.0000334477033019
1.0000389482198520
1.0000443558898560
1.0000496578143117
1.0000548413470756
1.0000598941250529
1.0000648040977040
1.0000695595558058
1.0000741491593934
1.0000785619648165
1.0000827874508493
1.0000868155437903
1.0000906366414899
1.0000942416362524
1.0000976219365589
1.0001007694875541
1.0001036767902511
1.0001063369194108
1.0001087435400506
1.0001108909225460
1.0001127739562858
1.0001143881618497
1.0001157297016827
1.0001167953892374
1.0001175826965623
1.0001180897603206
1.0001183153862239
1.0001182590518705
1.0001179209079816
1.0001173017780303
1.0001164031562697
1.0001152272041600
1.0001137767452053
1.0001120552582092
1.0001100668689697
