1.0000000021800668
1.0000000021602595
1.0000000021358115
1.0000000021067887
1.0000000020732687
1.0000000020353377
1.0000000019930926
1.0000000019466395
1.0000000018960951
1.0000000018415856
1.0000000017832449
1.0000000017212172
1.0000000016556554
1.0000000015867196
1.0000000015145794
1.0000000014394097
1.0000000013613926
1.0000000012807171
1.0000000011975778
1.0000000011121750
1.0000000010247136
1.0000000009354035
1.0000000008444583
1.0000000007520968
1.0000000006585406
1.0000000005640135
1.0000000004687410
1.0000000003729508
1.0000000002768705
1.0000000001807274
1.0000000000847493
0.9999999999891633
0.9999999998941952
0.9999999998000694
0.9999999997070084
0.9999999996152303
0.9999999995249492
0.9999999994363764
0.9999999993497186
0.9999999992651780
0.9999999991829506
0.9999999991032259
0.9999999990261872
0.9999999989520122
0.9999999988808719
0.9999999988129304
0.9999999987483443
0.9999999986872610
0.9999999986298183
0.9999999985761462
0.9999999985263653
0.9999999984805862
0.9999999984389090
0.9999999984014232
0.9999999983682081
0.9999999983393330
0.9999999983148556
0.9999999982948250
0.9999999982792787
0.9999999982682432
0.9999999982617344
0.9999999982597563
0.9999999982623023
0.9999999982693537
0.9999999982808814
0.9999999982968446
0.9999999983171940
0.9999999983418687
0.9999999983707980
0.9999999984038996
0.9999999984410813
0.9999999984822416
0.9999999985272682
0.9999999985760392
0.9999999986284243
0.9999999986842846
0.9999999987434725
0.9999999988058328
0.9999999988712026
0.9999999989394120
0.9999999990102846
0.9999999990836362
0.9999999991592774
0.9999999992370121
0.9999999993166390
0.9999999993979517
0.9999999994807415
0.9999999995647962
0.9999999996499007
0.9999999997358375
0.9999999998223862
0.9999999999093246
0.9999999999964306
1.0000000000834814
1.0000000001702547
1.0000000002565281
1.0000000003420826
1.0000000004266993
1.0000000005101612
1.0000000005922551
1.0000000006727710
1.0000000007515035
1.0000000008282519
1.0000000009028200
1.0000000009750158
1.0000000010446524
1.0000000011115486
1.0000000011755310
1.0000000012364330
1.0000000012940953
1.0000000013483681
1.0000000013991097
1.0000000014461856
1.0000000014894714
1.0000000015288528
1.0000000015642241
1.0000000015954900
1.0000000016225659
1.0000000016453758
1.0000000016638542
1.0000000016779456
1.0000000016876058
1.0000000016928019
1.0000000016935111
1.0000000016897217
1.0000000016814345
1.0000000016686599
1.0000000016514199
1.0000000016297472
1.0000000016036861
1.0000000015732908
1.0000000015386263
1.0000000014997683
1.0000000014568036
1.0000000014098285
1.0000000013589494
1.0000000013042818
1.0000000012459516
1.0000000011840933
1.0000000011188499
1.0000000010503725
1.0000000009788195
1.0000000009043597
1.0000000008271674
1.0000000007474243
1.0000000006653189
1.0000000005810448
1.0000000004948020
1.0000000004067959
1.0000000003172356
1.0000000002263336
1.0000000001343059
1.0000000000413720
0.9999999999477539
0.9999999998536762
0.9999999997593639
0.9999999996650440
0.9999999995709423
0.9999999994772854
0.9999999993842998
0.9999999992922116
0.9999999992012435
0.9999999991116172
0.9999999990235499
0.9999999989372559
0.9999999988529447
0.9999999987708225
0.9999999986910905
0.9999999986139445
0.9999999985395743
0.9999999984681621
0.9999999983998863
0.9999999983349172
0.9999999982734185
0.9999999982155451
0.9999999981614421
0.9999999981112462
0.9999999980650848
0.9999999980230759
0.9999999979853282
0.9999999979519405
0.9999999979230030
0.9999999978985954
0.9999999978787856
0.9999999978636319
0.9999999978531817
0.9999999978474702
0.9999999978465214
0.9999999978503472
0.9999999978589489
0.9999999978723166
0.9999999978904295
0.9999999979132568
0.9999999979407571
0.9999999979728766
0.9999999980095519
0.9999999980507076
0.9999999980962585
0.9999999981461092
0.9999999982001537
0.9999999982582771
0.9999999983203538
0.9999999983862494
0.9999999984558194
0.9999999985289102
0.9999999986053608
0.9999999986850010
0.9999999987676540
0.9999999988531357
0.9999999989412564
0.9999999990318200
0.9999999991246253
0.9999999992194657
0.9999999993161290
0.9999999994143982
0.9999999995140528
0.9999999996148693
0.9999999997166197
0.9999999998190753
0.9999999999220061
1.0000000000251810
1.0000000001283689
1.0000000002313378
1.0000000003338565
1.0000000004356946
1.0000000005366227
1.0000000006364138
1.0000000007348433
1.0000000008316892
1.0000000009267340
1.0000000010197641
1.0000000011105703
1.0000000011989498
1.0000000012847050
1.0000000013676442
1.0000000014475825
1.0000000015243418
1.0000000015977522
1.0000000016676518
1.0000000017338866
1.0000000017963100
1.0000000018547854
1.0000000019091846
1.0000000019593891
1.0000000020052913
1.0000000020467918
1.0000000020838025
1.0000000021162441
1.0000000021440489
1.0000000021671605
1.0000000021855346
1.0000000021991373
1.0000000022079460
1.0000000022119495
1.0000000022111470
1.0000000022055493
1.0000000021951783
1.0000000021800668
1.0000000021602595
1.0000000021358115
1.0000000021067887
