1.0000000011846957
1.0000000011747980
1.0000000011624390
1.0000000011476518
1.0000000011304757
1.0000000011109558
1.0000000010891419
1.0000000010650900
1.0000000010388610
1.0000000010105210
1.0000000009801402
1.0000000009477943
1.0000000009135623
1.0000000008775278
1.0000000008397785
1.0000000008004077
1.0000000007595107
1.0000000007171856
1.0000000006735352
1.0000000006286653
1.0000000005826837
1.0000000005357008
1.0000000004878300
1.0000000004391862
1.0000000003898857
1.0000000003400469
1.0000000002897875
1.0000000002392269
1.0000000001884841
1.0000000001376792
1.0000000000869331
1.0000000000363658
0.9999999999860975
0.9999999999362454
0.9999999998869266
0.9999999998382566
0.9999999997903514
0.9999999997433228
0.9999999996972807
0.9999999996523304
0.9999999996085752
0.9999999995661165
0.9999999995250520
0.9999999994854752
0.9999999994474755
0.9999999994111396
0.9999999993765493
0.9999999993437829
0.9999999993129142
0.9999999992840108
0.9999999992571368
0.9999999992323502
0.9999999992097051
0.9999999991892500
0.9999999991710290
0.9999999991550803
0.9999999991414363
0.9999999991301227
0.9999999991211593
0.9999999991145596
0.9999999991103323
0.9999999991084807
0.9999999991090011
0.9999999991118834
0.9999999991171135
0.9999999991246702
0.9999999991345275
0.9999999991466537
0.9999999991610121
0.9999999991775597
0.9999999991962493
0.9999999992170269
0.9999999992398341
0.9999999992646066
0.9999999992912759
0.9999999993197692
0.9999999993500099
0.9999999993819165
0.9999999994154034
0.9999999994503805
0.9999999994867547
0.9999999995244278
0.9999999995633005
0.9999999996032711
0.9999999996442344
0.9999999996860822
0.9999999997287048
0.9999999997719914
0.9999999998158299
0.9999999998601076
0.9999999999047104
0.9999999999495236
0.9999999999944307
1.0000000000393139
1.0000000000840554
1.0000000001285390
1.0000000001726492
1.0000000002162708
1.0000000002592897
1.0000000003015941
1.0000000003430745
1.0000000003836231
1.0000000004231340
1.0000000004615037
1.0000000004986325
1.0000000005344225
1.0000000005687792
1.0000000006016136
1.0000000006328387
1.0000000006623719
1.0000000006901344
1.0000000007160526
1.0000000007400569
1.0000000007620815
1.0000000007820655
1.0000000007999530
1.0000000008156933
1.0000000008292405
1.0000000008405541
1.0000000008495997
1.0000000008563488
1.0000000008607794
1.0000000008628760
1.0000000008626289
1.0000000008600334
1.0000000008550902
1.0000000008478049
1.0000000008381900
1.0000000008262628
1.0000000008120460
1.0000000007955681
1.0000000007768637
1.0000000007559724
1.0000000007329395
1.0000000007078158
1.0000000006806575
1.0000000006515262
1.0000000006204879
1.0000000005876131
1.0000000005529772
1.0000000005166618
1.0000000004787504
1.0000000004393301
1.0000000003984937
1.0000000003563370
1.0000000003129599
1.0000000002684648
1.0000000002229565
1.0000000001765426
1.0000000001293334
1.0000000000814409
1.0000000000329798
0.9999999999840644
0.9999999999348107
0.9999999998853371
0.9999999998357622
0.9999999997862058
0.9999999997367875
0.9999999996876272
0.9999999996388443
0.9999999995905571
0.9999999995428830
0.9999999994959375
0.9999999994498344
0.9999999994046865
0.9999999993606040
0.9999999993176959
0.9999999992760684
0.9999999992358246
0.9999999991970642
0.9999999991598827
0.9999999991243729
0.9999999990906234
0.9999999990587187
0.9999999990287395
0.9999999990007619
0.9999999989748567
0.9999999989510920
0.9999999989295301
0.9999999989102287
0.9999999988932401
0.9999999988786102
0.9999999988663792
0.9999999988565834
0.9999999988492537
0.9999999988444148
0.9999999988420863
0.9999999988422810
0.9999999988450055
0.9999999988502604
0.9999999988580401
0.9999999988683346
0.9999999988811276
0.9999999988963973
0.9999999989141146
0.9999999989342445
0.9999999989567471
0.9999999989815779
0.9999999990086867
0.9999999990380171
0.9999999990695081
0.9999999991030925
0.9999999991386980
0.9999999991762474
0.9999999992156593
0.9999999992568482
0.9999999992997255
0.9999999993441985
0.9999999993901708
0.9999999994375427
0.9999999994862097
0.9999999995360634
0.9999999995869941
0.9999999996388895
0.9999999996916352
0.9999999997451147
0.9999999997992095
0.9999999998538003
0.9999999999087658
0.9999999999639837
1.0000000000193308
1.0000000000746831
1.0000000001299179
1.0000000001849116
1.0000000002395419
1.0000000002936873
1.0000000003472282
1.0000000004000458
1.0000000004520233
1.0000000005030456
1.0000000005529990
1.0000000006017737
1.0000000006492620
1.0000000006953595
1.0000000007399654
1.0000000007829806
1.0000000008243088
1.0000000008638594
1.0000000009015448
1.0000000009372825
1.0000000009709942
1.0000000010026073
1.0000000010320558
1.0000000010592778
1.0000000010842154
1.0000000011068171
1.0000000011270374
1.0000000011448360
1.0000000011601773
1.0000000011730310
1.0000000011833730
1.0000000011911858
1.0000000011964580
1.0000000011991825
1.0000000011993604
1.0000000011969969
1.0000000011921031
1.0000000011846957
1.0000000011747980
1.0000000011624390
1.0000000011476518
