1.0000023358722898
1.0000023071568005
1.0000022729899585
1.0000022334543452
1.0000021886453367
1.0000021386708751
1.0000020836512094
1.0000020237186089
1.0000019590170455
1.0000018897018501
1.0000018159393420
1.0000017379064294
1.0000016557901870
1.0000015697874076
1.0000014801041304
1.0000013869551512
1.0000012905635052
1.0000011911599345
1.0000010889823379
1.0000009842752020
1.0000008772890165
1.0000007682796748
1.0000006575078615
1.0000005452384306
1.0000004317397733
1.0000003172831737
1.0000002021421615
1.0000000865918592
0.9999999709083244
0.9999998553678879
0.9999997402464947
0.9999996258190447
0.9999995123587356
0.9999994001364085
0.9999992894199025
0.9999991804734141
0.9999990735568672
0.9999989689252913
0.9999988668282114
0.9999987675090521
0.9999986712045558
0.9999985781442192
0.9999984885497432
0.9999984026345036
0.9999983206030421
0.9999982426505796
0.9999981689625473
0.9999980997141451
0.9999980350699219
0.9999979751833833
0.9999979201966250
0.9999978702399955
0.9999978254317854
0.9999977858779431
0.9999977516718237
0.9999977228939666
0.9999976996119024
0.9999976818799934
0.9999976697393035
0.9999976632175017
0.9999976623287958
0.9999976670739005
0.9999976774400349
0.9999976934009568
0.9999977149170238
0.9999977419352907
0.9999977743896349
0.9999978122009161
0.9999978552771674
0.9999979035138148
0.9999979567939303
0.9999980149885095
0.9999980779567812
0.9999981455465469
0.9999982175945457
0.9999982939268440
0.9999983743592533
0.9999984586977705
0.9999985467390434
0.9999986382708587
0.9999987330726489
0.9999988309160205
0.9999989315653015
0.9999990347781068
0.9999991403059180
0.9999992478946784
0.9999993572854005
0.9999994682147879
0.9999995804158647
0.9999996936186140
0.9999998075506256
0.9999999219377503
1.0000000365047537
1.0000001509759742
1.0000002650759849
1.0000003785302531
1.0000004910657956
1.0000006024118355
1.0000007123004477
1.0000008204672006
1.0000009266517911
1.0000010305986657
1.0000011320576356
1.0000012307844728
1.0000013265414958
1.0000014190981394
1.0000015082315061
1.0000015937268996
1.0000016753783390
1.0000017529890528
1.0000018263719490
1.0000018953500633
1.0000019597569845
1.0000020194372530
1.0000020742467342
1.0000021240529602
1.0000021687354514
1.0000022081860029
1.0000022423089456
1.0000022710213734
1.0000022942533437
1.0000023119480441
1.0000023240619293
1.0000023305648282
1.0000023314400148
1.0000023266842502
1.0000023163077896
1.0000023003343597
1.0000022788011012
1.0000022517584819
1.0000022192701763
1.0000021814129130
1.0000021382762923
1.0000020899625732
1.0000020365864279
1.0000019782746710
1.0000019151659545
1.0000018474104382
1.0000017751694312
1.0000016986150058
1.0000016179295868
1.0000015333055150
1.0000014449445898
1.0000013530575846
1.0000012578637441
1.0000011595902620
1.0000010584717383
1.0000009547496174
1.0000008486716101
1.0000007404911042
1.0000006304665574
1.0000005188608787
1.0000004059407994
1.0000002919762379
1.0000001772396534
1.0000000620053962
0.9999999465490501
0.9999998311467752
0.9999997160746457
0.9999996016079912
0.9999994880207376
0.9999993755847524
0.9999992645691945
0.9999991552398704
0.9999990478585979
0.9999989426825825
0.9999988399637989
0.9999987399483925
0.9999986428760874
0.9999985489796140
0.9999984584841520
0.9999983716067913
0.9999982885560130
0.9999982095311915
0.9999981347221163
0.9999980643085379
0.9999979984597379
0.9999979373341230
0.9999978810788466
0.9999978298294565
0.9999977837095697
0.9999977428305742
0.9999977072913649
0.9999976771781064
0.9999976525640246
0.9999976335092344
0.9999976200605903
0.9999976122515780
0.9999976101022306
0.9999976136190817
0.9999976227951473
0.9999976376099431
0.9999976580295319
0.9999976840066048
0.9999977154805916
0.9999977523778067
0.9999977946116242
0.9999978420826815
0.9999978946791184
0.9999979522768411
0.9999980147398201
0.9999980819204134
0.9999981536597190
0.9999982297879549
0.9999983101248617
0.9999983944801329
0.9999984826538691
0.9999985744370545
0.9999986696120561
0.9999987679531434
0.9999988692270260
0.9999989731934100
0.9999990796055708
0.9999991882109435
0.9999992987517239
0.9999994109654855
0.9999995245858047
0.9999996393428972
0.9999997549642617
0.9999998711753290
0.9999999877001176
1.0000001042618940
1.0000002205838308
1.0000003363896675
1.0000004514043725
1.0000005653547976
1.0000006779703297
1.0000007889835381
1.0000008981308104
1.0000010051529822
1.0000011097959562
1.0000012118113093
1.0000013109568839
1.0000014069973664
1.0000014997048488
1.0000015888593701
1.0000016742494433
1.0000017556725611
1.0000018329356772
1.0000019058556677
1.0000019742597688
1.0000020379859866
1.0000020968834851
1.0000021508129435
1.0000021996468913
1.0000022432700095
1.0000022815794074
1.0000023144848660
1.0000023419090556
1.0000023637877173
1.0000023800698172
1.0000023907176678
1.0000023957070163
1.0000023950271011
1.0000023886806777
1.0000023766840109
1.0000023590668365
1.0000023358722898
1.0000023071568005
1.0000022729899585
1.0000022334543452
