1.0000000078260161
1.0000000077458193
1.0000000076483764
1.0000000075339375
1.0000000074027917
1.0000000072552691
1.0000000070917376
1.0000000069126034
1.0000000067183086
1.0000000065093317
1.0000000062861845
1.0000000060494112
1.0000000057995879
1.0000000055373213
1.0000000052632472
1.0000000049780289
1.0000000046823558
1.0000000043769401
1.0000000040625170
1.0000000037398420
1.0000000034096901
1.0000000030728526
1.0000000027301352
1.0000000023823572
1.0000000020303510
1.0000000016749580
1.0000000013170265
1.0000000009574104
1.0000000005969663
1.0000000002365519
0.9999999998770238
0.9999999995192363
0.9999999991640375
0.9999999988122686
0.9999999984647620
0.9999999981223399
0.9999999977858105
0.9999999974559663
0.9999999971335846
0.9999999968194234
0.9999999965142217
0.9999999962186954
0.9999999959335364
0.9999999956594102
0.9999999953969552
0.9999999951467813
0.9999999949094687
0.9999999946855656
0.9999999944755864
0.9999999942800138
0.9999999940992959
0.9999999939338433
0.9999999937840307
0.9999999936501928
0.9999999935326251
0.9999999934315852
0.9999999933472891
0.9999999932799134
0.9999999932295931
0.9999999931964207
0.9999999931804479
0.9999999931816840
0.9999999932000988
0.9999999932356211
0.9999999932881368
0.9999999933574909
0.9999999934434871
0.9999999935458896
0.9999999936644220
0.9999999937987686
0.9999999939485751
0.9999999941134511
0.9999999942929694
0.9999999944866684
0.9999999946940524
0.9999999949145916
0.9999999951477241
0.9999999953928576
0.9999999956493707
0.9999999959166151
0.9999999961939173
0.9999999964805797
0.9999999967758820
0.9999999970790843
0.9999999973894256
0.9999999977061292
0.9999999980284034
0.9999999983554417
0.9999999986864265
0.9999999990205312
0.9999999993569213
0.9999999996947566
1.0000000000331943
1.0000000003713900
1.0000000007084997
1.0000000010436816
1.0000000013760995
1.0000000017049246
1.0000000020293360
1.0000000023485229
1.0000000026616871
1.0000000029680463
1.0000000032668335
1.0000000035573002
1.0000000038387182
1.0000000041103809
1.0000000043716075
1.0000000046217417
1.0000000048601525
1.0000000050862392
1.0000000052994316
1.0000000054991904
1.0000000056850085
1.0000000058564118
1.0000000060129612
1.0000000061542540
1.0000000062799237
1.0000000063896424
1.0000000064831212
1.0000000065601100
1.0000000066203973
1.0000000066638133
1.0000000066902284
1.0000000066995558
1.0000000066917498
1.0000000066668082
1.0000000066247690
1.0000000065657122
1.0000000064897594
1.0000000063970738
1.0000000062878587
1.0000000061623573
1.0000000060208516
1.0000000058636624
1.0000000056911491
1.0000000055037079
1.0000000053017704
1.0000000050858051
1.0000000048563151
1.0000000046138373
1.0000000043589412
1.0000000040922257
1.0000000038143186
1.0000000035258765
1.0000000032275818
1.0000000029201406
1.0000000026042812
1.0000000022807534
1.0000000019503248
1.0000000016137827
1.0000000012719297
1.0000000009255818
1.0000000005755678
1.0000000002227261
0.9999999998679010
0.9999999995119421
0.9999999991557023
0.9999999988000363
0.9999999984457986
0.9999999980938407
0.9999999977450098
0.9999999974001459
0.9999999970600816
0.9999999967256379
0.9999999963976236
0.9999999960768332
0.9999999957640450
0.9999999954600195
0.9999999951654971
0.9999999948811948
0.9999999946078064
0.9999999943460008
0.9999999940964202
0.9999999938596787
0.9999999936363607
0.9999999934270190
0.9999999932321719
0.9999999930523041
0.9999999928878657
0.9999999927392693
0.9999999926068911
0.9999999924910700
0.9999999923921066
0.9999999923102619
0.9999999922457576
0.9999999921987748
0.9999999921694518
0.9999999921578845
0.9999999921641278
0.9999999921881938
0.9999999922300532
0.9999999922896340
0.9999999923668234
0.9999999924614671
0.9999999925733700
0.9999999927022956
0.9999999928479676
0.9999999930100698
0.9999999931882464
0.9999999933821030
0.9999999935912079
0.9999999938150931
0.9999999940532565
0.9999999943051636
0.9999999945702476
0.9999999948479085
0.9999999951375161
0.9999999954384116
0.9999999957499098
0.9999999960713012
0.9999999964018522
0.9999999967408073
0.9999999970873915
0.9999999974408117
0.9999999978002591
0.9999999981649096
0.9999999985339272
0.9999999989064648
0.9999999992816684
0.9999999996586774
1.0000000000366278
1.0000000004146516
1.0000000007918803
1.0000000011674472
1.0000000015404902
1.0000000019101525
1.0000000022755855
1.0000000026359495
1.0000000029904164
1.0000000033381733
1.0000000036784229
1.0000000040103845
1.0000000043332984
1.0000000046464252
1.0000000049490498
1.0000000052404814
1.0000000055200557
1.0000000057871361
1.0000000060411165
1.0000000062814205
1.0000000065075041
1.0000000067188566
1.0000000069150030
1.0000000070955029
1.0000000072599533
1.0000000074079911
1.0000000075392907
1.0000000076535660
1.0000000077505702
1.0000000078300963
1.0000000078919786
1.0000000079360929
1.0000000079623572
1.0000000079707323
1.0000000079612206
1.0000000079338660
1.0000000078887550
1.0000000078260161
1.0000000077458193
1.0000000076483764
1.0000000075339375
