1.0045288198403275
1.0044717388819910
1.0044040320301171
1.0043258578836256
1.0042373995923868
1.0041388644555904
1.0040304834664191
1.0039125108037419
1.0037852232716402
1.0036489196876752
1.0035039202209002
1.0033505656807087
1.0031892167577312
1.0030202532180641
1.0028440730522423
1.0026610915804541
1.0024717405156107
1.0022764669859829
1.0020757325192233
1.0018700119897075
1.0016597925312236
1.0014455724171514
1.0012278599103759
1.0010071720852931
1.0007840336243508
1.0005589755916915
1.0003325341865379
1.0001052494790772
0.9998776641316792
0.9996503221083658
0.9994237673755434
0.9991985425970775
0.9989751878268457
0.9987542392019828
0.9985362276400770
0.9983216775436129
0.9981111055150057
0.9979050190855838
0.9977039154618900
0.9975082802926833
0.9973185864600094
0.9971352928976825
0.9969588434405003
0.9967896657074526
0.9966281700221394
0.9964747483735371
0.9963297734201625
0.9961935975405949
0.9960665519331984
0.9959489457677720
0.9958410653917127
0.9957431735931331
0.9956555089232142
0.9955782850799098
0.9955116903549286
0.9954558871457461
0.9954110115341870
0.9953771729329179
0.9953544538009812
0.9953429094292815
0.9953425677967119
0.9953534294973836
0.9953754677391908
0.9954086284137178
0.9954528302372602
0.9955079649625135
0.9955738976602427
0.9956504670700383
0.9957374860190324
0.9958347419072481
0.9959419972580406
0.9960589903318954
0.9961854358016586
0.9963210254870930
0.9964654291464868
0.9966182953228805
0.9967792522423269
0.9969479087614674
0.9971238553615859
0.9973066651861824
0.9974958951190231
0.9976910868995252
0.9978917682722724
0.9980974541673920
0.9983076479084855
0.9985218424447595
0.9987395216039914
0.9989601613629581
0.9991832311319453
0.9994081950499815
0.9996345132874538
0.9998616433528041
1.0000890414000441
1.0003161635338835
1.0005424671093166
1.0007674120225893
1.0009904619905416
1.0012110858153929
1.0014287586321302
1.0016429631357542
1.0018531907857164
1.0020589429849962
1.0022597322313538
1.0024550832384096
1.0026445340242898
1.0028276369657021
1.0030039598154004
1.0031730866811022
1.0033346189640355
1.0034881762554031
1.0036333971891387
1.0037699402494529
1.0038974845317690
1.0040157304557336
1.0041244004291086
1.0042232394614381
1.0043120157264827
1.0043905210725106
1.0044585714796330
1.0045160074634560
1.0045626944244168
1.0045985229422640
1.0046234090152268
1.0046372942435053
1.0046401459568033
1.0046319572857116
1.0046127471768269
1.0045825603515899
1.0045414672089026
1.0044895636716717
1.0044269709775120
1.0043538354139272
1.0042703279983773
1.0041766441037219
1.0040730030296297
1.0039596475206247
1.0038368432315341
1.0037048781412012
1.0035640619154143
1.0034147252201016
1.0032572189859437
1.0030919136256502
1.0029191982052532
1.0027394795708653
1.0025531814324666
1.0023607434063766
1.0021626200181779
1.0019592796679735
1.0017512035599503
1.0015388845983457
1.0013228262520044
1.0011035413898297
1.0008815510895317
1.0006573834221777
1.0004315722151500
1.0002046557962128
0.9999771757214810
0.9997496754901763
0.9995226992491312
0.9992967904900861
0.9990724907428971
0.9988503382678264
0.9986308667501569
0.9984146040004058
0.9982020706634659
0.9979937789400208
0.9977902313236080
0.9975919193567037
0.9973993224092065
0.9972129064826843
0.9970331230437089
0.9968604078895799
0.9966951800496751
0.9965378407256084
0.9963887722732877
0.9962483372298881
0.9961168773886347
0.9959947129241883
0.9958821415712878
0.9957794378591669
0.9956868524041081
0.9956046112623317
0.9955329153452414
0.9954719398988710
0.9954218340491727
0.9953827204145902
0.9953546947871573
0.9953378258831356
0.9953321551639933
0.9953376967282997
0.9953544372748834
0.9953823361373718
0.9954213253899999
0.9954713100243497
0.9955321681964505
0.9956037515434479
0.9956858855688351
0.9957783700950070
0.9958809797817076
0.9959934647087298
0.9961155510210347
0.9962469416342722
0.9963873169985104
0.9965363359178125
0.9966936364231576
0.9968588366960410
0.9970315360399860
0.9972113158970541
0.9973977409063571
0.9975903600014719
0.9977887075435861
0.9979923044871348
0.9982006595746333
0.9984132705573776
0.9986296254386521
0.9988492037360671
0.9990714777596534
0.9992959139023380
0.9995219739394557
0.9997491163339662
0.9999767975441024
1.0002044733302071
1.0004316000575835
1.0006576359922368
1.0008820425864702
1.0011042857513603
1.0013238371132320
1.0015401752513331
1.0017527869140084
1.0019611682107634
1.0021648257777083
1.0023632779139773
1.0025560556868194
1.0027427040031676
1.0029227826455869
1.0030958672706234
1.0032615503676752
1.0034194421766132
1.0035691715624875
1.0037103868457584
1.0038427565865977
1.0039659703219064
1.0040797392538001
1.0041837968884018
1.0042778996238975
1.0043618272868944
1.0044353836162174
1.0044983966933774
1.0045507193190331
1.0045922293348606
1.0046228298903335
1.0046424496540030
1.0046510429689566
1.0046485899522228
1.0046350965379640
1.0046105944643959
1.0045751412044570
1.0045288198403275
1.0044717388819910
1.0044040320301171
1.0043258578836256
