1.0241886077519164
1.0238904725400304
1.0235367385629419
1.0231281597646633
1.0226656084470205
1.0221500740842215
1.0215826619622319
1.0209645916387522
1.0202971952192279
1.0195819154439894
1.0188203035813557
1.0180140171213170
1.0171648172642778
1.0162745661992643
1.0153452241660155
1.0143788462954659
1.0133775792233224
1.0123436574717188
1.0112793995943203
1.0101872040807469
1.0090695450168023
1.0079289674977259
1.0067680827925283
1.0055895632584690
1.0043961370058130
1.0031905823142488
1.0019757218037049
1.0007544163637654
0.9995295588474963
0.9983040675371843
0.9970808793913055
0.9958629430839308
0.9946532118497565
0.9934546361499859
0.9922701561763725
0.9911026942128429
0.9899551468762321
0.9888303772597545
0.9877312070048828
0.9866604083292714
0.9856206960402339
0.9846147195650260
0.9836450550307478
0.9827141974280765
0.9818245528941867
0.9809784311511462
0.9801780381367080
0.9794254688647642
0.9787227005527526
0.9780715860529966
0.9774738476243118
0.9769310710792002
0.9764447003405887
0.9760160324403485
0.9756462129897733
0.9753362321497973
0.9750869211260291
0.9748989492106765
0.9747728213902098
0.9747088765341066
0.9747072861764032
0.9747680538979582
0.9748910153134612
0.9750758386632644
0.9753220260061924
0.9756289150055838
0.9759956812970170
0.9764213414225223
0.9769047563125896
0.9774446352940307
0.9780395405987508
0.9786878923457540
0.9793879739663139
0.9801379380401466
0.9809358125087035
0.9817795072303089
0.9826668208408560
0.9835954478830928
0.9845629861672163
0.9855669443254995
0.9866047495240067
0.9876737552950819
0.9887712494551973
0.9898944620739020
0.9910405734609807
0.9922067221405049
0.9933900127821887
0.9945875240623169
0.9957963164284899
0.9970134397444698
0.9982359407934963
0.9994608706205658
1.0006852916962643
1.0019062848868387
1.0031209562172256
1.0043264434157451
1.0055199222310609
1.0066986125138198
1.0078597840570880
1.0090007621913166
1.0101189331310312
1.0112117490718082
1.0122767330373394
1.0133114834774870
1.0143136786192199
1.0152810805731796
1.0162115391993598
1.0171029957360016
1.0179534861963035
1.0187611445379559
1.0195242056107716
1.0202410078879083
1.0209099959862504
1.0215297229815445
1.0220988525238157
1.0226161607584445
1.0230805380580852
1.0234909905703271
1.0238466415856935
1.0241467327301843
1.0243906249861685
1.0245777995449676
1.0247078584939970
1.0247805253408140
1.0247956453758995
1.0247531858754446
1.0246532361448544
1.0244960074031220
1.0242818325076510
1.0240111655185524
1.0236845811008795
1.0233027737627194
1.0228665569265520
1.0223768618307743
1.0218347362578266
1.0212413430849130
1.0205979586529266
1.0199059709488207
1.0191668775963894
1.0183822836501659
1.0175538991869741
1.0166835366895592
1.0157731082166996
1.0148246223542503
1.0138401809417006
1.0128219755690768
1.0117722838393557
1.0106934653919923
1.0095879576837277
1.0084582715235086
1.0073069863591553
1.0061367453143080
1.0049502499752503
1.0037502549283606
1.0025395620502349
1.0013210145539502
1.0000974907964699
0.9988718978538429
0.9976471648726111
0.9964262362076914
0.9952120643589454
0.9940076027206491
0.9928157981601504
0.9916395834440997
0.9904818695327590
0.9893455377649946
0.9882334319586362
0.9871483504529027
0.9860930381215051
0.9850701783868622
0.9840823852675118
0.9831321954922844
0.9822220607160888
0.9813543398731974
0.9805312917046933
0.9797550674972387
0.9790277040705178
0.9783511170505446
0.9777270944655718
0.9771572907004755
0.9766432208443228
0.9761862554642690
0.9757876158370493
0.9754483696670763
0.9751694273176127
0.9749515385786269
0.9747952899918106
0.9747011027498608
0.9746692311835674
0.9746997618465119
0.9747926132033273
0.9749475359235494
0.9751641137791421
0.9754417651398564
0.9757797450567205
0.9761771479202356
0.9766329106762602
0.9771458165791992
0.9777144994589764
0.9783374484754065
0.9790130133310108
0.9797394099110742
0.9805147263178494
0.9813369292642428
0.9822038707911226
0.9831132952715508
0.9840628466647436
0.9850500759824158
0.9860724489303377
0.9871273536884230
0.9882121087934340
0.9893239710894299
0.9904601437123489
0.9916177840765924
0.9927940118331390
0.9939859167705131
0.9951905666318599
0.9964050148233895
0.9976263079915209
0.9988514934481623
1.0000776264256885
1.0013017771452699
1.0025210376842757
1.0037325286304948
1.0049334055128465
1.0061208650001201
1.0072921508610457
1.0084445596806515
1.0095754463293953
1.0106822291829971
1.0117623950921724
1.0128135041026596
1.0138331939269707
1.0148191841702123
1.0157692803131260
1.0166813774561656
1.0175534638289960
1.0183836240702411
1.0191700422826495
1.0199110048690803
1.0206049031548667
1.0212502358021591
1.0218456110218253
1.0223897485883806
1.0228814816632457
1.0233197584313833
1.0237036435560847
1.0240323194563123
1.0243050874106157
1.0245213684912089
1.0246807043313217
1.0247827577284412
1.0248273130855419
1.0248142766918538
1.0247436768441733
1.0246156638091501
1.0244305096264237
1.0241886077519164
1.0238904725400304
1.0235367385629419
1.0231281597646633
