1.0000000000257467
1.0000000000257259
1.0000000000256577
1.0000000000255436
1.0000000000253852
1.0000000000251854
1.0000000000249449
1.0000000000246660
1.0000000000243507
1.0000000000240004
1.0000000000236162
1.0000000000231999
1.0000000000227527
1.0000000000222748
1.0000000000217688
1.0000000000212359
1.0000000000206790
1.0000000000200999
1.0000000000194988
1.0000000000188771
1.0000000000182356
1.0000000000175753
1.0000000000168972
1.0000000000162024
1.0000000000154929
1.0000000000147717
1.0000000000140401
1.0000000000132989
1.0000000000125500
1.0000000000117950
1.0000000000110369
1.0000000000102776
1.0000000000095188
1.0000000000087634
1.0000000000080138
1.0000000000072722
1.0000000000065401
1.0000000000058196
1.0000000000051117
1.0000000000044174
1.0000000000037375
1.0000000000030729
1.0000000000024249
1.0000000000017937
1.0000000000011804
1.0000000000005862
1.0000000000000149
0.9999999999994682
0.9999999999989464
0.9999999999984504
0.9999999999979807
0.9999999999975381
0.9999999999971225
0.9999999999967346
0.9999999999963743
0.9999999999960435
0.9999999999957430
0.9999999999954733
0.9999999999952337
0.9999999999950239
0.9999999999948427
0.9999999999946899
0.9999999999945661
0.9999999999944718
0.9999999999944071
0.9999999999943715
0.9999999999943648
0.9999999999943864
0.9999999999944348
0.9999999999945103
0.9999999999946128
0.9999999999947408
0.9999999999948940
0.9999999999950701
0.9999999999952691
0.9999999999954893
0.9999999999957302
0.9999999999959920
0.9999999999962736
0.9999999999965737
0.9999999999968902
0.9999999999972201
0.9999999999975618
0.9999999999979142
0.9999999999982763
0.9999999999986463
0.9999999999990223
0.9999999999994029
0.9999999999997869
1.0000000000001734
1.0000000000005611
1.0000000000009492
1.0000000000013365
1.0000000000017211
1.0000000000021019
1.0000000000024776
1.0000000000028475
1.0000000000032110
1.0000000000035671
1.0000000000039151
1.0000000000042537
1.0000000000045821
1.0000000000048990
1.0000000000052023
1.0000000000054905
1.0000000000057623
1.0000000000060159
1.0000000000062490
1.0000000000064599
1.0000000000066482
1.0000000000068134
1.0000000000069553
1.0000000000070737
1.0000000000071687
1.0000000000072413
1.0000000000072902
1.0000000000073148
1.0000000000073150
1.0000000000072917
1.0000000000072446
1.0000000000071736
1.0000000000070803
1.0000000000069644
1.0000000000068270
1.0000000000066673
1.0000000000064853
1.0000000000062810
1.0000000000060543
1.0000000000058060
1.0000000000055362
1.0000000000052451
1.0000000000049336
1.0000000000046012
1.0000000000042482
1.0000000000038749
1.0000000000034821
1.0000000000030713
1.0000000000026439
1.0000000000022005
1.0000000000017408
1.0000000000012654
1.0000000000007752
1.0000000000002707
0.9999999999997519
0.9999999999992196
0.9999999999986754
0.9999999999981206
0.9999999999975564
0.9999999999969835
0.9999999999964031
0.9999999999958160
0.9999999999952232
0.9999999999946254
0.9999999999940252
0.9999999999934248
0.9999999999928252
0.9999999999922271
0.9999999999916319
0.9999999999910413
0.9999999999904566
0.9999999999898794
0.9999999999893113
0.9999999999887532
0.9999999999882061
0.9999999999876706
0.9999999999871491
0.9999999999866445
0.9999999999861595
0.9999999999856960
0.9999999999852550
0.9999999999848376
0.9999999999844439
0.9999999999840750
0.9999999999837317
0.9999999999834145
0.9999999999831249
0.9999999999828638
0.9999999999826322
0.9999999999824309
0.9999999999822599
0.9999999999821201
0.9999999999820125
0.9999999999819371
0.9999999999818964
0.9999999999818914
0.9999999999819226
0.9999999999819909
0.9999999999820957
0.9999999999822369
0.9999999999824135
0.9999999999826256
0.9999999999828730
0.9999999999831550
0.9999999999834707
0.9999999999838194
0.9999999999842010
0.9999999999846143
0.9999999999850594
0.9999999999855350
0.9999999999860408
0.9999999999865770
0.9999999999871434
0.9999999999877404
0.9999999999883663
0.9999999999890201
0.9999999999897010
0.9999999999904085
0.9999999999911423
0.9999999999919006
0.9999999999926822
0.9999999999934852
0.9999999999943087
0.9999999999951513
0.9999999999960121
0.9999999999968882
0.9999999999977780
0.9999999999986803
0.9999999999995933
1.0000000000005158
1.0000000000014462
1.0000000000023830
1.0000000000033247
1.0000000000042690
1.0000000000052138
1.0000000000061564
1.0000000000070950
1.0000000000080280
1.0000000000089537
1.0000000000098717
1.0000000000107805
1.0000000000116789
1.0000000000125646
1.0000000000134353
1.0000000000142872
1.0000000000151179
1.0000000000159257
1.0000000000167095
1.0000000000174689
1.0000000000182030
1.0000000000189111
1.0000000000195921
1.0000000000202454
1.0000000000208691
1.0000000000214613
1.0000000000220213
1.0000000000225473
1.0000000000230385
1.0000000000234921
1.0000000000239062
1.0000000000242804
1.0000000000246134
1.0000000000249052
1.0000000000251552
1.0000000000253626
1.0000000000255265
1.0000000000256459
1.0000000000257196
1.0000000000257467
1.0000000000257259
1.0000000000256577
1.0000000000255436
