1.0000000011360652
1.0000000011266412
1.0000000011148602
1.0000000011007555
1.0000000010843633
1.0000000010657253
1.0000000010448888
1.0000000010219066
1.0000000009968371
1.0000000009697434
1.0000000009406935
1.0000000009097594
1.0000000008770173
1.0000000008425498
1.0000000008064418
1.0000000007687824
1.0000000007296630
1.0000000006891789
1.0000000006474283
1.0000000006045113
1.0000000005605314
1.0000000005155938
1.0000000004698057
1.0000000004232765
1.0000000003761176
1.0000000003284411
1.0000000002803602
1.0000000002319891
1.0000000001834426
1.0000000001348364
1.0000000000862863
1.0000000000379075
0.9999999999898140
0.9999999999421197
0.9999999998949362
0.9999999998483735
0.9999999998025406
0.9999999997575439
0.9999999997134882
0.9999999996704749
0.9999999996286038
0.9999999995879704
0.9999999995486687
0.9999999995107891
0.9999999994744183
0.9999999994396389
0.9999999994065304
0.9999999993751665
0.9999999993456171
0.9999999993179485
0.9999999992922222
0.9999999992684929
0.9999999992468107
0.9999999992272216
0.9999999992097666
0.9999999991944803
0.9999999991813918
0.9999999991705250
0.9999999991619010
0.9999999991555333
0.9999999991514305
0.9999999991495964
0.9999999991500288
0.9999999991527182
0.9999999991576497
0.9999999991648040
0.9999999991741565
0.9999999991856764
0.9999999991993296
0.9999999992150754
0.9999999992328686
0.9999999992526573
0.9999999992743857
0.9999999992979928
0.9999999993234127
0.9999999993505754
0.9999999993794081
0.9999999994098344
0.9999999994417732
0.9999999994751396
0.9999999995098456
0.9999999995457981
0.9999999995829008
0.9999999996210547
0.9999999996601592
0.9999999997001109
0.9999999997408049
0.9999999997821344
0.9999999998239920
0.9999999998662688
0.9999999999088550
0.9999999999516398
0.9999999999945118
1.0000000000373601
1.0000000000800733
1.0000000001225393
1.0000000001646479
1.0000000002062901
1.0000000002473575
1.0000000002877432
1.0000000003273417
1.0000000003660490
1.0000000004037639
1.0000000004403871
1.0000000004758223
1.0000000005099765
1.0000000005427596
1.0000000005740848
1.0000000006038687
1.0000000006320322
1.0000000006585006
1.0000000006832042
1.0000000007060772
1.0000000007270584
1.0000000007460919
1.0000000007631242
1.0000000007781069
1.0000000007909959
1.0000000008017533
1.0000000008103462
1.0000000008167460
1.0000000008209313
1.0000000008228871
1.0000000008226038
1.0000000008200760
1.0000000008153040
1.0000000008082930
1.0000000007990546
1.0000000007876053
1.0000000007739678
1.0000000007581704
1.0000000007402476
1.0000000007202385
1.0000000006981871
1.0000000006741412
1.0000000006481551
1.0000000006202858
1.0000000005905954
1.0000000005591505
1.0000000005260228
1.0000000004912892
1.0000000004550311
1.0000000004173331
1.0000000003782819
1.0000000003379697
1.0000000002964913
1.0000000002539449
1.0000000002104308
1.0000000001660536
1.0000000001209179
1.0000000000751321
1.0000000000288047
0.9999999999820455
0.9999999999349650
0.9999999998876749
0.9999999998402889
0.9999999997929203
0.9999999997456837
0.9999999996986932
0.9999999996520638
0.9999999996059082
0.9999999995603384
0.9999999995154655
0.9999999994714002
0.9999999994282505
0.9999999993861216
0.9999999993451162
0.9999999993053353
0.9999999992668772
0.9999999992298372
0.9999999991943086
0.9999999991603807
0.9999999991281380
0.9999999990976618
0.9999999990690299
0.9999999990423155
0.9999999990175870
0.9999999989949093
0.9999999989743417
0.9999999989559389
0.9999999989397503
0.9999999989258200
0.9999999989141870
0.9999999989048849
0.9999999988979413
0.9999999988933796
0.9999999988912183
0.9999999988914695
0.9999999988941406
0.9999999988992319
0.9999999989067387
0.9999999989166506
0.9999999989289510
0.9999999989436179
0.9999999989606242
0.9999999989799373
0.9999999990015188
0.9999999990253259
0.9999999990513102
0.9999999990794181
0.9999999991095900
0.9999999991417622
0.9999999991758669
0.9999999992118311
0.9999999992495778
0.9999999992890253
0.9999999993300881
0.9999999993726774
0.9999999994167004
0.9999999994620608
0.9999999995086586
0.9999999995563912
0.9999999996051546
0.9999999996548412
0.9999999997053411
0.9999999997565423
0.9999999998083312
0.9999999998605928
0.9999999999132104
0.9999999999660673
1.0000000000190457
1.0000000000720293
1.0000000001249016
1.0000000001775471
1.0000000002298490
1.0000000002816918
1.0000000003329599
1.0000000003835381
1.0000000004333138
1.0000000004821770
1.0000000005300202
1.0000000005767371
1.0000000006222238
1.0000000006663803
1.0000000007091090
1.0000000007503158
1.0000000007899099
1.0000000008278040
1.0000000008639165
1.0000000008981687
1.0000000009304872
1.0000000009608034
1.0000000009890531
1.0000000010151746
1.0000000010391124
1.0000000010608148
1.0000000010802372
1.0000000010973396
1.0000000011120875
1.0000000011244530
1.0000000011344132
1.0000000011419514
1.0000000011470562
1.0000000011497214
1.0000000011499466
1.0000000011477370
1.0000000011431043
1.0000000011360652
1.0000000011266412
1.0000000011148602
1.0000000011007555
