1.0000473665099785
1.0000467720926034
1.0000460663733521
1.0000452510458842
1.0000443280655149
1.0000432996445390
1.0000421682469434
1.0000409365825187
1.0000396076003837
1.0000381844819368
1.0000366706332571
1.0000350696769635
1.0000333854435588
1.0000316219622771
1.0000297834514549
1.0000278743084550
1.0000258990991573
1.0000238625470497
1.0000217695219402
1.0000196250283209
1.0000174341934083
1.0000152022548923
1.0000129345484186
1.0000106364948396
1.0000083135872591
1.0000059713779037
1.0000036154648557
1.0000012514786718
0.9999988850689266
0.9999965218907076
0.9999941675910989
0.9999918277956824
0.9999895080950922
0.9999872140316493
0.9999849510861123
0.9999827246645776
0.9999805400855535
0.9999784025672457
0.9999763172150812
0.9999742890095045
0.9999723227940683
0.9999704232638520
0.9999685949542372
0.9999668422300666
0.9999651692752063
0.9999635800825405
0.9999620784444254
0.9999606679436245
0.9999593519447392
0.9999581335861668
0.9999570157725982
0.9999560011680739
0.9999550921896150
0.9999542910014443
0.9999535995098155
0.9999530193584586
0.9999525519246513
0.9999521983159320
0.9999519593674543
0.9999518356399949
0.9999518274186205
0.9999519347120104
0.9999521572524427
0.9999524944964420
0.9999529456260845
0.9999535095509653
0.9999541849108110
0.9999549700787430
0.9999558631651762
0.9999568620223466
0.9999579642494572
0.9999591671984321
0.9999604679802562
0.9999618634718952
0.9999633503237730
0.9999649249677938
0.9999665836258848
0.9999683223190412
0.9999701368768535
0.9999720229474918
0.9999739760081185
0.9999759913757157
0.9999780642182924
0.9999801895664491
0.9999823623252716
0.9999845772865209
0.9999868291410970
0.9999891124917438
0.9999914218659602
0.9999937517290932
0.9999960964975789
0.9999984505522999
1.0000008082520273
1.0000031639469138
1.0000055119920059
1.0000078467607472
1.0000101626584348
1.0000124541356001
1.0000147157012791
1.0000169419361435
1.0000191275054611
1.0000212671718498
1.0000233558078027
1.0000253884079480
1.0000273601010146
1.0000292661614809
1.0000311020208712
1.0000328632786786
1.0000345457128832
1.0000361452900477
1.0000376581749588
1.0000390807397990
1.0000404095728168
1.0000416414864850
1.0000427735251212
1.0000438029719532
1.0000447273556157
1.0000455444560572
1.0000462523098512
1.0000468492148913
1.0000473337344613
1.0000477047006722
1.0000479612172595
1.0000481026617292
1.0000481286868477
1.0000480392214790
1.0000478344707606
1.0000475149156183
1.0000470813116207
1.0000465346871819
1.0000458763411091
1.0000451078395041
1.0000442310120292
1.0000432479475416
1.0000421609891077
1.0000409727284110
1.0000396859995648
1.0000383038723484
1.0000368296448769
1.0000352668357260
1.0000336191755299
1.0000318905980734
1.0000300852308961
1.0000282073854354
1.0000262615467295
1.0000242523627045
1.0000221846330706
1.0000200632978555
1.0000178934256025
1.0000156802012621
1.0000134289138030
1.0000111449435716
1.0000088337494373
1.0000065008557486
1.0000041518391294
1.0000017923151487
0.9999994279248990
0.9999970643215121
0.9999947071566461
0.9999923620669737
0.9999900346607076
0.9999877305041925
0.9999854551085935
0.9999832139167166
0.9999810122899944
0.9999788554956632
0.9999767486941677
0.9999746969268168
0.9999727051037243
0.9999707779920650
0.9999689202046715
0.9999671361889967
0.9999654302164734
0.9999638063722948
0.9999622685456377
0.9999608204203575
0.9999594654661699
0.9999582069303445
0.9999570478299361
0.9999559909445602
0.9999550388097396
0.9999541937108322
0.9999534576775582
0.9999528324791399
0.9999523196200631
0.9999519203364718
0.9999516355932035
0.9999514660814741
0.9999514122172188
0.9999514741400924
0.9999516517131257
0.9999519445230479
0.9999523518812693
0.9999528728255213
0.9999535061221515
0.9999542502690687
0.9999551034993294
0.9999560637853584
0.9999571288437918
0.9999582961409312
0.9999595628987992
0.9999609261017762
0.9999623825038081
0.9999639286361631
0.9999655608157219
0.9999672751537781
0.9999690675653334
0.9999709337788587
0.9999728693465039
0.9999748696547290
0.9999769299353302
0.9999790452768338
0.9999812106362332
0.9999834208510403
0.9999856706516231
0.9999879546737986
0.9999902674716499
0.9999926035305363
0.9999949572802728
0.9999973231084371
0.9999996953737802
1.0000020684197022
1.0000044365877669
1.0000067942312179
1.0000091357284664
1.0000114554965209
1.0000137480043227
1.0000160077859561
1.0000182294537026
1.0000204077109069
1.0000225373646277
1.0000246133380355
1.0000266306825378
1.0000285845895933
1.0000304704021932
1.0000322836259794
1.0000340199399731
1.0000356752068893
1.0000372454830155
1.0000387270276236
1.0000401163118988
1.0000414100273614
1.0000426050937614
1.0000436986664303
1.0000446881430656
1.0000455711699425
1.0000463456475266
1.0000470097354830
1.0000475618570672
1.0000480007028809
1.0000483252339953
1.0000485346844246
1.0000486285629520
1.0000486066542973
1.0000484690196232
1.0000482159963846
1.0000478481975192
1.0000473665099785
1.0000467720926034
1.0000460663733521
1.0000452510458842
