1.0000425601751519
1.0000420263073204
1.0000413924459133
1.0000406601123970
1.0000398310633032
1.0000389072860283
1.0000378909940837
1.0000367846218072
1.0000355908185430
1.0000343124423108
1.0000329525529754
1.0000315144049348
1.0000300014393442
1.0000284172758938
1.0000267657041557
1.0000250506745310
1.0000232762888099
1.0000214467903694
1.0000195665540310
1.0000176400756098
1.0000156719611699
1.0000136669160187
1.0000116297334598
1.0000095652833381
1.0000074785004023
1.0000053743725108
1.0000032579287108
1.0000011342272199
0.9999990083433364
0.9999968853573059
0.9999947703421810
0.9999926683516938
0.9999905844081763
0.9999885234905558
0.9999864905224526
0.9999844903604110
0.9999825277822885
0.9999806074758308
0.9999787340274681
0.9999769119113520
0.9999751454786578
0.9999734389471816
0.9999717963912566
0.9999702217320119
0.9999687187279981
0.9999672909662018
0.9999659418534707
0.9999646746083674
0.9999634922534764
0.9999623976081781
0.9999613932819076
0.9999604816679195
0.9999596649375665
0.9999589450351094
0.9999583236730721
0.9999578023281491
0.9999573822376786
0.9999570643966870
0.9999568495555167
0.9999567382180359
0.9999567306404378
0.9999568268306339
0.9999570265482420
0.9999573293051665
0.9999577343667717
0.9999582407536486
0.9999588472439599
0.9999595523763737
0.9999603544535645
0.9999612515462812
0.9999622414979701
0.9999633219299394
0.9999644902470550
0.9999657436439575
0.9999670791117798
0.9999684934453517
0.9999699832508721
0.9999715449540358
0.9999731748085879
0.9999748689052946
0.9999766231812989
0.9999784334298436
0.9999802953103409
0.9999822043587601
0.9999841559983077
0.9999861455503832
0.9999881682457724
0.9999902192360574
0.9999922936052188
0.9999943863813965
0.9999964925487838
0.9999986070596274
1.0000007248463019
1.0000028408334318
1.0000049499500292
1.0000070471416256
1.0000091273823610
1.0000111856870038
1.0000132171228702
1.0000152168216230
1.0000171799909148
1.0000191019258460
1.0000209780202174
1.0000228037775434
1.0000245748218015
1.0000262869078975
1.0000279359318123
1.0000295179404177
1.0000310291409280
1.0000324659099682
1.0000338248022367
1.0000351025587431
1.0000362961146003
1.0000374026063528
1.0000384193788219
1.0000393439914546
1.0000401742241605
1.0000409080826211
1.0000415438030588
1.0000420798564540
1.0000425149522054
1.0000428480412171
1.0000430783184102
1.0000432052246511
1.0000432284480911
1.0000431479249188
1.0000429638395145
1.0000426766240171
1.0000422869572951
1.0000417957633325
1.0000412042090230
1.0000405137013881
1.0000397258842209
1.0000388426341620
1.0000378660562250
1.0000367984787686
1.0000356424479400
1.0000344007215947
1.0000330762627125
1.0000316722323219
1.0000301919819505
1.0000286390456239
1.0000270171314225
1.0000253301126272
1.0000235820184669
1.0000217770244939
1.0000199194426092
1.0000180137107606
1.0000160643823399
1.0000140761153038
1.0000120536610433
1.0000100018530305
1.0000079255952690
1.0000058298505725
1.0000037196287042
1.0000015999744032
0.9999994759553276
0.9999973526499398
0.9999952351353680
0.9999931284752666
0.9999910377077100
0.9999889678331487
0.9999869238024525
0.9999849105050712
0.9999829327573434
0.9999809952909785
0.9999791027417407
0.9999772596383618
0.9999754703917080
0.9999737392842283
0.9999720704597104
0.9999704679133679
0.9999689354822845
0.9999674768362319
0.9999660954688879
0.9999647946894784
0.9999635776148560
0.9999624471620396
0.9999614060412345
0.9999604567493450
0.9999596015639953
0.9999588425380783
0.9999581814948384
0.9999576200235051
0.9999571594754858
0.9999568009611286
0.9999565453470586
0.9999563932540997
0.9999563450557836
0.9999564008774509
0.9999565605959445
0.9999568238398991
0.9999571899906216
0.9999576581835664
0.9999582273103970
0.9999588960216284
0.9999596627298520
0.9999605256135249
0.9999614826213211
0.9999625314770316
0.9999636696850024
0.9999648945360984
0.9999662031141756
0.9999675923030483
0.9999690587939366
0.9999705990933715
0.9999722095315444
0.9999738862710780
0.9999756253161947
0.9999774225222680
0.9999792736057247
0.9999811741542808
0.9999831196374844
0.9999851054175426
0.9999871267604054
0.9999891788470757
0.9999912567851238
0.9999933556203773
0.9999954703487584
0.9999975959282373
0.9999997272908795
1.0000018593549540
1.0000039870370729
1.0000061052643328
1.0000082089864344
1.0000102931877448
1.0000123528992779
1.0000143832105617
1.0000163792813670
1.0000183363532662
1.0000202497609967
1.0000221149436015
1.0000239274553193
1.0000256829762022
1.0000273773224295
1.0000290064562960
1.0000305664958518
1.0000320537241694
1.0000334645982190
1.0000347957573226
1.0000360440311764
1.0000372064474177
1.0000382802387184
1.0000392628493873
1.0000401519414703
1.0000409454003298
1.0000416413396878
1.0000422381061262
1.0000427342830291
1.0000431286939613
1.0000434204054724
1.0000436087293219
1.0000436932241148
1.0000436736963525
1.0000435502008898
1.0000433230407992
1.0000429927666428
1.0000425601751519
1.0000420263073204
1.0000413924459133
1.0000406601123970
