1.0089049471947911
1.0087932347322341
1.0086607219991641
1.0085077129908269
1.0083345589099941
1.0081416574632784
1.0079294520615449
1.0076984309250159
1.0074491260937506
1.0071821123443019
1.0068980060134709
1.0065974637302031
1.0062811810568304
1.0059498910410012
1.0056043626798259
1.0052453992979291
1.0048738368413068
1.0044905420890882
1.0040964107855188
1.0036923656947130
1.0032793545809622
1.0028583481176507
1.0024303377280759
1.0019963333617554
1.0015573612100730
1.0011144613654028
1.0006686854281395
1.0002210940663572
0.9997727545331064
0.9993247381466495
0.9988781177392255
0.9984339650802087
0.9979933482798015
0.9975573291796621
0.9971269607371067
0.9967032844097620
0.9962873275477478
0.9958801008006616
0.9954825955467914
0.9950957813521246
0.9947206034668185
0.9943579803668723
0.9940088013487813
0.9936739241849413
0.9933541728475542
0.9930503353086875
0.9927631614240314
0.9924933609077404
0.9922416014055370
0.9920085066730139
0.9917946548657908
0.9916005769478442
0.9914267552239722
0.9912736220019461
0.9911415583894658
0.9910308932305505
0.9909419021855057
0.9908748069580610
0.9908297746727192
0.9908069174047816
0.9908062918649112
0.9908278992394877
0.9908716851873919
0.9909375399932351
0.9910252988764208
0.9911347424548094
0.9912655973611506
0.9914175370098440
0.9915901825110107
0.9917831037283054
0.9919958204763510
0.9922278038531843
0.9924784777026151
0.9927472202009627
0.9930333655622318
0.9933362058554118
0.9936549929272673
0.9939889404236849
0.9943372259024187
0.9946989930298438
0.9950733538541930
0.9954593911476107
0.9958561608092915
0.9962626943219229
0.9966780012536594
0.9971010717978818
0.9975308793430698
0.9979663830652180
0.9984065305353588
0.9988502603349160
0.9992965046717959
0.9997441919903336
1.0001922495684414
1.0006396060955491
1.0010851942251842
1.0015279530963113
1.0019668308178318
1.0024007869109273
1.0028287947042227
1.0032498436770372
1.0036629417462792
1.0040671174928346
1.0044614223235828
1.0048449325654465
1.0052167514881598
1.0055760112527006
1.0059218747825858
1.0062535375554689
1.0065702293127134
1.0068712156848301
1.0071557997308764
1.0074233233901115
1.0076731688443832
1.0079047597898776
1.0081175626170420
1.0083110874976160
1.0084848893778442
1.0086385688770712
1.0087717730910277
1.0088841962992074
1.0089755805758440
1.0090457163040694
1.0090944425929151
1.0091216475968989
1.0091272687379882
1.0091112928298083
1.0090737561040224
1.0090147441388662
1.0089343916898741
1.0088328824229056
1.0087104485496279
1.0085673703656886
1.0084039756918706
1.0082206392186008
1.0080177817542635
1.0077958693778599
1.0075554124966453
1.0072969648094900
1.0070211221768208
1.0067285213981232
1.0064198388981287
1.0060957893229616
1.0057571240476719
1.0054046295967711
1.0050391259795599
1.0046614649422465
1.0042725281390650
1.0038732252248272
1.0034644918715738
1.0030472877122436
1.0026225942145379
1.0021914124884186
1.0017547610309614
1.0013136734125658
1.0008691959088012
1.0004223850824689
0.9999743053207514
0.9995260263326055
0.9990786206118518
0.9986331608716897
0.9981907174566463
0.9977523557382389
0.9973191335008721
0.9968920983247364
0.9964722849726936
0.9960607127883289
0.9956583831125292
0.9952662767260896
0.9948853513259744
0.9945165390429431
0.9941607440083076
0.9938188399776051
0.9934916680189578
0.9931800342738185
0.9928847077977225
0.9926064184885062
0.9923458551092892
0.9921036634132842
0.9918804443772298
0.9916767525499482
0.9914930945221689
0.9913299275233822
0.9911876581510592
0.9910666412371166
0.9909671788560144
0.9908895194783587
0.9908338572733265
0.9908003315626592
0.9907890264283962
0.9907999704759022
0.9908331367531327
0.9908884428264533
0.9909657510127177
0.9910648687666723
0.9911855492221560
0.9913274918849452
0.9914903434745118
0.9916736989113896
0.9918771024463011
0.9921000489266683
0.9923419851956372
0.9926023116183047
0.9928803837293887
0.9931755139962112
0.9934869736905064
0.9938139948622631
0.9941557724085464
0.9945114662300111
0.9948802034676474
0.9952610808121464
0.9956531668781848
0.9960555046358601
0.9964671138914970
0.9968869938100543
0.9973141254714214
0.9977474744529727
0.9981859934308811
0.9986286247928191
0.9990743032548680
0.9995219584756407
0.9999705176608524
1.0004189081517996
1.0008660599914703
1.0013109084622687
1.0017523965896136
1.0021894776059537
1.0026211173700361
1.0030462967365403
1.0034640138715067
1.0038732865092532
1.0042731541467798
1.0046626801719387
1.0050409539219132
1.0054070926688241
1.0057602435295474
1.0060995852970562
1.0064243301908540
1.0067337255242856
1.0070270552867242
1.0073036416388315
1.0075628463192774
1.0078040719614854
1.0080267633191236
1.0082304083992193
1.0084145395019068
1.0085787341659498
1.0087226160192928
1.0088458555340050
1.0089481706850718
1.0090293275125823
1.0090891405869415
1.0091274733768067
1.0091442385195195
1.0091393979938681
1.0091129631950786
1.0090649949119874
1.0089956032064118
1.0089049471947911
1.0087932347322341
1.0086607219991641
1.0085077129908269
