1.0000017079428074
1.0000016870207822
1.0000016621175045
1.0000016332932391
1.0000016006175916
1.0000015641693403
1.0000015240362494
1.0000014803148591
1.0000014331102551
1.0000013825358161
1.0000013287129434
1.0000012717707687
1.0000012118458446
1.0000011490818199
1.0000010836290965
1.0000010156444676
1.0000009452907459
1.0000008727363705
1.0000007981550063
1.0000007217251272
1.0000006436295921
1.0000005640552045
1.0000004831922678
1.0000004012341279
1.0000003183767157
1.0000002348180745
1.0000001507578886
1.0000000663970061
0.9999999819369592
0.9999998975794806
0.9999998135260225
0.9999997299772750
0.9999996471326869
0.9999995651899886
0.9999994843447200
0.9999994047897622
0.9999993267148779
0.9999992503062586
0.9999991757460769
0.9999991032120543
0.9999990328770374
0.9999989649085820
0.9999988994685545
0.9999988367127434
0.9999987767904898
0.9999987198443299
0.9999986660096550
0.9999986154143879
0.9999985681786766
0.9999985244146103
0.9999984842259493
0.9999984477078792
0.9999984149467829
0.9999983860200353
0.9999983609958191
0.9999983399329603
0.9999983228807903
0.9999983098790287
0.9999983009576880
0.9999982961370028
0.9999982954273815
0.9999982988293831
0.9999983063337154
0.9999983179212579
0.9999983335631089
0.9999983532206542
0.9999983768456626
0.9999984043804007
0.9999984357577718
0.9999984709014761
0.9999985097261945
0.9999985521377943
0.9999985980335540
0.9999986473024103
0.9999986998252227
0.9999987554750596
0.9999988141175040
0.9999988756109758
0.9999989398070686
0.9999990065509072
0.9999990756815177
0.9999991470322134
0.9999992204309939
0.9999992957009588
0.9999993726607309
0.9999994511248905
0.9999995309044185
0.9999996118071492
0.9999996936382316
0.9999997762005957
0.9999998592954223
0.9999999427226217
1.0000000262813120
1.0000001097703004
1.0000001929885665
1.0000002757357422
1.0000003578125907
1.0000004390214838
1.0000005191668746
1.0000005980557669
1.0000006754981783
1.0000007513075935
1.0000008253014123
1.0000008973013876
1.0000009671340497
1.0000010346311243
1.0000010996299329
1.0000011619737839
1.0000012215123479
1.0000012781020193
1.0000013316062564
1.0000013818959115
1.0000014288495407
1.0000014723536927
1.0000015123031831
1.0000015486013452
1.0000015811602632
1.0000016099009823
1.0000016347536962
1.0000016556579165
1.0000016725626169
1.0000016854263576
1.0000016942173835
1.0000016989137004
1.0000016995031276
1.0000016959833293
1.0000016883618208
1.0000016766559505
1.0000016608928590
1.0000016411094141
1.0000016173521231
1.0000015896770242
1.0000015581495514
1.0000015228443768
1.0000014838452354
1.0000014412447240
1.0000013951440803
1.0000013456529429
1.0000012928890882
1.0000012369781497
1.0000011780533171
1.0000011162550173
1.0000010517305797
1.0000009846338851
1.0000009151249987
1.0000008433697860
1.0000007695395188
1.0000006938104626
1.0000006163634583
1.0000005373834884
1.0000004570592349
1.0000003755826297
1.0000002931483944
1.0000002099535759
1.0000001261970755
1.0000000420791733
0.9999999578010486
0.9999998735642993
0.9999997895704593
0.9999997060205181
0.9999996231144394
0.9999995410506832
0.9999994600257327
0.9999993802336217
0.9999993018654706
0.9999992251090305
0.9999991501482344
0.9999990771627568
0.9999990063275850
0.9999989378126003
0.9999988717821705
0.9999988083947556
0.9999987478025302
0.9999986901510189
0.9999986355787498
0.9999985842169195
0.9999985361890811
0.9999984916108492
0.9999984505896214
0.9999984132243221
0.9999983796051648
0.9999983498134368
0.9999983239213035
0.9999983019916359
0.9999982840778601
0.9999982702238281
0.9999982604637119
0.9999982548219207
0.9999982533130441
0.9999982559418150
0.9999982627030992
0.9999982735819051
0.9999982885534197
0.9999983075830663
0.9999983306265884
0.9999983576301541
0.9999983885304837
0.9999984232549998
0.9999984617220017
0.9999985038408569
0.9999985495122182
0.9999985986282613
0.9999986510729403
0.9999987067222663
0.9999987654446028
0.9999988271009779
0.9999988915454168
0.9999989586252893
0.9999990281816737
0.9999991000497354
0.9999991740591215
0.9999992500343664
0.9999993277953092
0.9999994071575256
0.9999994879327674
0.9999995699294110
0.9999996529529150
0.9999997368062842
0.9999998212905400
0.9999999062051954
0.9999999913487324
1.0000000765190822
1.0000001615141081
1.0000002461320885
1.0000003301721967
1.0000004134349807
1.0000004957228408
1.0000005768405003
1.0000006565954700
1.0000007347985098
1.0000008112640784
1.0000008858107765
1.0000009582617799
1.0000010284452601
1.0000010961947945
1.0000011613497641
1.0000012237557385
1.0000012832648415
1.0000013397361045
1.0000013930358014
1.0000014430377686
1.0000014896237077
1.0000015326834675
1.0000015721153019
1.0000016078261158
1.0000016397316873
1.0000016677568684
1.0000016918357630
1.0000017119118849
1.0000017279382916
1.0000017398776948
1.0000017477025496
1.0000017513951196
1.0000017509475190
1.0000017463617294
1.0000017376495967
1.0000017248328019
1.0000017079428074
1.0000016870207822
1.0000016621175045
1.0000016332932391
