1.0000000445634420
1.0000000440614021
1.0000000434582472
1.0000000427554796
1.0000000419548372
1.0000000410582903
1.0000000400680349
1.0000000389864874
1.0000000378162783
1.0000000365602493
1.0000000352214440
1.0000000338031017
1.0000000323086484
1.0000000307416899
1.0000000291060023
1.0000000274055221
1.0000000256443393
1.0000000238266866
1.0000000219569285
1.0000000200395511
1.0000000180791511
1.0000000160804239
1.0000000140481544
1.0000000119872048
1.0000000099025019
1.0000000077990268
1.0000000056818019
1.0000000035558807
1.0000000014263355
0.9999999992982432
0.9999999971766756
0.9999999950666854
0.9999999929732931
0.9999999909014777
0.9999999888561641
0.9999999868422119
0.9999999848644023
0.9999999829274281
0.9999999810358825
0.9999999791942461
0.9999999774068765
0.9999999756779990
0.9999999740116972
0.9999999724119023
0.9999999708823833
0.9999999694267384
0.9999999680483866
0.9999999667505605
0.9999999655362966
0.9999999644084291
0.9999999633695836
0.9999999624221710
0.9999999615683811
0.9999999608101772
0.9999999601492932
0.9999999595872276
0.9999999591252412
0.9999999587643529
0.9999999585053398
0.9999999583487312
0.9999999582948099
0.9999999583436107
0.9999999584949217
0.9999999587482852
0.9999999591029980
0.9999999595581137
0.9999999601124441
0.9999999607645617
0.9999999615128022
0.9999999623552707
0.9999999632898454
0.9999999643141826
0.9999999654257239
0.9999999666217012
0.9999999678991446
0.9999999692548873
0.9999999706855744
0.9999999721876702
0.9999999737574672
0.9999999753910962
0.9999999770845353
0.9999999788336180
0.9999999806340466
0.9999999824813998
0.9999999843711433
0.9999999862986413
0.9999999882591675
0.9999999902479155
0.9999999922600120
0.9999999942905270
0.9999999963344876
0.9999999983868880
1.0000000004427034
1.0000000024969000
1.0000000045444486
1.0000000065803352
1.0000000085995757
1.0000000105972251
1.0000000125683917
1.0000000145082484
1.0000000164120448
1.0000000182751152
1.0000000200928922
1.0000000218609186
1.0000000235748563
1.0000000252304979
1.0000000268237774
1.0000000283507797
1.0000000298077476
1.0000000311910937
1.0000000324974070
1.0000000337234622
1.0000000348662279
1.0000000359228725
1.0000000368907720
1.0000000377675167
1.0000000385509176
1.0000000392390098
1.0000000398300588
1.0000000403225633
1.0000000407152596
1.0000000410071239
1.0000000411973760
1.0000000412854821
1.0000000412711543
1.0000000411543506
1.0000000409352767
1.0000000406143850
1.0000000401923730
1.0000000396701820
1.0000000390489963
1.0000000383302390
1.0000000375155693
1.0000000366068780
1.0000000356062841
1.0000000345161282
1.0000000333389685
1.0000000320775742
1.0000000307349177
1.0000000293141698
1.0000000278186898
1.0000000262520181
1.0000000246178684
1.0000000229201171
1.0000000211627971
1.0000000193500840
1.0000000174862904
1.0000000155758531
1.0000000136233231
1.0000000116333558
1.0000000096107000
1.0000000075601856
1.0000000054867104
1.0000000033952314
1.0000000012907513
0.9999999991783061
0.9999999970629539
0.9999999949497616
0.9999999928437944
0.9999999907501038
0.9999999886737151
0.9999999866196139
0.9999999845927363
0.9999999825979567
0.9999999806400757
0.9999999787238075
0.9999999768537708
0.9999999750344752
0.9999999732703119
0.9999999715655438
0.9999999699242952
0.9999999683505411
0.9999999668480964
0.9999999654206083
0.9999999640715476
0.9999999628042001
0.9999999616216588
0.9999999605268174
0.9999999595223622
0.9999999586107663
0.9999999577942819
0.9999999570749373
0.9999999564545292
0.9999999559346219
0.9999999555165399
0.9999999552013670
0.9999999549899423
0.9999999548828598
0.9999999548804651
0.9999999549828549
0.9999999551898777
0.9999999555011335
0.9999999559159755
0.9999999564335118
0.9999999570526067
0.9999999577718832
0.9999999585897272
0.9999999595042901
0.9999999605134923
0.9999999616150302
0.9999999628063803
0.9999999640848057
0.9999999654473635
0.9999999668909072
0.9999999684120993
0.9999999700074174
0.9999999716731631
0.9999999734054691
0.9999999752003106
0.9999999770535134
0.9999999789607655
0.9999999809176272
0.9999999829195390
0.9999999849618343
0.9999999870397503
0.9999999891484400
0.9999999912829837
0.9999999934383995
0.9999999956096551
0.9999999977916790
0.9999999999793743
1.0000000021676303
1.0000000043513353
1.0000000065253891
1.0000000086847132
1.0000000108242628
1.0000000129390409
1.0000000150241088
1.0000000170745973
1.0000000190857199
1.0000000210527829
1.0000000229711967
1.0000000248364878
1.0000000266443072
1.0000000283904433
1.0000000300708312
1.0000000316815625
1.0000000332188930
1.0000000346792530
1.0000000360592545
1.0000000373557003
1.0000000385655921
1.0000000396861370
1.0000000407147549
1.0000000416490809
1.0000000424869733
1.0000000432265184
1.0000000438660370
1.0000000444040875
1.0000000448394681
1.0000000451712221
1.0000000453986382
1.0000000455212519
1.0000000455388474
1.0000000454514584
1.0000000452593676
1.0000000449631037
1.0000000445634420
1.0000000440614021
1.0000000434582472
1.0000000427554796
