1.0000026622556708
1.0000026294828142
1.0000025904940675
1.0000025453836245
1.0000024942602690
1.0000024372471141
1.0000023744813102
1.0000023061137133
1.0000022323085263
1.0000021532429042
1.0000020691065321
1.0000019801011695
1.0000018864401681
1.0000017883479633
1.0000016860595367
1.0000015798198527
1.0000014698832744
1.0000013565129520
1.0000012399801956
1.0000011205638284
1.0000009985495200
1.0000008742291004
1.0000007478998645
1.0000006198638618
1.0000004904271742
1.0000003598991831
1.0000002285918290
1.0000000968188671
0.9999999648951188
0.9999998331357158
0.9999997018553489
0.9999995713675162
0.9999994419837741
0.9999993140129929
0.9999991877606179
0.9999990635279412
0.9999989416113796
0.9999988223017678
0.9999987058836637
0.9999985926346660
0.9999984828247527
0.9999983767156371
0.9999982745601432
0.9999981766015998
0.9999980830732611
0.9999979941977465
0.9999979101865120
0.9999978312393446
0.9999977575438860
0.9999976892751827
0.9999976265952698
0.9999975696527832
0.9999975185826059
0.9999974735055469
0.9999974345280523
0.9999974017419527
0.9999973752242420
0.9999973550368968
0.9999973412267273
0.9999973338252672
0.9999973328486993
0.9999973382978159
0.9999973501580192
0.9999973683993577
0.9999973929766001
0.9999974238293423
0.9999974608821528
0.9999975040447551
0.9999975532122425
0.9999976082653301
0.9999976690706424
0.9999977354810313
0.9999978073359328
0.9999978844617478
0.9999979666722619
0.9999980537690883
0.9999981455421438
0.9999982417701530
0.9999983422211806
0.9999984466531834
0.9999985548145922
0.9999986664449136
0.9999987812753536
0.9999988990294609
0.9999990194237892
0.9999991421685761
0.9999992669684368
0.9999993935230715
0.9999995215279845
0.9999996506752128
0.9999997806540629
0.9999999111518570
1.0000000418546806
1.0000001724481338
1.0000003026180819
1.0000004320514106
1.0000005604367752
1.0000006874653449
1.0000008128315423
1.0000009362337765
1.0000010573751630
1.0000011759642358
1.0000012917156442
1.0000014043508374
1.0000015135987299
1.0000016191963528
1.0000017208894816
1.0000018184332449
1.0000019115927115
1.0000020001434524
1.0000020838720778
1.0000021625767492
1.0000022360676637
1.0000023041675070
1.0000023667118800
1.0000024235496909
1.0000024745435188
1.0000025195699411
1.0000025585198318
1.0000025912986217
1.0000026178265260
1.0000026380387359
1.0000026518855734
1.0000026593326108
1.0000026603607550
1.0000026549662948
1.0000026431609081
1.0000026249716354
1.0000026004408149
1.0000025696259847
1.0000025325997439
1.0000024894495816
1.0000024402776675
1.0000023852006072
1.0000023243491660
1.0000022578679539
1.0000021859150816
1.0000021086617843
1.0000020262920126
1.0000019390019932
1.0000018469997587
1.0000017505046528
1.0000016497468049
1.0000015449665809
1.0000014364140088
1.0000013243481811
1.0000012090366359
1.0000010907547188
1.0000009697849237
1.0000008464162169
1.0000007209433486
1.0000005936661462
1.0000004648887995
1.0000003349191315
1.0000002040678648
1.0000000726478773
0.9999999409734537
0.9999998093595361
0.9999996781209720
0.9999995475717595
0.9999994180242964
0.9999992897886342
0.9999991631717371
0.9999990384767461
0.9999989160022545
0.9999987960415951
0.9999986788821376
0.9999985648046016
0.9999984540823859
0.9999983469809131
0.9999982437569974
0.9999981446582276
0.9999980499223750
0.9999979597768257
0.9999978744380348
0.9999977941110109
0.9999977189888231
0.9999976492521394
0.9999975850687935
0.9999975265933840
0.9999974739669036
0.9999974273164027
0.9999973867546835
0.9999973523800300
0.9999973242759718
0.9999973025110841
0.9999972871388233
0.9999972781973983
0.9999972757096777
0.9999972796831331
0.9999972901098229
0.9999973069664084
0.9999973302142104
0.9999973597992990
0.9999973956526220
0.9999974376901690
0.9999974858131730
0.9999975399083426
0.9999975998481340
0.9999976654910526
0.9999977366819910
0.9999978132525995
0.9999978950216870
0.9999979817956542
0.9999980733689539
0.9999981695245813
0.9999982700345923
0.9999983746606468
0.9999984831545768
0.9999985952589804
0.9999987107078334
0.9999988292271244
0.9999989505355094
0.9999990743449847
0.9999992003615719
0.9999993282860198
0.9999994578145195
0.9999995886394284
0.9999997204500060
0.9999998529331542
0.9999999857741658
1.0000001186574736
1.0000002512674044
1.0000003832889330
1.0000005144084343
1.0000006443144291
1.0000007726983302
1.0000008992551777
1.0000010236843686
1.0000011456903728
1.0000012649834376
1.0000013812802806
1.0000014943047637
1.0000016037885544
1.0000017094717659
1.0000018111035756
1.0000019084428247
1.0000020012585928
1.0000020893307504
1.0000021724504822
1.0000022504207857
1.0000023230569424
1.0000023901869581
1.0000024516519717
1.0000025073066332
1.0000025570194520
1.0000026006731098
1.0000026381647398
1.0000026694061726
1.0000026943241453
1.0000027128604765
1.0000027249722043
1.0000027306316903
1.0000027298266798
1.0000027225603341
1.0000027088512193
1.0000026887332625
1.0000026622556708
1.0000026294828142
1.0000025904940675
1.0000025453836245
