1.0002240130274307
1.0002211883980985
1.0002178365997929
1.0002139656566533
1.0002095848317656
1.0002047046050995
1.0001993366485471
1.0001934937981227
1.0001871900233870
1.0001804403941699
1.0001732610446696
1.0001656691350140
1.0001576828103687
1.0001493211576977
1.0001406041602736
1.0001315526500423
1.0001221882579570
1.0001125333624026
1.0001026110358280
1.0000924449897113
1.0000820595179942
1.0000714794391159
1.0000607300367839
1.0000498369996216
1.0000388263598414
1.0000277244310798
1.0000165577455518
1.0000053529906705
0.9999941369452808
0.9999829364156627
0.9999717781714564
0.9999606888816603
0.9999496950508574
0.9999388229558236
0.9999280985826654
0.9999175475646438
0.9999071951208289
0.9998970659957335
0.9998871844000701
0.9998775739527781
0.9998682576244569
0.9998592576823426
0.9998505956369609
0.9998422921905834
0.9998343671876155
0.9998268395670310
0.9998197273169716
0.9998130474316188
0.9998068158704495
0.9998010475199638
0.9997957561579852
0.9997909544206168
0.9997866537719331
0.9997828644764840
0.9997795955746736
0.9997768548610785
0.9997746488657532
0.9997729828385711
0.9997718607366384
0.9997712852148111
0.9997712576193394
0.9997717779846549
0.9997728450333057
0.9997744561790437
0.9997766075330514
0.9997792939132971
0.9997825088569955
0.9997862446361429
0.9997904922760897
0.9997952415771016
0.9998004811388627
0.9998061983878536
0.9998123796075455
0.9998190099713354
0.9998260735781381
0.9998335534905514
0.9998414317755033
0.9998496895472830
0.9998583070128472
0.9998672635192967
0.9998765376034060
0.9998861070430860
0.9998959489106581
0.9999060396278073
0.9999163550220860
0.9999268703848280
0.9999375605303354
0.9999483998561968
0.9999593624045912
0.9999704219244289
0.9999815519341797
0.9999927257852422
1.0000039167256962
1.0000150979642886
1.0000262427345004
1.0000373243585423
1.0000483163111240
1.0000591922828439
1.0000699262430501
1.0000804925020237
1.0000908657723349
1.0001010212292267
1.0001109345698818
1.0001205820714298
1.0001299406475617
1.0001389879036144
1.0001477021899985
1.0001560626538362
1.0001640492886936
1.0001716429822867
1.0001788255620483
1.0001855798384502
1.0001918896459741
1.0001977398816397
1.0002031165409975
1.0002080067514985
1.0002123988031661
1.0002162821764975
1.0002196475675265
1.0002224869099889
1.0002247933945438
1.0002265614849988
1.0002277869315037
1.0002284667806833
1.0002285993826816
1.0002281843951060
1.0002272227838556
1.0002257168208395
1.0002236700785831
1.0002210874217397
1.0002179749955271
1.0002143402111148
1.0002101917279924
1.0002055394333695
1.0002003944186499
1.0001947689530337
1.0001886764543153
1.0001821314569421
1.0001751495774069
1.0001677474770607
1.0001599428224304
1.0001517542431351
1.0001432012875018
1.0001343043759841
1.0001250847524936
1.0001155644337603
1.0001057661568391
1.0000957133248904
1.0000854299513608
1.0000749406026952
1.0000642703397182
1.0000534446578253
1.0000424894261222
1.0000314308256570
1.0000202952868971
1.0000091094265944
0.9999978999841932
0.9999866937579301
0.9999755175407775
0.9999643980563867
0.9999533618951838
0.9999424354507696
0.9999316448567729
0.9999210159243173
0.9999105740802405
0.9999003443062257
0.9998903510789829
0.9998806183116276
0.9998711692963969
0.9998620266488440
0.9998532122536395
0.9998447472121180
0.9998366517916891
0.9998289453772414
0.9998216464246534
0.9998147724165243
0.9998083398202336
0.9998023640484274
0.9997968594220298
0.9997918391358719
0.9997873152270137
0.9997832985458437
0.9997797987300234
0.9997768241813403
0.9997743820455234
0.9997724781950749
0.9997711172151545
0.9997703023925542
0.9997700357077904
0.9997703178303315
0.9997711481169714
0.9997725246133559
0.9997744440586533
0.9997769018933659
0.9997798922702548
0.9997834080683570
0.9997874409100571
0.9997919811811770
0.9997970180540302
0.9998025395133860
0.9998085323852813
0.9998149823686115
0.9998218740694204
0.9998291910378081
0.9998369158073646
0.9998450299370381
0.9998535140553337
0.9998623479067358
0.9998715104002426
0.9998809796598931
0.9998907330771700
0.9999007473651464
0.9999109986142490
0.9999214623494994
0.9999321135891008
0.9999429269042243
0.9999538764798548
0.9999649361765477
0.9999760795929484
0.9999872801289282
0.9999985110491785
1.0000097455471166
1.0000209568089498
1.0000321180777392
1.0000432027173165
1.0000541842758996
1.0000650365492521
1.0000757336432393
1.0000862500356307
1.0000965606370003
1.0001066408505854
1.0001164666309572
1.0001260145413637
1.0001352618096084
1.0001441863823375
1.0001527669776007
1.0001609831355665
1.0001688152672665
1.0001762447012608
1.0001832537281077
1.0001898256425341
1.0001959447832101
1.0002015965700310
1.0002067675388218
1.0002114453733792
1.0002156189347793
1.0002192782878756
1.0002224147249357
1.0002250207863483
1.0002270902783628
1.0002286182878137
1.0002296011937972
1.0002300366762729
1.0002299237215693
1.0002292626247786
1.0002280549890405
1.0002263037217116
1.0002240130274307
1.0002211883980985
1.0002178365997929
1.0002139656566533
