1.0008827558837272
1.0008716033365854
1.0008583729433860
1.0008430962514616
1.0008258096796623
1.0008065544326821
1.0007853764041006
1.0007623260683627
1.0007374583619282
1.0007108325538667
1.0006825121061849
1.0006525645242006
1.0006210611973054
1.0005880772304698
1.0005536912668795
1.0005179853021002
1.0004810444901990
1.0004429569422630
1.0004038135177811
1.0003637076093592
1.0003227349212744
1.0002809932423786
1.0002385822138744
1.0001956030925050
1.0001521585097120
1.0001083522273275
1.0000642888903684
1.0000200737775253
0.9999758125499270
0.9999316109987819
0.9998875747924958
0.9998438092238709
0.9998004189579922
0.9997575077814077
0.9997151783532102
0.9996735319586206
0.9996326682656769
0.9995926850856108
0.9995536781375121
0.9995157408178470
0.9994789639754037
0.9994434356922167
0.9994092410710160
0.9993764620297272
0.9993451771035289
0.9993154612549695
0.9992873856926130
0.9992610176986698
0.9992364204660469
0.9992136529452229
0.9991927697013375
0.9991738207818602
0.9991568515951653
0.9991419028003252
0.9991290102084026
0.9991182046954914
0.9991095121277305
0.9991029532984742
0.9990985438777861
0.9990962943743817
0.9990962101101214
0.9990982912071138
0.9991025325874636
0.9991089239856654
0.9991174499736152
0.9991280899981698
0.9991408184311618
0.9991556046317398
0.9991724130208789
0.9991912031678678
0.9992119298885539
0.9992345433550952
0.9992589892169444
0.9992852087327536
0.9993131389128699
0.9993427126720582
0.9993738589920675
0.9994065030936313
0.9994405666174705
0.9994759678138424
0.9995126217401663
0.9995504404662267
0.9995893332864502
0.9996292069387271
0.9996699658292312
0.9997115122626885
0.9997537466775250
0.9997965678853166
0.9998398733139582
0.9998835592539577
0.9999275211072558
0.9999716536379670
1.0000158512244413
1.0000600081120319
1.0001040186659729
1.0001477776237511
1.0001911803463808
1.0002341230679801
1.0002765031430583
1.0003182192909303
1.0003591718366855
1.0003992629481444
1.0004383968682513
1.0004764801423625
1.0005134218398988
1.0005491337698558
1.0005835306896704
1.0006165305069654
1.0006480544737100
1.0006780273723503
1.0007063776934872
1.0007330378046944
1.0007579441101004
1.0007810372003654
1.0008022619927175
1.0008215678607379
1.0008389087535974
1.0008542433044740
1.0008675349279141
1.0008787519059212
1.0008878674625730
1.0008948598270047
1.0008997122846166
1.0009024132163908
1.0009029561262324
1.0009013396562745
1.0008975675901060
1.0008916488439230
1.0008835974456216
1.0008734325018747
1.0008611781532717
1.0008468635176160
1.0008305226215140
1.0008121943203969
1.0007919222071637
1.0007697545096410
1.0007457439770990
1.0007199477560706
1.0006924272557554
1.0006632480033129
1.0006324794893700
1.0006001950040853
1.0005664714641553
1.0005313892311434
1.0004950319215513
1.0004574862090663
1.0004188416194320
1.0003791903184169
1.0003386268933716
1.0002972481288732
1.0002551527769814
1.0002124413226365
1.0001692157447495
1.0001255792735411
1.0000816361446971
1.0000374913509238
0.9999932503914846
0.9999490190203194
0.9999049029933377
0.9998610078154896
0.9998174384882247
0.9997742992579445
0.9997316933660542
0.9996897228012145
0.9996484880543989
0.9996080878773482
0.9995686190450216
0.9995301761226163
0.9994928512377350
0.9994567338582564
0.9994219105764630
0.9993884648999570
0.9993564770498878
0.9993260237669940
0.9992971781259393
0.9992700093584123
0.9992445826854310
0.9992209591592764
0.9991991955154497
0.9991793440350334
0.9991614524177975
0.9991455636663763
0.9991317159818074
0.9991199426706999
0.9991102720642684
0.9991027274494388
0.9990973270121998
0.9990940837933443
0.9990930056567185
0.9990940952700533
0.9990973500984327
0.9991027624104103
0.9991103192967636
0.9991200027018355
0.9991317894673827
0.9991456513888207
0.9991615552837196
0.9991794630723762
0.9991993318702641
0.9992211140921159
0.9992447575673793
0.9992702056667553
0.9992973974394935
0.9993262677610988
0.9993567474910804
0.9993887636403386
0.9994222395477753
0.9994570950656800
0.9994932467534302
0.9995306080790207
0.9995690896279200
0.9996085993187355
0.9996490426251520
0.9996903228035963
0.9997323411260628
0.9997749971175350
0.9998181887974152
0.9998618129243769
0.9999057652440394
0.9999499407388678
0.9999942338796907
1.0000385388782340
1.0000827499400611
1.0001267615173117
1.0001704685606372
1.0002137667697346
1.0002565528418885
1.0002987247179267
1.0003401818250173
1.0003808253157338
1.0004205583028289
1.0004592860891710
1.0004969163923076
1.0005333595631398
1.0005685287981965
1.0006023403450250
1.0006347137002245
1.0006655717996671
1.0006948412004772
1.0007224522543532
1.0007483392718326
1.0007724406771363
1.0007946991532399
1.0008150617768401
1.0008334801429162
1.0008499104786091
1.0008643137461588
1.0008766557346735
1.0008869071405209
1.0008950436361645
1.0009010459272925
1.0009048997981091
1.0009065961446904
1.0009061309963270
1.0009035055248130
1.0008987260416535
1.0008918039831964
1.0008827558837272
1.0008716033365854
1.0008583729433860
1.0008430962514616
