1.0000000168693752
1.0000000166878411
1.0000000164685710
1.0000000162121194
1.0000000159191276
1.0000000155903233
1.0000000152265183
1.0000000148286083
1.0000000143975687
1.0000000139344516
1.0000000134403864
1.0000000129165729
1.0000000123642812
1.0000000117848467
1.0000000111796707
1.0000000105502145
1.0000000098979938
1.0000000092245771
1.0000000085315845
1.0000000078206805
1.0000000070935726
1.0000000063520038
1.0000000055977498
1.0000000048326156
1.0000000040584300
1.0000000032770424
1.0000000024903184
1.0000000017001343
1.0000000009083740
1.0000000001169231
0.9999999993276659
0.9999999985424803
0.9999999977632325
0.9999999969917727
0.9999999962299303
0.9999999954795109
0.9999999947422906
0.9999999940200122
0.9999999933143828
0.9999999926270680
0.9999999919596878
0.9999999913138136
0.9999999906909647
0.9999999900926037
0.9999999895201338
0.9999999889748954
0.9999999884581610
0.9999999879711329
0.9999999875149418
0.9999999870906436
0.9999999866992170
0.9999999863415615
0.9999999860184947
0.9999999857307502
0.9999999854789763
0.9999999852637333
0.9999999850854928
0.9999999849446367
0.9999999848414562
0.9999999847761523
0.9999999847488343
0.9999999847595217
0.9999999848081407
0.9999999848945265
0.9999999850184227
0.9999999851794820
0.9999999853772686
0.9999999856112574
0.9999999858808348
0.9999999861853025
0.9999999865238772
0.9999999868956939
0.9999999872998077
0.9999999877351952
0.9999999882007569
0.9999999886953217
0.9999999892176495
0.9999999897664337
0.9999999903403041
0.9999999909378303
0.9999999915575254
0.9999999921978486
0.9999999928572091
0.9999999935339702
0.9999999942264534
0.9999999949329417
0.9999999956516855
0.9999999963809061
0.9999999971187986
0.9999999978635381
0.9999999986132827
0.9999999993661793
1.0000000001203679
1.0000000008739864
1.0000000016251724
1.0000000023720697
1.0000000031128331
1.0000000038456311
1.0000000045686528
1.0000000052801092
1.0000000059782403
1.0000000066613184
1.0000000073276520
1.0000000079755906
1.0000000086035290
1.0000000092099111
1.0000000097932327
1.0000000103520443
1.0000000108849556
1.0000000113906384
1.0000000118678318
1.0000000123153423
1.0000000127320499
1.0000000131169089
1.0000000134689486
1.0000000137872791
1.0000000140710918
1.0000000143196626
1.0000000145323504
1.0000000147086021
1.0000000148479520
1.0000000149500237
1.0000000150145307
1.0000000150412793
1.0000000150301658
1.0000000149811787
1.0000000148943966
1.0000000147699899
1.0000000146082209
1.0000000144094414
1.0000000141740946
1.0000000139027116
1.0000000135959120
1.0000000132544005
1.0000000128789657
1.0000000124704780
1.0000000120298891
1.0000000115582284
1.0000000110566014
1.0000000105261875
1.0000000099682362
1.0000000093840640
1.0000000087750505
1.0000000081426359
1.0000000074883189
1.0000000068136528
1.0000000061202412
1.0000000054097336
1.0000000046838216
1.0000000039442338
1.0000000031927334
1.0000000024311133
1.0000000016611919
1.0000000008848102
1.0000000001038254
0.9999999993201072
0.9999999985355326
0.9999999977519834
0.9999999969713406
0.9999999961954783
0.9999999954262616
0.9999999946655413
0.9999999939151499
0.9999999931768958
0.9999999924525598
0.9999999917438899
0.9999999910525976
0.9999999903803554
0.9999999897287919
0.9999999890994894
0.9999999884939784
0.9999999879137331
0.9999999873601690
0.9999999868346382
0.9999999863384275
0.9999999858727547
0.9999999854387649
0.9999999850375293
0.9999999846700407
0.9999999843372140
0.9999999840398814
0.9999999837787916
0.9999999835546075
0.9999999833679055
0.9999999832191743
0.9999999831088123
0.9999999830371282
0.9999999830043393
0.9999999830105711
0.9999999830558554
0.9999999831401311
0.9999999832632452
0.9999999834249541
0.9999999836249209
0.9999999838627196
0.9999999841378342
0.9999999844496592
0.9999999847975021
0.9999999851805856
0.9999999855980480
0.9999999860489470
0.9999999865322615
0.9999999870468935
0.9999999875916703
0.9999999881653475
0.9999999887666131
0.9999999893940892
0.9999999900463349
0.9999999907218504
0.9999999914190814
0.9999999921364208
0.9999999928722139
0.9999999936247629
0.9999999943923302
0.9999999951731418
0.9999999959653916
0.9999999967672469
0.9999999975768508
0.9999999983923286
0.9999999992117915
1.0000000000333409
1.0000000008550731
1.0000000016750832
1.0000000024914721
1.0000000033023495
1.0000000041058381
1.0000000049000768
1.0000000056832272
1.0000000064534766
1.0000000072090434
1.0000000079481788
1.0000000086691738
1.0000000093703620
1.0000000100501238
1.0000000107068912
1.0000000113391494
1.0000000119454417
1.0000000125243729
1.0000000130746118
1.0000000135948961
1.0000000140840337
1.0000000145409060
1.0000000149644706
1.0000000153537640
1.0000000157079041
1.0000000160260909
1.0000000163076108
1.0000000165518377
1.0000000167582328
1.0000000169263474
1.0000000170558221
1.0000000171463894
1.0000000171978745
1.0000000172101935
1.0000000171833558
1.0000000171174623
1.0000000170127072
1.0000000168693752
1.0000000166878411
1.0000000164685710
1.0000000162121194
