1.0986826465362527
1.0975698295046685
1.0962478059175111
1.0947184677648272
1.0929840181033827
1.0910469744351277
1.0889101725007029
1.0865767704653155
1.0840502534701735
1.0813344385180617
1.0784334796565005
1.0753518734161625
1.0720944644558423
1.0686664513581661
1.0650733925123699
1.0613212120118360
1.0574162054845953
1.0533650457646742
1.0491747883009879
1.0448528761884308
1.0404071446929715
1.0358458251289617
1.0311775479326069
1.0264113447607917
1.0215566494293555
1.0166232974897662
1.0116215242282078
1.0065619608567946
1.0014556286534080
0.9963139307950376
0.9911486416201656
0.9859718930493596
0.9807961578906226
0.9756342297580851
0.9704991993402198
0.9654044267679038
0.9603635098542866
0.9553902480085048
0.9504986016646538
0.9457026471167671
0.9410165267103690
0.9364543944116542
0.9320303568563379
0.9277584100711077
0.9236523721602899
0.9197258123571134
0.9159919769505902
0.9124637127126112
0.9091533885619721
0.9060728163087727
0.9032331714196508
0.9006449148271447
0.8983177168706421
0.8962603844976347
0.8944807928686460
0.8929858224943616
0.8917813029872419
0.8908719644316747
0.8902613972672873
0.8899520214416300
0.8899450654247462
0.8902405554941484
0.8908373155004772
0.8917329771184748
0.8929240003820845
0.8944057041037695
0.8961723055933745
0.8982169689271301
0.9005318608777749
0.9031082135059828
0.9059363923336164
0.9090059689716837
0.9123057970596335
0.9158240903860260
0.9195485021007545
0.9234662039922200
0.9275639648849550
0.9318282273096758
0.9362451817041323
0.9408008375150678
0.9454810906852247
0.9502717871210906
0.9551587818441367
0.9601279936283408
0.9651654550180874
0.9702573577019941
0.9753900932891659
0.9805502895946913
0.9857248425909724
0.9909009442213047
0.9960661063025777
1.0012081807659874
1.0063153764990855
1.0113762730603801
1.0163798315399497
1.0213154028371199
1.0261727336200190
1.0309419702226008
1.0356136607232098
1.0401787554355939
1.0446286060290129
1.0489549634791744
1.0531499750365834
1.0572061803837918
1.0611165071382478
1.0648742658431716
1.0684731445752491
1.0719072032850505
1.0751708679739989
1.0782589248004979
1.0811665141974611
1.0838891250739591
1.0864225891650334
1.0887630755858224
1.0909070856390166
1.0928514479182387
1.0945933137441519
1.0961301529649385
1.0974597501481449
1.0985802011867485
1.0994899103385793
1.1001875877148843
1.1006722472308017
1.1009432050277523
1.1010000783752181
1.1008427850569866
1.1004715432446845
1.0998868718592167
1.0990895914185326
1.0980808253679146
1.0968620018866784
1.0954348561627119
1.0938014331236572
1.0919640906106549
1.0899255029774111
1.0876886650938298
1.0852568967295477
1.0826338472883326
1.0798235008594235
1.0768301815464474
1.0736585590284684
1.0703136543009695
1.0668008455370830
1.0631258740011185
1.0592948499373742
1.0553142583472872
1.0511909645572073
1.0469322194674406
1.0425456643607243
1.0380393351350445
1.0334216658117237
1.0287014911551489
1.0238880482255257
1.0189909766708489
1.0140203175491551
1.0089865104574280
1.0039003887296529
0.9987731724540079
0.9936164590485786
0.9884422111270155
0.9832627413809204
0.9780906942053552
0.9729390237985550
0.9678209684777060
0.9627500209704486
0.9577398944675828
0.9528044842571520
0.9479578248044724
0.9432140421973410
0.9385873019409845
0.9340917521632660
0.9297414623769393
0.9255503580414398
0.9215321512704238
0.9177002681410639
0.9140677731743747
0.9106472916694103
0.9074509306843502
0.9044901995601060
0.9017759309727186
0.8993182035749540
0.8971262673407137
0.8952084727541839
0.8935722049856796
0.8922238241654963
0.8911686128044999
0.8904107313157346
0.8899531824665500
0.8897977854386200
0.8899451599981258
0.8903947210858898
0.8911446839338880
0.8921920796074453
0.8935327806688496
0.8951615364652538
0.8970720173680596
0.8992568671381536
0.9017077624657786
0.9044154786385111
0.9073699602273274
0.9105603956492280
0.9139752944641100
0.9176025662911267
0.9214296002823543
0.9254433441651931
0.9296303819551722
0.9339770095431722
0.9384693074711087
0.9430932103236359
0.9478345722767553
0.9526792284541424
0.9576130518459237
0.9626220056405853
0.9676921909072267
0.9728098896416449
0.9779616032553454
0.9831340866415255
0.9883143779967599
0.9934898246120751
0.9986481048731345
1.0037772467272914
1.0088656428861975
1.0139020630375244
1.0188756633390708
1.0237759934640172
1.0285930014581923
1.0333170366596867
1.0379388509186709
1.0424495983414530
1.0468408337681110
1.0511045101779313
1.0552329752016791
1.0592189669047449
1.0630556089906207
1.0667364055601734
1.0702552355489043
1.0736063469518775
1.0767843509343475
1.0797842159153010
1.0826012617011977
1.0852311537380910
1.0876698975420263
1.0899138333601150
1.0919596311079049
1.0938042856225687
1.0954451122659712
1.0968797429067865
1.0981061223064346
1.0991225049297126
1.0999274521974463
1.1005198301953303
1.1008988078502464
1.1010638555826937
1.1010147444415366
1.1007515457249348
1.1002746310891227
1.0995846731444923
1.0986826465362527
1.0975698295046685
1.0962478059175111
1.0947184677648272
