1.0000000582069839
1.0000000575445649
1.0000000567496559
1.0000000558242299
1.0000000547705683
1.0000000535912541
1.0000000522891683
1.0000000508674833
1.0000000493296539
1.0000000476794089
1.0000000459207417
1.0000000440579029
1.0000000420953885
1.0000000400379296
1.0000000378904808
1.0000000356582082
1.0000000333464782
1.0000000309608434
1.0000000285070287
1.0000000259909176
1.0000000234185402
1.0000000207960575
1.0000000181297473
1.0000000154259880
1.0000000126912449
1.0000000099320530
1.0000000071550030
1.0000000043667241
1.0000000015738681
0.9999999987830955
0.9999999960010583
0.9999999932343844
0.9999999904896615
0.9999999877734206
0.9999999850921221
0.9999999824521388
0.9999999798597415
0.9999999773210843
0.9999999748421889
0.9999999724289305
0.9999999700870245
0.9999999678220131
0.9999999656392503
0.9999999635438911
0.9999999615408792
0.9999999596349339
0.9999999578305382
0.9999999561319295
0.9999999545430900
0.9999999530677371
0.9999999517093140
0.9999999504709810
0.9999999493556084
0.9999999483657712
0.9999999475037411
0.9999999467714821
0.9999999461706437
0.9999999457025595
0.9999999453682427
0.9999999451683850
0.9999999451033547
0.9999999451731947
0.9999999453776237
0.9999999457160369
0.9999999461875066
0.9999999467907862
0.9999999475243108
0.9999999483862037
0.9999999493742782
0.9999999504860450
0.9999999517187171
0.9999999530692180
0.9999999545341889
0.9999999561099950
0.9999999577927348
0.9999999595782497
0.9999999614621345
0.9999999634397464
0.9999999655062184
0.9999999676564719
0.9999999698852269
0.9999999721870134
0.9999999745561877
0.9999999769869422
0.9999999794733224
0.9999999820092415
0.9999999845884947
0.9999999872047737
0.9999999898516817
0.9999999925227480
0.9999999952114439
0.9999999979111991
1.0000000006154159
1.0000000033174863
1.0000000060108098
1.0000000086888068
1.0000000113449348
1.0000000139727021
1.0000000165656868
1.0000000191175507
1.0000000216220555
1.0000000240730778
1.0000000264646223
1.0000000287908368
1.0000000310460271
1.0000000332246683
1.0000000353214211
1.0000000373311435
1.0000000392489035
1.0000000410699899
1.0000000427899240
1.0000000444044710
1.0000000459096501
1.0000000473017447
1.0000000485773113
1.0000000497331873
1.0000000507664972
1.0000000516746594
1.0000000524553940
1.0000000531067283
1.0000000536270013
1.0000000540148677
1.0000000542693019
1.0000000543895990
1.0000000543753771
1.0000000542265781
1.0000000539434697
1.0000000535266427
1.0000000529770117
1.0000000522958115
1.0000000514845953
1.0000000505452284
1.0000000494798860
1.0000000482910456
1.0000000469814858
1.0000000455542752
1.0000000440127665
1.0000000423605895
1.0000000406016405
1.0000000387400747
1.0000000367802968
1.0000000347269498
1.0000000325849039
1.0000000303592451
1.0000000280552628
1.0000000256784365
1.0000000232344226
1.0000000207290412
1.0000000181682631
1.0000000155581941
1.0000000129050619
1.0000000102152029
1.0000000074950439
1.0000000047510884
1.0000000019898987
0.9999999992180820
0.9999999964422738
0.9999999936691236
0.9999999909052776
0.9999999881573627
0.9999999854319707
0.9999999827356446
0.9999999800748625
0.9999999774560201
0.9999999748854168
0.9999999723692387
0.9999999699135450
0.9999999675242529
0.9999999652071254
0.9999999629677568
0.9999999608115577
0.9999999587437439
0.9999999567693231
0.9999999548930815
0.9999999531195748
0.9999999514531166
0.9999999498977677
0.9999999484573256
0.9999999471353148
0.9999999459349798
0.9999999448592768
0.9999999439108679
0.9999999430921146
0.9999999424050707
0.9999999418514772
0.9999999414327595
0.9999999411500220
0.9999999410040478
0.9999999409952943
0.9999999411238932
0.9999999413896506
0.9999999417920463
0.9999999423302368
0.9999999430030547
0.9999999438090128
0.9999999447463086
0.9999999458128259
0.9999999470061414
0.9999999483235306
0.9999999497619740
0.9999999513181647
0.9999999529885150
0.9999999547691664
0.9999999566559977
0.9999999586446354
0.9999999607304620
0.9999999629086292
0.9999999651740701
0.9999999675215104
0.9999999699454803
0.9999999724403262
0.9999999750002266
0.9999999776192053
0.9999999802911447
0.9999999830098023
0.9999999857688235
0.9999999885617570
0.9999999913820707
0.9999999942231683
0.9999999970784021
0.9999999999410912
1.0000000028045353
1.0000000056620313
1.0000000085068896
1.0000000113324512
1.0000000141321026
1.0000000168992926
1.0000000196275474
1.0000000223104846
1.0000000249418295
1.0000000275154297
1.0000000300252696
1.0000000324654854
1.0000000348303772
1.0000000371144244
1.0000000393122985
1.0000000414188748
1.0000000434292444
1.0000000453387266
1.0000000471428812
1.0000000488375176
1.0000000504187048
1.0000000518827814
1.0000000532263640
1.0000000544463554
1.0000000555399520
1.0000000565046496
1.0000000573382495
1.0000000580388639
1.0000000586049211
1.0000000590351674
1.0000000593286715
1.0000000594848271
1.0000000595033531
1.0000000593842968
1.0000000591280307
1.0000000587352529
1.0000000582069839
1.0000000575445649
1.0000000567496559
1.0000000558242299
