1.0597306441686003
1.0590247129545975
1.0581866066387662
1.0572178178006919
1.0561200788363030
1.0548953620604187
1.0535458797697941
1.0520740842452723
1.0504826676688215
1.0487745619283613
1.0469529382803395
1.0450212068370199
1.0429830158424325
1.0408422506978774
1.0386030326948219
1.0362697174100193
1.0338468927146920
1.0313393763467629
1.0287522129923927
1.0260906708205442
1.0233602374120236
1.0205666150225150
1.0177157151175846
1.0148136521165951
1.0118667362820106
1.0088814656908127
1.0058645172257696
1.0028227365262397
0.9997631268411246
0.9966928367306660
0.9936191465690738
0.9905494538066159
0.9874912569578380
0.9844521382921338
0.9814397452139603
0.9784617703326294
0.9755259302357897
0.9726399429963966
0.9698115044600484
0.9670482633779106
0.9643577954698536
0.9617475765226496
0.9592249546487949
0.9567971218523974
0.9544710850691686
0.9522536368674481
0.9501513260158495
0.9481704281400624
0.9463169167060252
0.9445964345785944
0.9430142664134713
0.9415753121450817
0.9402840618339277
0.9391445721333578
0.9381604446275336
0.9373348062795271
0.9366702922110114
0.9361690310130847
0.9358326327617184
0.9356621798815909
0.9356582209692236
0.9358207676510556
0.9361492945151372
0.9366427421172911
0.9372995230247512
0.9381175308232587
0.9390941519782429
0.9402262804077297
0.9415103345947448
0.9429422770407541
0.9445176358395704
0.9462315281334721
0.9480786852002329
0.9500534789113867
0.9521499492982629
0.9543618329629797
0.9566825920763229
0.9591054437129256
0.9616233892859342
0.9642292438579220
0.9669156651216547
0.9696751818629162
0.9725002217374450
0.9753831382146066
0.9783162365613016
0.9812917987603458
0.9843021072778011
0.9873394676131919
0.9903962295849280
0.9934648073204040
0.9965376979359890
0.9996074989063733
1.0026669241354411
1.0057088187519945
1.0087261726632604
1.0117121329072205
1.0146600148515086
1.0175633122919734
1.0204157065081338
1.0232110743357377
1.0259434953186135
1.0286072580030743
1.0311968654383850
1.0337070399463981
1.0361327272224325
1.0384690998279626
1.0407115601337569
1.0428557427698493
1.0448975166362102
1.0468329865252521
1.0486584944044530
1.0503706204044072
1.0519661835545957
1.0534422423061125
1.0547960948775355
1.0560252794571023
1.0571275742913604
1.0581009976875122
1.0589438079537961
1.0596545032994071
1.0602318217127000
1.0606747408337063
1.0609824778343466
1.0611544893171070
1.0611904712403832
1.0610903588761769
1.0608543268033042
1.0604827889367947
1.0599763985916517
1.0593360485766623
1.0585628713114135
1.0576582389571272
1.0566237635493458
1.0554612971178747
1.0541729317766966
1.0527609997638439
1.0512280734084192
1.0495769649990880
1.0478107265254593
1.0459326492607923
1.0439462631514584
1.0418553359755425
1.0396638722299076
1.0373761117020044
1.0349965276797011
1.0325298247494785
1.0299809361305305
1.0273550204896624
1.0246574581794778
1.0218938468402141
1.0190699963038503
1.0161919227377956
1.0132658419647185
1.0102981618949487
1.0072954740085045
1.0042645438252644
1.0012123003042328
0.9981458241163443
0.9950723347399446
0.9919991763340400
0.9889338023517553
0.9858837588652550
0.9828566665836949
0.9798602015576501
0.9769020745769154
0.9739900092835194
0.9711317190382482
0.9683348825967117
0.9656071186699333
0.9629559594643148
0.9603888233163752
0.9579129865585387
0.9555355547730645
0.9532634336115429
0.9511032993767360
0.9490615695814312
0.9471443737148656
0.9453575244606329
0.9437064896203254
0.9421963650039826
0.9408318485513143
0.9396172159462962
0.9385562979818446
0.9376524599207253
0.9369085830836278
0.9363270488755384
0.9359097254374601
0.9356579570824942
0.9355725566438713
0.9356538008282967
0.9359014286316929
0.9363146428368593
0.9368921145745791
0.9376319908921134
0.9385319052366982
0.9395889907273696
0.9407998960569269
0.9421608038377145
0.9436674511806908
0.9453151522773499
0.9470988227386912
0.9490130054347657
0.9510518975722990
0.9532093787464034
0.9554790397051723
0.9578542115726709
0.9603279952860785
0.9628932910160201
0.9655428273549547
0.9682691900763194
0.9710648502864585
0.9739221918116687
0.9768335376835152
0.9797911756064414
0.9827873823122554
0.9858144467259855
0.9888646918865425
0.9919304955834469
0.9950043096873170
0.9980786781668484
1.0011462537984743
1.0041998135868340
1.0072322729245329
1.0102366985285320
1.0132063201978803
1.0161345414435128
1.0190149490455522
1.0218413215970845
1.0246076370958337
1.0273080796466540
1.0299370453383987
1.0324891473586251
1.0349592204088436
1.0373423244817424
1.0396337480600735
1.0418290107947792
1.0439238657175325
1.0459143010402325
1.0477965415911903
1.0495670499348120
1.0512225272185889
1.0527599137881580
1.0541763896081320
1.0554693745233668
1.0566365283923107
1.0576757511211123
1.0585851826242438
1.0593632027345452
1.0600084310827869
1.0605197269641158
1.0608961892060678
1.0611371560502048
1.0612422050568449
1.0612111530398138
1.0610440560356236
1.0607412093089901
1.0603031473941058
1.0597306441686003
1.0590247129545975
1.0581866066387662
1.0572178178006919
