1.0435057770731686
1.0429816136489831
1.0423594851193594
1.0416405962731041
1.0408263434974561
1.0399183139737840
1.0389182847256357
1.0378282215049850
1.0366502775008888
1.0353867918531485
1.0340402879520103
1.0326134715034294
1.0311092283380039
1.0295306219403204
1.0278808906742332
1.0261634446784771
1.0243818624060628
1.0225398867801037
1.0206414209381647
1.0186905235368524
1.0166914035882937
1.0146484148003636
1.0125660493930693
1.0104489313644032
1.0083018091803051
1.0061295478651342
1.0039371204712624
1.0017295989091537
0.9995121441225421
0.9972899955971336
0.9950684601956492
0.9928529003169861
0.9906487213828058
0.9884613586609663
0.9862962634418625
0.9841588885908993
0.9820546735079285
0.9799890285324918
0.9779673188420169
0.9759948478986530
0.9740768405090431
0.9722184255699291
0.9704246185809148
0.9687003040137909
0.9670502176354467
0.9654789288883133
0.9639908234384170
0.9625900860062148
0.9612806835993309
0.9600663492689399
0.9589505665127253
0.9579365544469530
0.9570272538681653
0.9562253143212806
0.9555330822854280
0.9549525905816875
0.9544855490981188
0.9541333369171128
0.9538969959183518
0.9537772259176558
0.9537743813879688
0.9538884697939016
0.9541191515558510
0.9544657416440465
0.9549272127872009
0.9555022002650259
0.9561890082390114
0.9569856175617896
0.9578896949923584
0.9588986037326281
0.9600094151903379
0.9612189218645237
0.9625236512424962
0.9639198805917518
0.9654036525264428
0.9669707912259105
0.9686169191823507
0.9703374743557707
0.9721277276169734
0.9739828003631945
0.9758976821960679
0.9778672485576705
0.9798862782273070
0.9819494705892701
0.9840514625898834
0.9861868453105562
0.9883501800921525
0.9905360141546178
0.9927388956643285
0.9949533882099576
0.9971740846556773
0.9993956203481416
1.0016126856608789
1.0038200378663864
1.0060125123323533
1.0081850330440034
1.0103326224595355
1.0124504107100465
1.0145336441591575
1.0165776933408603
1.0185780602968486
1.0205303853368439
1.0224304532472113
1.0242741989744977
1.0260577128114450
1.0277772451136060
1.0294292105749132
1.0310101920904775
1.0325169442345563
1.0339463963810605
1.0352956554931909
1.0365620086078466
1.0377429250393331
1.0388360583256733
1.0398392479394818
1.0407505207839360
1.0415680924928641
1.0422903685524267
1.0429159452602463
1.0434436105361966
1.0438723445973961
1.0442013205082499
1.0444299046146701
1.0445576568698931
1.0445843310575713
1.0445098749160868
1.0443344301662927
1.0440583324431476
1.0436821111299701
1.0432064890922970
1.0426323823065866
1.0419608993772838
1.0411933409340259
1.0403311988990622
1.0393761556132417
1.0383300828072468
1.0371950404030854
1.0359732751292194
1.0346672189311275
1.0332794871575526
1.0318128765012207
1.0302703626714196
1.0286550977745350
1.0269704073774661
1.0252197872277939
1.0234068996037118
1.0215355692660282
1.0196097789840919
1.0176336646072615
1.0156115096536114
1.0135477393879322
1.0114469143618192
1.0093137233897591
1.0071529759366498
1.0049695938941894
1.0027686027260474
1.0005551219647320
0.9983343550466025
0.9961115784755838
0.9938921303108212
0.9916813979787629
0.9894848054160021
0.9873077995555910
0.9851558361764533
0.9830343651429370
0.9809488150693645
0.9789045774526236
0.9769069903242883
0.9749613214823570
0.9730727513713281
0.9712463556878730
0.9694870877976488
0.9677997610566714
0.9661890311379634
0.9646593784707453
0.9632150909050694
0.9618602467193355
0.9605986980914327
0.9594340551561558
0.9583696707719465
0.9574086261188072
0.9565537172463308
0.9558074426861893
0.9551719922370993
0.9546492370222738
0.9542407209097669
0.9539476533750220
0.9537709038725148
0.9537109977698121
0.9537681138828855
0.9539420836363469
0.9542323918566843
0.9546381791908558
0.9551582461270018
0.9557910585788519
0.9565347549808952
0.9573871548277881
0.9583457685790142
0.9594078088386790
0.9605702027106735
0.9618296052213954
0.9631824136958336
0.9646247829681732
0.9661526413051416
0.9677617069190483
0.9694475049478432
0.9712053847813739
0.9730305376162980
0.9749180141266043
0.9768627421423117
0.9788595442354339
0.9809031551195805
0.9829882387774272
0.9851094052385641
0.9872612269387597
0.9894382546003162
0.9916350325817848
0.9938461136537764
0.9960660731657763
0.9982895225767203
1.0005111223295025
1.0027255940565116
1.0049277321097074
1.0071124144145853
1.0092746126526555
1.0114094017817612
1.0135119689076786
1.0155776215239958
1.0176017951402820
1.0195800603210525
1.0215081291600379
1.0233818612158228
1.0251972689360318
1.0269505225979891
1.0286379547941598
1.0302560644907512
1.0318015206876445
1.0332711657073510
1.0346620181400239
1.0359712754706742
1.0371963164137055
1.0383347029787107
1.0393841822901801
1.0403426881823854
1.0412083425892320
1.0419794567473368
1.0426545322290008
1.0432322618201220
1.0437115302564237
1.0440914148297005
1.0443711858740656
1.0445503071404809
1.0446284360661153
1.0446054239433455
1.0444813159914776
1.0442563513325296
1.0439309628706697
1.0435057770731686
1.0429816136489831
1.0423594851193594
1.0416405962731041
