1.0000000000130895
1.0000000000131264
1.0000000000131453
1.0000000000131457
1.0000000000131268
1.0000000000130891
1.0000000000130327
1.0000000000129567
1.0000000000128608
1.0000000000127462
1.0000000000126139
1.0000000000124643
1.0000000000122986
1.0000000000121165
1.0000000000119191
1.0000000000117075
1.0000000000114835
1.0000000000112477
1.0000000000109999
1.0000000000107407
1.0000000000104710
1.0000000000101910
1.0000000000099005
1.0000000000095999
1.0000000000092903
1.0000000000089724
1.0000000000086475
1.0000000000083169
1.0000000000079814
1.0000000000076426
1.0000000000073008
1.0000000000069571
1.0000000000066127
1.0000000000062692
1.0000000000059266
1.0000000000055866
1.0000000000052494
1.0000000000049147
1.0000000000045839
1.0000000000042579
1.0000000000039375
1.0000000000036238
1.0000000000033176
1.0000000000030191
1.0000000000027289
1.0000000000024474
1.0000000000021756
1.0000000000019127
1.0000000000016587
1.0000000000014133
1.0000000000011773
1.0000000000009517
1.0000000000007370
1.0000000000005345
1.0000000000003457
1.0000000000001714
1.0000000000000107
0.9999999999998648
0.9999999999997322
0.9999999999996113
0.9999999999995011
0.9999999999994001
0.9999999999993093
0.9999999999992292
0.9999999999991609
0.9999999999991047
0.9999999999990609
0.9999999999990291
0.9999999999990091
0.9999999999990005
0.9999999999990022
0.9999999999990136
0.9999999999990338
0.9999999999990619
0.9999999999990977
0.9999999999991405
0.9999999999991890
0.9999999999992429
0.9999999999993029
0.9999999999993692
0.9999999999994413
0.9999999999995191
0.9999999999996029
0.9999999999996921
0.9999999999997857
0.9999999999998830
0.9999999999999823
1.0000000000000830
1.0000000000001852
1.0000000000002882
1.0000000000003921
1.0000000000004985
1.0000000000006066
1.0000000000007150
1.0000000000008222
1.0000000000009261
1.0000000000010261
1.0000000000011220
1.0000000000012135
1.0000000000013003
1.0000000000013836
1.0000000000014642
1.0000000000015423
1.0000000000016174
1.0000000000016893
1.0000000000017588
1.0000000000018263
1.0000000000018909
1.0000000000019518
1.0000000000020079
1.0000000000020581
1.0000000000021017
1.0000000000021381
1.0000000000021672
1.0000000000021889
1.0000000000022042
1.0000000000022136
1.0000000000022167
1.0000000000022138
1.0000000000022049
1.0000000000021889
1.0000000000021658
1.0000000000021361
1.0000000000021001
1.0000000000020584
1.0000000000020111
1.0000000000019587
1.0000000000019018
1.0000000000018396
1.0000000000017721
1.0000000000016982
1.0000000000016178
1.0000000000015301
1.0000000000014355
1.0000000000013338
1.0000000000012255
1.0000000000011111
1.0000000000009910
1.0000000000008658
1.0000000000007359
1.0000000000006022
1.0000000000004647
1.0000000000003235
1.0000000000001783
1.0000000000000291
0.9999999999998752
0.9999999999997183
0.9999999999995592
0.9999999999993971
0.9999999999992325
0.9999999999990654
0.9999999999988965
0.9999999999987269
0.9999999999985579
0.9999999999983900
0.9999999999982231
0.9999999999980583
0.9999999999978951
0.9999999999977328
0.9999999999975721
0.9999999999974131
0.9999999999972558
0.9999999999970995
0.9999999999969446
0.9999999999967905
0.9999999999966385
0.9999999999964891
0.9999999999963433
0.9999999999962013
0.9999999999960637
0.9999999999959316
0.9999999999958057
0.9999999999956879
0.9999999999955792
0.9999999999954801
0.9999999999953906
0.9999999999953104
0.9999999999952391
0.9999999999951790
0.9999999999951308
0.9999999999950939
0.9999999999950689
0.9999999999950564
0.9999999999950560
0.9999999999950679
0.9999999999950913
0.9999999999951248
0.9999999999951676
0.9999999999952189
0.9999999999952783
0.9999999999953462
0.9999999999954224
0.9999999999955071
0.9999999999956012
0.9999999999957054
0.9999999999958203
0.9999999999959462
0.9999999999960838
0.9999999999962326
0.9999999999963932
0.9999999999965667
0.9999999999967532
0.9999999999969517
0.9999999999971618
0.9999999999973835
0.9999999999976179
0.9999999999978645
0.9999999999981225
0.9999999999983926
0.9999999999986744
0.9999999999989676
0.9999999999992722
0.9999999999995876
0.9999999999999125
1.0000000000002460
1.0000000000005853
1.0000000000009304
1.0000000000012814
1.0000000000016382
1.0000000000020013
1.0000000000023705
1.0000000000027454
1.0000000000031248
1.0000000000035083
1.0000000000038947
1.0000000000042828
1.0000000000046707
1.0000000000050573
1.0000000000054423
1.0000000000058258
1.0000000000062077
1.0000000000065872
1.0000000000069644
1.0000000000073397
1.0000000000077118
1.0000000000080804
1.0000000000084437
1.0000000000087998
1.0000000000091471
1.0000000000094851
1.0000000000098130
1.0000000000101303
1.0000000000104348
1.0000000000107259
1.0000000000110028
1.0000000000112643
1.0000000000115103
1.0000000000117397
1.0000000000119522
1.0000000000121472
1.0000000000123244
1.0000000000124847
1.0000000000126288
1.0000000000127565
1.0000000000128673
1.0000000000129601
1.0000000000130342
1.0000000000130895
1.0000000000131264
1.0000000000131453
1.0000000000131457
