1.0000258489728708
1.0000255254584876
1.0000251412582077
1.0000246972950020
1.0000241946344841
1.0000236344823610
1.0000230181815497
1.0000223472089664
1.0000216231719949
1.0000208478046437
1.0000200229634011
1.0000191506227971
1.0000182328706837
1.0000172719032441
1.0000162700197426
1.0000152296170317
1.0000141531838220
1.0000130432947318
1.0000119026041343
1.0000107338398156
1.0000095397964546
1.0000083233289405
1.0000070873455533
1.0000058348010077
1.0000045686893955
1.0000032920370276
1.0000020078952003
1.0000007193329030
0.9999994294294832
0.9999981412672848
0.9999968579242828
0.9999955824667250
0.9999943179418019
0.9999930673703661
0.9999918337397106
0.9999906199964292
0.9999894290393718
0.9999882637127159
0.9999871267991669
0.9999860210133075
0.9999849489951110
0.9999839133036299
0.9999829164108780
0.9999819606959249
0.9999810484392087
0.9999801818170837
0.9999793628966206
0.9999785936306661
0.9999778758531772
0.9999772112748371
0.9999766014789665
0.9999760479177409
0.9999755519087221
0.9999751146317113
0.9999747371259304
0.9999744202875409
0.9999741648675038
0.9999739714697867
0.9999738405499261
0.9999737724139387
0.9999737672175950
0.9999738249660510
0.9999739455138407
0.9999741285652280
0.9999743736749188
0.9999746802491308
0.9999750475470172
0.9999754746824441
0.9999759606261149
0.9999765042080357
0.9999771041203193
0.9999777589203177
0.9999784670340759
0.9999792267601020
0.9999800362734406
0.9999808936300426
0.9999817967714208
0.9999827435295756
0.9999837316321845
0.9999847587080417
0.9999858222927334
0.9999869198345356
0.9999880487005226
0.9999892061828660
0.9999903895053154
0.9999915958298409
0.9999928222634237
0.9999940658649794
0.9999953236523950
0.9999965926096630
0.9999978696940970
0.9999991518436099
1.0000004359840406
1.0000017190365083
1.0000029979247800
1.0000042695826283
1.0000055309611631
1.0000067790361264
1.0000080108151261
1.0000092233447921
1.0000104137178425
1.0000115790800377
1.0000127166370059
1.0000138236609271
1.0000148974970569
1.0000159355700766
1.0000169353902515
1.0000178945593881
1.0000188107765668
1.0000196818436480
1.0000205056705274
1.0000212802801360
1.0000220038131693
1.0000226745325329
1.0000232908274993
1.0000238512175592
1.0000243543559666
1.0000247990329596
1.0000251841786554
1.0000255088656118
1.0000257723110451
1.0000259738787050
1.0000261130803978
1.0000261895771569
1.0000262031800575
1.0000261538506714
1.0000260417011619
1.0000258669940199
1.0000256301414394
1.0000253317043379
1.0000249723910175
1.0000245530554732
1.0000240746953604
1.0000235384496097
1.0000229455957099
1.0000222975466593
1.0000215958475893
1.0000208421720802
1.0000200383181590
1.0000191862040073
1.0000182878633805
1.0000173454407482
1.0000163611861717
1.0000153374499301
1.0000142766769056
1.0000131814007427
1.0000120542377930
1.0000108978808628
1.0000097150927811
1.0000085086997985
1.0000072815848307
1.0000060366805688
1.0000047769624720
1.0000035054416561
1.0000022251576961
1.0000009391713605
0.9999996505572951
0.9999983623966742
0.9999970777698332
0.9999957997489046
0.9999945313904751
0.9999932757282773
0.9999920357659345
0.9999908144697813
0.9999896147617705
0.9999884395124840
0.9999872915342681
0.9999861735745098
0.9999850883090655
0.9999840383358610
0.9999830261686782
0.9999820542311398
0.9999811248509146
0.9999802402541471
0.9999794025601321
0.9999786137762472
0.9999778757931471
0.9999771903802392
0.9999765591814490
0.9999759837112855
0.9999754653512165
0.9999750053463614
0.9999746048025097
0.9999742646834736
0.9999739858087792
0.9999737688517029
0.9999736143376564
0.9999735226429283
0.9999734939937784
0.9999735284658922
0.9999736259841946
0.9999737863230270
0.9999740091066812
0.9999742938102939
0.9999746397610986
0.9999750461400272
0.9999755119836656
0.9999760361865535
0.9999766175038237
0.9999772545541732
0.9999779458231609
0.9999786896668243
0.9999794843156068
0.9999803278785830
0.9999812183479749
0.9999821536039494
0.9999831314196814
0.9999841494666721
0.9999852053203127
0.9999862964656765
0.9999874203035285
0.9999885741565326
0.9999897552756476
0.9999909608466945
0.9999921879970801
0.9999934338026584
0.9999946952947164
0.9999959694670649
0.9999972532832211
0.9999985436836601
0.9999998375931262
1.0000011319279758
1.0000024236035439
1.0000037095415120
1.0000049866772613
1.0000062519671920
1.0000075023959920
1.0000087349838411
1.0000099467935242
1.0000111349374474
1.0000122965845333
1.0000134289669815
1.0000145293868792
1.0000155952226424
1.0000166239352766
1.0000176130744383
1.0000185602842853
1.0000194633091011
1.0000203199986790
1.0000211283134577
1.0000218863293875
1.0000225922425254
1.0000232443733397
1.0000238411707190
1.0000243812156739
1.0000248632247217
1.0000252860529477
1.0000256486967380
1.0000259502961728
1.0000261901370784
1.0000263676527283
1.0000264824251925
1.0000265341863330
1.0000265228184422
1.0000264483545174
1.0000263109781815
1.0000261110232378
1.0000258489728708
1.0000255254584876
1.0000251412582077
1.0000246972950020
