1.0000000000130755
1.0000000000131135
1.0000000000131326
1.0000000000131335
1.0000000000131162
1.0000000000130791
1.0000000000130234
1.0000000000129496
1.0000000000128584
1.0000000000127494
1.0000000000126230
1.0000000000124794
1.0000000000123186
1.0000000000121423
1.0000000000119516
1.0000000000117464
1.0000000000115261
1.0000000000112919
1.0000000000110458
1.0000000000107891
1.0000000000105227
1.0000000000102474
1.0000000000099631
1.0000000000096703
1.0000000000093676
1.0000000000090565
1.0000000000087381
1.0000000000084117
1.0000000000080793
1.0000000000077414
1.0000000000073983
1.0000000000070517
1.0000000000067040
1.0000000000063567
1.0000000000060112
1.0000000000056690
1.0000000000053302
1.0000000000049960
1.0000000000046669
1.0000000000043430
1.0000000000040246
1.0000000000037115
1.0000000000034044
1.0000000000031033
1.0000000000028091
1.0000000000025222
1.0000000000022446
1.0000000000019771
1.0000000000017193
1.0000000000014702
1.0000000000012290
1.0000000000009968
1.0000000000007745
1.0000000000005635
1.0000000000003644
1.0000000000001783
1.0000000000000058
0.9999999999998476
0.9999999999997033
0.9999999999995725
0.9999999999994543
0.9999999999993485
0.9999999999992544
0.9999999999991729
0.9999999999991042
0.9999999999990460
0.9999999999989981
0.9999999999989616
0.9999999999989371
0.9999999999989240
0.9999999999989205
0.9999999999989260
0.9999999999989395
0.9999999999989614
0.9999999999989930
0.9999999999990331
0.9999999999990806
0.9999999999991351
0.9999999999991956
0.9999999999992628
0.9999999999993369
0.9999999999994188
0.9999999999995094
0.9999999999996078
0.9999999999997126
0.9999999999998211
0.9999999999999321
1.0000000000000440
1.0000000000001565
1.0000000000002696
1.0000000000003824
1.0000000000004945
1.0000000000006057
1.0000000000007161
1.0000000000008249
1.0000000000009319
1.0000000000010376
1.0000000000011420
1.0000000000012439
1.0000000000013427
1.0000000000014371
1.0000000000015270
1.0000000000016132
1.0000000000016962
1.0000000000017757
1.0000000000018521
1.0000000000019249
1.0000000000019940
1.0000000000020590
1.0000000000021196
1.0000000000021738
1.0000000000022213
1.0000000000022617
1.0000000000022946
1.0000000000023213
1.0000000000023412
1.0000000000023535
1.0000000000023579
1.0000000000023535
1.0000000000023397
1.0000000000023164
1.0000000000022844
1.0000000000022446
1.0000000000021985
1.0000000000021461
1.0000000000020886
1.0000000000020255
1.0000000000019571
1.0000000000018834
1.0000000000018052
1.0000000000017235
1.0000000000016378
1.0000000000015465
1.0000000000014495
1.0000000000013463
1.0000000000012368
1.0000000000011227
1.0000000000010039
1.0000000000008809
1.0000000000007545
1.0000000000006251
1.0000000000004916
1.0000000000003535
1.0000000000002096
1.0000000000000600
0.9999999999999044
0.9999999999997441
0.9999999999995783
0.9999999999994080
0.9999999999992343
0.9999999999990576
0.9999999999988782
0.9999999999986970
0.9999999999985145
0.9999999999983309
0.9999999999981465
0.9999999999979630
0.9999999999977808
0.9999999999976011
0.9999999999974256
0.9999999999972556
0.9999999999970912
0.9999999999969313
0.9999999999967766
0.9999999999966269
0.9999999999964831
0.9999999999963466
0.9999999999962178
0.9999999999960965
0.9999999999959825
0.9999999999958759
0.9999999999957748
0.9999999999956791
0.9999999999955886
0.9999999999955044
0.9999999999954265
0.9999999999953550
0.9999999999952901
0.9999999999952326
0.9999999999951835
0.9999999999951436
0.9999999999951128
0.9999999999950913
0.9999999999950799
0.9999999999950792
0.9999999999950882
0.9999999999951075
0.9999999999951362
0.9999999999951749
0.9999999999952232
0.9999999999952808
0.9999999999953485
0.9999999999954272
0.9999999999955175
0.9999999999956195
0.9999999999957324
0.9999999999958576
0.9999999999959952
0.9999999999961450
0.9999999999963067
0.9999999999964806
0.9999999999966669
0.9999999999968653
0.9999999999970756
0.9999999999972979
0.9999999999975330
0.9999999999977816
0.9999999999980435
0.9999999999983193
0.9999999999986082
0.9999999999989093
0.9999999999992218
0.9999999999995445
0.9999999999998761
1.0000000000002156
1.0000000000005627
1.0000000000009168
1.0000000000012792
1.0000000000016487
1.0000000000020230
1.0000000000024021
1.0000000000027855
1.0000000000031732
1.0000000000035645
1.0000000000039593
1.0000000000043570
1.0000000000047566
1.0000000000051574
1.0000000000055580
1.0000000000059566
1.0000000000063527
1.0000000000067446
1.0000000000071307
1.0000000000075098
1.0000000000078808
1.0000000000082443
1.0000000000085991
1.0000000000089444
1.0000000000092801
1.0000000000096056
1.0000000000099198
1.0000000000102216
1.0000000000105105
1.0000000000107854
1.0000000000110465
1.0000000000112939
1.0000000000115266
1.0000000000117442
1.0000000000119467
1.0000000000121350
1.0000000000123093
1.0000000000124694
1.0000000000126132
1.0000000000127400
1.0000000000128506
1.0000000000129439
1.0000000000130191
1.0000000000130755
1.0000000000131135
1.0000000000131326
1.0000000000131335
