1.0000000333844046
1.0000000330128012
1.0000000325657341
1.0000000320443221
1.0000000314498581
1.0000000307838075
1.0000000300478054
1.0000000292436502
1.0000000283733015
1.0000000274388763
1.0000000264426427
1.0000000253870138
1.0000000242745428
1.0000000231079149
1.0000000218899439
1.0000000206235642
1.0000000193118241
1.0000000179578765
1.0000000165649729
1.0000000151364556
1.0000000136757492
1.0000000121863548
1.0000000106718379
1.0000000091358210
1.0000000075819782
1.0000000060140226
1.0000000044356991
1.0000000028507741
1.0000000012630277
0.9999999996762446
0.9999999980942047
0.9999999965206743
0.9999999949593974
0.9999999934140862
0.9999999918884124
0.9999999903859990
0.9999999889104103
0.9999999874651438
0.9999999860536224
0.9999999846791849
0.9999999833450813
0.9999999820544639
0.9999999808103774
0.9999999796157524
0.9999999784733989
0.9999999773859995
0.9999999763561030
0.9999999753861198
0.9999999744783148
0.9999999736348025
0.9999999728575426
0.9999999721483354
0.9999999715088149
0.9999999709404476
0.9999999704445274
0.9999999700221726
0.9999999696743245
0.9999999694017451
0.9999999692050145
0.9999999690845307
0.9999999690405067
0.9999999690729708
0.9999999691817674
0.9999999693665574
0.9999999696268185
0.9999999699618470
0.9999999703707607
0.9999999708524973
0.9999999714058194
0.9999999720293178
0.9999999727214141
0.9999999734803650
0.9999999743042658
0.9999999751910561
0.9999999761385259
0.9999999771443175
0.9999999782059330
0.9999999793207404
0.9999999804859790
0.9999999816987680
0.9999999829561113
0.9999999842549064
0.9999999855919541
0.9999999869639620
0.9999999883675540
0.9999999897992775
0.9999999912556116
0.9999999927329761
0.9999999942277409
0.9999999957362345
0.9999999972547515
0.9999999987795638
1.0000000003069291
1.0000000018330997
1.0000000033543319
1.0000000048668933
1.0000000063670740
1.0000000078511915
1.0000000093156025
1.0000000107567120
1.0000000121709811
1.0000000135549356
1.0000000149051747
1.0000000162183782
1.0000000174913148
1.0000000187208522
1.0000000199039609
1.0000000210377245
1.0000000221193448
1.0000000231461503
1.0000000241156015
1.0000000250252967
1.0000000258729793
1.0000000266565425
1.0000000273740346
1.0000000280236621
1.0000000286037951
1.0000000291129711
1.0000000295498990
1.0000000299134617
1.0000000302027170
1.0000000304169041
1.0000000305554437
1.0000000306179404
1.0000000306041810
1.0000000305141368
1.0000000303479626
1.0000000301059973
1.0000000297887632
1.0000000293969642
1.0000000289314843
1.0000000283933863
1.0000000277839083
1.0000000271044616
1.0000000263566264
1.0000000255421475
1.0000000246629313
1.0000000237210425
1.0000000227186974
1.0000000216582592
1.0000000205422321
1.0000000193732546
1.0000000181540958
1.0000000168876459
1.0000000155769118
1.0000000142250081
1.0000000128351505
1.0000000114106469
1.0000000099548894
1.0000000084713481
1.0000000069635619
1.0000000054351295
1.0000000038897017
1.0000000023309723
1.0000000007626699
0.9999999991885481
0.9999999976123767
0.9999999960379329
0.9999999944689917
0.9999999929093181
0.9999999913626565
0.9999999898327231
0.9999999883231964
0.9999999868377083
0.9999999853798361
0.9999999839530940
0.9999999825609232
0.9999999812066855
0.9999999798936542
0.9999999786250051
0.9999999774038113
0.9999999762330327
0.9999999751155108
0.9999999740539619
0.9999999730509719
0.9999999721089883
0.9999999712303157
0.9999999704171091
0.9999999696713687
0.9999999689949350
0.9999999683894850
0.9999999678565276
0.9999999673974014
0.9999999670132700
0.9999999667051185
0.9999999664737523
0.9999999663197954
0.9999999662436881
0.9999999662456858
0.9999999663258589
0.9999999664840923
0.9999999667200860
0.9999999670333560
0.9999999674232342
0.9999999678888719
0.9999999684292399
0.9999999690431303
0.9999999697291615
0.9999999704857806
0.9999999713112684
0.9999999722037421
0.9999999731611587
0.9999999741813209
0.9999999752618818
0.9999999764003504
0.9999999775940981
0.9999999788403646
0.9999999801362670
0.9999999814788049
0.9999999828648659
0.9999999842912340
0.9999999857545968
0.9999999872515546
0.9999999887786263
0.9999999903322584
0.9999999919088336
0.9999999935046814
0.9999999951160838
0.9999999967392869
0.9999999983705078
1.0000000000059441
1.0000000016417847
1.0000000032742178
1.0000000048994382
1.0000000065136581
1.0000000081131162
1.0000000096940849
1.0000000112528797
1.0000000127858681
1.0000000142894792
1.0000000157602120
1.0000000171946435
1.0000000185894369
1.0000000199413501
1.0000000212472417
1.0000000225040782
1.0000000237089428
1.0000000248590408
1.0000000259517086
1.0000000269844191
1.0000000279547863
1.0000000288605728
1.0000000296996931
1.0000000304702210
1.0000000311703927
1.0000000317986129
1.0000000323534555
1.0000000328336689
1.0000000332381769
1.0000000335660815
1.0000000338166666
1.0000000339893997
1.0000000340839339
1.0000000341001063
1.0000000340379402
1.0000000338976422
1.0000000336796047
1.0000000333844046
1.0000000330128012
1.0000000325657341
1.0000000320443221
