1.0000000007104108
1.0000000007049672
1.0000000006980807
1.0000000006897709
1.0000000006800600
1.0000000006689731
1.0000000006565388
1.0000000006427898
1.0000000006277612
1.0000000006114915
1.0000000005940222
1.0000000005753977
1.0000000005556660
1.0000000005348761
1.0000000005130787
1.0000000004903267
1.0000000004666745
1.0000000004421790
1.0000000004169005
1.0000000003908989
1.0000000003642369
1.0000000003369789
1.0000000003091907
1.0000000002809399
1.0000000002522949
1.0000000002233242
1.0000000001940967
1.0000000001646814
1.0000000001351477
1.0000000001055647
1.0000000000760021
1.0000000000465297
1.0000000000172167
0.9999999999881302
0.9999999999593375
0.9999999999309060
0.9999999999029019
0.9999999998753902
0.9999999998484350
0.9999999998220974
0.9999999997964371
0.9999999997715124
0.9999999997473805
0.9999999997240966
0.9999999997017138
0.9999999996802835
0.9999999996598538
0.9999999996404718
0.9999999996221796
0.9999999996050164
0.9999999995890191
0.9999999995742223
0.9999999995606572
0.9999999995483524
0.9999999995373333
0.9999999995276218
0.9999999995192357
0.9999999995121901
0.9999999995064972
0.9999999995021660
0.9999999994992023
0.9999999994976082
0.9999999994973818
0.9999999994985188
0.9999999995010115
0.9999999995048496
0.9999999995100181
0.9999999995164978
0.9999999995242687
0.9999999995333051
0.9999999995435790
0.9999999995550596
0.9999999995677135
0.9999999995815051
0.9999999995963963
0.9999999996123456
0.9999999996293093
0.9999999996472408
0.9999999996660908
0.9999999996858073
0.9999999997063368
0.9999999997276244
0.9999999997496144
0.9999999997722482
0.9999999997954645
0.9999999998192006
0.9999999998433926
0.9999999998679743
0.9999999998928789
0.9999999999180407
0.9999999999433924
0.9999999999688672
0.9999999999943980
1.0000000000199178
1.0000000000453597
1.0000000000706559
1.0000000000957401
1.0000000001205456
1.0000000001450065
1.0000000001690590
1.0000000001926397
1.0000000002156866
1.0000000002381368
1.0000000002599305
1.0000000002810092
1.0000000003013170
1.0000000003207992
1.0000000003394032
1.0000000003570788
1.0000000003737795
1.0000000003894607
1.0000000004040788
1.0000000004175928
1.0000000004299645
1.0000000004411600
1.0000000004511456
1.0000000004598915
1.0000000004673713
1.0000000004735625
1.0000000004784455
1.0000000004820042
1.0000000004842262
1.0000000004851017
1.0000000004846243
1.0000000004827905
1.0000000004796010
1.0000000004750589
1.0000000004691716
1.0000000004619496
1.0000000004534066
1.0000000004435601
1.0000000004324310
1.0000000004200427
1.0000000004064220
1.0000000003915981
1.0000000003756027
1.0000000003584721
1.0000000003402461
1.0000000003209650
1.0000000003006733
1.0000000002794176
1.0000000002572462
1.0000000002342095
1.0000000002103595
1.0000000001857514
1.0000000001604423
1.0000000001344933
1.0000000001079654
1.0000000000809213
1.0000000000534242
1.0000000000255402
0.9999999999973369
0.9999999999688827
0.9999999999402458
0.9999999999114958
0.9999999998827022
0.9999999998539341
0.9999999998252603
0.9999999997967502
0.9999999997684729
0.9999999997404959
0.9999999997128872
0.9999999996857131
0.9999999996590410
0.9999999996329368
0.9999999996074653
0.9999999995826914
0.9999999995586768
0.9999999995354819
0.9999999995131641
0.9999999994917801
0.9999999994713831
0.9999999994520250
0.9999999994337542
0.9999999994166161
0.9999999994006549
0.9999999993859129
0.9999999993724302
0.9999999993602441
0.9999999993493880
0.9999999993398921
0.9999999993317835
0.9999999993250854
0.9999999993198188
0.9999999993159999
0.9999999993136418
0.9999999993127553
0.9999999993133462
0.9999999993154171
0.9999999993189688
0.9999999993239974
0.9999999993304960
0.9999999993384533
0.9999999993478550
0.9999999993586834
0.9999999993709189
0.9999999993845374
0.9999999993995115
0.9999999994158111
0.9999999994334042
0.9999999994522570
0.9999999994723304
0.9999999994935821
0.9999999995159693
0.9999999995394451
0.9999999995639591
0.9999999995894575
0.9999999996158851
0.9999999996431838
0.9999999996712949
0.9999999997001573
0.9999999997297079
0.9999999997598830
0.9999999997906175
0.9999999998218453
0.9999999998534987
0.9999999998855085
0.9999999999178059
0.9999999999503192
0.9999999999829755
1.0000000000157028
1.0000000000484295
1.0000000000810845
1.0000000001135987
1.0000000001459020
1.0000000001779235
1.0000000002095928
1.0000000002408405
1.0000000002715979
1.0000000003017968
1.0000000003313716
1.0000000003602565
1.0000000003883887
1.0000000004157066
1.0000000004421505
1.0000000004676630
1.0000000004921881
1.0000000005156731
1.0000000005380674
1.0000000005593235
1.0000000005793965
1.0000000005982437
1.0000000006158249
1.0000000006321039
1.0000000006470471
1.0000000006606236
1.0000000006728058
1.0000000006835705
1.0000000006928980
1.0000000007007699
1.0000000007071725
1.0000000007120959
1.0000000007155327
1.0000000007174794
1.0000000007179364
1.0000000007169065
1.0000000007143950
1.0000000007104108
1.0000000007049672
1.0000000006980807
1.0000000006897709
