1.0038307350838165
1.0037824199918295
1.0037251107078524
1.0036589419239894
1.0035840691721205
1.0035006684781067
1.0034089359698997
1.0033090874402233
1.0032013578645822
1.0030860008754350
1.0029632881934585
1.0028335090169127
1.0026969693702030
1.0025539914128299
1.0024049127099950
1.0022500854662260
1.0020898757234726
1.0019246625252123
1.0017548370481952
1.0015808017035441
1.0014029692090098
1.0012217616342745
1.0010376094212803
1.0008509503816410
1.0006622286732696
1.0004718937584522
1.0002803993456471
1.0000882023173896
0.9998957616467272
0.9997035373046886
0.9995119891613364
0.9993215758830247
0.9991327538285111
0.9989459759466279
0.9987616906782446
0.9985803408652878
0.9984023626695959
0.9982281845044063
0.9980582259812677
0.9978928968751715
0.9977325961106760
0.9975777107717734
0.9974286151382178
0.9972856697509902
0.9971492205095139
0.9970195978031835
0.9968971156796781
0.9967820710524676
0.9966747429498072
0.9965753918074233
0.9964842588069774
0.9964015652622744
0.9963275120550537
0.9962622791220552
0.9962060249949144
0.9961588863942836
0.9961209778794180
0.9960923915543003
0.9960731968312030
0.9960634402524248
0.9960631453707381
0.9960723126889282
0.9960909196586043
0.9961189207382899
0.9961562475106138
0.9962028088582364
0.9962584911979695
0.9963231587723708
0.9963966539979167
0.9964787978686842
0.9965693904143139
0.9966682112108641
0.9967750199430061
0.9968895570158720
0.9970115442147260
0.9971406854104963
0.9972766673090835
0.9974191602422571
0.9975678189978274
0.9977222836867132
0.9978821806444166
0.9980471233643567
0.9982167134604459
0.9983905416562368
0.9985681887979216
0.9987492268884368
0.9989332201398978
0.9991197260415733
0.9993082964406003
0.9994984786326491
0.9996898164597516
0.9998818514125334
1.0000741237341093
1.0002661735229459
1.0004575418320243
1.0006477717616959
1.0008364095436657
1.0010230056136058
1.0012071156699616
1.0013883017165788
1.0015661330868597
1.0017401874472198
1.0019100517777060
1.0020753233277178
1.0022356105448469
1.0023905339749419
1.0025397271315941
1.0026828373333196
1.0028195265068103
1.0029494719547083
1.0030723670864499
1.0031879221108124
1.0032958646888877
1.0033959405462902
1.0034879140435036
1.0035715687033449
1.0036467076946238
1.0037131542711539
1.0037707521653554
1.0038193659357779
1.0038588812679528
1.0038892052280677
1.0039102664690374
1.0039220153886255
1.0039244242393592
1.0039174871900518
1.0039012203388260
1.0038756616776279
1.0038408710082773
1.0037969298102025
1.0037439410600713
1.0036820290036255
1.0036113388800971
1.0035320365996665
1.0034443083745122
1.0033483603040776
1.0032444179152664
1.0031327256583660
1.0030135463595773
1.0028871606311240
1.0027538662399869
1.0026139774364096
1.0024678242434100
1.0023157517086081
1.0021581191197810
1.0019952991856389
1.0018276771834078
1.0016556500748910
1.0014796255927703
1.0013000212989933
1.0011172636171848
1.0009317868410914
1.0007440321211685
1.0005544464314831
1.0003634815191944
1.0001715928389405
0.9999792384745334
0.9997868780504290
0.9995949716355035
0.9994039786417197
0.9992143567203213
0.9990265606582346
0.9988410412773963
0.9986582443397588
0.9984786094607497
0.9983025690339705
0.9981305471699349
0.9979629586516393
0.9978002079097539
0.9976426880201951
0.9974907797268225
0.9973448504919492
0.9972052535773153
0.9970723271581203
0.9969463934726283
0.9968277580097861
0.9967167087372083
0.9966135153717826
0.9965184286950421
0.9964316799153282
0.9963534800786520
0.9962840195300168
0.9962234674268249
0.9961719713058499
0.9961296567050881
0.9960966268416473
0.9960729623466597
0.9960587210580342
0.9960539378716877
0.9960586246517110
0.9960727701997525
0.9960963402837130
0.9961292777256591
0.9961715025486886
0.9962229121822898
0.9962833817255619
0.9963527642674891
0.9964308912632865
0.9965175729656658
0.9966125989097042
0.9967157384498508
0.9968267413474501
0.9969453384070195
0.9970712421593785
0.9972041475896131
0.9973437329077297
0.9974896603597478
0.9976415770768831
0.9977991159603846
0.9979618965995103
0.9981295262200464
0.9983016006607318
0.9984777053748912
0.9986574164545386
0.9988403016741910
0.9990259215516062
0.9992138304226472
0.9994035775274788
0.9995947081053093
0.9997867644948977
0.9999792872380803
1.0001718161835922
1.0003638915885056
1.0005550552146447
1.0007448514173902
1.0009328282243448
1.0011185384013881
1.0013015405037202
1.0014813999095584
1.0016576898342260
1.0018299923224554
1.0019978992168010
1.0021610131001413
1.0023189482103361
1.0024713313251881
1.0026178026159449
1.0027580164676650
1.0028916422648639
1.0030183651409392
1.0031378866899683
1.0032499256395542
1.0033542184834896
1.0034505200730930
1.0035386041661616
1.0036182639325726
1.0036893124156425
1.0037515829484518
1.0038049295244149
1.0038492271214705
1.0038843719793362
1.0039102818293673
1.0039268960766357
1.0039341759339255
1.0039321045074228
1.0039206868339581
1.0038999498697390
1.0038699424305917
1.0038307350838165
1.0037824199918295
1.0037251107078524
1.0036589419239894
