1.0435812515873855
1.0430562256868319
1.0424330726504516
1.0417129987898976
1.0408974022668296
1.0399878722917846
1.0389861881757343
1.0378943182201510
1.0367144184297392
1.0354488310303829
1.0341000827732838
1.0326708830047577
1.0311641214797149
1.0295828658955013
1.0279303591215341
1.0262100160990404
1.0244254203842502
1.0225803203075925
1.0206786247208626
1.0187243983039731
1.0167218564028020
1.0146753593698674
1.0125894063801006
1.0104686286948885
1.0083177823488854
1.0061417402358350
1.0039454835718873
1.0017340927176110
0.9995127373431804
0.9972866659250252
0.9950611945666414
0.9928416951412058
0.9906335827592162
0.9884423025704878
0.9862733159165085
0.9841320858563347
0.9820240620968499
0.9799546653662514
0.9779292712779626
0.9759531937407449
0.9740316679794389
0.9721698332394055
0.9703727152561942
0.9686452085800985
0.9669920588529173
0.9654178451412084
0.9639269624364737
0.9625236044378607
0.9612117467369325
0.9599951305267203
0.9588772469584544
0.9578613222690097
0.9569503038000633
0.9561468470262332
0.9554533037039942
0.9548717112459972
0.9544037834165883
0.9540509024339311
0.9538141125523498
0.9536941151854368
0.9536912656163885
0.9538055713271256
0.9540366919622946
0.9543839409284998
0.9548462886133731
0.9554223671936037
0.9561104769861225
0.9569085942824928
0.9578143805934649
0.9588251932187755
0.9599380970468336
0.9611498774800261
0.9624570543741278
0.9638558968747588
0.9653424390300186
0.9669124960563178
0.9685616811339874
0.9702854226103720
0.9720789814907039
0.9739374691009741
0.9758558648120981
0.9778290337208015
0.9798517441895831
0.9819186851557319
0.9840244831275050
0.9861637187940083
0.9883309431839664
0.9905206933172210
0.9927275073013752
0.9949459388343551
0.9971705710817168
0.9993960299051813
1.0016169964260850
1.0038282189141208
1.0060245239979038
1.0082008271994647
1.0103521427997710
1.0124735930467974
1.0145604167215185
1.0166079770804703
1.0186117691962995
1.0205674267199598
1.0224707280899952
1.0243176022156717
1.0261041336616648
1.0278265673625520
1.0294813128955902
1.0310649483401715
1.0325742237520130
1.0340060642795552
1.0353575729492543
1.0366260331455011
1.0378089108097854
1.0389038563824802
1.0399087065092734
1.0408214855328488
1.0416404067888934
1.0423638737239527
1.0429904808510375
1.0435190145572302
1.0439484537758728
1.0442779705342049
1.0445069303856114
1.0446348927339055
1.0446616110553548
1.0445870330223939
1.0444113005312430
1.0441347496338975
1.0437579103732095
1.0432815065180379
1.0427064551936998
1.0420338664012199
1.0412650424171435
1.0404014770639494
1.0394448548393902
1.0383970498914057
1.0372601248235753
1.0360363293144428
1.0347280985324570
1.0333380513267225
1.0318689881722733
1.0303238888471904
1.0287059098175830
1.0270183813052614
1.0252648040118888
1.0234488454725106
1.0215743360106726
1.0196452642668536
1.0176657722717155
1.0156401500357348
1.0135728296271396
1.0114683787108034
1.0093314935218640
1.0071669912493564
1.0049798018071481
1.0027749589719424
1.0005575908711211
0.9983329098067338
0.9961062014060641
0.9938828130938852
0.9916681418867834
0.9894676215157914
0.9872867088899620
0.9851308699204704
0.9830055647322484
0.9809162322980234
0.9788682745378345
0.9768670399355918
0.9749178067328694
0.9730257657688098
0.9711960030435849
0.9694334820911932
0.9677430262552825
0.9661293009690328
0.9645967961467177
0.9631498088002365
0.9617924259984825
0.9605285082907318
0.9593616737171817
0.9582952825301746
0.9573324227484357
0.9564758966637718
0.9557282084150489
0.9550915527379296
0.9545678049908064
0.9541585125477382
0.9538648876380533
0.9536878016998065
0.9536277813006501
0.9536850056651344
0.9538593058322096
0.9541501654510468
0.9545567232075003
0.9550777768578633
0.9557117888313289
0.9564568933479789
0.9573109049854790
0.9582713286151450
0.9593353706168682
0.9604999512727116
0.9617617182308869
0.9631170609254532
0.9645621258323975
0.9660928324398235
0.9677048898087255
0.9693938136011884
0.9711549434547549
0.9729834605849846
0.9748744055027679
0.9768226957386107
0.9788231434726608
0.9808704729765747
0.9829593377812161
0.9850843374925096
0.9872400341863345
0.9894209683220185
0.9916216741226391
0.9938366943788202
0.9960605946409280
0.9982879767724571
1.0005134918448133
1.0027318523606779
1.0049378437995387
1.0071263354848656
1.0092922907776651
1.0114307766058748
1.0135369723431786
1.0156061780543832
1.0176338221275119
1.0196154683152718
1.0215468222105504
1.0234237371821442
1.0252422197980433
1.0269984347643275
1.0286887094081165
1.0303095377330709
1.0318575840757280
1.0333296863904859
1.0347228591903568
1.0360342961697404
1.0372613725344180
1.0384016470627875
1.0394528639210652
1.0404129542537850
1.0412800375694453
1.0420524229396133
1.0427286100282078
1.0433072899660412
1.0437873460840414
1.0441678545168773
1.0444480846870063
1.0446274996774401
1.0447057564997899
1.0446827062624244
1.0445583942418195
1.0443330598584484
1.0440071365568007
1.0435812515873855
1.0430562256868319
1.0424330726504516
1.0417129987898976
