1.0022782820529916
1.0022495096701838
1.0022153802541567
1.0021759746200929
1.0021313860734380
1.0020817201961261
1.0020270946044902
1.0019676386793397
1.0019034932687441
1.0018348103641226
1.0017617527502880
1.0016844936301641
1.0016032162249351
1.0015181133504534
1.0014293869707804
1.0013372477297930
1.0012419144618385
1.0011436136824730
1.0010425790603681
1.0009390508715210
1.0008332754369516
1.0007255045451156
1.0006159948603046
1.0005050073183499
1.0003928065109824
1.0002796600602457
1.0001658379843901
1.0000516120567025
0.9999372551587644
0.9998230406296621
0.9997092416126759
0.9995961304010134
0.9994839777841593
0.9993730523964335
0.9992636200693470
0.9991559431893581
0.9990502800626244
0.9989468842883493
0.9988460041423050
0.9987478819721034
0.9986527536057683
0.9985608477751382
0.9984723855556032
0.9983875798236435
0.9983066347336012
0.9982297452150766
0.9981570964922902
0.9980888636267029
0.9980252110841309
0.9979662923275270
0.9979122494365417
0.9978632127549052
0.9978193005666003
0.9977806188017222
0.9977472607728397
0.9977193069425874
0.9976968247231388
0.9976798683081266
0.9976684785374654
0.9976626827954704
0.9976624949425508
0.9976679152806707
0.9976789305526746
0.9976955139754849
0.9977176253070660
0.9977452109469814
0.9977782040702501
0.9978165247941327
0.9978600803773788
0.9979087654513794
0.9979624622825800
0.9980210410654248
0.9980843602450219
0.9981522668686362
0.9982245969650434
0.9983011759507052
0.9983818190616617
0.9984663318099634
0.9985545104634089
0.9986461425473037
0.9987410073668972
0.9988388765491079
0.9989395146021098
0.9990426794913095
0.9991481232302140
0.9992555924846612
0.9993648291888600
0.9994755711716684
0.9995875527915279
0.9997005055784582
0.9998141588815128
0.9999282405200990
1.0000424774375611
1.0001565963554457
1.0002703244268707
1.0003833898874381
1.0004955227021506
1.0006064552068150
1.0007159227424445
1.0008236642811923
1.0009294230423920
1.0010329470973058
1.0011339899612288
1.0012323111716288
1.0013276768510500
1.0014198602535431
1.0015086422934469
1.0015938120553780
1.0016751672843451
1.0017525148549455
1.0018256712186606
1.0018944628283186
1.0019587265388468
1.0020183099834874
1.0020730719247037
1.0021228825790711
1.0021676239154926
1.0022071899261409
1.0022414868695830
1.0022704334856070
1.0022939611813177
1.0023120141881441
1.0023245496894349
1.0023315379184068
1.0023329622262396
1.0023288191201947
1.0023191182716753
1.0023038824942154
1.0022831476914411
1.0022569627751055
1.0022253895533559
1.0021885025894564
1.0021463890312416
1.0020991484116368
1.0020468924206409
1.0019897446492247
1.0019278403056562
1.0018613259048197
1.0017903589311576
1.0017151074759107
1.0016357498494051
1.0015524741691728
1.0014654779247618
1.0013749675201324
1.0012811577946041
1.0011842715233568
1.0010845388985501
1.0009821969921737
1.0008774892017820
1.0007706646803247
1.0006619777513224
1.0005516873106814
1.0004400562164857
1.0003273506681345
1.0002138395762468
1.0000997939247680
0.9999854861267616
0.9998711893753811
0.9997571769915612
0.9996437217699720
0.9995310953248026
0.9994195674369616
0.9993094054042782
0.9992008733963100
0.9990942318153507
0.9989897366652375
0.9988876389295530
0.9987881839607980
0.9986916108820920
0.9985981520029532
0.9985080322506663
0.9984214686187305
0.9983386696338352
0.9982598348427820
0.9981851543207079
0.9981148082019392
0.9980489662347306
0.9979877873611025
0.9979314193229182
0.9978799982952763
0.9978336485482259
0.9977924821377355
0.9977565986267750
0.9977260848372815
0.9977010146336976
0.9976814487386885
0.9976674345815553
0.9976590061797627
0.9976561840539191
0.9976589751764477
0.9976673729540928
0.9976813572443037
0.9977008944054596
0.9977259373807869
0.9977564258157393
0.9977922862085087
0.9978334320932437
0.9978797642554644
0.9979311709790754
0.9979875283242828
0.9980487004356480
0.9981145398794290
0.9981848880092760
0.9982595753592745
0.9983384220632662
0.9984212382993024
0.9985078247580270
0.9985979731337291
0.9986914666367468
0.9987880805258559
0.9988875826592390
0.9989897340625774
0.9990942895127846
0.9992009981358684
0.9993096040173732
0.9994198468238461
0.9995314624337457
0.9996441835762067
0.9997577404760585
0.9998718615035004
0.9999862738268347
1.0001007040666685
1.0002148789499994
1.0003285259626162
1.0004413739982680
1.0005531540030699
1.0006635996136393
1.0007724477874895
1.0008794394242366
1.0009843199762003
1.0010868400470290
1.0011867559770096
1.0012838304137703
1.0013778328671155
1.0014685402467935
1.0015557373820323
1.0016392175217326
1.0017187828142544
1.0017942447657862
1.0018654246763377
1.0019321540524533
1.0019942749957889
1.0020516405667617
1.0021041151225325
1.0021515746286276
1.0021939069435837
1.0022310120760387
1.0022628024137574
1.0022892029241379
1.0023101513257981
1.0023255982309101
1.0023355072579969
1.0023398551149760
1.0023386316522767
1.0023318398859404
1.0023194959906483
1.0023016292626974
1.0022782820529916
1.0022495096701838
1.0022153802541567
1.0021759746200929
