1.0002442156703570
1.0002411357288037
1.0002374810471180
1.0002332603731003
1.0002284838052147
1.0002231627685443
1.0002173099875900
1.0002109394559717
1.0002040664031107
1.0001967072579614
1.0001888796098872
1.0001806021667665
1.0001718947104308
1.0001627780495350
1.0001532739699763
1.0001434051829781
1.0001331952709596
1.0001226686313196
1.0001118504182638
1.0001007664828212
1.0000894433111840
1.0000779079615199
1.0000661879994073
1.0000543114320484
1.0000423066414104
1.0000302023164593
1.0000180273846446
1.0000058109428003
0.9999935821876257
0.9999813703459115
0.9999692046046790
0.9999571140413972
0.9999451275544469
0.9999332737939988
0.9999215810934695
0.9999100774017207
0.9998987902161625
0.9998877465169245
0.9998769727022544
0.9998664945252940
0.9998563370323896
0.9998465245030850
0.9998370803919359
0.9998280272722975
0.9998193867822132
0.9998111795725363
0.9998034252574127
0.9997961423672413
0.9997893483042302
0.9997830593006520
0.9997772903799044
0.9997720553204644
0.9997673666228306
0.9997632354795282
0.9997596717482522
0.9997566839282157
0.9997542791397576
0.9997524631072594
0.9997512401454175
0.9997506131488982
0.9997505835854065
0.9997511514921780
0.9997523154759114
0.9997540727161337
0.9997564189719955
0.9997593485924753
0.9997628545299739
0.9997669283572624
0.9997715602877388
0.9997767391989489
0.9997824526593140
0.9997886869579969
0.9997954271378384
0.9998026570312798
0.9998103592991892
0.9998185154724908
0.9998271059965019
0.9998361102778657
0.9998455067339669
0.9998552728447142
0.9998653852065608
0.9998758195886327
0.9998865509908300
0.9998975537037603
0.9999088013703590
0.9999202670490478
0.9999319232782798
0.9999437421423161
0.9999556953380742
0.9999677542428890
0.9999798899830232
0.9999920735027630
1.0000042756339329
1.0000164671656633
1.0000286189142427
1.0000407017928878
1.0000526868812691
1.0000645454946195
1.0000762492522670
1.0000877701454229
1.0000990806040688
1.0001101535627797
1.0001209625253291
1.0001314816279234
1.0001416857009144
1.0001515503288416
1.0001610519086661
1.0001701677060555
1.0001788759095891
1.0001871556827526
1.0001949872136020
1.0002023517619769
1.0002092317041558
1.0002156105748461
1.0002214731064099
1.0002268052652306
1.0002315942851392
1.0002358286978204
1.0002394983601248
1.0002425944782265
1.0002451096285663
1.0002470377755348
1.0002483742858510
1.0002491159396032
1.0002492609379268
1.0002488089073005
1.0002477609004519
1.0002461193938694
1.0002438882819271
1.0002410728676312
1.0002376798500205
1.0002337173082421
1.0002291946823394
1.0002241227508022
1.0002185136049273
1.0002123806200531
1.0002057384237377
1.0001986028609451
1.0001909909563325
1.0001829208737227
1.0001744118728551
1.0001654842635213
1.0001561593571915
1.0001464594162452
1.0001364076009256
1.0001260279141453
1.0001153451442695
1.0001043848060169
1.0000931730796170
1.0000817367483634
1.0000701031347179
1.0000583000351093
1.0000463556535888
1.0000342985344965
1.0000221574942987
1.0000099615527602
0.9999977398636118
0.9999855216448809
0.9999733361090541
0.9999612123932355
0.9999491794894684
0.9999372661753856
0.9999255009453583
0.9999139119423046
0.9999025268903247
0.9998913730283205
0.9998804770447652
0.9998698650137734
0.9998595623326310
0.9998495936609328
0.9998399828614755
0.9998307529430460
0.9998219260052509
0.9998135231855119
0.9998055646083618
0.9997980693371574
0.9997910553283330
0.9997845393883025
0.9997785371331128
0.9997730629509496
0.9997681299675873
0.9997637500148624
0.9997599336022522
0.9997566898916240
0.9997540266752171
0.9997519503569137
0.9997504659368417
0.9997495769993474
0.9997492857043685
0.9997495927822275
0.9997504975318576
0.9997519978224666
0.9997540900986333
0.9997567693888274
0.9997600293173271
0.9997638621195091
0.9997682586604736
0.9997732084569579
0.9997786997024859
0.9997847192956890
0.9997912528717353
0.9997982848367860
0.9998057984053990
0.9998137756407849
0.9998221974978215
0.9998310438687203
0.9998402936312341
0.9998499246992900
0.9998599140759247
0.9998702379083936
0.9998808715453210
0.9998917895957516
0.9999029659899646
0.9999143740418995
0.9999259865130466
0.9999377756776429
0.9999497133890258
0.9999617711469752
0.9999739201658845
0.9999861314436032
0.9999983758307814
1.0000106241005475
1.0000228470183552
1.0000350154118345
1.0000471002404765
1.0000590726649876
1.0000709041161473
1.0000825663630026
1.0000940315802425
1.0001052724145876
1.0001162620500423
1.0001269742718464
1.0001373835289824
1.0001474649950863
1.0001571946276175
1.0001665492251508
1.0001755064826499
1.0001840450445982
1.0001921445558559
1.0001997857101284
1.0002069502959257
1.0002136212399102
1.0002197826475292
1.0002254198408338
1.0002305193933985
1.0002350691622588
1.0002390583167911
1.0002424773644676
1.0002453181734248
1.0002475739917924
1.0002492394637408
1.0002503106422032
1.0002507849982489
1.0002506614270823
1.0002499402506539
1.0002486232168801
1.0002467134954673
1.0002442156703570
1.0002411357288037
1.0002374810471180
1.0002332603731003
