1.0000100466901227
1.0000099216323388
1.0000097730305282
1.0000096012423543
1.0000094066807981
1.0000091898131711
1.0000089511599957
1.0000086912937589
1.0000084108375449
1.0000081104635432
1.0000077908914411
1.0000074528867025
1.0000070972587398
1.0000067248589761
1.0000063365788108
1.0000059333474876
1.0000055161298713
1.0000050859241425
1.0000046437594114
1.0000041906932580
1.0000037278092042
1.0000032562141237
1.0000027770355957
1.0000022914192077
1.0000018005258198
1.0000013055287873
1.0000008076111582
1.0000003079628454
0.9999998077777814
0.9999993082510653
0.9999988105761057
0.9999983159417687
0.9999978255295385
0.9999973405106924
0.9999968620435012
0.9999963912704585
0.9999959293155530
0.9999954772815823
0.9999950362475172
0.9999946072659232
0.9999941913604460
0.9999937895233654
0.9999934027132228
0.9999930318525311
0.9999926778255696
0.9999923414762751
0.9999920236062222
0.9999917249727092
0.9999914462869504
0.9999911882123772
0.9999909513630538
0.9999907363022084
0.9999905435408910
0.9999903735367522
0.9999902266929502
0.9999901033571900
0.9999900038208931
0.9999899283185043
0.9999898770269331
0.9999898500651324
0.9999898474938160
0.9999898693153162
0.9999899154735796
0.9999899858543041
0.9999900802852142
0.9999901985364752
0.9999903403212445
0.9999905052963602
0.9999906930631655
0.9999909031684642
0.9999911351056064
0.9999913883157036
0.9999916621889661
0.9999919560661642
0.9999922692402060
0.9999926009578297
0.9999929504214079
0.9999933167908578
0.9999936991856524
0.9999940966869291
0.9999945083396886
0.9999949331550810
0.9999953701127734
0.9999958181633917
0.9999962762310317
0.9999967432158334
0.9999972179966125
0.9999976994335464
0.9999981863709013
0.9999986776397952
0.9999991720609974
0.9999996684477502
1.0000001656086068
1.0000006623502840
1.0000011574805165
1.0000016498109108
1.0000021381597888
1.0000026213550144
1.0000030982367991
1.0000035676604766
1.0000040284992417
1.0000044796468461
1.0000049200202463
1.0000053485621938
1.0000057642437654
1.0000061660668260
1.0000065530664153
1.0000069243130583
1.0000072789149885
1.0000076160202840
1.0000079348189028
1.0000082345446226
1.0000085144768753
1.0000087739424717
1.0000090123172127
1.0000092290273852
1.0000094235511319
1.0000095954197035
1.0000097442185820
1.0000098695884709
1.0000099712261559
1.0000100488852337
1.0000101023767010
1.0000101315694103
1.0000101363903855
1.0000101168249980
1.0000100729170027
1.0000100047684353
1.0000099125393695
1.0000097964475376
1.0000096567678103
1.0000094938315416
1.0000093080257795
1.0000090997923419
1.0000088696267615
1.0000086180771040
1.0000083457426558
1.0000080532724984
1.0000077413639537
1.0000074107609220
1.0000070622521033
1.0000066966691126
1.0000063148844942
1.0000059178096377
1.0000055063925986
1.0000050816158355
1.0000046444938600
1.0000041960708133
1.0000037374179713
1.0000032696311836
1.0000027938282545
1.0000023111462719
1.0000018227388878
1.0000013297735624
1.0000008334287753
1.0000003348912070
0.9999998353529027
0.9999993360084199
0.9999988380519762
0.9999983426745936
0.9999978510612513
0.9999973643880505
0.9999968838194043
0.9999964105052518
0.9999959455783093
0.9999954901513627
0.9999950453146050
0.9999946121330305
0.9999941916438864
0.9999937848541934
0.9999933927383371
0.9999930162357368
0.9999926562485979
0.9999923136397535
0.9999919892306008
0.9999916837991376
0.9999913980780990
0.9999911327532061
0.9999908884615225
0.9999906657899308
0.9999904652737265
0.9999902873953388
0.9999901325831733
0.9999900012105870
0.9999898935949931
0.9999898099970996
0.9999897506202862
0.9999897156101138
0.9999897050539740
0.9999897189808777
0.9999897573613852
0.9999898201076735
0.9999899070737451
0.9999900180557725
0.9999901527925834
0.9999903109662841
0.9999904922030164
0.9999906960738482
0.9999909220957978
0.9999911697329855
0.9999914383979116
0.9999917274528591
0.9999920362114146
0.9999923639401077
0.9999927098601611
0.9999930731493496
0.9999934529439640
0.9999938483408722
0.9999942583996766
0.9999946821449567
0.9999951185686012
0.9999955666322148
0.9999960252695947
0.9999964933892785
0.9999969698771504
0.9999974535991030
0.9999979434037445
0.9999984381251483
0.9999989365856364
0.9999994375985914
0.9999999399712919
1.0000004425077593
1.0000009440116124
1.0000014432889273
1.0000019391510868
1.0000024304176203
1.0000029159190216
1.0000033944995412
1.0000038650199461
1.0000043263602394
1.0000047774223348
1.0000052171326779
1.0000056444448089
1.0000060583418635
1.0000064578390002
1.0000068419857493
1.0000072098682846
1.0000075606116037
1.0000078933816161
1.0000082073871341
1.0000085018817628
1.0000087761656806
1.0000090295873090
1.0000092615448672
1.0000094714878105
1.0000096589181409
1.0000098233915959
1.0000099645187082
1.0000100819657336
1.0000101754554473
1.0000102447678034
1.0000102897404584
1.0000103102691580
1.0000103063079846
1.0000102778694655
1.0000102250245395
1.0000101479023880
1.0000100466901227
1.0000099216323388
1.0000097730305282
1.0000096012423543
