1.0000000000260139
1.0000000000259888
1.0000000000259264
1.0000000000258260
1.0000000000256868
1.0000000000255098
1.0000000000252951
1.0000000000250424
1.0000000000247513
1.0000000000244218
1.0000000000240554
1.0000000000236529
1.0000000000232157
1.0000000000227456
1.0000000000222447
1.0000000000217149
1.0000000000211580
1.0000000000205767
1.0000000000199725
1.0000000000193465
1.0000000000186995
1.0000000000180325
1.0000000000173459
1.0000000000166407
1.0000000000159193
1.0000000000151832
1.0000000000144347
1.0000000000136766
1.0000000000129117
1.0000000000121427
1.0000000000113727
1.0000000000106026
1.0000000000098339
1.0000000000090681
1.0000000000083062
1.0000000000075504
1.0000000000068021
1.0000000000060627
1.0000000000053340
1.0000000000046170
1.0000000000039129
1.0000000000032232
1.0000000000025497
1.0000000000018952
1.0000000000012617
1.0000000000006508
1.0000000000000633
0.9999999999994997
0.9999999999989589
0.9999999999984415
0.9999999999979484
0.9999999999974805
0.9999999999970373
0.9999999999966183
0.9999999999962245
0.9999999999958578
0.9999999999955199
0.9999999999952116
0.9999999999949352
0.9999999999946905
0.9999999999944786
0.9999999999942994
0.9999999999941517
0.9999999999940365
0.9999999999939545
0.9999999999939045
0.9999999999938861
0.9999999999938999
0.9999999999939450
0.9999999999940210
0.9999999999941270
0.9999999999942621
0.9999999999944255
0.9999999999946162
0.9999999999948336
0.9999999999950756
0.9999999999953405
0.9999999999956275
0.9999999999959354
0.9999999999962622
0.9999999999966066
0.9999999999969668
0.9999999999973417
0.9999999999977300
0.9999999999981295
0.9999999999985383
0.9999999999989529
0.9999999999993717
0.9999999999997946
1.0000000000002198
1.0000000000006455
1.0000000000010705
1.0000000000014932
1.0000000000019122
1.0000000000023250
1.0000000000027300
1.0000000000031268
1.0000000000035143
1.0000000000038913
1.0000000000042573
1.0000000000046103
1.0000000000049492
1.0000000000052729
1.0000000000055818
1.0000000000058749
1.0000000000061531
1.0000000000064160
1.0000000000066631
1.0000000000068929
1.0000000000071043
1.0000000000072959
1.0000000000074662
1.0000000000076144
1.0000000000077391
1.0000000000078411
1.0000000000079197
1.0000000000079736
1.0000000000080016
1.0000000000080027
1.0000000000079767
1.0000000000079232
1.0000000000078419
1.0000000000077336
1.0000000000075975
1.0000000000074338
1.0000000000072433
1.0000000000070273
1.0000000000067861
1.0000000000065195
1.0000000000062281
1.0000000000059135
1.0000000000055760
1.0000000000052163
1.0000000000048350
1.0000000000044325
1.0000000000040088
1.0000000000035645
1.0000000000031011
1.0000000000026190
1.0000000000021190
1.0000000000015998
1.0000000000010625
1.0000000000005087
0.9999999999999402
0.9999999999993586
0.9999999999987668
0.9999999999981660
0.9999999999975572
0.9999999999969399
0.9999999999963146
0.9999999999956841
0.9999999999950504
0.9999999999944150
0.9999999999937794
0.9999999999931451
0.9999999999925130
0.9999999999918843
0.9999999999912612
0.9999999999906449
0.9999999999900363
0.9999999999894369
0.9999999999888490
0.9999999999882750
0.9999999999877163
0.9999999999871735
0.9999999999866468
0.9999999999861373
0.9999999999856463
0.9999999999851750
0.9999999999847240
0.9999999999842941
0.9999999999838863
0.9999999999835021
0.9999999999831422
0.9999999999828074
0.9999999999824993
0.9999999999822199
0.9999999999819705
0.9999999999817528
0.9999999999815681
0.9999999999814170
0.9999999999813001
0.9999999999812178
0.9999999999811702
0.9999999999811578
0.9999999999811804
0.9999999999812379
0.9999999999813310
0.9999999999814607
0.9999999999816276
0.9999999999818332
0.9999999999820782
0.9999999999823630
0.9999999999826874
0.9999999999830513
0.9999999999834528
0.9999999999838892
0.9999999999843604
0.9999999999848662
0.9999999999854063
0.9999999999859792
0.9999999999865835
0.9999999999872182
0.9999999999878824
0.9999999999885750
0.9999999999892949
0.9999999999900415
0.9999999999908141
0.9999999999916123
0.9999999999924352
0.9999999999932809
0.9999999999941480
0.9999999999950352
0.9999999999959419
0.9999999999968665
0.9999999999978070
0.9999999999987605
0.9999999999997249
1.0000000000006974
1.0000000000016758
1.0000000000026570
1.0000000000036402
1.0000000000046232
1.0000000000056044
1.0000000000065821
1.0000000000075544
1.0000000000085190
1.0000000000094740
1.0000000000104172
1.0000000000113469
1.0000000000122617
1.0000000000131606
1.0000000000140421
1.0000000000149047
1.0000000000157476
1.0000000000165690
1.0000000000173654
1.0000000000181350
1.0000000000188756
1.0000000000195854
1.0000000000202631
1.0000000000209077
1.0000000000215181
1.0000000000220930
1.0000000000226312
1.0000000000231326
1.0000000000235960
1.0000000000240215
1.0000000000244083
1.0000000000247562
1.0000000000250626
1.0000000000253271
1.0000000000255482
1.0000000000257252
1.0000000000258589
1.0000000000259501
1.0000000000260014
1.0000000000260139
1.0000000000259888
1.0000000000259264
1.0000000000258260
