1.0000564839201838
1.0000557745997498
1.0000549325235664
1.0000539597119855
1.0000528584974560
1.0000516315189489
1.0000502817156502
1.0000488123199387
1.0000472268496632
1.0000455290997370
1.0000437231330712
1.0000418132708682
1.0000398040822991
1.0000377003735874
1.0000355071765274
1.0000332297364611
1.0000308734997465
1.0000284441007459
1.0000259473483637
1.0000233892121679
1.0000207758081243
1.0000181133839854
1.0000154083043618
1.0000126670355103
1.0000098961298840
1.0000071022104711
1.0000042919549690
1.0000014720798240
0.9999986493241810
0.9999958304337747
0.9999930221448038
0.9999902311678317
0.9999874641717423
0.9999847277678016
0.9999820284938503
0.9999793727986739
0.9999767670265869
0.9999742174022641
0.9999717300158565
0.9999693108084305
0.9999669655577624
0.9999646998645235
0.9999625191388859
0.9999604285875864
0.9999584332014760
0.9999565377435864
0.9999547467377390
0.9999530644577276
0.9999514949170983
0.9999500418595536
0.9999487087499991
0.9999474987662589
0.9999464147914788
0.9999454594072332
0.9999446348873535
0.9999439431924945
0.9999433859654475
0.9999429645272165
0.9999426798738645
0.9999425326741357
0.9999425232678629
0.9999426516651622
0.9999429175464153
0.9999433202630419
0.9999438588390588
0.9999445319734234
0.9999453380431551
0.9999462751072291
0.9999473409112272
0.9999485328927403
0.9999498481875093
0.9999512836362867
0.9999528357924042
0.9999545009300284
0.9999562750530834
0.9999581539048209
0.9999601329780128
0.9999622075257424
0.9999643725727702
0.9999666229274435
0.9999689531941255
0.9999713577861106
0.9999738309389965
0.9999763667244810
0.9999789590645491
0.9999816017460180
0.9999842884354038
0.9999870126940773
0.9999897679936677
0.9999925477316833
0.9999953452473065
0.9999981538373289
1.0000009667721852
1.0000037773120500
1.0000065787229571
1.0000093642929058
1.0000121273479128
1.0000148612679722
1.0000175595028880
1.0000202155879334
1.0000228231593080
1.0000253759693565
1.0000278679015058
1.0000302929848870
1.0000326454086093
1.0000349195356530
1.0000371099163428
1.0000392113013759
1.0000412186543683
1.0000431271638961
1.0000449322549938
1.0000466296000912
1.0000482151293555
1.0000496850404215
1.0000510358074790
1.0000522641896994
1.0000533672389851
1.0000543423070165
1.0000551870515848
1.0000558994421893
1.0000564777648937
1.0000569206264263
1.0000572269575125
1.0000573960154355
1.0000574273858165
1.0000573209836106
1.0000570770533150
1.0000566961683914
1.0000561792299030
1.0000555274643672
1.0000547424208328
1.0000538259671863
1.0000527802856971
1.0000516078678108
1.0000503115082042
1.0000488942981163
1.0000473596179684
1.0000457111292969
1.0000439527660119
1.0000420887250066
1.0000401234561354
1.0000380616515907
1.0000359082346972
1.0000336683481548
1.0000313473417561
1.0000289507596107
1.0000264843269011
1.0000239539362081
1.0000213656334345
1.0000187256033575
1.0000160401548563
1.0000133157058386
1.0000105587679031
1.0000077759307786
1.0000049738465775
1.0000021592138959
0.9999993387618030
0.9999965192337589
0.9999937073714905
0.9999909098988757
0.9999881335058686
0.9999853848325043
0.9999826704530225
0.9999799968601472
0.9999773704495574
0.9999747975045903
0.9999722841812162
0.9999698364933123
0.9999674602982757
0.9999651612830115
0.9999629449503288
0.9999608166057742
0.9999587813449359
0.9999568440412503
0.9999550093343395
0.9999532816189057
0.9999516650342151
0.9999501634541893
0.9999487804781318
0.9999475194221090
0.9999463833110116
0.9999453748713103
0.9999444965245275
0.9999437503814351
0.9999431382369977
0.9999426615660694
0.9999423215198605
0.9999421189231756
0.9999420542724317
0.9999421277344634
0.9999423391461177
0.9999426880146357
0.9999431735188237
0.9999437945110109
0.9999445495197873
0.9999454367535184
0.9999464541046225
0.9999475991546075
0.9999488691798495
0.9999502611581006
0.9999517717757105
0.9999533974355481
0.9999551342655987
0.9999569781282188
0.9999589246300276
0.9999609691324081
0.9999631067625957
0.9999653324253251
0.9999676408150093
0.9999700264284220
0.9999724835778505
0.9999750064046908
0.9999775888934490
0.9999802248861194
0.9999829080969035
0.9999856321272302
0.9999883904810462
0.9999911765803398
0.9999939837808592
0.9999968053879883
0.9999996346727428
1.0000024648878465
1.0000052892838516
1.0000081011252626
1.0000108937066254
1.0000136603685439
1.0000163945135883
1.0000190896220489
1.0000217392675093
1.0000243371321929
1.0000268770220508
1.0000293528815536
1.0000317588081475
1.0000340890663479
1.0000363381014337
1.0000385005527064
1.0000405712662890
1.0000425453074264
1.0000444179722658
1.0000461847990842
1.0000478415789336
1.0000493843656859
1.0000508094854506
1.0000521135453386
1.0000532934415598
1.0000543463668270
1.0000552698170522
1.0000560615973160
1.0000567198271038
1.0000572429447891
1.0000576297113564
1.0000578792133517
1.0000579908650593
1.0000579644098933
1.0000577999210016
1.0000574978010874
1.0000570587814397
1.0000564839201838
1.0000557745997498
1.0000549325235664
1.0000539597119855
