1.0000000000265028
1.0000000000264802
1.0000000000264140
1.0000000000263038
1.0000000000261515
1.0000000000259572
1.0000000000257221
1.0000000000254465
1.0000000000251323
1.0000000000247806
1.0000000000243938
1.0000000000239730
1.0000000000235196
1.0000000000230347
1.0000000000225193
1.0000000000219744
1.0000000000214020
1.0000000000208038
1.0000000000201819
1.0000000000195370
1.0000000000188711
1.0000000000181861
1.0000000000174845
1.0000000000167673
1.0000000000160365
1.0000000000152933
1.0000000000145388
1.0000000000137732
1.0000000000129985
1.0000000000122187
1.0000000000114377
1.0000000000106581
1.0000000000098812
1.0000000000091076
1.0000000000083380
1.0000000000075728
1.0000000000068134
1.0000000000060623
1.0000000000053211
1.0000000000045919
1.0000000000038765
1.0000000000031757
1.0000000000024900
1.0000000000018201
1.0000000000011677
1.0000000000005349
0.9999999999999239
0.9999999999993355
0.9999999999987713
0.9999999999982316
0.9999999999977176
0.9999999999972311
0.9999999999967727
0.9999999999963423
0.9999999999959406
0.9999999999955689
0.9999999999952291
0.9999999999949225
0.9999999999946494
0.9999999999944096
0.9999999999942029
0.9999999999940294
0.9999999999938887
0.9999999999937803
0.9999999999937036
0.9999999999936564
0.9999999999936384
0.9999999999936497
0.9999999999936918
0.9999999999937650
0.9999999999938685
0.9999999999940015
0.9999999999941632
0.9999999999943526
0.9999999999945687
0.9999999999948103
0.9999999999950769
0.9999999999953680
0.9999999999956822
0.9999999999960177
0.9999999999963726
0.9999999999967432
0.9999999999971275
0.9999999999975248
0.9999999999979331
0.9999999999983508
0.9999999999987756
0.9999999999992063
0.9999999999996397
1.0000000000000742
1.0000000000005091
1.0000000000009435
1.0000000000013767
1.0000000000018070
1.0000000000022331
1.0000000000026525
1.0000000000030644
1.0000000000034681
1.0000000000038631
1.0000000000042484
1.0000000000046232
1.0000000000049862
1.0000000000053357
1.0000000000056704
1.0000000000059883
1.0000000000062881
1.0000000000065667
1.0000000000068237
1.0000000000070586
1.0000000000072717
1.0000000000074634
1.0000000000076334
1.0000000000077811
1.0000000000079052
1.0000000000080054
1.0000000000080813
1.0000000000081319
1.0000000000081564
1.0000000000081546
1.0000000000081282
1.0000000000080760
1.0000000000079980
1.0000000000078935
1.0000000000077620
1.0000000000076037
1.0000000000074190
1.0000000000072078
1.0000000000069700
1.0000000000067062
1.0000000000064175
1.0000000000061042
1.0000000000057669
1.0000000000054063
1.0000000000050220
1.0000000000046128
1.0000000000041789
1.0000000000037204
1.0000000000032392
1.0000000000027369
1.0000000000022158
1.0000000000016771
1.0000000000011229
1.0000000000005549
0.9999999999999737
0.9999999999993787
0.9999999999987714
0.9999999999981534
0.9999999999975261
0.9999999999968915
0.9999999999962508
0.9999999999956067
0.9999999999949598
0.9999999999943119
0.9999999999936636
0.9999999999930157
0.9999999999923690
0.9999999999917243
0.9999999999910836
0.9999999999904498
0.9999999999898253
0.9999999999892116
0.9999999999886106
0.9999999999880229
0.9999999999874497
0.9999999999868915
0.9999999999863498
0.9999999999858252
0.9999999999853189
0.9999999999848315
0.9999999999843642
0.9999999999839180
0.9999999999834942
0.9999999999830940
0.9999999999827196
0.9999999999823739
0.9999999999820582
0.9999999999817732
0.9999999999815196
0.9999999999812984
0.9999999999811108
0.9999999999809573
0.9999999999808391
0.9999999999807568
0.9999999999807111
0.9999999999807027
0.9999999999807312
0.9999999999807971
0.9999999999809016
0.9999999999810453
0.9999999999812282
0.9999999999814507
0.9999999999817120
0.9999999999820115
0.9999999999823495
0.9999999999827256
0.9999999999831388
0.9999999999835889
0.9999999999840751
0.9999999999845977
0.9999999999851572
0.9999999999857521
0.9999999999863801
0.9999999999870396
0.9999999999877285
0.9999999999884457
0.9999999999891900
0.9999999999899599
0.9999999999907546
0.9999999999915740
0.9999999999924170
0.9999999999932818
0.9999999999941671
0.9999999999950717
0.9999999999959943
0.9999999999969331
0.9999999999978876
0.9999999999988567
0.9999999999998374
1.0000000000008271
1.0000000000018241
1.0000000000028257
1.0000000000038287
1.0000000000048306
1.0000000000058284
1.0000000000068197
1.0000000000078033
1.0000000000087785
1.0000000000097444
1.0000000000106999
1.0000000000116431
1.0000000000125722
1.0000000000134843
1.0000000000143774
1.0000000000152500
1.0000000000161002
1.0000000000169265
1.0000000000177263
1.0000000000184985
1.0000000000192431
1.0000000000199580
1.0000000000206424
1.0000000000212947
1.0000000000219131
1.0000000000224958
1.0000000000230405
1.0000000000235467
1.0000000000240135
1.0000000000244404
1.0000000000248284
1.0000000000251772
1.0000000000254865
1.0000000000257556
1.0000000000259843
1.0000000000261720
1.0000000000263181
1.0000000000264222
1.0000000000264837
1.0000000000265028
1.0000000000264802
1.0000000000264140
1.0000000000263038
