1.0000048888862529
1.0000048283604539
1.0000047563984402
1.0000046731737331
1.0000045788867098
1.0000044737641258
1.0000043580585727
1.0000042320478713
1.0000040960344083
1.0000039503444140
1.0000037953271805
1.0000036313542275
1.0000034588184117
1.0000032781329873
1.0000030897306194
1.0000028940623473
1.0000026915965086
1.0000024828176175
1.0000022682252072
1.0000020483326357
1.0000018236658574
1.0000015947621663
1.0000013621689108
1.0000011264421864
1.0000008881455063
1.0000006478484535
1.0000004061253214
1.0000001635537390
0.9999999207132902
0.9999996781841296
0.9999994365455953
0.9999991963748253
0.9999989582453771
0.9999987227258569
0.9999984903785610
0.9999982617581343
0.9999980374102416
0.9999978178702646
0.9999976036620238
0.9999973952965255
0.9999971932707404
0.9999969980664180
0.9999968101489353
0.9999966299661857
0.9999964579475072
0.9999962945026588
0.9999961400208399
0.9999959948697622
0.9999958593947716
0.9999957339180222
0.9999956187377076
0.9999955141273504
0.9999954203351484
0.9999953375833831
0.9999952660678880
0.9999952059575837
0.9999951573940734
0.9999951204913067
0.9999950953353081
0.9999950819839729
0.9999950804669296
0.9999950907854698
0.9999951129125478
0.9999951467928474
0.9999951923429138
0.9999952494513559
0.9999953179791130
0.9999953977597896
0.9999954886000548
0.9999955902801043
0.9999957025541893
0.9999958251512053
0.9999959577753422
0.9999961001067934
0.9999962518025202
0.9999964124970736
0.9999965818034696
0.9999967593141192
0.9999969446018021
0.9999971372206884
0.9999973367074081
0.9999975425821581
0.9999977543498539
0.9999979715013146
0.9999981935144800
0.9999984198556612
0.9999986499808182
0.9999988833368620
0.9999991193629801
0.9999993574919768
0.9999995971516318
0.9999998377660704
1.0000000787571401
1.0000003195457958
1.0000005595534849
1.0000007982035328
1.0000010349225230
1.0000012691416695
1.0000015002981779
1.0000017278365927
1.0000019512101277
1.0000021698819723
1.0000023833265788
1.0000025910309180
1.0000027924957080
1.0000029872366083
1.0000031747853810
1.0000033546910114
1.0000035265207865
1.0000036898613320
1.0000038443196013
1.0000039895238166
1.0000041251243599
1.0000042507946103
1.0000043662317275
1.0000044711573719
1.0000045653183753
1.0000046484873473
1.0000047204632199
1.0000047810717290
1.0000048301658315
1.0000048676260602
1.0000048933608079
1.0000049073065500
1.0000049094279950
1.0000048997181712
1.0000048781984439
1.0000048449184662
1.0000047999560631
1.0000047434170456
1.0000046754349581
1.0000045961707609
1.0000045058124460
1.0000044045745871
1.0000042926978285
1.0000041704483109
1.0000040381170354
1.0000038960191699
1.0000037444932968
1.0000035839006043
1.0000034146240231
1.0000032370673115
1.0000030516540903
1.0000028588268308
1.0000026590457978
1.0000024527879501
1.0000022405458013
1.0000020228262438
1.0000018001493360
1.0000015730470597
1.0000013420620488
1.0000011077462916
1.0000008706598118
1.0000006313693308
1.0000003904469130
1.0000001484685956
0.9999999060130136
0.9999996636600156
0.9999994219892795
0.9999991815789272
0.9999989430041401
0.9999987068357853
0.9999984736390496
0.9999982439720877
0.9999980183846905
0.9999977974169669
0.9999975815980537
0.9999973714448499
0.9999971674607798
0.9999969701345898
0.9999967799391786
0.9999965973304674
0.9999964227463085
0.9999962566054362
0.9999960993064675
0.9999959512269480
0.9999958127224483
0.9999956841257128
0.9999955657458632
0.9999954578676582
0.9999953607508101
0.9999952746293654
0.9999951997111430
0.9999951361772355
0.9999950841815770
0.9999950438505730
0.9999950152827953
0.9999949985487477
0.9999949936906953
0.9999950007225623
0.9999950196298962
0.9999950503699007
0.9999950928715386
0.9999951470356995
0.9999952127354335
0.9999952898162542
0.9999953780965075
0.9999954773678034
0.9999955873955138
0.9999957079193313
0.9999958386538883
0.9999959792894393
0.9999961294925992
0.9999962889071379
0.9999964571548304
0.9999966338363602
0.9999968185322706
0.9999970108039672
0.9999972101947641
0.9999974162309747
0.9999976284230401
0.9999978462666986
0.9999980692441909
0.9999982968254938
0.9999985284695880
0.9999987636257480
0.9999990017348570
0.9999992422307412
0.9999994845415219
0.9999997280909794
0.9999999722999305
1.0000002165876114
1.0000004603730634
1.0000007030765183
1.0000009441207844
1.0000011829326250
1.0000014189441255
1.0000016515940493
1.0000018803291773
1.0000021046056295
1.0000023238901619
1.0000025376614385
1.0000027454112790
1.0000029466458698
1.0000031408869432
1.0000033276729206
1.0000035065600128
1.0000036771232783
1.0000038389576369
1.0000039916788377
1.0000041349243767
1.0000042683543606
1.0000043916523171
1.0000045045259491
1.0000046067078352
1.0000046979560655
1.0000047780548189
1.0000048468148774
1.0000049040740764
1.0000049496976908
1.0000049835787570
1.0000050056383267
1.0000050158256550
1.0000050141183205
1.0000050005222763
1.0000049750718354
1.0000049378295885
1.0000048888862529
1.0000048283604539
1.0000047563984402
1.0000046731737331
