1.0003839609654268
1.0003791145318830
1.0003733643063413
1.0003667240388889
1.0003592096025511
1.0003508389555960
1.0003416320988909
1.0003316110283991
1.0003207996829344
1.0003092238872922
1.0002969112908875
1.0002838913020498
1.0002701950181176
1.0002558551515062
1.0002409059519159
1.0002253831248638
1.0002093237467313
1.0001927661765238
1.0001757499645483
1.0001583157582328
1.0001405052052978
1.0001223608545156
1.0001039260542881
1.0000852448492870
1.0000663618753944
1.0000473222531987
1.0000281714802959
1.0000089553226490
0.9999897197052713
0.9999705106024878
0.9999513739280409
0.9999323554253009
0.9999135005578462
0.9998948544006735
0.9998764615322958
0.9998583659279976
0.9998406108544911
0.9998232387662397
0.9998062912036944
0.9997898086936867
0.9997738306522237
0.9997583952899137
0.9997435395202611
0.9997292988710473
0.9997157073990169
0.9997027976080738
0.9996906003711873
0.9996791448561989
0.9996684584557131
0.9996585667212411
0.9996494933017622
0.9996412598868480
0.9996338861544926
0.9996273897237768
0.9996217861124836
0.9996170886997612
0.9996133086939365
0.9996104551055539
0.9996085347256977
0.9996075521096670
0.9996075095660300
0.9996084071510899
0.9996102426687774
0.9996130116759637
0.9996167074931918
0.9996213212207884
0.9996268417603250
0.9996332558413680
0.9996405480534587
0.9996487008832431
0.9996576947566536
0.9996675080860510
0.9996781173222007
0.9996894970109582
0.9997016198545277
0.9997144567771393
0.9997279769949929
0.9997421480902848
0.9997569360891464
0.9997723055432981
0.9997882196152256
0.9998046401666643
0.9998215278501823
0.9998388422036355
0.9998565417472682
0.9998745840832214
0.9998929259972094
0.9999115235621173
0.9999303322432720
0.9999493070051290
0.9999684024191231
0.9999875727724195
1.0000067721773027
1.0000259546809480
1.0000450743753033
1.0000640855068290
1.0000829425858251
1.0001016004950889
1.0001200145976432
1.0001381408432801
1.0001559358736674
1.0001733571257703
1.0001903629333386
1.0002069126262259
1.0002229666272993
1.0002384865467164
1.0002534352733474
1.0002677770631256
1.0002814776241167
1.0002945041981124
1.0003068256385548
1.0003184124846074
1.0003292370312045
1.0003392733949084
1.0003484975754284
1.0003568875126521
1.0003644231390592
1.0003710864273943
1.0003768614334907
1.0003817343341403
1.0003856934599258
1.0003887293229372
1.0003908346393120
1.0003920043465409
1.0003922356155033
1.0003915278572035
1.0003898827241893
1.0003873041066536
1.0003837981232262
1.0003793731064772
1.0003740395831668
1.0003678102492854
1.0003606999399424
1.0003527255941733
1.0003439062147497
1.0003342628230789
1.0003238184093071
1.0003125978777367
1.0003006279876840
1.0002879372899163
1.0002745560588180
1.0002605162204430
1.0002458512766215
1.0002305962253000
1.0002147874772973
1.0001984627696738
1.0001816610759189
1.0001644225131661
1.0001467882466504
1.0001288003916429
1.0001105019130836
1.0000919365231542
1.0000731485770336
1.0000541829670808
1.0000350850156983
1.0000159003671243
0.9999966748784231
0.9999774545099207
0.9999582852153546
0.9999392128319980
0.9999202829710222
0.9999015409083580
0.9998830314763199
0.9998647989562507
0.9998468869724503
0.9998293383876393
0.9998121952002094
0.9997954984435117
0.9997792880874250
0.9997636029424434
0.9997484805665166
0.9997339571748667
0.9997200675530037
0.9997068449731498
0.9996943211142748
0.9996825259859422
0.9996714878561468
0.9996612331833237
0.9996517865526930
0.9996431706171001
0.9996354060424884
0.9996285114581457
0.9996225034118462
0.9996173963299948
0.9996132024828730
0.9996099319550722
0.9996075926211840
0.9996061901268134
0.9996057278749587
0.9996062070177891
0.9996076264538443
0.9996099828306590
0.9996132705528098
0.9996174817953618
0.9996226065226824
0.9996286325125805
0.9996355453857020
0.9996433286401208
0.9996519636910297
0.9996614299154409
0.9996717047017838
0.9996827635042784
0.9996945799019514
0.9997071256621515
0.9997203708084027
0.9997342836924338
0.9997488310702138
0.9997639781817986
0.9997796888347960
0.9997959254912469
0.9998126493577132
0.9998298204783516
0.9998473978307438
0.9998653394242569
0.9998836024006914
0.9999021431369752
0.9999209173496535
0.9999398802009238
0.9999589864059607
0.9999781903412720
0.9999974461538268
1.0000167078706919
1.0000359295089143
1.0000550651853879
1.0000740692264398
1.0000928962768798
1.0001115014082471
1.0001298402259999
1.0001478689753927
1.0001655446457924
1.0001828250731826
1.0001996690406143
1.0002160363763704
1.0002318880496073
1.0002471862632509
1.0002618945439243
1.0002759778287016
1.0002894025484830
1.0003021367077944
1.0003141499608248
1.0003254136835247
1.0003359010415955
1.0003455870542122
1.0003544486533305
1.0003624647384408
1.0003696162266402
1.0003758860979088
1.0003812594354831
1.0003857234612314
1.0003892675659523
1.0003918833345236
1.0003935645658433
1.0003943072875188
1.0003941097652678
1.0003929725070091
1.0003908982616359
1.0003878920124714
1.0003839609654268
1.0003791145318830
1.0003733643063413
1.0003667240388889
