1.0000000047680402
1.0000000047211017
1.0000000046637785
1.0000000045962225
1.0000000045186075
1.0000000044311299
1.0000000043340087
1.0000000042274857
1.0000000041118249
1.0000000039873116
1.0000000038542514
1.0000000037129697
1.0000000035638117
1.0000000034071410
1.0000000032433389
1.0000000030728022
1.0000000028959433
1.0000000027131883
1.0000000025249787
1.0000000023317663
1.0000000021340152
1.0000000019321995
1.0000000017268029
1.0000000015183186
1.0000000013072459
1.0000000010940888
1.0000000008793564
1.0000000006635599
1.0000000004472129
1.0000000002308298
1.0000000000149245
0.9999999998000081
0.9999999995865887
0.9999999993751713
0.9999999991662558
0.9999999989603353
0.9999999987578939
0.9999999985594074
0.9999999983653418
0.9999999981761534
0.9999999979922861
0.9999999978141704
0.9999999976422209
0.9999999974768372
0.9999999973184019
0.9999999971672826
0.9999999970238277
0.9999999968883674
0.9999999967612122
0.9999999966426523
0.9999999965329577
0.9999999964323761
0.9999999963411323
0.9999999962594277
0.9999999961874403
0.9999999961253242
0.9999999960732111
0.9999999960312084
0.9999999959993968
0.9999999959778325
0.9999999959665474
0.9999999959655489
0.9999999959748190
0.9999999959943159
0.9999999960239714
0.9999999960636938
0.9999999961133675
0.9999999961728535
0.9999999962419887
0.9999999963205850
0.9999999964084311
0.9999999965052928
0.9999999966109145
0.9999999967250198
0.9999999968473122
0.9999999969774762
0.9999999971151767
0.9999999972600609
0.9999999974117588
0.9999999975698827
0.9999999977340301
0.9999999979037830
0.9999999980787098
0.9999999982583672
0.9999999984423003
0.9999999986300447
0.9999999988211270
0.9999999990150652
0.9999999992113695
0.9999999994095442
0.9999999996090899
0.9999999998095043
1.0000000000102842
1.0000000002109253
1.0000000004109233
1.0000000006097753
1.0000000008069809
1.0000000010020451
1.0000000011944774
1.0000000013837922
1.0000000015695134
1.0000000017511725
1.0000000019283111
1.0000000021004809
1.0000000022672466
1.0000000024281859
1.0000000025828915
1.0000000027309710
1.0000000028720482
1.0000000030057634
1.0000000031317744
1.0000000032497580
1.0000000033594107
1.0000000034604508
1.0000000035526164
1.0000000036356662
1.0000000037093817
1.0000000037735672
1.0000000038280510
1.0000000038726851
1.0000000039073449
1.0000000039319308
1.0000000039463668
1.0000000039506023
1.0000000039446095
1.0000000039283867
1.0000000039019572
1.0000000038653694
1.0000000038186962
1.0000000037620345
1.0000000036955059
1.0000000036192567
1.0000000035334558
1.0000000034382954
1.0000000033339924
1.0000000032207856
1.0000000030989362
1.0000000029687262
1.0000000028304570
1.0000000026844513
1.0000000025310505
1.0000000023706146
1.0000000022035200
1.0000000020301598
1.0000000018509425
1.0000000016662922
1.0000000014766459
1.0000000012824539
1.0000000010841767
1.0000000008822867
1.0000000006772645
1.0000000004695984
1.0000000002597833
1.0000000000483205
0.9999999998357160
0.9999999996224794
0.9999999994091237
0.9999999991961621
0.9999999989841074
0.9999999987734697
0.9999999985647571
0.9999999983584730
0.9999999981551153
0.9999999979551767
0.9999999977591417
0.9999999975674867
0.9999999973806787
0.9999999971991737
0.9999999970234147
0.9999999968538321
0.9999999966908415
0.9999999965348423
0.9999999963862191
0.9999999962453388
0.9999999961125511
0.9999999959881861
0.9999999958725542
0.9999999957659456
0.9999999956686284
0.9999999955808503
0.9999999955028362
0.9999999954347886
0.9999999953768869
0.9999999953292861
0.9999999952921179
0.9999999952654898
0.9999999952494838
0.9999999952441575
0.9999999952495432
0.9999999952656480
0.9999999952924542
0.9999999953299172
0.9999999953779668
0.9999999954365091
0.9999999955054257
0.9999999955845739
0.9999999956737874
0.9999999957728759
0.9999999958816248
0.9999999959997968
0.9999999961271326
0.9999999962633511
0.9999999964081489
0.9999999965612026
0.9999999967221703
0.9999999968906897
0.9999999970663825
0.9999999972488545
0.9999999974376945
0.9999999976324753
0.9999999978327562
0.9999999980380841
0.9999999982479939
0.9999999984620074
0.9999999986796377
0.9999999989003894
0.9999999991237597
0.9999999993492396
0.9999999995763151
0.9999999998044707
1.0000000000331861
1.0000000002619400
1.0000000004902094
1.0000000007174743
1.0000000009432168
1.0000000011669228
1.0000000013880799
1.0000000016061839
1.0000000018207373
1.0000000020312512
1.0000000022372457
1.0000000024382525
1.0000000026338147
1.0000000028234894
1.0000000030068459
1.0000000031834695
1.0000000033529610
1.0000000035149377
1.0000000036690346
1.0000000038149066
1.0000000039522274
1.0000000040806898
1.0000000042000083
1.0000000043099184
1.0000000044101776
1.0000000045005670
1.0000000045808903
1.0000000046509743
1.0000000047106692
1.0000000047598505
1.0000000047984174
1.0000000048262943
1.0000000048434312
1.0000000048498039
1.0000000048454130
1.0000000048302842
1.0000000048044677
1.0000000047680402
1.0000000047211017
1.0000000046637785
1.0000000045962225
