1.0000000003861633
1.0000000003836016
1.0000000003802858
1.0000000003762266
1.0000000003714353
1.0000000003659262
1.0000000003597147
1.0000000003528162
1.0000000003452467
1.0000000003370244
1.0000000003281706
1.0000000003187068
1.0000000003086591
1.0000000002980525
1.0000000002869140
1.0000000002752709
1.0000000002631506
1.0000000002505827
1.0000000002375971
1.0000000002242251
1.0000000002104992
1.0000000001964522
1.0000000001821168
1.0000000001675273
1.0000000001527196
1.0000000001377292
1.0000000001225917
1.0000000001073426
1.0000000000920179
1.0000000000766538
1.0000000000612865
1.0000000000459532
1.0000000000306903
1.0000000000155340
1.0000000000005189
0.9999999999856782
0.9999999999710451
0.9999999999566523
0.9999999999425334
0.9999999999287204
0.9999999999152446
0.9999999999021371
0.9999999998894277
0.9999999998771453
0.9999999998653174
0.9999999998539700
0.9999999998431284
0.9999999998328167
0.9999999998230568
0.9999999998138689
0.9999999998052715
0.9999999997972834
0.9999999997899217
0.9999999997832010
0.9999999997771349
0.9999999997717344
0.9999999997670104
0.9999999997629717
0.9999999997596249
0.9999999997569750
0.9999999997550237
0.9999999997537732
0.9999999997532234
0.9999999997533724
0.9999999997542166
0.9999999997557505
0.9999999997579664
0.9999999997608552
0.9999999997644079
0.9999999997686115
0.9999999997734527
0.9999999997789156
0.9999999997849829
0.9999999997916357
0.9999999997988532
0.9999999998066142
0.9999999998148966
0.9999999998236769
0.9999999998329295
0.9999999998426290
0.9999999998527488
0.9999999998632608
0.9999999998741368
0.9999999998853455
0.9999999998968555
0.9999999999086346
0.9999999999206497
0.9999999999328670
0.9999999999452537
0.9999999999577752
0.9999999999703969
0.9999999999830823
0.9999999999957970
1.0000000000085074
1.0000000000211806
1.0000000000337839
1.0000000000462836
1.0000000000586451
1.0000000000708331
1.0000000000828140
1.0000000000945553
1.0000000001060261
1.0000000001171960
1.0000000001280347
1.0000000001385116
1.0000000001485994
1.0000000001582698
1.0000000001674949
1.0000000001762486
1.0000000001845075
1.0000000001922484
1.0000000001994493
1.0000000002060894
1.0000000002121487
1.0000000002176097
1.0000000002224547
1.0000000002266687
1.0000000002302376
1.0000000002331486
1.0000000002353915
1.0000000002369578
1.0000000002378415
1.0000000002380391
1.0000000002375482
1.0000000002363671
1.0000000002344955
1.0000000002319345
1.0000000002286873
1.0000000002247600
1.0000000002201601
1.0000000002148963
1.0000000002089777
1.0000000002024161
1.0000000001952261
1.0000000001874243
1.0000000001790270
1.0000000001700522
1.0000000001605198
1.0000000001504512
1.0000000001398697
1.0000000001287992
1.0000000001172646
1.0000000001052911
1.0000000000929072
1.0000000000801421
1.0000000000670271
1.0000000000535929
1.0000000000398712
1.0000000000258933
1.0000000000116918
0.9999999999972984
0.9999999999827469
0.9999999999680721
0.9999999999533103
0.9999999999384986
0.9999999999236735
0.9999999999088711
0.9999999998941271
0.9999999998794775
0.9999999998649586
0.9999999998506055
0.9999999998364530
0.9999999998225358
0.9999999998088888
0.9999999997955458
0.9999999997825405
0.9999999997699063
0.9999999997576753
0.9999999997458775
0.9999999997345428
0.9999999997236995
0.9999999997133759
0.9999999997035987
0.9999999996943932
0.9999999996857840
0.9999999996777930
0.9999999996704408
0.9999999996637479
0.9999999996577328
0.9999999996524130
0.9999999996478041
0.9999999996439195
0.9999999996407714
0.9999999996383696
0.9999999996367225
0.9999999996358366
0.9999999996357176
0.9999999996363692
0.9999999996377932
0.9999999996399889
0.9999999996429544
0.9999999996466860
0.9999999996511779
0.9999999996564237
0.9999999996624137
0.9999999996691374
0.9999999996765824
0.9999999996847344
0.9999999996935781
0.9999999997030961
0.9999999997132697
0.9999999997240782
0.9999999997354985
0.9999999997475065
0.9999999997600774
0.9999999997731857
0.9999999997868050
0.9999999998009063
0.9999999998154593
0.9999999998304330
0.9999999998457956
0.9999999998615143
0.9999999998775561
0.9999999998938860
0.9999999999104694
0.9999999999272707
0.9999999999442545
0.9999999999613849
0.9999999999786253
0.9999999999959396
1.0000000000132914
1.0000000000306430
1.0000000000479572
1.0000000000651963
1.0000000000823235
1.0000000000993010
1.0000000001160929
1.0000000001326634
1.0000000001489766
1.0000000001649978
1.0000000001806937
1.0000000001960319
1.0000000002109799
1.0000000002255065
1.0000000002395810
1.0000000002531733
1.0000000002662537
1.0000000002787952
1.0000000002907712
1.0000000003021547
1.0000000003129221
1.0000000003230503
1.0000000003325178
1.0000000003413052
1.0000000003493952
1.0000000003567722
1.0000000003634215
1.0000000003693301
1.0000000003744871
1.0000000003788831
1.0000000003825107
1.0000000003853635
1.0000000003874394
1.0000000003887366
1.0000000003892546
1.0000000003889957
1.0000000003879637
1.0000000003861633
1.0000000003836016
1.0000000003802858
1.0000000003762266
