1.0047040557268971
1.0046447764987703
1.0045744621543409
1.0044932772626569
1.0044014118710969
1.0042990810900632
1.0041865246221091
1.0040640062362229
1.0039318131881005
1.0037902555873168
1.0036396657124207
1.0034803972750681
1.0033128246344132
1.0031373419630814
1.0029543623661479
1.0027643169546618
1.0025676538753554
1.0023648372982956
1.0021563463643364
1.0019426740943498
1.0017243262623268
1.0015018202345427
1.0012756837770971
1.0010464538342481
1.0008146752800733
1.0005808996460883
1.0003456838275691
1.0001095887714115
0.9998731781484677
0.9996370170133859
0.9994016704550724
0.9991677022409676
0.9989356734584025
0.9987061411563722
0.9984796569911158
0.9982567658789415
0.9980380046597762
0.9978239007749461
0.9976149709627044
0.9974117199750411
0.9972146393192950
0.9970242060280665
0.9968408814609003
0.9966651101411631
0.9964973186314809
0.9963379144510260
0.9961872850378553
0.9960457967594042
0.9959137939741285
0.9957915981471483
0.9956795070226176
0.9955777938553836
0.9954867067043386
0.9954064677896838
0.9953372729161362
0.9952792909639203
0.9952326634491687
0.9951975041551410
0.9951738988354574
0.9951619049902973
0.9951615517162926
0.9951728396306000
0.9951957408694030
0.9952301991608475
0.9952761299721717
0.9953334207305538
0.9954019311169654
0.9954814934320773
0.9955719130330410
0.9956729688397421
0.9957844139089045
0.9959059760742210
0.9960373586504849
0.9961782411995072
0.9963282803554266
0.9964871107068524
0.9966543457331276
0.9968295787918582
0.9970123841547207
0.9972023180884548
0.9973989199778356
0.9976017134873423
0.9978102077581601
0.9980238986370926
0.9982422699339180
0.9984647947036893
0.9986909365504590
0.9989201509488960
0.9991518865802730
0.9993855866793213
0.9996206903884679
0.9998566341160182
1.0000928528948863
1.0003287817385411
1.0005638569908928
1.0007975176669270
1.0010292067809607
1.0012583726594939
1.0014844702357111
1.0017069623227945
1.0019253208632988
1.0021390281519467
1.0023475780293185
1.0025504770440032
1.0027472455808983
1.0029374189534581
1.0031205484577932
1.0032962023866439
1.0034639670013554
1.0036234474601007
1.0037742687007021
1.0039160762765109
1.0040485371439136
1.0041713404001360
1.0042841979701231
1.0043868452413691
1.0044790416456846
1.0045605711869701
1.0046312429141704
1.0046908913386725
1.0047393767955179
1.0047765857478681
1.0048024310342740
1.0048168520583707
1.0048198149207219
1.0048113124926115
1.0047913644316755
1.0047600171393571
1.0047173436602368
1.0046634435233928
1.0045984425260275
1.0045224924596787
1.0044357707794298
1.0043384802166182
1.0042308483356319
1.0041131270354764
1.0039855919968885
1.0038485420758696
1.0037022986446036
1.0035472048808292
1.0033836250068360
1.0032119434793525
1.0030325641317022
1.0028459092697106
1.0026524187229522
1.0024525488530334
1.0022467715207242
1.0020355730138604
1.0018194529380415
1.0015989230722737
1.0013745061918129
1.0011467348605729
1.0009161501955743
1.0006833006060185
1.0004487405096778
1.0002130290293889
0.9999767286725461
0.9997404039965692
0.9995046202634266
0.9992699420863713
0.9990369320721177
0.9988061494617707
0.9985781487738639
0.9983534784529241
0.9981326795270318
0.9979162842778613
0.9977048149267230
0.9974987823401396
0.9972986847584727
0.9971050065511232
0.9969182170017886
0.9967387691272281
0.9965670985329317
0.9964036223090192
0.9962487379696275
0.9961028224389323
0.9959662310868581
0.9958392968174012
0.9957223292123589
0.9956156137331060
0.9955194109829061
0.9954339560320693
0.9953594578080841
0.9952960985526623
0.9952440333474261
0.9952033897097560
0.9951742672601047
0.9951567374618462
0.9951508434345018
0.9951565998409533
0.9951739928490051
0.9952029801674209
0.9952434911563194
0.9952954270115670
0.9953586610225755
0.9954330389026631
0.9955183791909152
0.9956144737242552
0.9957210881782054
0.9958379626746162
0.9959648124544360
0.9961013286133947
0.9962471788982969
0.9964020085614462
0.9965654412705576
0.9967370800713730
0.9969165084000580
0.9971032911423335
0.9972969757361946
0.9974970933149627
0.9977031598873510
0.9979146775511435
0.9981311357370422
0.9983520124791955
0.9985767757088972
0.9988048845679263
0.9990357907379998
0.9992689397828237
0.9995037724992493
0.9997397262740660
0.9999762364430204
1.0002127376486893
1.0004486651939049
1.0006834563874938
1.0009165518791754
1.0011473969805387
1.0013754429691148
1.0016001483726507
1.0018209802307900
1.0020374153314715
1.0022489414194515
1.0024550583744807
1.0026552793567585
1.0028491319174084
1.0030361590718309
1.0032159203338944
1.0033879927090430
1.0035519716445052
1.0037074719349066
1.0038541285816929
1.0039915976048746
1.0041195568057177
1.0042377064791084
1.0043457700744169
1.0044434948037908
1.0045306521969093
1.0046070386013222
1.0046724756275920
1.0047268105385592
1.0047699165821318
1.0048016932670978
1.0048220665815490
1.0048309891535905
1.0048284403540964
1.0048144263413576
1.0047889800475593
1.0047521611071044
1.0047040557268971
1.0046447764987703
1.0045744621543409
1.0044932772626569
