1.0114530070177241
1.0113097416862642
1.0111397952285586
1.0109435528037709
1.0107214594928837
1.0104740194555126
1.0102017949704580
1.0099054053601908
1.0095855257995363
1.0092428860089209
1.0088782688326405
1.0084925087027403
1.0080864899892328
1.0076611452375519
1.0072174532943363
1.0067564373228253
1.0062791627094012
1.0057867348630587
1.0052802969098642
1.0047610272847713
1.0042301372234748
1.0036888681573470
1.0031384890148554
1.0025802934332517
1.0020155968847304
1.0014457337216651
1.0008720541459846
1.0002959211081752
0.9997187071418612
0.9991417911403716
0.9985665550821626
0.9979943807124214
0.9974266461886233
0.9968647226982656
0.9963099710574207
0.9957637382991524
0.9952273542612333
0.9947021281829438
0.9941893453210535
0.9936902635953654
0.9932061102744416
0.9927380787123201
0.9922873251471630
0.9918549655728661
0.9914420726946761
0.9910496729798259
0.9906787438140917
0.9903302107750078
0.9900049450322399
0.9897037608853005
0.9894274134484253
0.9891765964919816
0.9889519404492733
0.9887540105970318
0.9885833054172493
0.9884402551473221
0.9883252205247255
0.9882384917316447
0.9881802875441650
0.9881507546897383
0.9881499674157568
0.9881779272711335
0.9882345631018643
0.9883197312605788
0.9884332160291617
0.9885747302525828
0.9887439161811454
0.9889403465174693
0.9891635256636505
0.9894128911632003
0.9896878153315759
0.9899876070683694
0.9903115138435240
0.9906587238493151
0.9910283683092547
0.9914195239345711
0.9918312155184588
0.9922624186579309
0.9927120625927827
0.9931790331509414
0.9936621757893050
0.9941602987190573
0.9946721761044182
0.9951965513237945
0.9957321402823820
0.9962776347654048
0.9968317058213666
0.9973930071649189
0.9979601785892274
0.9985318493780421
0.9991066417080262
0.9996831740322687
1.0002600644363258
1.0008359339585520
1.0014094098669235
1.0019791288850044
1.0025437403601734
1.0031019093676752
1.0036523197445311
1.0041936770477928
1.0047247114320659
1.0052441804416723
1.0057508717132320
1.0062436055848596
1.0067212376085537
1.0071826609627270
1.0076268087621760
1.0080526562631034
1.0084592229611227
1.0088455745804534
1.0092108249527572
1.0095541377843205
1.0098747283104816
1.0101718648364038
1.0104448701634479
1.0106931229005547
1.0109160586601651
1.0111131711383186
1.0112840130786569
1.0114281971201311
1.0115453965282735
1.0116353458099363
1.0116978412114344
1.0117327411000576
1.0117399662289248
1.0117194998851728
1.0116713879214740
1.0115957386708792
1.0114927227449861
1.0113625727154449
1.0112055826788036
1.0110221077047279
1.0108125631676395
1.0105774239618446
1.0103172236002691
1.0100325531969623
1.0097240603335995
1.0093924478102934
1.0090384722811228
1.0086629427748992
1.0082667191018273
1.0078507101468750
1.0074158720508382
1.0069632062802873
1.0064937575878070
1.0060086118641827
1.0055088938844532
1.0049957649500421
1.0044704204294927
1.0039340872006719
1.0033880209976584
1.0028335036659204
1.0022718403297675
1.0017043564764918
1.0011323949620270
1.0005573129434076
0.9999804787437511
0.9994032686559511
0.9988270636917183
0.9982532462830754
0.9976831969438681
0.9971182908992878
0.9965598946918564
0.9960093627727186
0.9954680340874968
0.9949372286663258
0.9944182442280165
0.9939123528086072
0.9934207974248129
0.9929447887830949
0.9924855020452419
0.9920440736614620
0.9916215982820284
0.9912191257585337
0.9908376582457109
0.9904781474146620
0.9901414917881187
0.9898285342080916
0.9895400594459237
0.9892767919643471
0.9890393938406750
0.9888284628597099
0.9886445307843565
0.9884880618112453
0.9883594512179736
0.9882590242077955
0.9881870349567634
0.9881436658674919
0.9881290270328165
0.9881431559117027
0.9881860172188435
0.9882575030284299
0.9883574330916319
0.9884855553663928
0.9886415467571944
0.9888250140615543
0.9890354951191164
0.9892724601583445
0.9895353133350127
0.9898233944559186
0.9901359808805231
0.9904722895925504
0.9908314794329856
0.9912126534853553
0.9916148616036986
0.9920371030732278
0.9924783293933354
0.9929374471723227
0.9934133211230263
0.9939047771483721
0.9944106055058178
0.9949295640396348
0.9954603814700271
0.9960017607281951
0.9965523823266202
0.9971109077540437
0.9976759828848853
0.9982462413931387
0.9988203081611111
0.9993968026737567
0.9999743423897309
1.0005515460807155
1.0011270371309970
1.0016994467897333
1.0022674173687867
1.0028296053794699
1.0033846846020114
1.0039313490819959
1.0044683160484964
1.0049943287490501
1.0055081591970554
1.0060086108275885
1.0064945210580332
1.0069647637502896
1.0074182515716965
1.0078539382521279
1.0082708207350455
1.0086679412205783
1.0090443890989695
1.0093993027729788
1.0097318713680434
1.0100413363292056
1.0103269929039935
1.0105881915105936
1.0108243389907905
1.0110348997472594
1.0112193967649079
1.0113774125160329
1.0115085897491256
1.0116126321612156
1.0116893049536704
1.0117384352714136
1.0117599125255290
1.0117536885992433
1.0117197779372789
1.0116582575185751
1.0115692667123812
1.0114530070177241
1.0113097416862642
1.0111397952285586
1.0109435528037709
