1.0020826304071642
1.0020563255208579
1.0020251228009915
1.0019890962030455
1.0019483311110640
1.0019029241412933
1.0018529829198408
1.0017986258347904
1.0017399817632893
1.0016771897741574
1.0016103988066345
1.0015397673259219
1.0014654629562403
1.0013876620921582
1.0013065494890188
1.0012223178333199
1.0011351672939637
1.0010453050553370
1.0009529448332279
1.0008583063746308
1.0007616149425287
1.0006631007867928
1.0005629986023710
1.0004615469759828
1.0003589878225589
1.0002555658127181
1.0001515277925868
1.0000471221973035
0.9999425984595790
0.9998382064146936
0.9997341957033468
0.9996308151737823
0.9995283122846240
0.9994269325098758
0.9993269187475377
0.9992285107332946
0.9991319444607315
0.9990374516095261
0.9989452589830575
0.9988555879568614
0.9987686539393280
0.9986846658460422
0.9986038255891192
0.9985263275828664
0.9984523582670656
0.9983820956491284
0.9983157088663434
0.9982533577693744
0.9981951925281256
0.9981413532610314
0.9980919696887773
0.9980471608133878
0.9980070346235482
0.9979716878269710
0.9979412056105382
0.9979156614288770
0.9978951168219518
0.9978796212621789
0.9978692120314812
0.9978639141286268
0.9978637402071079
0.9978686905437271
0.9978787530379865
0.9978939032422764
0.9979141044227825
0.9979393076509412
0.9979694519251864
0.9980044643226570
0.9980442601804399
0.9980887433058538
0.9981378062151897
0.9981913304002545
0.9982491866219929
0.9983112352303741
0.9983773265096861
0.9984473010482924
0.9985209901318558
0.9985982161589748
0.9986787930781167
0.9987625268446858
0.9988492158970169
0.9989386516500379
0.9990306190053118
0.9991248968761272
0.9992212587262802
0.9993194731211598
0.9994193042897335
0.9995205126960064
0.9996228556185116
0.9997260877363858
0.9998299617205733
0.9999342288287039
1.0000386395021892
1.0001429439640892
1.0002468928163066
1.0003502376346887
1.0004527315606215
1.0005541298877327
1.0006541906423310
1.0007526751562372
1.0008493486307004
1.0009439806901126
1.0010363459242695
1.0011262244179726
1.0012134022667833
1.0012976720778035
1.0013788334543836
1.0014566934637001
1.0015310670862005
1.0016017776459571
1.0016686572210030
1.0017315470327943
1.0017902978139772
1.0018447701536934
1.0018948348197068
1.0019403730566852
1.0019812768600298
1.0020174492246894
1.0020488043684537
1.0020752679292753
1.0020967771362161
1.0021132809536808
1.0021247401986415
1.0021311276306271
1.0021324280142871
1.0021286381544150
1.0021197669033493
1.0021058351407508
1.0020868757257844
1.0020629334218110
1.0020340647937289
1.0020003380781848
1.0019618330269000
1.0019186407234333
1.0018708633737496
1.0018186140710164
1.0017620165351069
1.0017012048273399
1.0016363230410414
1.0015675249685596
1.0014949737454284
1.0014188414724179
1.0013393088162579
1.0012565645898770
1.0011708053130493
1.0010822347543846
1.0009910634556418
1.0008975082393972
1.0008017917011396
1.0007041416869082
1.0006047907576254
1.0005039756413243
1.0004019366744967
1.0002989172338304
1.0001951631596309
1.0000909221722560
0.9999864432829145
0.9998819762002156
0.9997777707338587
0.9996740761968886
0.9995711408079453
0.9994692110949535
0.9993685313017031
0.9992693427987779
0.9991718835002871
0.9990763872878579
0.9989830834433264
0.9988921960915675
0.9988039436548731
0.9987185383202887
0.9986361855212735
0.9985570834350305
0.9984814224968180
0.9984093849325221
0.9983411443107235
0.9982768651154477
0.9982167023407331
0.9981608011081134
0.9981092963080409
0.9980623122662198
0.9980199624357534
0.9979823491159504
0.9979495631985541
0.9979216839420917
0.9978987787749647
0.9978809031278236
0.9978681002956900
0.9978604013302061
0.9978578249623107
0.9978603775555545
0.9978680530901897
0.9978808331780720
0.9978986871083374
0.9979215719237241
0.9979494325273285
0.9979822018195006
0.9980198008645029
0.9980621390864681
0.9981091144941145
0.9981606139336051
0.9982165133688551
0.9982766781885223
0.9983409635388393
0.9984092146813904
0.9984812673748610
0.9985569482797313
0.9986360753848291
0.9987184584546051
0.9988038994959398
0.9988921932432521
0.9989831276606329
0.9990764844596951
0.9991720396317915
0.9992695639932297
0.9993688237420911
0.9994695810252316
0.9995715945140325
0.9996746199874565
0.9997784109209591
0.9998827190797922
0.9999872951152525
1.0000918891624164
1.0001962514379175
1.0003001328363359
1.0004032855237828
1.0005054635272757
1.0006064233185274
1.0007059243907923
1.0008037298274461
1.0008996068609970
1.0009933274212597
1.0010846686714665
1.0011734135311134
1.0012593511843901
1.0013422775730767
1.0014219958728316
1.0014983169518386
1.0015710598108338
1.0016400520035704
1.0017051300368280
1.0017661397491293
1.0018229366673737
1.0018753863406398
1.0019233646504695
1.0019667580969986
1.0020054640603437
1.0020393910367131
1.0020684588487676
1.0020925988298002
1.0021117539813660
1.0021258791040457
1.0021349409010814
1.0021389180546747
1.0021378012747981
1.0021315933204187
1.0021203089930957
1.0021039751029637
1.0020826304071642
1.0020563255208579
1.0020251228009915
1.0019890962030455
