1.0000000725094496
1.0000000716778883
1.0000000706808811
1.0000000695208959
1.0000000682007861
1.0000000667237841
1.0000000650934935
1.0000000633138799
1.0000000613892621
1.0000000593243019
1.0000000571239929
1.0000000547936474
1.0000000523388850
1.0000000497656198
1.0000000470800441
1.0000000442886159
1.0000000413980423
1.0000000384152625
1.0000000353474339
1.0000000322019111
1.0000000289862330
1.0000000257080999
1.0000000223753567
1.0000000189959761
1.0000000155780380
1.0000000121297099
1.0000000086592300
1.0000000051748852
1.0000000016849904
0.9999999981978700
0.9999999947218366
0.9999999912651727
0.9999999878361097
0.9999999844428100
0.9999999810933469
0.9999999777956846
0.9999999745576607
0.9999999713869657
0.9999999682911241
0.9999999652774777
0.9999999623531672
0.9999999595251177
0.9999999568000197
0.9999999541843138
0.9999999516841758
0.9999999493055015
0.9999999470538937
0.9999999449346479
0.9999999429527389
0.9999999411128091
0.9999999394191594
0.9999999378757378
0.9999999364861298
0.9999999352535512
0.9999999341808370
0.9999999332704377
0.9999999325244138
0.9999999319444303
0.9999999315317506
0.9999999312872357
0.9999999312113425
0.9999999313041221
0.9999999315652207
0.9999999319938800
0.9999999325889380
0.9999999333488316
0.9999999342716003
0.9999999353548930
0.9999999365959736
0.9999999379917269
0.9999999395386663
0.9999999412329432
0.9999999430703554
0.9999999450463566
0.9999999471560678
0.9999999493942875
0.9999999517555055
0.9999999542339169
0.9999999568234353
0.9999999595177078
0.9999999623101296
0.9999999651938616
0.9999999681618466
0.9999999712068232
0.9999999743213464
0.9999999774978037
0.9999999807284343
0.9999999840053474
0.9999999873205424
0.9999999906659283
0.9999999940333423
0.9999999974145684
1.0000000008013572
1.0000000041854458
1.0000000075585798
1.0000000109125304
1.0000000142391150
1.0000000175302168
1.0000000207778050
1.0000000239739544
1.0000000271108640
1.0000000301808758
1.0000000331764927
1.0000000360903960
1.0000000389154640
1.0000000416447881
1.0000000442716910
1.0000000467897427
1.0000000491927756
1.0000000514748983
1.0000000536305107
1.0000000556543165
1.0000000575413359
1.0000000592869198
1.0000000608867592
1.0000000623368972
1.0000000636337374
1.0000000647740517
1.0000000657549879
1.0000000665740760
1.0000000672292360
1.0000000677187839
1.0000000680414345
1.0000000681963026
1.0000000681829073
1.0000000680011756
1.0000000676514391
1.0000000671344345
1.0000000664513014
1.0000000656035806
1.0000000645932094
1.0000000634225181
1.0000000620942229
1.0000000606114205
1.0000000589775802
1.0000000571965348
1.0000000552724730
1.0000000532099291
1.0000000510137730
1.0000000486891982
1.0000000462417091
1.0000000436771082
1.0000000410014813
1.0000000382211842
1.0000000353428267
1.0000000323732567
1.0000000293195443
1.0000000261889641
1.0000000229889767
1.0000000197272148
1.0000000164114629
1.0000000130496394
1.0000000096497770
1.0000000062200045
1.0000000027685250
0.9999999993035974
0.9999999958335168
0.9999999923665939
0.9999999889111345
0.9999999854754229
0.9999999820676999
0.9999999786961432
0.9999999753688488
0.9999999720938093
0.9999999688788976
0.9999999657318477
0.9999999626602347
0.9999999596714568
0.9999999567727177
0.9999999539710100
0.9999999512730993
0.9999999486855059
0.9999999462144906
0.9999999438660394
0.9999999416458485
0.9999999395593104
0.9999999376115022
0.9999999358071725
0.9999999341507315
0.9999999326462378
0.9999999312973895
0.9999999301075168
0.9999999290795731
0.9999999282161277
0.9999999275193588
0.9999999269910503
0.9999999266325864
0.9999999264449467
0.9999999264287052
0.9999999265840296
0.9999999269106797
0.9999999274080085
0.9999999280749631
0.9999999289100894
0.9999999299115316
0.9999999310770394
0.9999999324039720
0.9999999338893049
0.9999999355296360
0.9999999373211945
0.9999999392598515
0.9999999413411261
0.9999999435601994
0.9999999459119248
0.9999999483908394
0.9999999509911789
0.9999999537068900
0.9999999565316440
0.9999999594588518
0.9999999624816792
0.9999999655930650
0.9999999687857374
0.9999999720522318
0.9999999753849064
0.9999999787759616
0.9999999822174579
0.9999999857013342
0.9999999892194292
0.9999999927635006
0.9999999963252436
0.9999999998963109
1.0000000034683338
1.0000000070329411
1.0000000105817788
1.0000000141065297
1.0000000175989325
1.0000000210508029
1.0000000244540521
1.0000000278007060
1.0000000310829251
1.0000000342930235
1.0000000374234861
1.0000000404669873
1.0000000434164074
1.0000000462648493
1.0000000490056551
1.0000000516324232
1.0000000541390224
1.0000000565196059
1.0000000587686282
1.0000000608808559
1.0000000628513810
1.0000000646756304
1.0000000663493800
1.0000000678687626
1.0000000692302775
1.0000000704307992
1.0000000714675834
1.0000000723382740
1.0000000730409087
1.0000000735739245
1.0000000739361612
1.0000000741268633
1.0000000741456829
1.0000000739926806
1.0000000736683243
1.0000000731734877
1.0000000725094496
1.0000000716778883
1.0000000706808811
1.0000000695208959
