1.0172578787501090
1.0170434394197323
1.0167890402714028
1.0164952420341913
1.0161626930366097
1.0157921281379669
1.0153843675080492
1.0149403152537453
1.0144609578911579
1.0139473626616997
1.0134006756906593
1.0128221199867662
1.0122129932813573
1.0115746657058562
1.0109085773064552
1.0102162353950965
1.0094992117361243
1.0087591395683040
1.0079977104622786
1.0072166710139785
1.0064178193749906
1.0056030016214521
1.0047741079636405
1.0039330687991124
1.0030818506129591
1.0022224517295351
1.0013568979208476
1.0004872378776630
0.9996155385503182
0.9987438803671744
0.9978743523396456
0.9970090470637352
0.9961500556290410
0.9952994624472181
0.9944593400129247
0.9936317436112730
0.9928187059867966
0.9920222319898973
0.9912442932176263
0.9904868226664926
0.9897517094157490
0.9890407933602811
0.9883558600128040
0.9876986353955165
0.9870707810417269
0.9864738891281565
0.9859094777587022
0.9853789864203547
0.9848837716317418
0.9844251028043611
0.9840041583360204
0.9836220219552736
0.9832796793347703
0.9829780149903983
0.9827178094818988
0.9824997369293131
0.9823243628581390
0.9821921423844953
0.9821034187498868
0.9820584222133694
0.9820572693070426
0.9820999624588749
0.9821863899848888
0.9823163264507563
0.9824894334008561
0.9827052604508758
0.9829632467381092
0.9832627227217369
0.9836029123235670
0.9839829353980175
0.9844018105185193
0.9848584580660523
0.9853517036041856
0.9858802815237864
0.9864428389395337
0.9870379398194685
0.9876640693281042
0.9883196383630414
0.9890029882646394
0.9897123956780501
0.9904460775468340
0.9912021962174433
0.9919788646340529
0.9927741516035601
0.9935860871110317
0.9944126676664458
0.9952518616642426
0.9961016147379577
0.9969598550930399
0.9978244988018543
0.9986934550458153
0.9995646312905760
1.0004359383812105
1.0013052955453525
1.0021706352932860
1.0030299082049972
1.0038810875952222
1.0047221740485053
1.0055511998172391
1.0063662330765850
1.0071653820310522
1.0079467988683395
1.0087086835568366
1.0094492874839016
1.0101669169327123
1.0108599363961008
1.0115267717263399
1.0121659131203422
1.0127759179401796
1.0133554133692160
1.0139030989044648
1.0144177486860528
1.0148982136649047
1.0153434236099155
1.0157523889560063
1.0161242024945385
1.0164580409075921
1.0167531661476008
1.0170089266638118
1.0172247584769540
1.0174001861034017
1.0175348233299897
1.0176283738404883
1.0176806316945821
1.0176914816600076
1.0176608993983152
1.0175889515045153
1.0174757954006624
1.0173216790832191
1.0171269407238506
1.0168920081230783
1.0166173980160571
1.0163037152295411
1.0159516516889580
1.0155619852743680
1.0151355785239673
1.0146733771837062
1.0141764086015337
1.0136457799647633
1.0130826763790532
1.0124883587875608
1.0118641617289210
1.0112114909328445
1.0105318207523197
1.0098266914316474
1.0090977062098350
1.0083465282592290
1.0075748774596736
1.0067845270089499
1.0059772998707754
1.0051550650622301
1.0043197337831182
1.0034732553904770
1.0026176132221893
1.0017548202744704
1.0008869147388593
1.0000159554052372
0.9991440169383424
0.9982731850362185
0.9974055514800376
0.9965432090857549
0.9956882465690875
0.9948427433363348
0.9940087642145761
0.9931883541357827
0.9923835327903537
0.9915962892664998
0.9908285766927810
0.9900823069018889
0.9893593451344873
0.9886615048025568
0.9879905423321996
0.9873481521062659
0.9867359615274408
0.9861555262225671
0.9856083254089741
0.9850957574434269
0.9846191355739865
0.9841796839146079
0.9837785336616509
0.9834167195706849
0.9830951767110061
0.9828147375141700
0.9825761291315727
0.9823799711147123
0.9822267734302368
0.9821169348202168
0.9820507415163525
0.9820283663149769
0.9820498680178139
0.9821151912414997
0.9822241665968908
0.9823765112371929
0.9825718297719619
0.9828096155420681
0.9830892522488150
0.9834100159285645
0.9837710772624669
0.9841715042092445
0.9846102649474370
0.9850862311121120
0.9855981813097727
0.9861448048940777
0.9867247059840132
0.9873364077053657
0.9879783566356899
0.9886489274324832
0.9893464276239669
0.9900691025417049
0.9908151403742834
0.9915826773214078
0.9923698028280475
0.9931745648786543
0.9939949753319992
0.9948290152777967
0.9956746403969956
0.9965297863084189
0.9973923738852950
0.9982603145261505
0.9991315153654967
1.0000038844107482
1.0008753355928213
1.0017437937189031
1.0026071993168995
1.0034635133620908
1.0043107218775353
1.0051468404007218
1.0059699183099233
1.0067780430046021
1.0075693439350735
1.0083419964774436
1.0090942256505941
1.0098243096726871
1.0105305833553131
1.0112114413339792
1.0118653411341765
1.0124908060727242
1.0130864279945060
1.0136508698450619
1.0141828680798040
1.0146812349108645
1.0151448603927793
1.0155727143483504
1.0159638481361397
1.0163173962610901
1.0166325778297864
1.0169086978518505
1.0171451483888976
1.0173414095524029
1.0174970503517122
1.0176117293932780
1.0176851954320576
1.0177172877758331
1.0177079365430128
1.0176571627742812
1.0175650783982650
1.0174318860511669
1.0172578787501090
1.0170434394197323
1.0167890402714028
1.0164952420341913
