1.0000000007231657
1.0000000007176091
1.0000000007105796
1.0000000007020982
1.0000000006921883
1.0000000006808774
1.0000000006681948
1.0000000006541732
1.0000000006388483
1.0000000006222591
1.0000000006044478
1.0000000005854590
1.0000000005653409
1.0000000005441438
1.0000000005219198
1.0000000004987231
1.0000000004746110
1.0000000004496423
1.0000000004238774
1.0000000003973777
1.0000000003702061
1.0000000003424276
1.0000000003141098
1.0000000002853198
1.0000000002561267
1.0000000002265996
1.0000000001968092
1.0000000001668257
1.0000000001367197
1.0000000001065621
1.0000000000764238
1.0000000000463751
1.0000000000164870
0.9999999999868296
0.9999999999574722
0.9999999999284842
0.9999999998999338
0.9999999998718876
0.9999999998444102
0.9999999998175656
0.9999999997914147
0.9999999997660175
0.9999999997414323
0.9999999997177142
0.9999999996949174
0.9999999996730931
0.9999999996522895
0.9999999996325527
0.9999999996139276
0.9999999995964558
0.9999999995801752
0.9999999995651212
0.9999999995513249
0.9999999995388144
0.9999999995276134
0.9999999995177435
0.9999999995092234
0.9999999995020686
0.9999999994962924
0.9999999994919041
0.9999999994889095
0.9999999994873114
0.9999999994871077
0.9999999994882937
0.9999999994908610
0.9999999994947982
0.9999999995000902
0.9999999995067193
0.9999999995146643
0.9999999995239006
0.9999999995343998
0.9999999995461301
0.9999999995590567
0.9999999995731425
0.9999999995883476
0.9999999996046297
0.9999999996219447
0.9999999996402460
0.9999999996594836
0.9999999996796048
0.9999999997005551
0.9999999997222763
0.9999999997447095
0.9999999997677943
0.9999999997914688
0.9999999998156694
0.9999999998403326
0.9999999998653932
0.9999999998907859
0.9999999999164437
0.9999999999422982
0.9999999999682794
0.9999999999943179
1.0000000000203442
1.0000000000462899
1.0000000000720868
1.0000000000976683
1.0000000001229676
1.0000000001479181
1.0000000001724545
1.0000000001965115
1.0000000002200244
1.0000000002429301
1.0000000002651677
1.0000000002866762
1.0000000003073981
1.0000000003272778
1.0000000003462621
1.0000000003643013
1.0000000003813458
1.0000000003973488
1.0000000004122664
1.0000000004260574
1.0000000004386833
1.0000000004501086
1.0000000004603002
1.0000000004692280
1.0000000004768661
1.0000000004831910
1.0000000004881828
1.0000000004918244
1.0000000004941025
1.0000000004950065
1.0000000004945300
1.0000000004926692
1.0000000004894261
1.0000000004848049
1.0000000004788121
1.0000000004714575
1.0000000004627558
1.0000000004527252
1.0000000004413865
1.0000000004287646
1.0000000004148868
1.0000000003997835
1.0000000003834884
1.0000000003660363
1.0000000003474663
1.0000000003278204
1.0000000003071436
1.0000000002854827
1.0000000002628882
1.0000000002394120
1.0000000002151084
1.0000000001900333
1.0000000001642455
1.0000000001378062
1.0000000001107787
1.0000000000832265
1.0000000000552149
1.0000000000268110
0.9999999999980814
0.9999999999690944
0.9999999999399197
0.9999999999106277
0.9999999998812891
0.9999999998519732
0.9999999998227509
0.9999999997936935
0.9999999997648708
0.9999999997363521
0.9999999997082071
0.9999999996805050
0.9999999996533159
0.9999999996267080
0.9999999996007466
0.9999999995754947
0.9999999995510133
0.9999999995273624
0.9999999995046014
0.9999999994827875
0.9999999994619778
0.9999999994422263
0.9999999994235838
0.9999999994060982
0.9999999993898137
0.9999999993747727
0.9999999993610146
0.9999999993485759
0.9999999993374907
0.9999999993277903
0.9999999993195033
0.9999999993126547
0.9999999993072657
0.9999999993033536
0.9999999993009314
0.9999999993000082
0.9999999993005905
0.9999999993026811
0.9999999993062808
0.9999999993113858
0.9999999993179893
0.9999999993260805
0.9999999993356454
0.9999999993466664
0.9999999993591216
0.9999999993729860
0.9999999993882318
0.9999999994048290
0.9999999994227451
0.9999999994419451
0.9999999994623888
0.9999999994840345
0.9999999995068355
0.9999999995307429
0.9999999995557063
0.9999999995816715
0.9999999996085832
0.9999999996363834
0.9999999996650131
0.9999999996944103
0.9999999997245118
0.9999999997552511
0.9999999997865605
0.9999999998183713
0.9999999998506137
0.9999999998832171
0.9999999999161104
0.9999999999492211
0.9999999999824775
1.0000000000158082
1.0000000000491409
1.0000000000824030
1.0000000001155218
1.0000000001484235
1.0000000001810356
1.0000000002132858
1.0000000002451035
1.0000000002764191
1.0000000003071645
1.0000000003372733
1.0000000003666791
1.0000000003953176
1.0000000004231266
1.0000000004500467
1.0000000004760197
1.0000000005009901
1.0000000005249035
1.0000000005477072
1.0000000005693526
1.0000000005897931
1.0000000006089853
1.0000000006268885
1.0000000006434657
1.0000000006586836
1.0000000006725105
1.0000000006849179
1.0000000006958802
1.0000000007053753
1.0000000007133871
1.0000000007199021
1.0000000007249110
1.0000000007284076
1.0000000007303882
1.0000000007308514
1.0000000007297978
1.0000000007272327
1.0000000007231657
1.0000000007176091
1.0000000007105796
1.0000000007020982
