1.0000000043504929
1.0000000043080244
1.0000000042561032
1.0000000041948658
1.0000000041244688
1.0000000040450900
1.0000000039569301
1.0000000038602086
1.0000000037551660
1.0000000036420615
1.0000000035211738
1.0000000033927994
1.0000000032572536
1.0000000031148677
1.0000000029659886
1.0000000028109783
1.0000000026502118
1.0000000024840767
1.0000000023129738
1.0000000021373139
1.0000000019575195
1.0000000017740218
1.0000000015872599
1.0000000013976809
1.0000000012057386
1.0000000010118917
1.0000000008166023
1.0000000006203349
1.0000000004235559
1.0000000002267340
1.0000000000303364
0.9999999998348287
0.9999999996406743
0.9999999994483332
0.9999999992582601
0.9999999990709044
0.9999999988867081
0.9999999987061038
0.9999999985295138
0.9999999983573507
0.9999999981900157
0.9999999980278986
0.9999999978713779
0.9999999977208172
0.9999999975765650
0.9999999974389551
0.9999999973083044
0.9999999971849144
0.9999999970690681
0.9999999969610289
0.9999999968610408
0.9999999967693280
0.9999999966860950
0.9999999966115244
0.9999999965457780
0.9999999964889970
0.9999999964413008
0.9999999964027878
0.9999999963735340
0.9999999963535926
0.9999999963429939
0.9999999963417436
0.9999999963498257
0.9999999963672023
0.9999999963938118
0.9999999964295710
0.9999999964743740
0.9999999965280931
0.9999999965905791
0.9999999966616616
0.9999999967411503
0.9999999968288333
0.9999999969244793
0.9999999970278384
0.9999999971386424
0.9999999972566044
0.9999999973814193
0.9999999975127654
0.9999999976503045
0.9999999977936835
0.9999999979425369
0.9999999980964848
0.9999999982551357
0.9999999984180883
0.9999999985849296
0.9999999987552375
0.9999999989285819
0.9999999991045246
0.9999999992826207
0.9999999994624198
0.9999999996434675
0.9999999998253071
1.0000000000074816
1.0000000001895326
1.0000000003710019
1.0000000005514318
1.0000000007303682
1.0000000009073609
1.0000000010819632
1.0000000012537342
1.0000000014222403
1.0000000015870556
1.0000000017477639
1.0000000019039590
1.0000000020552446
1.0000000022012374
1.0000000023415672
1.0000000024758766
1.0000000026038232
1.0000000027250806
1.0000000028393383
1.0000000029463030
1.0000000030456986
1.0000000031372676
1.0000000032207730
1.0000000032959970
1.0000000033627414
1.0000000034208281
1.0000000034701009
1.0000000035104240
1.0000000035416823
1.0000000035637842
1.0000000035766612
1.0000000035802656
1.0000000035745735
1.0000000035595853
1.0000000035353231
1.0000000035018322
1.0000000034591792
1.0000000034074528
1.0000000033467631
1.0000000032772418
1.0000000031990421
1.0000000031123404
1.0000000030173346
1.0000000029142420
1.0000000028032985
1.0000000026847609
1.0000000025589049
1.0000000024260243
1.0000000022864293
1.0000000021404474
1.0000000019884221
1.0000000018307105
1.0000000016676840
1.0000000014997266
1.0000000013272341
1.0000000011506143
1.0000000009702865
1.0000000007866812
1.0000000006002370
1.0000000004113989
1.0000000002206180
1.0000000000283504
0.9999999998350558
0.9999999996411966
0.9999999994472377
0.9999999992536455
0.9999999990608857
0.9999999988694223
0.9999999986797175
0.9999999984922291
0.9999999983074095
0.9999999981257065
0.9999999979475620
0.9999999977734100
0.9999999976036754
0.9999999974387712
0.9999999972791002
0.9999999971250521
0.9999999969770036
0.9999999968353187
0.9999999967003463
0.9999999965724201
0.9999999964518582
0.9999999963389616
0.9999999962340139
0.9999999961372790
0.9999999960490019
0.9999999959694077
0.9999999958987014
0.9999999958370666
0.9999999957846666
0.9999999957416424
0.9999999957081134
0.9999999956841763
0.9999999956699051
0.9999999956653520
0.9999999956705462
0.9999999956854936
0.9999999957101768
0.9999999957445560
0.9999999957885681
0.9999999958421282
0.9999999959051283
0.9999999959774380
0.9999999960589048
0.9999999961493546
0.9999999962485931
0.9999999963564048
0.9999999964725528
0.9999999965967816
0.9999999967288167
0.9999999968683642
0.9999999970151117
0.9999999971687308
0.9999999973288763
0.9999999974951879
0.9999999976672906
0.9999999978447969
0.9999999980273063
0.9999999982144065
0.9999999984056740
0.9999999986006748
0.9999999987989666
0.9999999990000998
0.9999999992036173
0.9999999994090555
0.9999999996159455
0.9999999998238158
1.0000000000321927
1.0000000002406018
1.0000000004485685
1.0000000006556191
1.0000000008612824
1.0000000010650911
1.0000000012665820
1.0000000014652961
1.0000000016607824
1.0000000018525959
1.0000000020403006
1.0000000022234701
1.0000000024016893
1.0000000025745548
1.0000000027416753
1.0000000029026723
1.0000000030571823
1.0000000032048564
1.0000000033453620
1.0000000034783827
1.0000000036036196
1.0000000037207935
1.0000000038296448
1.0000000039299339
1.0000000040214403
1.0000000041039638
1.0000000041773265
1.0000000042413710
1.0000000042959616
1.0000000043409831
1.0000000043763435
1.0000000044019741
1.0000000044178294
1.0000000044238868
1.0000000044201478
1.0000000044066346
1.0000000043833934
1.0000000043504929
1.0000000043080244
1.0000000042561032
1.0000000041948658
