1.0000264808816364
1.0000261494193992
1.0000257557852887
1.0000253009249007
1.0000247859299665
1.0000242120357412
1.0000235806180502
1.0000228931900006
1.0000221513983629
1.0000213570196348
1.0000205119557926
1.0000196182297474
1.0000186779805069
1.0000176934580647
1.0000166670180219
1.0000156011159580
1.0000144983015589
1.0000133612125239
1.0000121925682612
1.0000109951633878
1.0000097718610519
1.0000085255860889
1.0000072593180314
1.0000059760839872
1.0000046789514045
1.0000033710207410
1.0000020554180520
1.0000007352875189
0.9999994137839364
0.9999980940651700
0.9999967792846077
0.9999954725836226
0.9999941770840648
0.9999928958807998
0.9999916320343103
0.9999903885633820
0.9999891684378881
0.9999879745716891
0.9999868098156691
0.9999856769509213
0.9999845786821001
0.9999835176309545
0.9999824963300633
0.9999815172167822
0.9999805826274187
0.9999796947916468
0.9999788558271772
0.9999780677346986
0.9999773323930944
0.9999766515549545
0.9999760268423846
0.9999754597431318
0.9999749516070310
0.9999745036427804
0.9999741169150532
0.9999737923419550
0.9999735306928322
0.9999733325864358
0.9999731984894458
0.9999731287153576
0.9999731234237396
0.9999731826198555
0.9999733061546552
0.9999734937251359
0.9999737448750713
0.9999740589961070
0.9999744353292205
0.9999748729665412
0.9999753708535269
0.9999759277914910
0.9999765424404746
0.9999772133224546
0.9999779388248841
0.9999787172045540
0.9999795465917660
0.9999804249948105
0.9999813503047338
0.9999823203003853
0.9999833326537366
0.9999843849354546
0.9999854746207144
0.9999865990952416
0.9999877556615688
0.9999889415454907
0.9999901539027031
0.9999913898256095
0.9999926463502802
0.9999939204635415
0.9999952091101859
0.9999965092002815
0.9999978176165645
0.9999991312218969
1.0000004468667716
1.0000017613968470
1.0000030716604928
1.0000043745163278
1.0000056668407367
1.0000069455353400
1.0000082075344070
1.0000094498121861
1.0000106693901440
1.0000118633440880
1.0000130288111622
1.0000141629966923
1.0000152631808705
1.0000163267252631
1.0000173510791164
1.0000183337854600
1.0000192724869830
1.0000201649316720
1.0000210089781982
1.0000218026010366
1.0000225438953112
1.0000232310813526
1.0000238625089548
1.0000244366613213
1.0000249521586948
1.0000254077616582
1.0000258023740993
1.0000261350458375
1.0000264049748944
1.0000266115094156
1.0000267541492311
1.0000268325470543
1.0000268465093165
1.0000267959966334
1.0000266811239009
1.0000265021600254
1.0000262595272849
1.0000259538003231
1.0000255857047784
1.0000251561155540
1.0000246660547312
1.0000241166891299
1.0000235093275240
1.0000228454175173
1.0000221265420866
1.0000213544158014
1.0000205308807282
1.0000196579020326
1.0000187375632845
1.0000177720614820
1.0000167637018043
1.0000157148921047
1.0000146281371576
1.0000135060326736
1.0000123512590995
1.0000111665752129
1.0000099548115300
1.0000087188635394
1.0000074616847858
1.0000061862798124
1.0000048956969776
1.0000035930211708
1.0000022813664387
1.0000009638685419
0.9999996436774603
0.9999983239498640
0.9999970078415645
0.9999956984999721
0.9999943990565704
0.9999931126194308
0.9999918422657798
0.9999905910346408
0.9999893619195689
0.9999881578614912
0.9999869817416739
0.9999858363748336
0.9999847245024045
0.9999836487859800
0.9999826118009493
0.9999816160303359
0.9999806638588570
0.9999797575672204
0.9999788993266671
0.9999780911937756
0.9999773351055421
0.9999766328747456
0.9999759861856098
0.9999753965897717
0.9999748655025678
0.9999743941996451
0.9999739838139070
0.9999736353328017
0.9999733495959537
0.9999731272931562
0.9999729689627166
0.9999728749901621
0.9999728456073146
0.9999728808917311
0.9999729807665161
0.9999731450005008
0.9999733732087907
0.9999736648536817
0.9999740192459418
0.9999744355464533
0.9999749127682152
0.9999754497787000
0.9999760453025567
0.9999766979246547
0.9999774060934634
0.9999781681247567
0.9999789822056361
0.9999798463988625
0.9999807586474811
0.9999817167797369
0.9999827185142615
0.9999837614655230
0.9999848431495247
0.9999859609897398
0.9999871123232648
0.9999882944071834
0.9999895044251172
0.9999907394939540
0.9999919966707363
0.9999932729596919
0.9999945653193897
0.9999958706700054
0.9999971859006791
0.9999985078769459
0.9999998334482253
1.0000011594553431
1.0000024827380796
1.0000038001427183
1.0000051085295787
1.0000064047805142
1.0000076858063605
1.0000089485543140
1.0000101900152221
1.0000114072307684
1.0000125973005392
1.0000137573889472
1.0000148847320047
1.0000159766439247
1.0000170305235310
1.0000180438604718
1.0000190142412120
1.0000199393547955
1.0000208169983626
1.0000216450824073
1.0000224216357660
1.0000231448103221
1.0000238128854186
1.0000244242719651
1.0000249775162284
1.0000254713033010
1.0000259044602400
1.0000262759588663
1.0000265849182133
1.0000268306066287
1.0000270124435184
1.0000271300007297
1.0000271830035714
1.0000271713314666
1.0000270950182368
1.0000269542520179
1.0000267493748061
1.0000264808816364
1.0000261494193992
1.0000257557852887
1.0000253009249007
