1.0000169692313681
1.0000167573221435
1.0000165056034473
1.0000162146804612
1.0000158852519239
1.0000155181084605
1.0000151141306888
1.0000146742871163
1.0000141996318217
1.0000136913019357
1.0000131505149215
1.0000125785656622
1.0000119768233675
1.0000113467282989
1.0000106897883281
1.0000100075753293
1.0000093017214251
1.0000085739150832
1.0000078258970810
1.0000070594563435
1.0000062764256690
1.0000054786773465
1.0000046681186809
1.0000038466874344
1.0000030163471929
1.0000021790826759
1.0000013368949912
1.0000004917968506
0.9999996458077602
0.9999988009491931
0.9999979592397589
0.9999971226903774
0.9999962932994729
0.9999954730481981
0.9999946638956992
0.9999938677744320
0.9999930865855440
0.9999923221943312
0.9999915764257791
0.9999908510601994
0.9999901478289771
0.9999894684104330
0.9999888144258128
0.9999881874354124
0.9999875889348500
0.9999870203514908
0.9999864830410364
0.9999859782842867
0.9999855072840779
0.9999850711624101
0.9999846709577664
0.9999843076226314
0.9999839820212183
0.9999836949274031
0.9999834470228779
0.9999832388955232
0.9999830710380069
0.9999829438466061
0.9999828576202658
0.9999828125598846
0.9999828087678382
0.9999828462477377
0.9999829249044231
0.9999830445441964
0.9999832048752871
0.9999834055085539
0.9999836459584186
0.9999839256440292
0.9999842438906540
0.9999845999312981
0.9999849929085411
0.9999854218765918
0.9999858858035517
0.9999863835738868
0.9999869139910996
0.9999874757805930
0.9999880675927225
0.9999886880060271
0.9999893355306313
0.9999900086118125
0.9999907056337213
0.9999914249232494
0.9999921647540335
0.9999929233505855
0.9999936988925429
0.9999944895190231
0.9999952933330789
0.9999961084062371
0.9999969327831133
0.9999977644860890
0.9999986015200429
0.9999994418771256
1.0000002835415633
1.0000011244944820
1.0000019627187364
1.0000027962037359
1.0000036229502527
1.0000044409752074
1.0000052483164117
1.0000060430372621
1.0000068232313732
1.0000075870271388
1.0000083325922100
1.0000090581378764
1.0000097619233477
1.0000104422599156
1.0000110975149941
1.0000117261160257
1.0000123265542442
1.0000128973882816
1.0000134372476184
1.0000139448358623
1.0000144189338505
1.0000148584025650
1.0000152621858593
1.0000156293129856
1.0000159589009185
1.0000162501564667
1.0000165023781724
1.0000167149579917
1.0000168873827486
1.0000170192353652
1.0000171101958630
1.0000171600421275
1.0000171686504438
1.0000171359957948
1.0000170621519238
1.0000169472911615
1.0000167916840177
1.0000165956985350
1.0000163597994127
1.0000160845468975
1.0000157705954460
1.0000154186921630
1.0000150296750188
1.0000146044708469
1.0000141440931343
1.0000136496396004
1.0000131222895761
1.0000125633011856
1.0000119740083426
1.0000113558175621
1.0000107102046005
1.0000100387109316
1.0000093429400627
1.0000086245537023
1.0000078852677909
1.0000071268483994
1.0000063511075095
1.0000055598986841
1.0000047551126376
1.0000039386727146
1.0000031125302957
1.0000022786601326
1.0000014390556284
1.0000005957240732
0.9999997506818455
0.9999989059495928
0.9999980635474002
0.9999972254899606
0.9999963937817585
0.9999955704122774
0.9999947573512435
0.9999939565439164
0.9999931699064357
0.9999923993212414
0.9999916466325716
0.9999909136420513
0.9999902021043848
0.9999895137231586
0.9999888501467677
0.9999882129644739
0.9999876037026032
0.9999870238208932
0.9999864747090021
0.9999859576831847
0.9999854739831424
0.9999850247690563
0.9999846111188115
0.9999842340254178
0.9999838943946319
0.9999835930427901
0.9999833306948536
0.9999831079826715
0.9999829254434665
0.9999827835185485
0.9999826825522576
0.9999826227911370
0.9999826043833406
0.9999826273782740
0.9999826917264738
0.9999827972797218
0.9999829437913976
0.9999831309170646
0.9999833582152897
0.9999836251486970
0.9999839310852467
0.9999842752997449
0.9999846569755713
0.9999850752066299
0.9999855289995120
0.9999860172758667
0.9999865388749751
0.9999870925565237
0.9999876770035655
0.9999882908256631
0.9999889325622087
0.9999896006859145
0.9999902936064609
0.9999910096742934
0.9999917471845625
0.9999925043811947
0.9999932794610875
0.9999940705784156
0.9999948758490401
0.9999956933550082
0.9999965211491338
0.9999973572596501
0.9999981996949175
0.9999990464481809
0.9999998955023616
1.0000007448348762
1.0000015924224670
1.0000024362460325
1.0000032742954519
1.0000041045743842
1.0000049251050371
1.0000057339328881
1.0000065291313540
1.0000073088063912
1.0000080711010189
1.0000088141997514
1.0000095363329355
1.0000102357809759
1.0000109108784394
1.0000115600180342
1.0000121816544447
1.0000127743080227
1.0000133365683186
1.0000138670974494
1.0000143646332915
1.0000148279924932
1.0000152560732991
1.0000156478581803
1.0000160024162614
1.0000163189055422
1.0000165965749066
1.0000168347659153
1.0000170329143756
1.0000171905516866
1.0000173073059557
1.0000173829028831
1.0000174171664156
1.0000174100191643
1.0000173614825856
1.0000172716769289
1.0000171408209462
1.0000169692313681
1.0000167573221435
1.0000165056034473
1.0000162146804612
