1.0336813680722612
1.0332708374124440
1.0327836648903144
1.0322208415413565
1.0315835149882580
1.0308729883275591
1.0300907188388646
1.0292383165076504
1.0283175423517634
1.0273303065408190
1.0262786662968733
1.0251648235640034
1.0239911224337652
1.0227600463129278
1.0214742148194271
1.0201363803921522
1.0187494245999642
1.0173163541353194
1.0158402964779691
1.0143244952145207
1.0127723050001367
1.0111871861493547
1.0095726988439562
1.0079324969469849
1.0062703214134487
1.0045899932899403
1.0028954062973801
1.0011905189933505
0.9994793465130206
0.9977659518904933
0.9960544369655050
0.9943489328837962
0.9926535902030992
0.9909725686205584
0.9893100263414968
0.9876701091136783
0.9860569389556366
0.9844746026121274
0.9829271397742960
0.9814185311066707
0.9799526861275297
0.9785334309934872
0.9771644962431945
0.9758495045588407
0.9745919586075285
0.9733952290275433
0.9722625426269735
0.9711969708639518
0.9702014186789767
0.9692786137502190
0.9684310962424058
0.9676612091187744
0.9669710890836499
0.9663626582204332
0.9658376163861910
0.9653974344196402
0.9650433482141505
0.9647763537015029
0.9645972027856164
0.9645064002583558
0.9645042017219880
0.9645906125349235
0.9647653877892179
0.9650280333200250
0.9653778077388858
0.9658137254745759
0.9663345607972915
0.9669388527943884
0.9676249112587667
0.9683908234444365
0.9692344616378932
0.9701534914887205
0.9711453810384114
0.9722074103827566
0.9733366819003593
0.9745301309778499
0.9757845371612365
0.9770965356624817
0.9784626291508188
0.9798791997594603
0.9813425212401520
0.9828487712004351
0.9843940433613910
0.9859743597770322
0.9875856829602649
0.9892239278643877
0.9908849736733882
0.9925646753587247
0.9942588749647966
0.9959634125898431
0.9976741370335108
0.9993869160867302
1.0010976464438108
1.0028022632207609
1.0044967490677110
1.0061771428669728
1.0078395480116500
1.0094801402628455
1.0110951751863295
1.0126809951721090
1.0142340360425861
1.0157508332569940
1.0172280277214998
1.0186623712158138
1.0200507314483318
1.0213900967527838
1.0226775804400845
1.0239104248195854
1.0250860049042343
1.0262018318142780
1.0272555558940952
1.0282449695565663
1.0291680098690474
1.0300227608945651
1.0308074558012921
1.0315204787526890
1.0321603665899706
1.0327258103177193
1.0332156564025869
1.0336289078940908
1.0339647253755013
1.0342224277518182
1.0344014928807383
1.0345015580514465
1.0345224203149439
1.0344640366685001
1.0343265240956772
1.0341101594622337
1.0338153792670637
1.0334427792461927
1.0329931138267068
1.0324672954263836
1.0318663935936820
1.0311916339816711
1.0304443971484281
1.0296262171754249
1.0287387800944563
1.0277839221127358
1.0267636276249330
1.0256800270001429
1.0245353941310613
1.0233321437320291
1.0220728283720861
1.0207601352287894
1.0193968825482662
1.0179860157968688
1.0165306034898116
1.0150338326823842
1.0134990041097405
1.0119295269618580
1.0103289132810880
1.0087007719707697
1.0070488024046940
1.0053767876287671
1.0036885871480605
1.0019881292945547
1.0002794031732776
0.9985664501872370
0.9968533551445051
0.9951442369540688
0.9934432389205670
0.9917545186518014
0.9900822375968935
0.9884305502371310
0.9868035929559055
0.9852054726185862
0.9836402548977040
0.9821119523833614
0.9806245125232740
0.9791818054412248
0.9777876116868985
0.9764456099740070
0.9751593649671931
0.9739323151813991
0.9727677610600767
0.9716688533007506
0.9706385814979465
0.9696797631743209
0.9687950332709017
0.9679868341666297
0.9672574062958745
0.9666087794302298
0.9660427646877110
0.9655609473284631
0.9651646803912851
0.9648550792197338
0.9646330169203441
0.9644991207886680
0.9644537697314883
0.9644970927057992
0.9646289681870794
0.9648490246711352
0.9651566422054673
0.9655509549378668
0.9660308546618706
0.9665949953309266
0.9672417985057716
0.9679694596926652
0.9687759555238842
0.9696590517263144
0.9706163118191541
0.9716451064777151
0.9727426234970861
0.9739058782870460
0.9751317248280643
0.9764168670174902
0.9777578703350864
0.9791511737578564
0.9805931018556096
0.9820798770008161
0.9836076316289875
0.9851724204889960
0.9867702328263234
0.9883970044461533
0.9900486296074101
0.9917209727032115
0.9934098796876975
0.9951111892137358
0.9968207434505278
0.9985343985545978
1.0002480347720000
1.0019575661537563
1.0036589498705366
1.0053481951163521
1.0070213715945606
1.0086746175827339
1.0103041475759149
1.0119062595104902
1.0134773415733140
1.0150138786028369
1.0165124580908438
1.0179697757949844
1.0193826409735847
1.0207479812552966
1.0220628471569724
1.0233244162637587
1.0245299970858039
1.0256770326061995
1.0267631035347944
1.0277859312824214
1.0287433806697930
1.0296334623849459
1.0304543352025870
1.0312043079780890
1.0318818414281792
1.0324855497095702
1.0330142018059381
1.0334667227327277
1.0338421945682990
1.0341398573189249
1.0343591096240949
1.0344995093074998
1.0345607737779809
1.0345427802835969
1.0344455660208309
1.0342693280998250
1.0340144233653712
1.0336813680722612
1.0332708374124440
1.0327836648903144
1.0322208415413565
