1.0000000003191030
1.0000000003170892
1.0000000003144622
1.0000000003112308
1.0000000003074045
1.0000000003029941
1.0000000002980112
1.0000000002924689
1.0000000002863816
1.0000000002797649
1.0000000002726350
1.0000000002650107
1.0000000002569103
1.0000000002483529
1.0000000002393594
1.0000000002299527
1.0000000002201561
1.0000000002099934
1.0000000001994898
1.0000000001886691
1.0000000001775566
1.0000000001661780
1.0000000001545599
1.0000000001427298
1.0000000001307168
1.0000000001185487
1.0000000001062550
1.0000000000938654
1.0000000000814089
1.0000000000689147
1.0000000000564142
1.0000000000439369
1.0000000000315115
1.0000000000191676
1.0000000000069336
0.9999999999948380
0.9999999999829080
0.9999999999711703
0.9999999999596523
0.9999999999483805
0.9999999999373801
0.9999999999266757
0.9999999999162914
0.9999999999062499
0.9999999998965741
0.9999999998872857
0.9999999998784049
0.9999999998699511
0.9999999998619429
0.9999999998543979
0.9999999998473309
0.9999999998407559
0.9999999998346866
0.9999999998291346
0.9999999998241108
0.9999999998196255
0.9999999998156881
0.9999999998123049
0.9999999998094812
0.9999999998072205
0.9999999998055252
0.9999999998043961
0.9999999998038325
0.9999999998038318
0.9999999998043910
0.9999999998055065
0.9999999998071728
0.9999999998093824
0.9999999998121271
0.9999999998153977
0.9999999998191827
0.9999999998234699
0.9999999998282455
0.9999999998334944
0.9999999998392008
0.9999999998453475
0.9999999998519158
0.9999999998588867
0.9999999998662387
0.9999999998739506
0.9999999998820013
0.9999999998903684
0.9999999998990283
0.9999999999079571
0.9999999999171306
0.9999999999265241
0.9999999999361127
0.9999999999458699
0.9999999999557690
0.9999999999657809
0.9999999999758769
0.9999999999860272
0.9999999999962037
1.0000000000063782
1.0000000000165226
1.0000000000266083
1.0000000000366085
1.0000000000464966
1.0000000000562457
1.0000000000658289
1.0000000000752205
1.0000000000843956
1.0000000000933289
1.0000000001019946
1.0000000001103682
1.0000000001184266
1.0000000001261478
1.0000000001335101
1.0000000001404918
1.0000000001470732
1.0000000001532354
1.0000000001589606
1.0000000001642328
1.0000000001690366
1.0000000001733571
1.0000000001771809
1.0000000001804965
1.0000000001832938
1.0000000001855645
1.0000000001873013
1.0000000001884963
1.0000000001891438
1.0000000001892386
1.0000000001887774
1.0000000001877574
1.0000000001861782
1.0000000001840408
1.0000000001813487
1.0000000001781066
1.0000000001743226
1.0000000001700038
1.0000000001651590
1.0000000001598002
1.0000000001539384
1.0000000001475857
1.0000000001407550
1.0000000001334612
1.0000000001257208
1.0000000001175511
1.0000000001089693
1.0000000000999947
1.0000000000906479
1.0000000000809499
1.0000000000709226
1.0000000000605878
1.0000000000499687
1.0000000000390905
1.0000000000279781
1.0000000000166573
1.0000000000051554
0.9999999999935009
0.9999999999817218
0.9999999999698462
0.9999999999579022
0.9999999999459196
0.9999999999339272
0.9999999999219543
0.9999999999100309
0.9999999998981863
0.9999999998864488
0.9999999998748460
0.9999999998634058
0.9999999998521572
0.9999999998411288
0.9999999998303480
0.9999999998198414
0.9999999998096357
0.9999999997997567
0.9999999997902305
0.9999999997810820
0.9999999997723369
0.9999999997640178
0.9999999997561455
0.9999999997487404
0.9999999997418212
0.9999999997354059
0.9999999997295113
0.9999999997241532
0.9999999997193464
0.9999999997151046
0.9999999997114414
0.9999999997083688
0.9999999997058973
0.9999999997040343
0.9999999997027866
0.9999999997021588
0.9999999997021533
0.9999999997027728
0.9999999997040194
0.9999999997058923
0.9999999997083894
0.9999999997115084
0.9999999997152453
0.9999999997195945
0.9999999997245487
0.9999999997300996
0.9999999997362365
0.9999999997429487
0.9999999997502238
0.9999999997580481
0.9999999997664071
0.9999999997752846
0.9999999997846639
0.9999999997945260
0.9999999998048503
0.9999999998156156
0.9999999998267981
0.9999999998383742
0.9999999998503192
0.9999999998626076
0.9999999998752138
0.9999999998881105
0.9999999999012709
0.9999999999146669
0.9999999999282707
0.9999999999420538
0.9999999999559868
0.9999999999700419
0.9999999999841886
0.9999999999983961
1.0000000000126315
1.0000000000268645
1.0000000000410656
1.0000000000552045
1.0000000000692508
1.0000000000831739
1.0000000000969433
1.0000000001105296
1.0000000001239036
1.0000000001370377
1.0000000001499045
1.0000000001624765
1.0000000001747267
1.0000000001866294
1.0000000001981599
1.0000000002092941
1.0000000002200087
1.0000000002302825
1.0000000002400944
1.0000000002494245
1.0000000002582543
1.0000000002665657
1.0000000002743406
1.0000000002815626
1.0000000002882177
1.0000000002942928
1.0000000002997766
1.0000000003046590
1.0000000003089309
1.0000000003125846
1.0000000003156133
1.0000000003180121
1.0000000003197773
1.0000000003209073
1.0000000003214027
1.0000000003212648
1.0000000003204965
1.0000000003191030
1.0000000003170892
1.0000000003144622
1.0000000003112308
