1.0000013847277291
1.0000013678087696
1.0000013476647236
1.0000013243443802
1.0000012979040955
1.0000012684076540
1.0000012359261190
1.0000012005376624
1.0000011623273741
1.0000011213870610
1.0000010778150266
1.0000010317158354
1.0000009832000643
1.0000009323840378
1.0000008793895485
1.0000008243435665
1.0000007673779341
1.0000007086290525
1.0000006482375545
1.0000005863479693
1.0000005231083771
1.0000004586700535
1.0000003931871104
1.0000003268161237
1.0000002597157609
1.0000001920464030
1.0000001239697607
1.0000000556484867
0.9999999872457875
0.9999999189250351
0.9999998508493730
0.9999997831813292
0.9999997160824263
0.9999996497127970
0.9999995842308008
0.9999995197926437
0.9999994565520066
0.9999993946596782
0.9999993342631955
0.9999992755064914
0.9999992185295493
0.9999991634680711
0.9999991104531508
0.9999990596109620
0.9999990110624568
0.9999989649230770
0.9999989213024786
0.9999988803042711
0.9999988420257686
0.9999988065577577
0.9999987739842818
0.9999987443824403
0.9999987178222060
0.9999986943662558
0.9999986740698236
0.9999986569805658
0.9999986431384504
0.9999986325756626
0.9999986253165266
0.9999986213774491
0.9999986207668794
0.9999986234852919
0.9999986295251840
0.9999986388710951
0.9999986514996431
0.9999986673795823
0.9999986864718780
0.9999987087297997
0.9999987340990347
0.9999987625178183
0.9999987939170825
0.9999988282206221
0.9999988653452760
0.9999989052011276
0.9999989476917203
0.9999989927142895
0.9999990401600080
0.9999990899142461
0.9999991418568465
0.9999991958624136
0.9999992518006139
0.9999993095364887
0.9999993689307772
0.9999994298402500
0.9999994921180528
0.9999995556140563
0.9999996201752158
0.9999996856459382
0.9999997518684557
0.9999998186832029
0.9999998859291993
0.9999999534444355
1.0000000210662603
1.0000000886317713
1.0000001559782048
1.0000002229433236
1.0000002893658082
1.0000003550856424
1.0000004199444967
1.0000004837861058
1.0000005464566448
1.0000006078050967
1.0000006676836137
1.0000007259478723
1.0000007824574169
1.0000008370759998
1.0000008896719053
1.0000009401182655
1.0000009882933636
1.0000010340809273
1.0000010773704062
1.0000011180572370
1.0000011560430937
1.0000011912361235
1.0000012235511686
1.0000012529099680
1.0000012792413466
1.0000013024813856
1.0000013225735753
1.0000013394689498
1.0000013531262073
1.0000013635118081
1.0000013706000546
1.0000013743731546
1.0000013748212651
1.0000013719425127
1.0000013657430000
1.0000013562367922
1.0000013434458828
1.0000013274001422
1.0000013081372483
1.0000012857025953
1.0000012601491866
1.0000012315375073
1.0000011999353804
1.0000011654178045
1.0000011280667762
1.0000010879710943
1.0000010452261472
1.0000009999336841
1.0000009522015736
1.0000009021435452
1.0000008498789186
1.0000007955323169
1.0000007392333703
1.0000006811164071
1.0000006213201311
1.0000005599872914
1.0000004972643417
1.0000004333010883
1.0000003682503333
1.0000003022675099
1.0000002355103095
1.0000001681383044
1.0000001003125680
1.0000000321952895
0.9999999639493857
0.9999998957381130
0.9999998277246754
0.9999997600718349
0.9999996929415225
0.9999996264944500
0.9999995608897270
0.9999994962844784
0.9999994328334709
0.9999993706887421
0.9999993099992370
0.9999992509104518
0.9999991935640843
0.9999991380976972
0.9999990846443880
0.9999990333324695
0.9999989842851640
0.9999989376203074
0.9999988934500689
0.9999988518806799
0.9999988130121823
0.9999987769381874
0.9999987437456529
0.9999987135146730
0.9999986863182876
0.9999986622223084
0.9999986412851587
0.9999986235577331
0.9999986090832768
0.9999985978972816
0.9999985900274008
0.9999985854933812
0.9999985843070160
0.9999985864721174
0.9999985919845052
0.9999986008320186
0.9999986129945414
0.9999986284440513
0.9999986471446851
0.9999986690528246
0.9999986941172009
0.9999987222790134
0.9999987534720723
0.9999987876229559
0.9999988246511858
0.9999988644694195
0.9999989069836555
0.9999989520934590
0.9999989996922019
0.9999990496673156
0.9999991019005597
0.9999991562683033
0.9999992126418210
0.9999992708875997
0.9999993308676568
0.9999993924398702
0.9999994554583156
0.9999995197736163
0.9999995852332975
0.9999996516821512
0.9999997189626058
0.9999997869151025
0.9999998553784747
0.9999999241903343
0.9999999931874594
1.0000000622061822
1.0000001310827806
1.0000001996538690
1.0000002677567870
1.0000003352299880
1.0000004019134250
1.0000004676489314
1.0000005322806003
1.0000005956551550
1.0000006576223139
1.0000007180351485
1.0000007767504351
1.0000008336289976
1.0000008885360379
1.0000009413414581
1.0000009919201709
1.0000010401523980
1.0000010859239556
1.0000011291265261
1.0000011696579161
1.0000012074223017
1.0000012423304561
1.0000012742999609
1.0000013032554040
1.0000013291285592
1.0000013518585487
1.0000013713919880
1.0000013876831122
1.0000014006938849
1.0000014103940884
1.0000014167613960
1.0000014197814244
1.0000014194477693
1.0000014157620187
1.0000014087337477
1.0000013983804967
1.0000013847277291
1.0000013678087696
1.0000013476647236
1.0000013243443802
