1.0000000002721527
1.0000000002705118
1.0000000002683544
1.0000000002656877
1.0000000002625189
1.0000000002588572
1.0000000002547129
1.0000000002500979
1.0000000002450251
1.0000000002395077
1.0000000002335603
1.0000000002271967
1.0000000002204326
1.0000000002132832
1.0000000002057654
1.0000000001978977
1.0000000001896991
1.0000000001811888
1.0000000001723870
1.0000000001633162
1.0000000001539993
1.0000000001444573
1.0000000001347120
1.0000000001247880
1.0000000001147076
1.0000000001044944
1.0000000000941720
1.0000000000837652
1.0000000000732991
1.0000000000627987
1.0000000000522875
1.0000000000417915
1.0000000000313363
1.0000000000209475
1.0000000000106495
1.0000000000004658
0.9999999999904202
0.9999999999805359
0.9999999999708353
0.9999999999613403
0.9999999999520713
0.9999999999430496
0.9999999999342939
0.9999999999258232
0.9999999999176562
0.9999999999098099
0.9999999999023008
0.9999999998951460
0.9999999998883607
0.9999999998819591
0.9999999998759540
0.9999999998703584
0.9999999998651838
0.9999999998604417
0.9999999998561413
0.9999999998522903
0.9999999998488950
0.9999999998459620
0.9999999998434956
0.9999999998414996
0.9999999998399756
0.9999999998389260
0.9999999998383506
0.9999999998382485
0.9999999998386170
0.9999999998394511
0.9999999998407464
0.9999999998424971
0.9999999998446966
0.9999999998473370
0.9999999998504094
0.9999999998539036
0.9999999998578082
0.9999999998621090
0.9999999998667919
0.9999999998718424
0.9999999998772443
0.9999999998829822
0.9999999998890406
0.9999999998954027
0.9999999999020495
0.9999999999089607
0.9999999999161171
0.9999999999234978
0.9999999999310815
0.9999999999388475
0.9999999999467746
0.9999999999548407
0.9999999999630240
0.9999999999713018
0.9999999999796511
0.9999999999880490
0.9999999999964732
1.0000000000048994
1.0000000000133042
1.0000000000216622
1.0000000000299512
1.0000000000381482
1.0000000000462312
1.0000000000541780
1.0000000000619664
1.0000000000695743
1.0000000000769802
1.0000000000841631
1.0000000000911022
1.0000000000977773
1.0000000001041693
1.0000000001102607
1.0000000001160341
1.0000000001214733
1.0000000001265632
1.0000000001312894
1.0000000001356391
1.0000000001395977
1.0000000001431526
1.0000000001462923
1.0000000001490066
1.0000000001512865
1.0000000001531253
1.0000000001545171
1.0000000001554554
1.0000000001559373
1.0000000001559590
1.0000000001555187
1.0000000001546145
1.0000000001532481
1.0000000001514195
1.0000000001491312
1.0000000001463860
1.0000000001431886
1.0000000001395439
1.0000000001354590
1.0000000001309417
1.0000000001260019
1.0000000001206502
1.0000000001148979
1.0000000001087579
1.0000000001022431
1.0000000000953684
1.0000000000881506
1.0000000000806069
1.0000000000727545
1.0000000000646105
1.0000000000561931
1.0000000000475213
1.0000000000386151
1.0000000000294953
1.0000000000201830
1.0000000000106994
1.0000000000010669
0.9999999999913083
0.9999999999814475
0.9999999999715073
0.9999999999615129
0.9999999999514887
0.9999999999414586
0.9999999999314469
0.9999999999214783
0.9999999999115773
0.9999999999017677
0.9999999998920728
0.9999999998825161
0.9999999998731210
0.9999999998639104
0.9999999998549076
0.9999999998461360
0.9999999998376187
0.9999999998293774
0.9999999998214328
0.9999999998138051
0.9999999998065136
0.9999999997995774
0.9999999997930149
0.9999999997868443
0.9999999997810823
0.9999999997757445
0.9999999997708456
0.9999999997663992
0.9999999997624175
0.9999999997589125
0.9999999997558944
0.9999999997533721
0.9999999997513528
0.9999999997498432
0.9999999997488495
0.9999999997483765
0.9999999997484277
0.9999999997490049
0.9999999997501093
0.9999999997517408
0.9999999997538992
0.9999999997565835
0.9999999997597906
0.9999999997635156
0.9999999997677526
0.9999999997724933
0.9999999997777289
0.9999999997834488
0.9999999997896414
0.9999999997962966
0.9999999998034012
0.9999999998109407
0.9999999998189005
0.9999999998272644
0.9999999998360155
0.9999999998451369
0.9999999998546105
0.9999999998644166
0.9999999998745343
0.9999999998849420
0.9999999998956183
0.9999999999065406
0.9999999999176852
0.9999999999290280
0.9999999999405452
0.9999999999522121
0.9999999999640031
0.9999999999758930
0.9999999999878558
0.9999999999998672
1.0000000000119027
1.0000000000239375
1.0000000000359468
1.0000000000479057
1.0000000000597882
1.0000000000715699
1.0000000000832250
1.0000000000947273
1.0000000001060527
1.0000000001171769
1.0000000001280773
1.0000000001387310
1.0000000001491147
1.0000000001592064
1.0000000001689855
1.0000000001784308
1.0000000001875220
1.0000000001962406
1.0000000002045690
1.0000000002124902
1.0000000002199880
1.0000000002270475
1.0000000002336542
1.0000000002397951
1.0000000002454574
1.0000000002506293
1.0000000002553013
1.0000000002594651
1.0000000002631138
1.0000000002662408
1.0000000002688414
1.0000000002709117
1.0000000002724503
1.0000000002734553
1.0000000002739264
1.0000000002738645
1.0000000002732718
1.0000000002721527
1.0000000002705118
1.0000000002683544
1.0000000002656877
