1.0149846229888566
1.0147979391275794
1.0145764759057829
1.0143207268212968
1.0140312623436334
1.0137087289189290
1.0133538478353075
1.0129674139479998
1.0125502942635571
1.0121034263825044
1.0116278167998372
1.0111245390628534
1.0105947317859079
1.0100395965218478
1.0094603954900521
1.0088584491612396
1.0082351336994630
1.0075918782620248
1.0069301621583890
1.0062515118695556
1.0055574979298030
1.0048497316731755
1.0041298618476164
1.0033995711002019
1.0026605723375297
1.0019146049659504
1.0011634310169966
1.0004088311640613
0.9996526006371097
0.9988965450429312
0.9981424760992282
0.9973922072915835
0.9966475494631338
0.9959103063475497
0.9951822700566737
0.9944652165349114
0.9937609009931854
0.9930710533359394
0.9923973735952978
0.9917415273870893
0.9911051414039358
0.9904897989610623
0.9898970356108489
0.9893283348424193
0.9887851238827509
0.9882687696158560
0.9877805746365769
0.9873217734553917
0.9868935288703675
0.9864969285220343
0.9861329816464569
0.9858026160411754
0.9855066752579466
0.9852459160353914
0.9850210059836848
0.9848325215323780
0.9846809461512888
0.9845666688531480
0.9844899829853788
0.9844510853169989
0.9844500754251927
0.9844869553846222
0.9845616297610328
0.9846739059091892
0.9848234945736454
0.9850100107893540
0.9852329750776244
0.9854918149315017
0.9857858665832551
0.9861143770453347
0.9864765064149182
0.9868713304310072
0.9872978432719723
0.9877549605804937
0.9882415227019877
0.9887562981218797
0.9892979870864737
0.9898652253916645
0.9904565883233638
0.9910705947332498
0.9917057112333143
0.9923603564926406
0.9930329056199267
0.9937216946154499
0.9944250248764354
0.9951411677401590
0.9958683690495501
0.9966048537265758
0.9973488303392615
0.9980984956488388
0.9988520391241776
0.9996076474113714
1.0003635087470957
1.0011178173051010
1.0018687774659822
1.0026146080011409
1.0033535461626180
1.0040838516712465
1.0048038105963168
1.0055117391206625
1.0062059871857856
1.0068849420123016
1.0075470314916199
1.0081907274453812
1.0088145487497258
1.0094170643219911
1.0099968959679171
1.0105527210878662
1.0110832752409664
1.0115873545664316
1.0120638180616179
1.0125115897166548
1.0129296605057005
1.0133170902350670
1.0136730092486079
1.0139966199908843
1.0142871984286939
1.0145440953316096
1.0147667374121989
1.0149546283265800
1.0151073495359548
1.0152245610297101
1.0153060019106086
1.0153514908425147
1.0153609263610095
1.0153342870471411
1.0152716315644550
1.0151730985593306
1.0150389064245395
1.0148693529258337
1.0146648146912531
1.0144257465627646
1.0141526808097356
1.0138462262036929
1.0135070669537365
1.0131359615019646
1.0127337411782320
1.0123013087135802
1.0118396366117151
1.0113497653779679
1.0108328016052777
1.0102899159168617
1.0097223407654088
1.0091313680888370
1.0085183468229022
1.0078846802712278
1.0072318233336592
1.0065612795942074
1.0058745982702626
1.0051733710252269
1.0044592286471938
1.0037338375968541
1.0029988964283796
1.0022561320876624
1.0015072960929290
1.0007541606034374
0.9999985143826735
0.9992421586632040
0.9984869029210923
0.9977345605685503
0.9969869445742754
0.9962458630216925
0.9955131146160905
0.9947904841523937
0.9940797379560261
0.9933826193100397
0.9927008438823202
0.9920360951672925
0.9913900199571031
0.9907642238577256
0.9901602668658489
0.9895796590227347
0.9890238561614467
0.9884942557639939
0.9879921929449654
0.9875189365781373
0.9870756855823437
0.9866635653825946
0.9862836245619793
0.9859368317193498
0.9856240725471056
0.9853461471426088
0.9851037675658728
0.9848975556551439
0.9847280411108973
0.9845956598575720
0.9845007526910756
0.9844435642187471
0.9844242420970438
0.9844428365707550
0.9844993003160488
0.9845934885881413
0.9847251596728420
0.9848939756397141
0.9850995033930899
0.9853412160157178
0.9856184943983936
0.9859306291475805
0.9862768227617288
0.9866561920658137
0.9870677708924934
0.9875105129972827
0.9879832951942307
0.9884849206978030
0.9890141226560007
0.9895695678591775
0.9901498606085909
0.9907535467284102
0.9913791177046917
0.9920250149347565
0.9926896340704242
0.9933713294386898
0.9940684185236526
0.9947791864938371
0.9955018907594346
0.9962347655444782
0.9969760264595184
0.9977238750609589
0.9984765033838744
0.9992320984358229
0.9999888466398963
1.0007449382159981
1.0014985714901092
1.0022479571220679
1.0029913222431743
1.0037269144956835
1.0044530059670207
1.0051678970122730
1.0058699199592400
1.0065574426909929
1.0072288721015630
1.0078826574209807
1.0085172934064770
1.0091313233971992
1.0097233422302849
1.0102919990166050
1.0108359997748961
1.0113541099233727
1.0118451566282376
1.0123080310088008
1.0127416901991650
1.0131451592666321
1.0135175329871651
1.0138579774783640
1.0141657316905213
1.0144401087563757
1.0146804972002379
1.0148863620071529
1.0150572455527613
1.0151927683944795
1.0152926299245584
1.0153566088855168
1.0153845637483492
1.0153764329538146
1.0153322350170058
1.0152520684952879
1.0151361118195821
1.0149846229888566
1.0147979391275794
1.0145764759057829
1.0143207268212968
