1.0000000000027802
1.0000000000027889
1.0000000000027844
1.0000000000027685
1.0000000000027423
1.0000000000027069
1.0000000000026623
1.0000000000026090
1.0000000000025464
1.0000000000024765
1.0000000000023999
1.0000000000023193
1.0000000000022349
1.0000000000021478
1.0000000000020586
1.0000000000019671
1.0000000000018741
1.0000000000017797
1.0000000000016844
1.0000000000015890
1.0000000000014944
1.0000000000014015
1.0000000000013114
1.0000000000012246
1.0000000000011406
1.0000000000010587
1.0000000000009790
1.0000000000009013
1.0000000000008265
1.0000000000007558
1.0000000000006899
1.0000000000006279
1.0000000000005700
1.0000000000005158
1.0000000000004663
1.0000000000004217
1.0000000000003813
1.0000000000003446
1.0000000000003129
1.0000000000002862
1.0000000000002640
1.0000000000002465
1.0000000000002336
1.0000000000002258
1.0000000000002236
1.0000000000002247
1.0000000000002276
1.0000000000002323
1.0000000000002387
1.0000000000002474
1.0000000000002580
1.0000000000002711
1.0000000000002851
1.0000000000003002
1.0000000000003153
1.0000000000003306
1.0000000000003459
1.0000000000003608
1.0000000000003735
1.0000000000003828
1.0000000000003879
1.0000000000003890
1.0000000000003875
1.0000000000003846
1.0000000000003808
1.0000000000003773
1.0000000000003750
1.0000000000003733
1.0000000000003721
1.0000000000003708
1.0000000000003699
1.0000000000003704
1.0000000000003733
1.0000000000003781
1.0000000000003846
1.0000000000003917
1.0000000000003990
1.0000000000004066
1.0000000000004143
1.0000000000004201
1.0000000000004239
1.0000000000004252
1.0000000000004268
1.0000000000004294
1.0000000000004328
1.0000000000004357
1.0000000000004379
1.0000000000004396
1.0000000000004401
1.0000000000004388
1.0000000000004357
1.0000000000004297
1.0000000000004206
1.0000000000004086
1.0000000000003939
1.0000000000003761
1.0000000000003555
1.0000000000003331
1.0000000000003091
1.0000000000002851
1.0000000000002613
1.0000000000002383
1.0000000000002141
1.0000000000001881
1.0000000000001590
1.0000000000001266
1.0000000000000913
1.0000000000000535
1.0000000000000140
0.9999999999999742
0.9999999999999354
0.9999999999998982
0.9999999999998633
0.9999999999998305
0.9999999999998007
0.9999999999997735
0.9999999999997479
0.9999999999997227
0.9999999999996976
0.9999999999996734
0.9999999999996506
0.9999999999996292
0.9999999999996089
0.9999999999995902
0.9999999999995726
0.9999999999995558
0.9999999999995387
0.9999999999995209
0.9999999999995028
0.9999999999994853
0.9999999999994675
0.9999999999994508
0.9999999999994349
0.9999999999994211
0.9999999999994099
0.9999999999994013
0.9999999999993955
0.9999999999993923
0.9999999999993913
0.9999999999993925
0.9999999999993954
0.9999999999993997
0.9999999999994064
0.9999999999994154
0.9999999999994262
0.9999999999994384
0.9999999999994524
0.9999999999994684
0.9999999999994867
0.9999999999995069
0.9999999999995288
0.9999999999995517
0.9999999999995751
0.9999999999995998
0.9999999999996260
0.9999999999996532
0.9999999999996813
0.9999999999997096
0.9999999999997379
0.9999999999997654
0.9999999999997917
0.9999999999998171
0.9999999999998426
0.9999999999998676
0.9999999999998919
0.9999999999999144
0.9999999999999344
0.9999999999999524
0.9999999999999686
0.9999999999999829
0.9999999999999953
1.0000000000000062
1.0000000000000153
1.0000000000000233
1.0000000000000300
1.0000000000000349
1.0000000000000382
1.0000000000000404
1.0000000000000415
1.0000000000000415
1.0000000000000393
1.0000000000000342
1.0000000000000262
1.0000000000000147
1.0000000000000000
0.9999999999999835
0.9999999999999661
0.9999999999999483
0.9999999999999295
0.9999999999999097
0.9999999999998894
0.9999999999998688
0.9999999999998475
0.9999999999998265
0.9999999999998057
0.9999999999997848
0.9999999999997636
0.9999999999997424
0.9999999999997229
0.9999999999997052
0.9999999999996899
0.9999999999996764
0.9999999999996637
0.9999999999996514
0.9999999999996397
0.9999999999996292
0.9999999999996201
0.9999999999996133
0.9999999999996103
0.9999999999996125
0.9999999999996211
0.9999999999996361
0.9999999999996571
0.9999999999996828
0.9999999999997116
0.9999999999997427
0.9999999999997762
0.9999999999998129
0.9999999999998538
0.9999999999998997
0.9999999999999504
1.0000000000000058
1.0000000000000653
1.0000000000001290
1.0000000000001970
1.0000000000002693
1.0000000000003446
1.0000000000004226
1.0000000000005029
1.0000000000005864
1.0000000000006730
1.0000000000007629
1.0000000000008546
1.0000000000009470
1.0000000000010401
1.0000000000011333
1.0000000000012264
1.0000000000013194
1.0000000000014126
1.0000000000015064
1.0000000000015996
1.0000000000016926
1.0000000000017855
1.0000000000018772
1.0000000000019669
1.0000000000020541
1.0000000000021390
1.0000000000022216
1.0000000000023019
1.0000000000023792
1.0000000000024529
1.0000000000025215
1.0000000000025837
1.0000000000026394
1.0000000000026881
1.0000000000027283
1.0000000000027591
1.0000000000027802
1.0000000000027889
1.0000000000027844
1.0000000000027685
