1.0000003913273734
1.0000003866402638
1.0000003810476710
1.0000003745632295
1.0000003672026969
1.0000003589839130
1.0000003499267580
1.0000003400531032
1.0000003293867610
1.0000003179534254
1.0000003057806122
1.0000002928975920
1.0000002793353207
1.0000002651263653
1.0000002503048262
1.0000002349062560
1.0000002189675739
1.0000002025269767
1.0000001856238483
1.0000001682986654
1.0000001505929010
1.0000001325489252
1.0000001142099031
1.0000000956196928
1.0000000768227397
1.0000000578639687
1.0000000387886789
1.0000000196424350
1.0000000004709571
0.9999999813200144
0.9999999622353148
0.9999999432623948
0.9999999244465105
0.9999999058325291
0.9999998874648232
0.9999998693871637
0.9999998516426162
0.9999998342734365
0.9999998173209727
0.9999998008255625
0.9999997848264388
0.9999997693616355
0.9999997544678966
0.9999997401805917
0.9999997265336276
0.9999997135593715
0.9999997012885699
0.9999996897502773
0.9999996789717852
0.9999996689785584
0.9999996597941747
0.9999996514402677
0.9999996439364747
0.9999996373003915
0.9999996315475284
0.9999996266912746
0.9999996227428678
0.9999996197113650
0.9999996176036231
0.9999996164242823
0.9999996161757548
0.9999996168582190
0.9999996184696206
0.9999996210056773
0.9999996244598890
0.9999996288235536
0.9999996340857875
0.9999996402335528
0.9999996472516893
0.9999996551229483
0.9999996638280366
0.9999996733456624
0.9999996836525861
0.9999996947236751
0.9999997065319663
0.9999997190487286
0.9999997322435337
0.9999997460843284
0.9999997605375134
0.9999997755680211
0.9999997911394017
0.9999998072139094
0.9999998237525939
0.9999998407153932
0.9999998580612297
0.9999998757481092
0.9999998937332214
0.9999999119730418
0.9999999304234375
0.9999999490397714
0.9999999677770107
0.9999999865898336
1.0000000054327378
1.0000000242601503
1.0000000430265370
1.0000000616865108
1.0000000801949418
1.0000000985070647
1.0000001165785859
1.0000001343657905
1.0000001518256467
1.0000001689159086
1.0000001855952187
1.0000002018232064
1.0000002175605844
1.0000002327692425
1.0000002474123397
1.0000002614543924
1.0000002748613579
1.0000002876007184
1.0000002996415576
1.0000003109546365
1.0000003215124629
1.0000003312893571
1.0000003402615132
1.0000003484070568
1.0000003557060975
1.0000003621407765
1.0000003676953100
1.0000003723560271
1.0000003761114022
1.0000003789520824
1.0000003808709095
1.0000003818629390
1.0000003819254513
1.0000003810579590
1.0000003792622068
1.0000003765421699
1.0000003729040428
1.0000003683562257
1.0000003629093053
1.0000003565760285
1.0000003493712728
1.0000003413120109
1.0000003324172682
1.0000003227080789
1.0000003122074355
1.0000003009402336
1.0000002889332154
1.0000002762149021
1.0000002628155278
1.0000002487669661
1.0000002341026553
1.0000002188575188
1.0000002030678807
1.0000001867713795
1.0000001700068775
1.0000001528143698
1.0000001352348882
1.0000001173104021
1.0000000990837183
1.0000000805983789
1.0000000618985576
1.0000000430289537
1.0000000240346865
1.0000000049611846
0.9999999858540778
0.9999999667590909
0.9999999477219326
0.9999999287881862
0.9999999100032015
0.9999998914119863
0.9999998730590979
0.9999998549885356
0.9999998372436366
0.9999998198669717
0.9999998029002437
0.9999997863841869
0.9999997703584722
0.9999997548616101
0.9999997399308597
0.9999997256021369
0.9999997119099303
0.9999996988872188
0.9999996865653936
0.9999996749741807
0.9999996641415717
0.9999996540937557
0.9999996448550562
0.9999996364478752
0.9999996288926358
0.9999996222077344
0.9999996164094967
0.9999996115121391
0.9999996075277351
0.9999996044661849
0.9999996023351910
0.9999996011402409
0.9999996008845932
0.9999996015692695
0.9999996031930519
0.9999996057524854
0.9999996092418877
0.9999996136533603
0.9999996189768077
0.9999996251999614
0.9999996323084097
0.9999996402856302
0.9999996491130306
0.9999996587699911
0.9999996692339144
0.9999996804802785
0.9999996924826963
0.9999997052129779
0.9999997186411983
0.9999997327357685
0.9999997474635102
0.9999997627897352
0.9999997786783276
0.9999997950918300
0.9999998119915334
0.9999998293375673
0.9999998470889968
0.9999998652039210
0.9999998836395708
0.9999999023524108
0.9999999212982427
0.9999999404323118
0.9999999597094140
0.9999999790840028
0.9999999985102974
1.0000000179423931
1.0000000373343696
1.0000000566404008
1.0000000758148642
1.0000000948124490
1.0000001135882650
1.0000001320979512
1.0000001502977791
1.0000001681447555
1.0000001855967282
1.0000002026124846
1.0000002191518502
1.0000002351757844
1.0000002506464731
1.0000002655274198
1.0000002797835315
1.0000002933812044
1.0000003062884026
1.0000003184747324
1.0000003299115168
1.0000003405718640
1.0000003504307309
1.0000003594649818
1.0000003676534455
1.0000003749769650
1.0000003814184422
1.0000003869628784
1.0000003915974096
1.0000003953113368
1.0000003980961540
1.0000003999455678
1.0000004008555106
1.0000004008241501
1.0000003998518945
1.0000003979413903
1.0000003950975165
1.0000003913273734
1.0000003866402638
1.0000003810476710
1.0000003745632295
