1.0000000000154452
1.0000000000154678
1.0000000000154801
1.0000000000154809
1.0000000000154696
1.0000000000154434
1.0000000000154021
1.0000000000153439
1.0000000000152673
1.0000000000151723
1.0000000000150595
1.0000000000149287
1.0000000000147806
1.0000000000146143
1.0000000000144293
1.0000000000142257
1.0000000000140035
1.0000000000137637
1.0000000000135063
1.0000000000132319
1.0000000000129401
1.0000000000126319
1.0000000000123082
1.0000000000119702
1.0000000000116192
1.0000000000112572
1.0000000000108862
1.0000000000105085
1.0000000000101248
1.0000000000097353
1.0000000000093401
1.0000000000089388
1.0000000000085318
1.0000000000081197
1.0000000000077023
1.0000000000072817
1.0000000000068585
1.0000000000064326
1.0000000000060052
1.0000000000055760
1.0000000000051463
1.0000000000047182
1.0000000000042930
1.0000000000038727
1.0000000000034586
1.0000000000030516
1.0000000000026532
1.0000000000022644
1.0000000000018854
1.0000000000015163
1.0000000000011580
1.0000000000008114
1.0000000000004770
1.0000000000001561
0.9999999999998482
0.9999999999995541
0.9999999999992741
0.9999999999990099
0.9999999999987632
0.9999999999985351
0.9999999999983268
0.9999999999981375
0.9999999999979677
0.9999999999978176
0.9999999999976871
0.9999999999975763
0.9999999999974852
0.9999999999974146
0.9999999999973641
0.9999999999973317
0.9999999999973164
0.9999999999973180
0.9999999999973367
0.9999999999973719
0.9999999999974226
0.9999999999974885
0.9999999999975688
0.9999999999976636
0.9999999999977727
0.9999999999978952
0.9999999999980325
0.9999999999981827
0.9999999999983455
0.9999999999985207
0.9999999999987070
0.9999999999989015
0.9999999999991024
0.9999999999993078
0.9999999999995164
0.9999999999997282
0.9999999999999425
1.0000000000001590
1.0000000000003781
1.0000000000005991
1.0000000000008213
1.0000000000010434
1.0000000000012650
1.0000000000014859
1.0000000000017042
1.0000000000019189
1.0000000000021292
1.0000000000023355
1.0000000000025355
1.0000000000027289
1.0000000000029141
1.0000000000030922
1.0000000000032627
1.0000000000034237
1.0000000000035740
1.0000000000037133
1.0000000000038405
1.0000000000039551
1.0000000000040561
1.0000000000041436
1.0000000000042182
1.0000000000042797
1.0000000000043279
1.0000000000043627
1.0000000000043840
1.0000000000043909
1.0000000000043818
1.0000000000043565
1.0000000000043150
1.0000000000042575
1.0000000000041838
1.0000000000040954
1.0000000000039921
1.0000000000038742
1.0000000000037415
1.0000000000035929
1.0000000000034288
1.0000000000032503
1.0000000000030576
1.0000000000028513
1.0000000000026321
1.0000000000024001
1.0000000000021541
1.0000000000018938
1.0000000000016187
1.0000000000013309
1.0000000000010314
1.0000000000007212
1.0000000000004010
1.0000000000000713
0.9999999999997333
0.9999999999993865
0.9999999999990308
0.9999999999986671
0.9999999999982963
0.9999999999979187
0.9999999999975351
0.9999999999971472
0.9999999999967575
0.9999999999963677
0.9999999999959794
0.9999999999955937
0.9999999999952108
0.9999999999948318
0.9999999999944573
0.9999999999940880
0.9999999999937248
0.9999999999933689
0.9999999999930219
0.9999999999926845
0.9999999999923563
0.9999999999920385
0.9999999999917329
0.9999999999914414
0.9999999999911653
0.9999999999909053
0.9999999999906622
0.9999999999904366
0.9999999999902290
0.9999999999900393
0.9999999999898678
0.9999999999897143
0.9999999999895797
0.9999999999894645
0.9999999999893702
0.9999999999892971
0.9999999999892454
0.9999999999892148
0.9999999999892045
0.9999999999892148
0.9999999999892464
0.9999999999892997
0.9999999999893749
0.9999999999894716
0.9999999999895904
0.9999999999897317
0.9999999999898953
0.9999999999900822
0.9999999999902923
0.9999999999905261
0.9999999999907822
0.9999999999910599
0.9999999999913586
0.9999999999916772
0.9999999999920155
0.9999999999923728
0.9999999999927484
0.9999999999931416
0.9999999999935515
0.9999999999939787
0.9999999999944231
0.9999999999948836
0.9999999999953589
0.9999999999958473
0.9999999999963476
0.9999999999968583
0.9999999999973782
0.9999999999979070
0.9999999999984439
0.9999999999989873
0.9999999999995361
1.0000000000000888
1.0000000000006433
1.0000000000011982
1.0000000000017530
1.0000000000023068
1.0000000000028595
1.0000000000034106
1.0000000000039591
1.0000000000045048
1.0000000000050464
1.0000000000055815
1.0000000000061100
1.0000000000066316
1.0000000000071452
1.0000000000076501
1.0000000000081462
1.0000000000086311
1.0000000000091041
1.0000000000095643
1.0000000000100104
1.0000000000104423
1.0000000000108591
1.0000000000112605
1.0000000000116467
1.0000000000120177
1.0000000000123717
1.0000000000127076
1.0000000000130249
1.0000000000133233
1.0000000000136025
1.0000000000138614
1.0000000000140998
1.0000000000143185
1.0000000000145175
1.0000000000146962
1.0000000000148546
1.0000000000149925
1.0000000000151112
1.0000000000152114
1.0000000000152942
1.0000000000153597
1.0000000000154095
1.0000000000154452
1.0000000000154678
1.0000000000154801
1.0000000000154809
