1.0003373116660184
1.0003330549799327
1.0003280043420439
1.0003221718332951
1.0003155713998664
1.0003082188200307
1.0003001316666507
1.0002913292654094
1.0002818326488696
1.0002716645064664
1.0002608491305562
1.0002494123586450
1.0002373815119281
1.0002247853302932
1.0002116539039265
1.0001980186016959
1.0001839119964719
1.0001693677875629
1.0001544207204489
1.0001391065040017
1.0001234617253847
1.0001075237628367
1.0000913306965451
1.0000749212178179
1.0000583345367682
1.0000416102887366
1.0000247884396678
1.0000079091906675
0.9999910128819689
0.9999741398965376
0.9999573305635422
0.9999406250619222
0.9999240633242856
0.9999076849413673
0.9998915290672763
0.9998756343257575
0.9998600387176951
0.9998447795300830
0.9998298932466770
0.9998154154605506
0.9998013807887590
0.9997878227893192
0.9997747738807135
0.9997622652641024
0.9997503268484446
0.9997389871787011
0.9997282733672972
0.9997182110290113
0.9997088242194504
0.9997001353772611
0.9996921652702137
0.9996849329452989
0.9996784556829510
0.9996727489555163
0.9996678263900597
0.9996636997356088
0.9996603788349151
0.9996578716007981
0.9996561839971295
0.9996553200245090
0.9996552817106612
0.9996560691055798
0.9996576802814325
0.9996601113372239
0.9996633564082060
0.9996674076800168
0.9996722554075058
0.9996778879382059
0.9996842917403895
0.9996914514356445
0.9996993498358869
0.9997079679847198
0.9997172852030410
0.9997272791387815
0.9997379258206596
0.9997491997158149
0.9997610737911861
0.9997735195784735
0.9997865072425438
0.9998000056530921
0.9998139824594016
0.9998284041680082
0.9998432362230900
0.9998584430893822
0.9998739883374190
0.9998898347308944
0.9999059443159301
0.9999222785120357
0.9999387982045420
0.9999554638382850
0.9999722355123152
0.9999890730754029
1.0000059362221143
1.0000227845892224
1.0000395778522271
1.0000562758217497
1.0000728385395761
1.0000892263741155
1.0001054001150478
1.0001213210669377
1.0001369511415890
1.0001522529489228
1.0001671898861650
1.0001817262251269
1.0001958271973777
1.0002094590771058
1.0002225892614764
1.0002351863482910
1.0002472202107693
1.0002586620692775
1.0002694845598332
1.0002796617992262
1.0002891694466043
1.0002979847613789
1.0003060866573146
1.0003134557526765
1.0003200744163190
1.0003259268096056
1.0003309989240665
1.0003352786146997
1.0003387556288432
1.0003414216305520
1.0003432702204176
1.0003442969507892
1.0003444993363566
1.0003438768600725
1.0003424309744027
1.0003401650978940
1.0003370846070787
1.0003331968237250
1.0003285109974667
1.0003230382838515
1.0003167917178604
1.0003097861829602
1.0003020383757601
1.0002935667663557
1.0002843915544501
1.0002745346213555
1.0002640194779926
1.0002528712090060
1.0002411164131197
1.0002287831398817
1.0002159008229410
1.0002025002100177
1.0001886132897262
1.0001742732154240
1.0001595142262663
1.0001443715656519
1.0001288813972555
1.0001130807188372
1.0000970072740403
1.0000806994623834
1.0000641962476577
1.0000475370649500
1.0000307617265107
1.0000139103266898
0.9999970231461691
0.9999801405557155
0.9999633029196896
0.9999465504995378
0.9999299233574953
0.9999134612607369
0.9998972035862013
0.9998811892263199
0.9998654564958757
0.9998500430402149
0.9998349857450343
0.9998203206479634
0.9998060828521523
0.9997923064420746
0.9997790244017500
0.9997662685355859
0.9997540693920296
0.9997424561902150
0.9997314567497841
0.9997210974240520
0.9997114030366819
0.9997023968220200
0.9996941003692380
0.9996865335704187
0.9996797145727143
0.9996736597346935
0.9996683835869786
0.9996638987972797
0.9996602161399014
0.9996573444698020
0.9996552907012702
0.9996540597912651
0.9996536547274664
0.9996540765210616
0.9996553242042870
0.9996573948327339
0.9996602834924060
0.9996639833115196
0.9996684854770095
0.9996737792557046
0.9996798520201208
0.9996866892788077
0.9996942747111752
0.9997025902067147
0.9997116159085171
0.9997213302609833
0.9997317100616082
0.9997427305167158
0.9997543653010040
0.9997665866207577
0.9997793652805762
0.9997926707534488
0.9998064712540146
0.9998207338148190
0.9998354243653882
0.9998505078139291
0.9998659481314581
0.9998817084381483
0.9998977510916949
0.9999140377774804
0.9999305296003183
0.9999471871775624
0.9999639707333573
0.9999808401937936
0.9999977552827496
1.0000146756181827
1.0000315608086487
1.0000483705498076
1.0000650647206892
1.0000816034794977
1.0000979473587088
1.0001140573592484
1.0001298950435238
1.0001454226270887
1.0001606030687200
1.0001754001586958
1.0001897786050686
1.0002037041177243
1.0002171434900322
1.0002300646778925
1.0002424368759972
1.0002542305911231
1.0002654177122843
1.0002759715775811
1.0002858670375880
1.0002950805151327
1.0003035900613264
1.0003113754077093
1.0003184180143994
1.0003247011141214
1.0003302097520221
1.0003349308211751
1.0003388530936896
1.0003419672473559
1.0003442658877615
1.0003457435658294
1.0003463967907347
1.0003462240381731
1.0003452257539616
1.0003434043529575
1.0003407642133044
1.0003373116660184
1.0003330549799327
1.0003280043420439
1.0003221718332951
