1.0000000000549267
1.0000000000547928
1.0000000000545619
1.0000000000542362
1.0000000000538185
1.0000000000533094
1.0000000000527101
1.0000000000520228
1.0000000000512506
1.0000000000503952
1.0000000000494595
1.0000000000484468
1.0000000000473599
1.0000000000462022
1.0000000000449774
1.0000000000436888
1.0000000000423397
1.0000000000409330
1.0000000000394722
1.0000000000379614
1.0000000000364035
1.0000000000348024
1.0000000000331626
1.0000000000314875
1.0000000000297813
1.0000000000280487
1.0000000000262936
1.0000000000245206
1.0000000000227343
1.0000000000209395
1.0000000000191402
1.0000000000173410
1.0000000000155451
1.0000000000137574
1.0000000000119815
1.0000000000102212
1.0000000000084810
1.0000000000067664
1.0000000000050808
1.0000000000034273
1.0000000000018088
1.0000000000002267
0.9999999999986841
0.9999999999971843
0.9999999999957311
0.9999999999943284
0.9999999999929792
0.9999999999916859
0.9999999999904515
0.9999999999892790
0.9999999999881711
0.9999999999871305
0.9999999999861588
0.9999999999852576
0.9999999999844299
0.9999999999836769
0.9999999999829997
0.9999999999823975
0.9999999999818706
0.9999999999814180
0.9999999999810395
0.9999999999807349
0.9999999999805035
0.9999999999803455
0.9999999999802610
0.9999999999802496
0.9999999999803113
0.9999999999804443
0.9999999999806467
0.9999999999809170
0.9999999999812541
0.9999999999816558
0.9999999999821196
0.9999999999826440
0.9999999999832272
0.9999999999838673
0.9999999999845622
0.9999999999853092
0.9999999999861058
0.9999999999869491
0.9999999999878360
0.9999999999887624
0.9999999999897251
0.9999999999907210
0.9999999999917465
0.9999999999927990
0.9999999999938759
0.9999999999949741
0.9999999999960891
0.9999999999972163
0.9999999999983523
0.9999999999994930
1.0000000000006346
1.0000000000017737
1.0000000000029066
1.0000000000040301
1.0000000000051410
1.0000000000062375
1.0000000000073164
1.0000000000083742
1.0000000000094067
1.0000000000104110
1.0000000000113858
1.0000000000123290
1.0000000000132367
1.0000000000141060
1.0000000000149329
1.0000000000157134
1.0000000000164448
1.0000000000171254
1.0000000000177536
1.0000000000183289
1.0000000000188485
1.0000000000193103
1.0000000000197122
1.0000000000200511
1.0000000000203255
1.0000000000205334
1.0000000000206721
1.0000000000207416
1.0000000000207416
1.0000000000206721
1.0000000000205325
1.0000000000203235
1.0000000000200451
1.0000000000196971
1.0000000000192804
1.0000000000187963
1.0000000000182452
1.0000000000176283
1.0000000000169462
1.0000000000161999
1.0000000000153912
1.0000000000145215
1.0000000000135922
1.0000000000126050
1.0000000000115619
1.0000000000104652
1.0000000000093172
1.0000000000081199
1.0000000000068758
1.0000000000055871
1.0000000000042562
1.0000000000028866
1.0000000000014817
1.0000000000000442
0.9999999999985772
0.9999999999970828
0.9999999999955638
0.9999999999940249
0.9999999999924707
0.9999999999909043
0.9999999999893286
0.9999999999877470
0.9999999999861636
0.9999999999845826
0.9999999999830080
0.9999999999814428
0.9999999999798919
0.9999999999783584
0.9999999999768471
0.9999999999753620
0.9999999999739074
0.9999999999724875
0.9999999999711071
0.9999999999697696
0.9999999999684787
0.9999999999672369
0.9999999999660468
0.9999999999649108
0.9999999999638316
0.9999999999628122
0.9999999999618555
0.9999999999609639
0.9999999999601387
0.9999999999593824
0.9999999999586971
0.9999999999580855
0.9999999999575503
0.9999999999570938
0.9999999999567173
0.9999999999564224
0.9999999999562118
0.9999999999560876
0.9999999999560516
0.9999999999561041
0.9999999999562447
0.9999999999564728
0.9999999999567872
0.9999999999571878
0.9999999999576727
0.9999999999582413
0.9999999999588934
0.9999999999596302
0.9999999999604509
0.9999999999613548
0.9999999999623407
0.9999999999634068
0.9999999999645512
0.9999999999657720
0.9999999999670667
0.9999999999684338
0.9999999999698720
0.9999999999713786
0.9999999999729505
0.9999999999745854
0.9999999999762815
0.9999999999780362
0.9999999999798461
0.9999999999817076
0.9999999999836165
0.9999999999855675
0.9999999999875557
0.9999999999895776
0.9999999999916297
0.9999999999937090
0.9999999999958127
0.9999999999979376
1.0000000000000815
1.0000000000022400
1.0000000000044078
1.0000000000065801
1.0000000000087523
1.0000000000109202
1.0000000000130798
1.0000000000152272
1.0000000000173581
1.0000000000194671
1.0000000000215503
1.0000000000236029
1.0000000000256204
1.0000000000275986
1.0000000000295328
1.0000000000314204
1.0000000000332565
1.0000000000350380
1.0000000000367624
1.0000000000384262
1.0000000000400258
1.0000000000415570
1.0000000000430154
1.0000000000443992
1.0000000000457065
1.0000000000469351
1.0000000000480831
1.0000000000491487
1.0000000000501299
1.0000000000510250
1.0000000000518319
1.0000000000525486
1.0000000000531737
1.0000000000537073
1.0000000000541485
1.0000000000544955
1.0000000000547473
1.0000000000549039
1.0000000000549638
1.0000000000549267
1.0000000000547928
1.0000000000545619
1.0000000000542362
