1.0000000362193859
1.0000000358148140
1.0000000353282776
1.0000000347609939
1.0000000341143689
1.0000000333899959
1.0000000325896516
1.0000000317152899
1.0000000307690411
1.0000000297532046
1.0000000286702453
1.0000000275227863
1.0000000263136015
1.0000000250456107
1.0000000237218707
1.0000000223455696
1.0000000209200175
1.0000000194486416
1.0000000179349748
1.0000000163826497
1.0000000147953885
1.0000000131769966
1.0000000115313501
1.0000000098623878
1.0000000081741010
1.0000000064705232
1.0000000047557218
1.0000000030337881
1.0000000013088288
0.9999999995849563
0.9999999978662774
0.9999999961568828
0.9999999944608399
0.9999999927821818
0.9999999911248981
0.9999999894929241
0.9999999878901329
0.9999999863203238
0.9999999847872151
0.9999999832944343
0.9999999818455108
0.9999999804438664
0.9999999790928091
0.9999999777955233
0.9999999765550642
0.9999999753743467
0.9999999742561406
0.9999999732030639
0.9999999722175782
0.9999999713019827
0.9999999704584056
0.9999999696888008
0.9999999689949440
0.9999999683784278
0.9999999678406570
0.9999999673828474
0.9999999670060205
0.9999999667110029
0.9999999664984234
0.9999999663687124
0.9999999663221011
0.9999999663586201
0.9999999664781001
0.9999999666801719
0.9999999669642673
0.9999999673296199
0.9999999677752692
0.9999999683000620
0.9999999689026531
0.9999999695815104
0.9999999703349174
0.9999999711609786
0.9999999720576233
0.9999999730226109
0.9999999740535380
0.9999999751478427
0.9999999763028105
0.9999999775155800
0.9999999787831522
0.9999999801023963
0.9999999814700582
0.9999999828827676
0.9999999843370467
0.9999999858293159
0.9999999873559048
0.9999999889130603
0.9999999904969571
0.9999999921037064
0.9999999937293644
0.9999999953699418
0.9999999970214134
0.9999999986797281
1.0000000003408172
1.0000000020006059
1.0000000036550225
1.0000000053000109
1.0000000069315367
1.0000000085455987
1.0000000101382378
1.0000000117055472
1.0000000132436808
1.0000000147488626
1.0000000162173959
1.0000000176456718
1.0000000190301797
1.0000000203675148
1.0000000216543870
1.0000000228876267
1.0000000240641942
1.0000000251811865
1.0000000262358439
1.0000000272255560
1.0000000281478705
1.0000000290004953
1.0000000297813076
1.0000000304883572
1.0000000311198740
1.0000000316742694
1.0000000321501399
1.0000000325462710
1.0000000328616405
1.0000000330954215
1.0000000332469838
1.0000000333158960
1.0000000333019243
1.0000000332050367
1.0000000330254015
1.0000000327633856
1.0000000324195537
1.0000000319946700
1.0000000314896953
1.0000000309057839
1.0000000302442813
1.0000000295067213
1.0000000286948214
1.0000000278104795
1.0000000268557689
1.0000000258329325
1.0000000247443777
1.0000000235926703
1.0000000223805297
1.0000000211108224
1.0000000197865557
1.0000000184108699
1.0000000169870302
1.0000000155184194
1.0000000140085317
1.0000000124609614
1.0000000108793952
1.0000000092676029
1.0000000076294304
1.0000000059687888
1.0000000042896435
1.0000000025960085
1.0000000008919343
0.9999999991814985
0.9999999974687965
0.9999999957579332
0.9999999940530117
0.9999999923581223
0.9999999906773342
0.9999999890146856
0.9999999873741745
0.9999999857597470
0.9999999841752900
0.9999999826246214
0.9999999811114805
0.9999999796395198
0.9999999782122954
0.9999999768332577
0.9999999755057439
0.9999999742329705
0.9999999730180268
0.9999999718638652
0.9999999707732952
0.9999999697489771
0.9999999687934150
0.9999999679089504
0.9999999670977576
0.9999999663618380
0.9999999657030141
0.9999999651229261
0.9999999646230286
0.9999999642045859
0.9999999638686696
0.9999999636161553
0.9999999634477214
0.9999999633638471
0.9999999633648110
0.9999999634506900
0.9999999636213605
0.9999999638764969
0.9999999642155737
0.9999999646378653
0.9999999651424509
0.9999999657282143
0.9999999663938454
0.9999999671378442
0.9999999679585242
0.9999999688540171
0.9999999698222765
0.9999999708610828
0.9999999719680487
0.9999999731406254
0.9999999743761090
0.9999999756716461
0.9999999770242411
0.9999999784307618
0.9999999798879471
0.9999999813924154
0.9999999829406722
0.9999999845291175
0.9999999861540572
0.9999999878117104
0.9999999894982180
0.9999999912096529
0.9999999929420273
0.9999999946913043
0.9999999964534073
0.9999999982242274
0.9999999999996352
1.0000000017754893
1.0000000035476468
1.0000000053119731
1.0000000070643518
1.0000000088006951
1.0000000105169538
1.0000000122091266
1.0000000138732692
1.0000000155055038
1.0000000171020271
1.0000000186591216
1.0000000201731614
1.0000000216406235
1.0000000230580950
1.0000000244222831
1.0000000257300199
1.0000000269782716
1.0000000281641444
1.0000000292848941
1.0000000303379293
1.0000000313208208
1.0000000322313050
1.0000000330672894
1.0000000338268584
1.0000000345082762
1.0000000351099925
1.0000000356306475
1.0000000360690720
1.0000000364242905
1.0000000366955262
1.0000000368822006
1.0000000369839352
1.0000000370005542
1.0000000369320821
1.0000000367787456
1.0000000365409714
1.0000000362193859
1.0000000358148140
1.0000000353282776
1.0000000347609939
