1.0000515463711555
1.0000508992831056
1.0000501310580603
1.0000492435394450
1.0000482388554643
1.0000471194140144
1.0000458878969281
1.0000445472535657
1.0000431006937680
1.0000415516801882
1.0000399039200161
1.0000381613561229
1.0000363281576392
1.0000344087099942
1.0000324076044385
1.0000303296270741
1.0000281797474169
1.0000259631065240
1.0000236850047102
1.0000213508888840
1.0000189663395311
1.0000165370573808
1.0000140688497825
1.0000115676168275
1.0000090393372520
1.0000064900541468
1.0000039258605149
1.0000013528847103
0.9999987772757897
0.9999962051888157
0.9999936427701441
0.9999910961427335
0.9999885713915079
0.9999860745488112
0.9999836115799882
0.9999811883691225
0.9999788107049703
0.9999764842671192
0.9999742146124091
0.9999720071616481
0.9999698671866502
0.9999677997976308
0.9999658099309872
0.9999639023374952
0.9999620815709525
0.9999603519772889
0.9999587176841743
0.9999571825911489
0.9999557503602984
0.9999544244075008
0.9999532078942565
0.9999521037201308
0.9999511145158230
0.9999502426368764
0.9999494901580478
0.9999488588683501
0.9999483502667773
0.9999479655587254
0.9999477056531132
0.9999475711602128
0.9999475623902000
0.9999476793524148
0.9999479217553473
0.9999482890073438
0.9999487802180288
0.9999493942004409
0.9999501294738843
0.9999509842674772
0.9999519565243971
0.9999530439068073
0.9999542438014616
0.9999555533259621
0.9999569693356640
0.9999584884312089
0.9999601069666639
0.9999618210582536
0.9999636265936573
0.9999655192418571
0.9999674944635055
0.9999695475217916
0.9999716734937802
0.9999738672821972
0.9999761236276261
0.9999784371210977
0.9999808022170343
0.9999832132465191
0.9999856644308617
0.9999881498954275
0.9999906636836913
0.9999931997714880
0.9999957520814244
0.9999983144974178
1.0000008808793281
1.0000034450776436
1.0000060009481884
1.0000085423668199
1.0000110632440733
1.0000135575397244
1.0000160192772363
1.0000184425580487
1.0000208215756843
1.0000231506296287
1.0000254241389650
1.0000276366557135
1.0000297828778582
1.0000318576620235
1.0000338560357689
1.0000357732094773
1.0000376045878037
1.0000393457806627
1.0000409926137201
1.0000425411383724
1.0000439876411857
1.0000453286527744
1.0000465609560931
1.0000476815941275
1.0000486878769663
1.0000495773882290
1.0000503479908442
1.0000509978321619
1.0000515253483835
1.0000519292683008
1.0000522086163393
1.0000523627148936
1.0000523911859525
1.0000522939520069
1.0000520712362402
1.0000517235620012
1.0000512517515605
1.0000506569241507
1.0000499404932999
1.0000491041634616
1.0000481499259470
1.0000470800541750
1.0000458970982458
1.0000446038788575
1.0000432034805713
1.0000416992444485
1.0000400947600743
1.0000383938569879
1.0000366005955383
1.0000347192571892
1.0000327543342937
1.0000307105193662
1.0000285926938750
1.0000264059165822
1.0000241554114617
1.0000218465552186
1.0000194848644444
1.0000170759824385
1.0000146256657236
1.0000121397702919
1.0000096242376122
1.0000070850804292
1.0000045283683947
1.0000019602135617
0.9999993867557745
0.9999968141479935
0.9999942485415855
0.9999916960716198
0.9999891628421990
0.9999866549118653
0.9999841782791143
0.9999817388680502
0.9999793425142187
0.9999769949506518
0.9999747017941560
0.9999724685318774
0.9999703005081767
0.9999682029118437
0.9999661807636852
0.9999642389045114
0.9999623819835555
0.9999606144473467
0.9999589405290717
0.9999573642384422
0.9999558893520989
0.9999545194045739
0.9999532576798268
0.9999521072033855
0.9999510707351006
0.9999501507625358
0.9999493494950145
0.9999486688583242
0.9999481104901048
0.9999476757359234
0.9999473656460489
0.9999471809729318
0.9999471221693983
0.9999471893875587
0.9999473824784365
0.9999477009923188
0.9999481441798252
0.9999487109936946
0.9999494000912820
0.9999502098377648
0.9999511383100460
0.9999521833013478
0.9999533423264839
0.9999546126277974
0.9999559911817504
0.9999574747061497
0.9999590596679908
0.9999607422919025
0.9999625185691704
0.9999643842673175
0.9999663349402196
0.9999683659387346
0.9999704724218138
0.9999726493680703
0.9999748915877814
0.9999771937352899
0.9999795503217831
0.9999819557284106
0.9999844042197100
0.9999868899573139
0.9999894070139000
0.9999919493873566
0.9999945110151238
0.9999970857886779
0.9999996675681262
1.0000022501968771
1.0000048275163484
1.0000073933806788
1.0000099416714070
1.0000124663120891
1.0000149612828113
1.0000174206345684
1.0000198385034713
1.0000222091247526
1.0000245268465326
1.0000267861433165
1.0000289816291854
1.0000311080706572
1.0000331603991803
1.0000351337232369
1.0000370233400182
1.0000388247466532
1.0000405336509546
1.0000421459816626
1.0000436578981637
1.0000450657996547
1.0000463663337364
1.0000475564044131
1.0000486331794793
1.0000495940972778
1.0000504368728087
1.0000511595031807
1.0000517602723873
1.0000522377553980
1.0000525908215536
1.0000528186372606
1.0000529206679774
1.0000528966794846
1.0000527467384379
1.0000524712122016
1.0000520707679672
1.0000515463711555
1.0000508992831056
1.0000501310580603
1.0000492435394450
