1.0000000123662314
1.0000000122355661
1.0000000120773869
1.0000000118920980
1.0000000116801662
1.0000000114421206
1.0000000111785530
1.0000000108901133
1.0000000105775098
1.0000000102415081
1.0000000098829283
1.0000000095026433
1.0000000091015764
1.0000000086807002
1.0000000082410336
1.0000000077836388
1.0000000073096194
1.0000000068201162
1.0000000063163081
1.0000000057994047
1.0000000052706464
1.0000000047313005
1.0000000041826589
1.0000000036260352
1.0000000030627614
1.0000000024941835
1.0000000019216593
1.0000000013465551
1.0000000007702414
1.0000000001940905
0.9999999996194717
0.9999999990477518
0.9999999984802876
0.9999999979184246
0.9999999973634942
0.9999999968168096
0.9999999962796640
0.9999999957533265
0.9999999952390392
0.9999999947380136
0.9999999942514304
0.9999999937804329
0.9999999933261260
0.9999999928895739
0.9999999924717988
0.9999999920737775
0.9999999916964376
0.9999999913406556
0.9999999910072545
0.9999999906970028
0.9999999904106143
0.9999999901487441
0.9999999899119881
0.9999999897008800
0.9999999895158900
0.9999999893574260
0.9999999892258326
0.9999999891213887
0.9999999890443073
0.9999999889947359
0.9999999889727550
0.9999999889783805
0.9999999890115610
0.9999999890721781
0.9999999891600482
0.9999999892749206
0.9999999894164794
0.9999999895843434
0.9999999897780675
0.9999999899971435
0.9999999902410042
0.9999999905090224
0.9999999908005133
0.9999999911147341
0.9999999914508886
0.9999999918081272
0.9999999921855484
0.9999999925822028
0.9999999929970953
0.9999999934291867
0.9999999938773960
0.9999999943406029
0.9999999948176517
0.9999999953073544
0.9999999958084926
0.9999999963198193
0.9999999968400624
0.9999999973679286
0.9999999979021070
0.9999999984412709
0.9999999989840821
0.9999999995291929
1.0000000000752520
1.0000000006209047
1.0000000011647969
1.0000000017055795
1.0000000022419109
1.0000000027724609
1.0000000032959131
1.0000000038109682
1.0000000043163484
1.0000000048107989
1.0000000052930904
1.0000000057620233
1.0000000062164307
1.0000000066551820
1.0000000070771831
1.0000000074813811
1.0000000078667657
1.0000000082323723
1.0000000085772842
1.0000000089006349
1.0000000092016095
1.0000000094794481
1.0000000097334478
1.0000000099629618
1.0000000101674029
1.0000000103462439
1.0000000104990208
1.0000000106253335
1.0000000107248446
1.0000000107972826
1.0000000108424405
1.0000000108601781
1.0000000108504203
1.0000000108131573
1.0000000107484479
1.0000000106564173
1.0000000105372575
1.0000000103912257
1.0000000102186446
1.0000000100199014
1.0000000097954469
1.0000000095457953
1.0000000092715211
1.0000000089732608
1.0000000086517074
1.0000000083076113
1.0000000079417768
1.0000000075550608
1.0000000071483719
1.0000000067226680
1.0000000062789538
1.0000000058182787
1.0000000053417342
1.0000000048504500
1.0000000043455917
1.0000000038283585
1.0000000032999816
1.0000000027617186
1.0000000022148527
1.0000000016606898
1.0000000011005530
1.0000000005357805
0.9999999999677237
0.9999999993977431
0.9999999988272044
0.9999999982574761
0.9999999976899270
0.9999999971259215
0.9999999965668168
0.9999999960139588
0.9999999954686792
0.9999999949322932
0.9999999944060948
0.9999999938913553
0.9999999933893208
0.9999999929012080
0.9999999924282008
0.9999999919714497
0.9999999915320670
0.9999999911111245
0.9999999907096508
0.9999999903286294
0.9999999899689941
0.9999999896316295
0.9999999893173689
0.9999999890269924
0.9999999887612225
0.9999999885207245
0.9999999883061034
0.9999999881179017
0.9999999879566003
0.9999999878226166
0.9999999877163038
0.9999999876379504
0.9999999875877786
0.9999999875659442
0.9999999875725367
0.9999999876075779
0.9999999876710232
0.9999999877627600
0.9999999878826096
0.9999999880303275
0.9999999882056022
0.9999999884080563
0.9999999886372493
0.9999999888926772
0.9999999891737731
0.9999999894799088
0.9999999898103966
0.9999999901644917
0.9999999905413927
0.9999999909402459
0.9999999913601458
0.9999999918001357
0.9999999922592114
0.9999999927363231
0.9999999932303788
0.9999999937402456
0.9999999942647523
0.9999999948026926
0.9999999953528301
0.9999999959138994
0.9999999964846081
0.9999999970636412
0.9999999976496634
0.9999999982413222
0.9999999988372535
0.9999999994360822
1.0000000000364260
1.0000000006368999
1.0000000012361179
1.0000000018326960
1.0000000024252564
1.0000000030124305
1.0000000035928627
1.0000000041652135
1.0000000047281605
1.0000000052804043
1.0000000058206711
1.0000000063477155
1.0000000068603248
1.0000000073573185
1.0000000078375539
1.0000000082999279
1.0000000087433802
1.0000000091668941
1.0000000095694999
1.0000000099502773
1.0000000103083575
1.0000000106429272
1.0000000109532279
1.0000000112385583
1.0000000114982761
1.0000000117317989
1.0000000119386065
1.0000000121182415
1.0000000122703108
1.0000000123944863
1.0000000124905055
1.0000000125581727
1.0000000125973583
1.0000000126080002
1.0000000125901030
1.0000000125437383
1.0000000124690458
1.0000000123662314
1.0000000122355661
1.0000000120773869
1.0000000118920980
