1.0001015825133122
1.0001003042927943
1.0000987871663152
1.0000970347705982
1.0000950513040108
1.0000928415165382
1.0000904106984456
1.0000877646676474
1.0000849097558198
1.0000818527932853
1.0000786010927079
1.0000751624316351
1.0000715450339306
1.0000677575501395
1.0000638090368341
1.0000597089349943
1.0000554670474622
1.0000510935155347
1.0000465987947471
1.0000419936299034
1.0000372890294136
1.0000324962389979
1.0000276267148267
1.0000226920961524
1.0000177041775009
1.0000126748804925
1.0000076162253579
1.0000025403022099
0.9999974592421533
0.9999923851882887
0.9999873302666880
0.9999823065574075
0.9999773260656079
0.9999724006928519
0.9999675422086465
0.9999627622222977
0.9999580721551490
0.9999534832132658
0.9999490063606319
0.9999446522929241
0.9999404314119265
0.9999363538006443
0.9999324291991806
0.9999286669814347
0.9999250761326693
0.9999216652280141
0.9999184424119447
0.9999154153787922
0.9999125913543290
0.9999099770784760
0.9999075787891750
0.9999054022074612
0.9999034525237698
0.9999017343855167
0.9999002518859784
0.9998990085544986
0.9998980073480443
0.9998972506441335
0.9998967402351512
0.9998964773240673
0.9998964625215668
0.9998966958445964
0.9998971767163345
0.9998979039675880
0.9998988758395995
0.9999000899882732
0.9999015434898005
0.9999032328476738
0.9999051540010730
0.9999073023346052
0.9999096726893668
0.9999122593753097
0.9999150561848786
0.9999180564078908
0.9999212528476152
0.9999246378380152
0.9999282032621152
0.9999319405714457
0.9999358408065198
0.9999398946182925
0.9999440922905493
0.9999484237631722
0.9999528786562297
0.9999574462948286
0.9999621157346688
0.9999668757882380
0.9999717150515919
0.9999766219316450
0.9999815846739138
0.9999865913906423
0.9999916300892422
0.9999966887009841
1.0000017551098654
1.0000068171815908
1.0000118627925934
1.0000168798590263
1.0000218563656549
1.0000267803945821
1.0000316401537428
1.0000364240050916
1.0000411204924202
1.0000457183687379
1.0000502066231494
1.0000545745071661
1.0000588115603894
1.0000629076355048
1.0000668529225205
1.0000706379722066
1.0000742537186653
1.0000776915009861
1.0000809430839335
1.0000840006776150
1.0000868569560868
1.0000895050748486
1.0000919386871905
1.0000941519593485
1.0000961395844381
1.0000978967951284
1.0000994193750270
1.0001007036687521
1.0001017465906648
1.0001025456322383
1.0001030988680546
1.0001034049604074
1.0001034631625014
1.0001032733202473
1.0001028358726347
1.0001021518506958
1.0001012228750512
1.0001000511520544
1.0000986394685363
1.0000969911851649
1.0000951102284319
1.0000930010812934
1.0000906687724793
1.0000881188645006
1.0000853574403819
1.0000823910891530
1.0000792268901293
1.0000758723960224
1.0000723356149190
1.0000686249911723
1.0000647493852488
1.0000607180525802
1.0000565406214705
1.0000522270701140
1.0000477877027718
1.0000432331251712
1.0000385742191786
1.0000338221168126
1.0000289881736548
1.0000240839417285
1.0000191211419018
1.0000141116358838
1.0000090673978832
1.0000040004859934
0.9999989230133759
0.9999938471193091
0.9999887849401694
0.9999837485804177
0.9999787500836572
0.9999738014038366
0.9999689143766606
0.9999641006912844
0.9999593718623524
0.9999547392024525
0.9999502137950523
0.9999458064679801
0.9999415277675131
0.9999373879331364
0.9999333968730375
0.9999295641403871
0.9999258989104715
0.9999224099587229
0.9999191056397089
0.9999159938671248
0.9999130820948413
0.9999103772990524
0.9999078859615648
0.9999056140542687
0.9999035670248303
0.9999017497836381
0.9999001666920349
0.9998988215518628
0.9998977175963503
0.9998968574823575
0.9998962432840042
0.9998958764876917
0.9998957579885331
0.9998958880881973
0.9998962664941764
0.9998968923204762
0.9998977640897259
0.9998988797367053
0.9999002366132788
0.9999018314947256
0.9999036605874504
0.9999057195380584
0.9999080034437674
0.9999105068641357
0.9999132238340780
0.9999161478781362
0.9999192720259712
0.9999225888290388
0.9999260903784081
0.9999297683236829
0.9999336138929774
0.9999376179138998
0.9999417708354916
0.9999460627510728
0.9999504834219364
0.9999550223018350
0.9999596685622023
0.9999644111180455
0.9999692386544494
0.9999741396536305
0.9999791024224709
0.9999841151204719
0.9999891657880540
0.9999942423751413
0.9999993327699604
1.0000044248279816
1.0000095064009362
1.0000145653658412
1.0000195896539588
1.0000245672796264
1.0000294863688828
1.0000343351878236
1.0000391021706225
1.0000437759471481
1.0000483453701099
1.0000527995416695
1.0000571278394550
1.0000613199419146
1.0000653658529512
1.0000692559257747
1.0000729808859212
1.0000765318533813
1.0000799003637855
1.0000830783885959
1.0000860583542566
1.0000888331602587
1.0000913961960727
1.0000937413569120
1.0000958630582888
1.0000977562493272
1.0000994164248045
1.0001008396358899
1.0001020224995552
1.0001029622066349
1.0001036565285200
1.0001041038224623
1.0001043030354859
1.0001042537068900
1.0001039559693377
1.0001034105485316
1.0001026187614730
1.0001015825133122
1.0001003042927943
1.0000987871663152
1.0000970347705982
