1.0238164314450813
1.0235227554058466
1.0231743144812804
1.0227718526808423
1.0223162307821083
1.0218084251477306
1.0212495263679771
1.0206407377248119
1.0199833734731436
1.0192788569345397
1.0185287183984681
1.0177345928259254
1.0168982173501819
1.0160214285693292
1.0151061596253235
1.0141544370643287
1.0131683774733651
1.0121501838885507
1.0111021419706221
1.0100266159439146
1.0089260442956027
1.0078029352327118
1.0066598618952647
1.0054994573248881
1.0043244091892856
1.0031374542641969
1.0019413726757829
1.0007389819078250
0.9995331305796754
0.9983266920025653
0.9971225575236269
0.9959236296688430
0.9947328150980416
0.9935530173870420
0.9923871296540639
0.9912380270495657
0.9901085591307074
0.9890015421436574
0.9879197512389294
0.9868659126468328
0.9858426958419138
0.9848527057269312
0.9838984748684072
0.9829824558171243
0.9821070135480335
0.9812744180549046
0.9804868371356451
0.9797463294045283
0.9790548375675699
0.9784141819969679
0.9778260546398736
0.9772920132957672
0.9768134762953598
0.9763917176122830
0.9760278624368004
0.9757228832384606
0.9754775963419710
0.9752926590376725
0.9751685672448467
0.9751056537427276
0.9751040869805430
0.9751638704742477
0.9752848427938445
0.9754666781413701
0.9757088875158287
0.9760108204575727
0.9763716673609613
0.9767904623405818
0.9772660866329448
0.9777972725124073
0.9783826076971668
0.9790205402185173
0.9797093837242241
0.9804473231848484
0.9812324209701559
0.9820626232613939
0.9829357667642005
0.9838495856862568
0.9848017189434439
0.9857897175582653
0.9868110522145807
0.9878631209332944
0.9889432568344746
0.9900487359524950
0.9911767850720856
0.9923245895546818
0.9934893011261140
0.9946680455984745
0.9958579305008868
0.9970560525958727
0.9982595052600263
0.9994653857097405
1.0006708020547825
1.0018728801645185
1.0030687703335874
1.0042556537357248
1.0054307486563006
1.0065913164958822
1.0077346675388181
1.0088581664823857
1.0099592377234945
1.0110353704012751
1.0120841231950910
1.0131031288785994
1.0140900986314620
1.0150428261111459
1.0159591912879968
1.0168371640473655
1.0176748075630853
1.0184702814469926
1.0192218446794727
1.0199278583262203
1.0205867880465063
1.0211972063982733
1.0217577949453225
1.0222673461717389
1.0227247652085070
1.0231290713770134
1.0234793995538312
1.0237750013608335
1.0240152461842835
1.0241996220261140
1.0243277361901526
1.0243993158055498
1.0244142081891707
1.0243723810481669
1.0242739225234214
1.0241190410740078
1.0239080652022676
1.0236414430185534
1.0233197416441699
1.0229436464505095
1.0225139601318904
1.0220316016091180
1.0214976047603392
1.0209131169753560
1.0202793975291777
1.0195978157702572
1.0188698491185872
1.0180970808685976
1.0172811977916425
1.0164239875327672
1.0155273357964323
1.0145932233159276
1.0136237226013691
1.0126209944614082
1.0115872842941298
1.0105249181430536
1.0094362985147178
1.0083238999549857
1.0071902643819977
1.0060379961746093
1.0048697570161589
1.0036882604945769
1.0024962664611095
1.0012965751513079
1.0000920210734465
0.9988854666711470
0.9976797957686832
0.9964779068092668
0.9952827058984797
0.9940970996669809
0.9929239879686164
0.9917662564320918
0.9906267688864140
0.9895083596823397
0.9884138259340658
0.9873459197073392
0.9863073401820096
0.9853007258187790
0.9843286465615017
0.9833935961077855
0.9824979842818740
0.9816441295447697
0.9808342516772931
0.9800704646722186
0.9793547698717935
0.9786890493867828
0.9780750598326918
0.9775144264179959
0.9770086374180352
0.9765590390667150
0.9761668308963090
0.9758330615534814
0.9755586251171667
0.9753442579411598
0.9751905360412387
0.9750978730433889
0.9750665187062229
0.9750965580270862
0.9751879109376108
0.9753403325906752
0.9755534142369192
0.9758265846851604
0.9761591123373257
0.9765501077848995
0.9769985269504278
0.9775031747543317
0.9780627092842658
0.9786756464414567
0.9793403650359743
0.9800551123006973
0.9808180097918724
0.9816270596426546
0.9824801511348296
0.9833750675530809
0.9843094932856682
0.9852810211352168
0.9862871598034637
0.9873253415142524
0.9883929297397892
0.9894872269961581
0.9906054826752989
0.9917449008820599
0.9929026482465190
0.9940758616835035
0.9952616560730795
0.9964571318377167
0.9976593823938387
0.9988655014574951
1.0000725901859360
1.0012777641389077
1.0024781600454864
1.0036709423642289
1.0048533096262939
1.0060225005530026
1.0071757999410202
1.0083105443099600
1.0094241273087070
1.0105140048781560
1.0115777001693276
1.0126128082169767
1.0136170003698406
1.0145880284795725
1.0155237288512047
1.0164220259586478
1.0172809359293009
1.0180985698022840
1.0188731365651593
1.0196029459742477
1.0202864111638030
1.0209220510493757
1.0215084925306743
1.0220444724991491
1.0225288396553569
1.0229605561409512
1.0233386989898607
1.0236624614028869
1.0239311538495746
1.0241442050008061
1.0243011624951024
1.0244016935411568
1.0244455853586125
1.0244327454585780
1.0243632017648427
1.0242371025762205
1.0240547163698930
1.0238164314450813
1.0235227554058466
1.0231743144812804
1.0227718526808423
