1.0000000506264577
1.0000000500533055
1.0000000493651007
1.0000000485635558
1.0000000476506501
1.0000000466286256
1.0000000454999822
1.0000000442674726
1.0000000429340938
1.0000000415030812
1.0000000399779003
1.0000000383622396
1.0000000366600010
1.0000000348752889
1.0000000330124026
1.0000000310758250
1.0000000290702131
1.0000000270003864
1.0000000248713132
1.0000000226881007
1.0000000204559816
1.0000000181803017
1.0000000158665092
1.0000000135201392
1.0000000111468030
1.0000000087521741
1.0000000063419716
1.0000000039219485
1.0000000014978776
0.9999999990755380
0.9999999966607032
0.9999999942591240
0.9999999918765167
0.9999999895185498
0.9999999871908299
0.9999999848988892
0.9999999826481705
0.9999999804440143
0.9999999782916471
0.9999999761961686
0.9999999741625395
0.9999999721955689
0.9999999702999051
0.9999999684800224
0.9999999667402123
0.9999999650845711
0.9999999635169913
0.9999999620411515
0.9999999606605072
0.9999999593782841
0.9999999581974707
0.9999999571208100
0.9999999561507940
0.9999999552896576
0.9999999545393736
0.9999999539016476
0.9999999533779127
0.9999999529693270
0.9999999526767740
0.9999999525008559
0.9999999524418940
0.9999999524999280
0.9999999526747159
0.9999999529657336
0.9999999533721781
0.9999999538929668
0.9999999545267438
0.9999999552718816
0.9999999561264837
0.9999999570883912
0.9999999581551871
0.9999999593242023
0.9999999605925234
0.9999999619569976
0.9999999634142412
0.9999999649606470
0.9999999665923942
0.9999999683054571
0.9999999700956145
0.9999999719584598
0.9999999738894128
0.9999999758837309
0.9999999779365188
0.9999999800427393
0.9999999821972276
0.9999999843947042
0.9999999866297855
0.9999999888969980
0.9999999911907902
0.9999999935055469
0.9999999958356041
0.9999999981752612
1.0000000005187972
1.0000000028604810
1.0000000051945848
1.0000000075153987
1.0000000098172472
1.0000000120945001
1.0000000143415866
1.0000000165530090
1.0000000187233558
1.0000000208473134
1.0000000229196804
1.0000000249353802
1.0000000268894726
1.0000000287771664
1.0000000305938306
1.0000000323350042
1.0000000339964084
1.0000000355739571
1.0000000370637672
1.0000000384621668
1.0000000397657030
1.0000000409711514
1.0000000420755233
1.0000000430760732
1.0000000439703072
1.0000000447559878
1.0000000454311389
1.0000000459940497
1.0000000464432797
1.0000000467776620
1.0000000469963071
1.0000000470986050
1.0000000470842259
1.0000000469531212
1.0000000467055234
1.0000000463419469
1.0000000458631870
1.0000000452703168
1.0000000445646842
1.0000000437479077
1.0000000428218752
1.0000000417887376
1.0000000406509066
1.0000000394110471
1.0000000380720702
1.0000000366371262
1.0000000351095986
1.0000000334930956
1.0000000317914415
1.0000000300086667
1.0000000281489987
1.0000000262168507
1.0000000242168114
1.0000000221536354
1.0000000200322314
1.0000000178576498
1.0000000156350728
1.0000000133698002
1.0000000110672380
1.0000000087328835
1.0000000063723136
1.0000000039911701
1.0000000015951476
0.9999999991899802
0.9999999967814273
0.9999999943752589
0.9999999919772433
0.9999999895931313
0.9999999872286441
0.9999999848894598
0.9999999825811983
0.9999999803094092
0.9999999780795576
0.9999999758970115
0.9999999737670281
0.9999999716947432
0.9999999696851578
0.9999999677431251
0.9999999658733391
0.9999999640803252
0.9999999623684271
0.9999999607417971
0.9999999592043880
0.9999999577599418
0.9999999564119814
0.9999999551638017
0.9999999540184610
0.9999999529787744
0.9999999520473075
0.9999999512263690
0.9999999505180052
0.9999999499239967
0.9999999494458535
0.9999999490848110
0.9999999488418273
0.9999999487175805
0.9999999487124668
0.9999999488265996
0.9999999490598087
0.9999999494116417
0.9999999498813634
0.9999999504679590
0.9999999511701358
0.9999999519863281
0.9999999529146981
0.9999999539531412
0.9999999550992908
0.9999999563505250
0.9999999577039727
0.9999999591565192
0.9999999607048142
0.9999999623452800
0.9999999640741197
0.9999999658873263
0.9999999677806910
0.9999999697498142
0.9999999717901158
0.9999999738968469
0.9999999760651004
0.9999999782898222
0.9999999805658234
0.9999999828877947
0.9999999852503162
0.9999999876478710
0.9999999900748585
0.9999999925256082
0.9999999949943936
0.9999999974754443
0.9999999999629599
1.0000000024511244
1.0000000049341198
1.0000000074061386
1.0000000098614001
1.0000000122941632
1.0000000146987416
1.0000000170695142
1.0000000194009397
1.0000000216875700
1.0000000239240630
1.0000000261051973
1.0000000282258821
1.0000000302811702
1.0000000322662697
1.0000000341765531
1.0000000360075714
1.0000000377550635
1.0000000394149662
1.0000000409834253
1.0000000424568036
1.0000000438316889
1.0000000451049014
1.0000000462735013
1.0000000473347972
1.0000000482863536
1.0000000491259953
1.0000000498518125
1.0000000504621651
1.0000000509556881
1.0000000513312934
1.0000000515881728
1.0000000517257996
1.0000000517439283
1.0000000516425969
1.0000000514221263
1.0000000510831186
1.0000000506264577
1.0000000500533055
1.0000000493651007
1.0000000485635558
