1.0000004042850228
1.0000003994396907
1.0000003936587023
1.0000003869561502
1.0000003793483188
1.0000003708536433
1.0000003614926687
1.0000003512879971
1.0000003402642361
1.0000003284479391
1.0000003158675421
1.0000003025532955
1.0000002885371904
1.0000002738528826
1.0000002585356123
1.0000002426221191
1.0000002261505541
1.0000002091603897
1.0000001916923251
1.0000001737881892
1.0000001554908402
1.0000001368440632
1.0000001178924649
1.0000000986813675
1.0000000792567005
1.0000000596648899
1.0000000399527471
1.0000000201673587
1.0000000003559724
0.9999999805658859
0.9999999608443321
0.9999999412383679
0.9999999217947607
0.9999999025598776
0.9999998835795717
0.9999998648990749
0.9999998465628889
0.9999998286146803
0.9999998110971767
0.9999997940520625
0.9999997775198811
0.9999997615399380
0.9999997461502056
0.9999997313872333
0.9999997172860607
0.9999997038801333
0.9999996912012222
0.9999996792793501
0.9999996681427188
0.9999996578176431
0.9999996483284868
0.9999996396976041
0.9999996319452865
0.9999996250897152
0.9999996191469162
0.9999996141307250
0.9999996100527527
0.9999996069223583
0.9999996047466265
0.9999996035303518
0.9999996032760254
0.9999996039838311
0.9999996056516459
0.9999996082750431
0.9999996118473028
0.9999996163594296
0.9999996218001757
0.9999996281560646
0.9999996354114268
0.9999996435484363
0.9999996525471545
0.9999996623855762
0.9999996730396828
0.9999996844835017
0.9999996966891670
0.9999997096269871
0.9999997232655176
0.9999997375716339
0.9999997525106130
0.9999997680462153
0.9999997841407726
0.9999998007552777
0.9999998178494762
0.9999998353819662
0.9999998533102964
0.9999998715910687
0.9999998901800400
0.9999999090322289
0.9999999281020258
0.9999999473433009
0.9999999667095153
0.9999999861538308
1.0000000056292238
1.0000000250885979
1.0000000444848958
1.0000000637712128
1.0000000829009106
1.0000001018277280
1.0000001205058913
1.0000001388902238
1.0000001569362551
1.0000001746003266
1.0000001918396972
1.0000002086126463
1.0000002248785711
1.0000002405980868
1.0000002557331200
1.0000002702469999
1.0000002841045474
1.0000002972721587
1.0000003097178833
1.0000003214115032
1.0000003323246058
1.0000003424306525
1.0000003517050420
1.0000003601251666
1.0000003676704692
1.0000003743224912
1.0000003800649195
1.0000003848836245
1.0000003887666942
1.0000003917044622
1.0000003936895308
1.0000003947167895
1.0000003947834266
1.0000003938889372
1.0000003920351235
1.0000003892260916
1.0000003854682427
1.0000003807702573
1.0000003751430742
1.0000003685998649
1.0000003611560020
1.0000003528290227
1.0000003436385878
1.0000003336064336
1.0000003227563203
1.0000003111139755
1.0000002987070318
1.0000002855649619
1.0000002717190093
1.0000002572021129
1.0000002420488296
1.0000002262952497
1.0000002099789098
1.0000001931387057
1.0000001758147976
1.0000001580485134
1.0000001398822544
1.0000001213593899
1.0000001025241552
1.0000000834215477
1.0000000640972171
1.0000000445973556
1.0000000249685876
1.0000000052578601
0.9999999855123283
0.9999999657792448
0.9999999461058451
0.9999999265392356
0.9999999071262807
0.9999998879134890
0.9999998689469042
0.9999998502719946
0.9999998319335441
0.9999998139755459
0.9999997964410969
0.9999997793722943
0.9999997628101356
0.9999997467944193
0.9999997313636486
0.9999997165549412
0.9999997024039392
0.9999996889447254
0.9999996762097393
0.9999996642297003
0.9999996530335350
0.9999996426483074
0.9999996330991557
0.9999996244092295
0.9999996165996353
0.9999996096893852
0.9999996036953525
0.9999995986322300
0.9999995945124941
0.9999995913463774
0.9999995891418423
0.9999995879045608
0.9999995876379023
0.9999995883429238
0.9999995900183679
0.9999995926606667
0.9999995962639483
0.9999996008200508
0.9999996063185431
0.9999996127467483
0.9999996200897739
0.9999996283305471
0.9999996374498549
0.9999996474263897
0.9999996582368015
0.9999996698557526
0.9999996822559772
0.9999996954083480
0.9999997092819441
0.9999997238441242
0.9999997390606037
0.9999997548955374
0.9999997713116048
0.9999997882700996
0.9999998057310210
0.9999998236531693
0.9999998419942460
0.9999998607109509
0.9999998797590877
0.9999998990936680
0.9999999186690207
0.9999999384388985
0.9999999583565897
0.9999999783750287
0.9999999984469083
1.0000000185247921
1.0000000385612278
1.0000000585088606
1.0000000783205460
1.0000000979494621
1.0000001173492206
1.0000001364739783
1.0000001552785474
1.0000001737185007
1.0000001917502803
1.0000002093312992
1.0000002264200429
1.0000002429761687
1.0000002589606019
1.0000002743356289
1.0000002890649871
1.0000003031139513
1.0000003164494176
1.0000003290399808
1.0000003408560096
1.0000003518697171
1.0000003620552249
1.0000003713886274
1.0000003798480466
1.0000003874136858
1.0000003940678754
1.0000003997951177
1.0000004045821214
1.0000004084178333
1.0000004112934651
1.0000004132025135
1.0000004141407761
1.0000004141063605
1.0000004130996889
1.0000004111234979
1.0000004081828300
1.0000004042850228
1.0000003994396907
1.0000003936587023
1.0000003869561502
