1.0003485641259726
1.0003441651887612
1.0003389458044047
1.0003329184565330
1.0003260975561834
1.0003184994075598
1.0003101421692875
1.0003010458112580
1.0002912320671662
1.0002807243828487
1.0002695478605415
1.0002577291991936
1.0002452966309707
1.0002322798540992
1.0002187099622064
1.0002046193703245
1.0001900417377296
1.0001750118878039
1.0001595657250995
1.0001437401498072
1.0001275729698293
1.0001111028106600
1.0000943690232924
1.0000774115903657
1.0000602710307767
1.0000429883029838
1.0000256047072271
1.0000081617869034
0.9999907012293276
0.9999732647661175
0.9999558940734402
0.9999386306723611
0.9999215158295292
0.9999045904584383
0.9998878950215044
0.9998714694331915
0.9998553529644187
0.9998395841484796
0.9998242006887009
0.9998092393680647
0.9997947359610100
0.9997807251476298
0.9997672404304709
0.9997543140541368
0.9997419769278924
0.9997302585514531
0.9997191869441455
0.9997087885776065
0.9996990883121905
0.9996901093372331
0.9996818731153257
0.9996743993307305
0.9996677058420632
0.9996618086393618
0.9996567218056431
0.9996524574830423
0.9996490258436231
0.9996464350649246
0.9996446913103039
0.9996437987141298
0.9996437593718548
0.9996445733349978
0.9996462386110452
0.9996487511682717
0.9996521049454690
0.9996562918665586
0.9996613018600544
0.9996671228833232
0.9996737409515867
0.9996811401715938
0.9996893027798800
0.9996982091855201
0.9997078380172699
0.9997181661749797
0.9997291688851567
0.9997408197605415
0.9997530908635455
0.9997659527734025
0.9997793746568664
0.9997933243422843
0.9998077683968660
0.9998226722069596
0.9998380000611384
0.9998537152358985
0.9998697800837586
0.9998861561235499
0.9999028041326746
0.9999196842411149
0.9999367560269620
0.9999539786132361
0.9999713107657650
0.9999887109918840
1.0000061376397211
1.0000235489978295
1.0000409033949333
1.0000581592995410
1.0000752754191924
1.0000922107991008
1.0001089249199557
1.0001253777946575
1.0001415300637480
1.0001573430893140
1.0001727790471431
1.0001878010169101
1.0002023730701819
1.0002164603560348
1.0002300291840793
1.0002430471047019
1.0002554829863273
1.0002673070895274
1.0002784911378024
1.0002890083848619
1.0002988336782523
1.0003079435191824
1.0003163161184068
1.0003239314480337
1.0003307712891414
1.0003368192750861
1.0003420609304055
1.0003464837052232
1.0003500770050797
1.0003528322161153
1.0003547427255444
1.0003558039373799
1.0003560132833673
1.0003553702291053
1.0003538762753332
1.0003515349543917
1.0003483518218530
1.0003443344433536
1.0003394923766467
1.0003338371489254
1.0003273822294665
1.0003201429976551
1.0003121367064736
1.0003033824415297
1.0002939010757268
1.0002837152196753
1.0002728491679702
1.0002613288414461
1.0002491817255617
1.0002364368050463
1.0002231244949631
1.0002092765683541
1.0001949260806331
1.0001801072909062
1.0001648555804044
1.0001492073682183
1.0001332000245371
1.0001168717815920
1.0001002616425207
1.0000834092883608
1.0000663549833997
1.0000491394790982
1.0000318039168214
1.0000143897296034
0.9999969385431845
0.9999794920765550
0.9999620920422404
0.9999447800465666
0.9999275974901475
0.9999105854688305
0.9998937846753372
0.9998772353018370
0.9998609769436865
0.9998450485045685
0.9998294881032568
0.9998143329822334
0.9997996194183779
0.9997853826359475
0.9997716567220564
0.9997584745448596
0.9997458676746395
0.9997338663079879
0.9997224991952686
0.9997117935715367
0.9997017750910839
0.9996924677657633
0.9996838939072542
0.9996760740734040
0.9996690270187735
0.9996627696495146
0.9996573169826839
0.9996526821100968
0.9996488761668083
0.9996459083042973
0.9996437856684229
0.9996425133822044
0.9996420945334691
0.9996425301673971
0.9996438192839809
0.9996459588404053
0.9996489437583457
0.9996527669361635
0.9996574192659684
0.9996628896555071
0.9996691650548271
0.9996762304876453
0.9996840690873485
0.9996926621375313
0.9997019891169802
0.9997120277489902
0.9997227540548939
0.9997341424116705
0.9997461656134937
0.9997587949370698
0.9997720002106083
0.9997857498862535
0.9998000111158021
0.9998147498295229
0.9998299308178865
0.9998455178160062
0.9998614735905867
0.9998777600291721
0.9998943382314693
0.9999111686025347
0.9999282109475932
0.9999454245682636
0.9999627683599586
0.9999802009102264
0.9999976805977966
1.0000151656920906
1.0000326144529634
1.0000499852304339
1.0000672365641643
1.0000843272824560
1.0001012166005214
1.0001178642178001
1.0001342304140903
1.0001502761442655
1.0001659631313491
1.0001812539577324
1.0001961121543144
1.0002105022873564
1.0002243900428458
1.0002377423081705
1.0002505272509141
1.0002627143945788
1.0002742746910684
1.0002851805897532
1.0002954061029634
1.0003049268677462
1.0003137202037542
1.0003217651671203
1.0003290426001989
1.0003355351770564
1.0003412274446049
1.0003461058592784
1.0003501588191739
1.0003533766915798
1.0003557518358233
1.0003572786213895
1.0003579534412668
1.0003577747204888
1.0003567429198523
1.0003548605348003
1.0003521320894779
1.0003485641259726
1.0003441651887612
1.0003389458044047
1.0003329184565330
