1.0000000000413154
1.0000000000412361
1.0000000000410927
1.0000000000408862
1.0000000000406171
1.0000000000402853
1.0000000000398925
1.0000000000394398
1.0000000000389273
1.0000000000383562
1.0000000000377276
1.0000000000370430
1.0000000000363030
1.0000000000355089
1.0000000000346636
1.0000000000337692
1.0000000000328284
1.0000000000318434
1.0000000000308162
1.0000000000297495
1.0000000000286462
1.0000000000275080
1.0000000000263378
1.0000000000251383
1.0000000000239131
1.0000000000226643
1.0000000000213944
1.0000000000201061
1.0000000000188023
1.0000000000174867
1.0000000000161631
1.0000000000148350
1.0000000000135065
1.0000000000121825
1.0000000000108671
1.0000000000095635
1.0000000000082740
1.0000000000070006
1.0000000000057456
1.0000000000045128
1.0000000000033042
1.0000000000021230
1.0000000000009708
0.9999999999998496
0.9999999999987615
0.9999999999977084
0.9999999999966931
0.9999999999957185
0.9999999999947865
0.9999999999938975
0.9999999999930544
0.9999999999922580
0.9999999999915088
0.9999999999908085
0.9999999999901577
0.9999999999895590
0.9999999999890138
0.9999999999885227
0.9999999999880878
0.9999999999877088
0.9999999999873869
0.9999999999871230
0.9999999999869160
0.9999999999867647
0.9999999999866682
0.9999999999866255
0.9999999999866358
0.9999999999866984
0.9999999999868129
0.9999999999869769
0.9999999999871891
0.9999999999874488
0.9999999999877548
0.9999999999881057
0.9999999999884995
0.9999999999889354
0.9999999999894114
0.9999999999899264
0.9999999999904798
0.9999999999910699
0.9999999999916945
0.9999999999923507
0.9999999999930353
0.9999999999937447
0.9999999999944749
0.9999999999952224
0.9999999999959841
0.9999999999967567
0.9999999999975383
0.9999999999983272
0.9999999999991225
0.9999999999999212
1.0000000000007225
1.0000000000015241
1.0000000000023215
1.0000000000031104
1.0000000000038887
1.0000000000046534
1.0000000000054043
1.0000000000061389
1.0000000000068547
1.0000000000075502
1.0000000000082230
1.0000000000088711
1.0000000000094931
1.0000000000100864
1.0000000000106479
1.0000000000111753
1.0000000000116662
1.0000000000121205
1.0000000000125362
1.0000000000129123
1.0000000000132478
1.0000000000135423
1.0000000000137950
1.0000000000140048
1.0000000000141707
1.0000000000142910
1.0000000000143647
1.0000000000143905
1.0000000000143685
1.0000000000142981
1.0000000000141784
1.0000000000140086
1.0000000000137876
1.0000000000135159
1.0000000000131919
1.0000000000128171
1.0000000000123925
1.0000000000119205
1.0000000000114027
1.0000000000108411
1.0000000000102360
1.0000000000095886
1.0000000000089002
1.0000000000081719
1.0000000000074050
1.0000000000066014
1.0000000000057627
1.0000000000048910
1.0000000000039886
1.0000000000030562
1.0000000000020961
1.0000000000011104
1.0000000000001015
0.9999999999990717
0.9999999999980229
0.9999999999969570
0.9999999999958761
0.9999999999947822
0.9999999999936782
0.9999999999925682
0.9999999999914553
0.9999999999903428
0.9999999999892325
0.9999999999881263
0.9999999999870262
0.9999999999859336
0.9999999999848502
0.9999999999837771
0.9999999999827168
0.9999999999816732
0.9999999999806499
0.9999999999796492
0.9999999999786746
0.9999999999777294
0.9999999999768154
0.9999999999759348
0.9999999999750898
0.9999999999742833
0.9999999999735176
0.9999999999727942
0.9999999999721145
0.9999999999714809
0.9999999999708944
0.9999999999703576
0.9999999999698722
0.9999999999694401
0.9999999999690634
0.9999999999687429
0.9999999999684791
0.9999999999682720
0.9999999999681236
0.9999999999680357
0.9999999999680086
0.9999999999680421
0.9999999999681373
0.9999999999682941
0.9999999999685140
0.9999999999687974
0.9999999999691450
0.9999999999695565
0.9999999999700321
0.9999999999705715
0.9999999999711729
0.9999999999718354
0.9999999999725580
0.9999999999733402
0.9999999999741818
0.9999999999750816
0.9999999999760389
0.9999999999770512
0.9999999999781156
0.9999999999792297
0.9999999999803919
0.9999999999816007
0.9999999999828553
0.9999999999841533
0.9999999999854923
0.9999999999868687
0.9999999999882806
0.9999999999897249
0.9999999999911988
0.9999999999927000
0.9999999999942260
0.9999999999957738
0.9999999999973409
0.9999999999989236
1.0000000000005183
1.0000000000021216
1.0000000000037299
1.0000000000053406
1.0000000000069520
1.0000000000085598
1.0000000000101612
1.0000000000117526
1.0000000000133316
1.0000000000148950
1.0000000000164391
1.0000000000179614
1.0000000000194582
1.0000000000209261
1.0000000000223623
1.0000000000237632
1.0000000000251261
1.0000000000264488
1.0000000000277283
1.0000000000289622
1.0000000000301483
1.0000000000312841
1.0000000000323668
1.0000000000333955
1.0000000000343687
1.0000000000352849
1.0000000000361426
1.0000000000369409
1.0000000000376779
1.0000000000383515
1.0000000000389593
1.0000000000394991
1.0000000000399698
1.0000000000403710
1.0000000000407014
1.0000000000409612
1.0000000000411517
1.0000000000412739
1.0000000000413283
1.0000000000413154
1.0000000000412361
1.0000000000410927
1.0000000000408862
