1.0000000218879164
1.0000000216490872
1.0000000213610836
1.0000000210246309
1.0000000206405681
1.0000000202098476
1.0000000197335306
1.0000000192127858
1.0000000186488864
1.0000000180432072
1.0000000173972212
1.0000000167124967
1.0000000159906932
1.0000000152335558
1.0000000144429122
1.0000000136206701
1.0000000127688100
1.0000000118893817
1.0000000109844991
1.0000000100563344
1.0000000091071137
1.0000000081391112
1.0000000071546444
1.0000000061560699
1.0000000051457749
1.0000000041261741
1.0000000030997023
1.0000000020688100
1.0000000010359562
1.0000000000036011
0.9999999989742012
0.9999999979502044
0.9999999969340445
0.9999999959281347
0.9999999949348621
0.9999999939565818
0.9999999929956125
0.9999999920542295
0.9999999911346606
0.9999999902390782
0.9999999893695969
0.9999999885282661
0.9999999877170671
0.9999999869379065
0.9999999861926123
0.9999999854829309
0.9999999848105233
0.9999999841769591
0.9999999835837147
0.9999999830321673
0.9999999825235931
0.9999999820591636
0.9999999816399433
0.9999999812668871
0.9999999809408383
0.9999999806625257
0.9999999804325631
0.9999999802514485
0.9999999801195625
0.9999999800371658
0.9999999800044002
0.9999999800212855
0.9999999800877228
0.9999999802034931
0.9999999803682607
0.9999999805815708
0.9999999808428517
0.9999999811514176
0.9999999815064683
0.9999999819070909
0.9999999823522618
0.9999999828408495
0.9999999833716189
0.9999999839432330
0.9999999845542569
0.9999999852031605
0.9999999858883222
0.9999999866080340
0.9999999873605057
0.9999999881438685
0.9999999889561787
0.9999999897954222
0.9999999906595212
0.9999999915463358
0.9999999924536730
0.9999999933792900
0.9999999943209017
0.9999999952761850
0.9999999962427835
0.9999999972183131
0.9999999982003692
0.9999999991865310
1.0000000001743690
1.0000000011614489
1.0000000021453384
1.0000000031236131
1.0000000040938635
1.0000000050536992
1.0000000060007550
1.0000000069326960
1.0000000078472249
1.0000000087420866
1.0000000096150732
1.0000000104640288
1.0000000112868550
1.0000000120815160
1.0000000128460442
1.0000000135785456
1.0000000142772036
1.0000000149402837
1.0000000155661368
1.0000000161532043
1.0000000167000220
1.0000000172052228
1.0000000176675412
1.0000000180858137
1.0000000184589832
1.0000000187861002
1.0000000190663270
1.0000000192989398
1.0000000194833298
1.0000000196190058
1.0000000197055929
1.0000000197428358
1.0000000197305989
1.0000000196688663
1.0000000195577412
1.0000000193974450
1.0000000191883176
1.0000000189308180
1.0000000186255211
1.0000000182731181
1.0000000178744146
1.0000000174303290
1.0000000169418901
1.0000000164102347
1.0000000158366043
1.0000000152223418
1.0000000145688901
1.0000000138777880
1.0000000131506646
1.0000000123892367
1.0000000115953074
1.0000000107707563
1.0000000099175379
1.0000000090376768
1.0000000081332632
1.0000000072064474
1.0000000062594365
1.0000000052944868
1.0000000043138992
1.0000000033200140
1.0000000023152060
1.0000000013018782
1.0000000002824547
0.9999999992593759
0.9999999982350921
0.9999999972120587
0.9999999961927294
0.9999999951795514
0.9999999941749598
0.9999999931813707
0.9999999922011763
0.9999999912367378
0.9999999902903803
0.9999999893643865
0.9999999884609919
0.9999999875823810
0.9999999867306812
0.9999999859079567
0.9999999851162024
0.9999999843573405
0.9999999836332184
0.9999999829456020
0.9999999822961717
0.9999999816865178
0.9999999811181376
0.9999999805924304
0.9999999801106946
0.9999999796741245
0.9999999792838083
0.9999999789407241
0.9999999786457388
0.9999999783996063
0.9999999782029654
0.9999999780563379
0.9999999779601269
0.9999999779146161
0.9999999779199689
0.9999999779762289
0.9999999780833196
0.9999999782410445
0.9999999784490873
0.9999999787070111
0.9999999790142600
0.9999999793701606
0.9999999797739254
0.9999999802246530
0.9999999807213314
0.9999999812628393
0.9999999818479501
0.9999999824753332
0.9999999831435570
0.9999999838510931
0.9999999845963192
0.9999999853775230
0.9999999861929069
0.9999999870405919
0.9999999879186225
0.9999999888249727
0.9999999897575478
0.9999999907141920
0.9999999916926913
0.9999999926907781
0.9999999937061388
0.9999999947364200
0.9999999957792328
0.9999999968321585
0.9999999978927537
0.9999999989585563
1.0000000000270912
1.0000000010958756
1.0000000021624271
1.0000000032242682
1.0000000042789314
1.0000000053239670
1.0000000063569479
1.0000000073754767
1.0000000083771903
1.0000000093597652
1.0000000103209226
1.0000000112584340
1.0000000121701258
1.0000000130538873
1.0000000139076732
1.0000000147295103
1.0000000155175004
1.0000000162698244
1.0000000169847476
1.0000000176606254
1.0000000182959035
1.0000000188891238
1.0000000194389276
1.0000000199440595
1.0000000204033710
1.0000000208158220
1.0000000211804831
1.0000000214965383
1.0000000217632865
1.0000000219801426
1.0000000221466392
1.0000000222624268
1.0000000223272774
1.0000000223410832
1.0000000223038572
1.0000000222157326
1.0000000220769618
1.0000000218879164
1.0000000216490872
1.0000000213610836
1.0000000210246309
