1.0000035245900034
1.0000034810816969
1.0000034293365649
1.0000033694795016
1.0000033016547407
1.0000032260255098
1.0000031427736398
1.0000030520991294
1.0000029542196660
1.0000028493701052
1.0000027378019101
1.0000026197825469
1.0000024955948477
1.0000023655363321
1.0000022299184985
1.0000020890660772
1.0000019433162546
1.0000017930178648
1.0000016385305579
1.0000014802239374
1.0000013184766792
1.0000011536756253
1.0000009862148580
1.0000008164947602
1.0000006449210586
1.0000004719038513
1.0000002978566296
1.0000001231952877
0.9999999483371309
0.9999997736998759
0.9999995997006534
0.9999994267550099
0.9999992552759169
0.9999990856727845
0.9999989183504807
0.9999987537083661
0.9999985921393365
0.9999984340288860
0.9999982797541858
0.9999981296831840
0.9999979841737253
0.9999978435726945
0.9999977082151905
0.9999975784237263
0.9999974545074579
0.9999973367614454
0.9999972254659488
0.9999971208857587
0.9999970232695633
0.9999969328493562
0.9999968498398807
0.9999967744381177
0.9999967068228165
0.9999966471540673
0.9999965955729210
0.9999965522010505
0.9999965171404639
0.9999964904732596
0.9999964722614310
0.9999964625467214
0.9999964613505231
0.9999964686738284
0.9999964844972287
0.9999965087809617
0.9999965414650073
0.9999965824692330
0.9999966316935852
0.9999966890183309
0.9999967543043445
0.9999968273934415
0.9999969081087571
0.9999969962551714
0.9999970916197779
0.9999971939723924
0.9999973030661058
0.9999974186378747
0.9999975404091515
0.9999976680865512
0.9999978013625563
0.9999979399162514
0.9999980834140907
0.9999982315107008
0.9999983838497057
0.9999985400645792
0.9999986997795219
0.9999988626103624
0.9999990281654768
0.9999991960467258
0.9999993658504078
0.9999995371682255
0.9999997095882642
0.9999998826959765
1.0000000560751756
1.0000002293090311
1.0000004019810680
1.0000005736761624
1.0000007439815368
1.0000009124877463
1.0000010787896583
1.0000012424874229
1.0000014031874309
1.0000015605032562
1.0000017140565820
1.0000018634781049
1.0000020084084187
1.0000021484988741
1.0000022834124151
1.0000024128243847
1.0000025364233021
1.0000026539116094
1.0000027650063834
1.0000028694400140
1.0000029669608450
1.0000030573337761
1.0000031403408274
1.0000032157816583
1.0000032834740513
1.0000033432543478
1.0000033949778400
1.0000034385191170
1.0000034737723651
1.0000035006516224
1.0000035190909859
1.0000035290447706
1.0000035304876171
1.0000035234145572
1.0000035078410245
1.0000034838028187
1.0000034513560194
1.0000034105768547
1.0000033615615196
1.0000033044259464
1.0000032393055285
1.0000031663547955
1.0000030857470465
1.0000029976739357
1.0000029023450168
1.0000027999872423
1.0000026908444195
1.0000025751766299
1.0000024532596072
1.0000023253840800
1.0000021918550759
1.0000020529911930
1.0000019091238386
1.0000017605964386
1.0000016077636154
1.0000014509903401
1.0000012906510625
1.0000011271288136
1.0000009608142930
1.0000007921049334
1.0000006214039519
1.0000004491193848
1.0000002756631123
1.0000001014498749
0.9999999268962810
0.9999997524198107
0.9999995784378193
0.9999994053665385
0.9999992336200820
0.9999990636094547
0.9999988957415699
0.9999987304182745
0.9999985680353907
0.9999984089817699
0.9999982536383617
0.9999981023773021
0.9999979555610231
0.9999978135413863
0.9999976766588415
0.9999975452416124
0.9999974196049116
0.9999973000501871
0.9999971868644009
0.9999970803193418
0.9999969806709738
0.9999968881588253
0.9999968030054139
0.9999967254157138
0.9999966555766663
0.9999965936567323
0.9999965398054871
0.9999964941532615
0.9999964568108307
0.9999964278691488
0.9999964073991293
0.9999963954514760
0.9999963920565579
0.9999963972243383
0.9999964109443500
0.9999964331857188
0.9999964638972344
0.9999965030074722
0.9999965504249632
0.9999966060384115
0.9999966697169593
0.9999967413104991
0.9999968206500306
0.9999969075480629
0.9999970017990614
0.9999971031799387
0.9999972114505858
0.9999973263544455
0.9999974476191241
0.9999975749570433
0.9999977080661221
0.9999978466304993
0.9999979903212883
0.9999981387973610
0.9999982917061614
0.9999984486845467
0.9999986093596560
0.9999987733497994
0.9999989402653684
0.9999991097097657
0.9999992812803510
0.9999994545694029
0.9999996291650930
0.9999998046524693
0.9999999806144441
1.0000001566327901
1.0000003322891400
1.0000005071659850
1.0000006808476714
1.0000008529213913
1.0000010229781713
1.0000011906138455
1.0000013554300216
1.0000015170350312
1.0000016750448650
1.0000018290840893
1.0000019787867418
1.0000021237972052
1.0000022637710546
1.0000023983758808
1.0000025272920841
1.0000026502136374
1.0000027668488152
1.0000028769208886
1.0000029801687864
1.0000030763477186
1.0000031652297594
1.0000032466043909
1.0000033202790057
1.0000033860793651
1.0000034438500160
1.0000034934546618
1.0000035347764857
1.0000035677184298
1.0000035922034249
1.0000036081745738
1.0000036155952867
1.0000036144493682
1.0000036047410539
1.0000035864950003
1.0000035597562265
1.0000035245900034
1.0000034810816969
1.0000034293365649
1.0000033694795016
