1.0000017586175940
1.0000017370673659
1.0000017114172921
1.0000016817294366
1.0000016480754821
1.0000016105365601
1.0000015692030559
1.0000015241743929
1.0000014755587929
1.0000014234730179
1.0000013680420898
1.0000013093989937
1.0000012476843576
1.0000011830461173
1.0000011156391624
1.0000010456249655
1.0000009731711959
1.0000008984513182
1.0000008216441787
1.0000007429335758
1.0000006625078226
1.0000005805592949
1.0000004972839722
1.0000004128809679
1.0000003275520568
1.0000002415011915
1.0000001549340130
1.0000000680573595
0.9999999810787726
0.9999998942060021
0.9999998076465092
0.9999997216069709
0.9999996362927845
0.9999995519075791
0.9999994686527242
0.9999993867268540
0.9999993063253905
0.9999992276400762
0.9999991508585176
0.9999990761637361
0.9999990037337314
0.9999989337410549
0.9999988663523999
0.9999988017282011
0.9999987400222534
0.9999986813813437
0.9999986259449004
0.9999985738446603
0.9999985252043537
0.9999984801394108
0.9999984387566845
0.9999984011541961
0.9999983674209024
0.9999983376364819
0.9999983118711475
0.9999982901854770
0.9999982726302691
0.9999982592464235
0.9999982500648447
0.9999982451063668
0.9999982443817046
0.9999982478914290
0.9999982556259663
0.9999982675656224
0.9999982836806312
0.9999983039312251
0.9999983282677313
0.9999983566306910
0.9999983889510017
0.9999984251500831
0.9999984651400661
0.9999985088240047
0.9999985560961083
0.9999986068419946
0.9999986609389642
0.9999987182562960
0.9999987786555590
0.9999988419909437
0.9999989081096134
0.9999989768520688
0.9999990480525303
0.9999991215393349
0.9999991971353482
0.9999992746583881
0.9999993539216625
0.9999994347342150
0.9999995169013827
0.9999996002252636
0.9999996845051889
0.9999997695382045
0.9999998551195572
0.9999999410431843
1.0000000271022069
1.0000001130894267
1.0000001987978215
1.0000002840210402
1.0000003685538990
1.0000004521928696
1.0000005347365686
1.0000006159862389
1.0000006957462269
1.0000007738244505
1.0000008500328579
1.0000009241878798
1.0000009961108676
1.0000010656285219
1.0000011325733080
1.0000011967838567
1.0000012581053497
1.0000013163898933
1.0000013714968705
1.0000014232932775
1.0000014716540433
1.0000015164623295
1.0000015576098098
1.0000015949969303
1.0000016285331479
1.0000016581371465
1.0000016837370338
1.0000017052705128
1.0000017226850315
1.0000017359379101
1.0000017449964431
1.0000017498379776
1.0000017504499672
1.0000017468300040
1.0000017389858240
1.0000017269352905
1.0000017107063510
1.0000016903369719
1.0000016658750475
1.0000016373782843
1.0000016049140650
1.0000015685592880
1.0000015284001833
1.0000014845321099
1.0000014370593246
1.0000013860947325
1.0000013317596192
1.0000012741833624
1.0000012135031224
1.0000011498635148
1.0000010834162636
1.0000010143198390
1.0000009427390808
1.0000008688448010
1.0000007928133787
1.0000007148263363
1.0000006350699084
1.0000005537345942
1.0000004710147028
1.0000003871078906
1.0000003022146888
1.0000002165380237
1.0000001302827308
1.0000000436550649
0.9999999568622067
0.9999998701117681
0.9999997836112948
0.9999996975677725
0.9999996121871300
0.9999995276737481
0.9999994442299699
0.9999993620556169
0.9999992813475124
0.9999992022990104
0.9999991250995330
0.9999990499341175
0.9999989769829735
0.9999989064210500
0.9999988384176191
0.9999987731358695
0.9999987107325179
0.9999986513574332
0.9999985951532773
0.9999985422551637
0.9999984927903335
0.9999984468778516
0.9999984046283212
0.9999983661436207
0.9999983315166577
0.9999983008311456
0.9999982741614061
0.9999982515721882
0.9999982331185150
0.9999982188455497
0.9999982087884877
0.9999982029724701
0.9999982014125247
0.9999982041135298
0.9999982110702017
0.9999982222671053
0.9999982376786911
0.9999982572693553
0.9999982809935256
0.9999983087957687
0.9999983406109211
0.9999983763642453
0.9999984159716067
0.9999984593396734
0.9999985063661400
0.9999985569399699
0.9999986109416610
0.9999986682435299
0.9999987287100174
0.9999987921980097
0.9999988585571806
0.9999989276303496
0.9999989992538587
0.9999990732579612
0.9999991494672269
0.9999992277009619
0.9999993077736382
0.9999993894953355
0.9999994726721951
0.9999995571068832
0.9999996425990599
0.9999997289458595
0.9999998159423720
0.9999999033821334
0.9999999910576182
1.0000000787607337
1.0000001662833178
1.0000002534176353
1.0000003399568740
1.0000004256956376
1.0000005104304375
1.0000005939601759
1.0000006760866280
1.0000007566149143
1.0000008353539640
1.0000009121169720
1.0000009867218433
1.0000010589916275
1.0000011287549415
1.0000011958463793
1.0000012601069062
1.0000013213842389
1.0000013795332086
1.0000014344161052
1.0000014859030066
1.0000015338720907
1.0000015782099232
1.0000016188117291
1.0000016555816413
1.0000016884329301
1.0000017172882103
1.0000017420796234
1.0000017627490005
1.0000017792480000
1.0000017915382238
1.0000017995913071
1.0000018033889875
1.0000018029231450
1.0000017981958238
1.0000017892192257
1.0000017760156810
1.0000017586175940
1.0000017370673659
1.0000017114172921
1.0000016817294366
