1.0000248006061210
1.0000244902761704
1.0000241217255430
1.0000236958396811
1.0000232136408715
1.0000226762858009
1.0000220850627897
1.0000214413887121
1.0000207468056086
1.0000200029769999
1.0000192116839091
1.0000183748206044
1.0000174943900701
1.0000165724992200
1.0000156113538612
1.0000146132534227
1.0000135805854582
1.0000125158199378
1.0000114215033451
1.0000103002525920
1.0000091547487631
1.0000079877307082
1.0000068019884965
1.0000056003567468
1.0000043857078527
1.0000031609451181
1.0000019289958184
1.0000006928042007
0.9999994553244496
0.9999982195136243
0.9999969883245934
0.9999957646989748
0.9999945515601055
0.9999933518060538
0.9999921683026922
0.9999910038768460
0.9999898613095383
0.9999887433293424
0.9999876526058596
0.9999865917433390
0.9999855632744531
0.9999845696542420
0.9999836132542467
0.9999826963568417
0.9999818211497800
0.9999809897209633
0.9999802040534533
0.9999794660207316
0.9999787773822205
0.9999781397790806
0.9999775547302896
0.9999770236290121
0.9999765477392711
0.9999761281929300
0.9999757659869886
0.9999754619812016
0.9999752168960276
0.9999750313109100
0.9999749056628957
0.9999748402455904
0.9999748352084638
0.9999748905564946
0.9999750061501628
0.9999751817057877
0.9999754167962115
0.9999757108518252
0.9999760631619351
0.9999764728764668
0.9999769390080028
0.9999774604341481
0.9999780359002196
0.9999786640222531
0.9999793432903161
0.9999800720721228
0.9999808486169436
0.9999816710597966
0.9999825374259139
0.9999834456354690
0.9999843935085524
0.9999853787703896
0.9999863990567864
0.9999874519197877
0.9999885348335367
0.9999896452003174
0.9999907803567724
0.9999919375802756
0.9999931140954486
0.9999943070807981
0.9999955136754699
0.9999967309860930
0.9999979560936999
0.9999991860607105
1.0000004179379618
1.0000016487717622
1.0000028756109587
1.0000040955139924
1.0000053055559386
1.0000065028355025
1.0000076844819588
1.0000088476620181
1.0000099895866037
1.0000111075175238
1.0000121987740214
1.0000132607391847
1.0000142908662060
1.0000152866844731
1.0000162458054802
1.0000171659285391
1.0000180448462819
1.0000188804499417
1.0000196707343938
1.0000204138029547
1.0000211078719186
1.0000217512748228
1.0000223424664352
1.0000228800264499
1.0000233626628865
1.0000237892151809
1.0000241586569618
1.0000244700985086
1.0000247227888781
1.0000249161177064
1.0000250496166687
1.0000251229606014
1.0000251359682835
1.0000250886028741
1.0000249809720032
1.0000248133275176
1.0000245860648820
1.0000242997222391
1.0000239549791254
1.0000235526548509
1.0000230937065435
1.0000225792268667
1.0000220104414084
1.0000213887057572
1.0000207155022642
1.0000199924365063
1.0000192212334502
1.0000184037333335
1.0000175418872672
1.0000166377525761
1.0000156934878848
1.0000147113479601
1.0000136936783253
1.0000126429096556
1.0000115615519716
1.0000104521886410
1.0000093174702052
1.0000081601080455
1.0000069828679041
1.0000057885632736
1.0000045800486752
1.0000033602128360
1.0000021319717820
1.0000008982618698
0.9999996620327677
0.9999984262404050
0.9999971938399044
0.9999959677785183
0.9999947509885824
0.9999935463805051
0.9999923568358084
0.9999911852002388
0.9999900342769631
0.9999889068198641
0.9999878055269552
0.9999867330339287
0.9999856919078514
0.9999846846410261
0.9999837136450301
0.9999827812449464
0.9999818896738023
0.9999810410672276
0.9999802374583463
0.9999794807729107
0.9999787728246937
0.9999781153111494
0.9999775098093500
0.9999769577722104
0.9999764605250132
0.9999760192622337
0.9999756350446816
0.9999753087969603
0.9999750413052522
0.9999748332154343
0.9999746850315306
0.9999745971145024
0.9999745696813802
0.9999746028047409
0.9999746964125296
0.9999748502882286
0.9999750640713730
0.9999753372584053
0.9999756692038755
0.9999760591219804
0.9999765060884381
0.9999770090426936
0.9999775667904516
0.9999781780065267
0.9999788412380080
0.9999795549077285
0.9999803173180317
0.9999811266548250
0.9999819809919139
0.9999828782956018
0.9999838164295495
0.9999847931598776
0.9999858061605034
0.9999868530186961
0.9999879312408415
0.9999890382583981
0.9999901714340331
0.9999913280679242
0.9999925054042065
0.9999937006375587
0.9999949109199012
0.9999961333672015
0.9999973650663632
0.9999986030821858
0.9999998444643758
1.0000010862545927
1.0000023254935153
1.0000035592279093
1.0000047845176812
1.0000059984429039
1.0000071981107863
1.0000083806625852
1.0000095432804312
1.0000106831940585
1.0000117976874199
1.0000128841051732
1.0000139398590215
1.0000149624338943
1.0000159493939518
1.0000168983884048
1.0000178071571240
1.0000186735360348
1.0000194954622867
1.0000202709791768
1.0000209982408197
1.0000216755165554
1.0000223011950782
1.0000228737882830
1.0000233919348172
1.0000238544033284
1.0000242600954028
1.0000246080481847
1.0000248974366746
1.0000251275756951
1.0000252979215223
1.0000254080731845
1.0000254577734151
1.0000254469092631
1.0000253755123598
1.0000252437588404
1.0000250519689193
1.0000248006061210
1.0000244902761704
1.0000241217255430
1.0000236958396811
