1.0000000000567344
1.0000000000565874
1.0000000000563412
1.0000000000559968
1.0000000000555573
1.0000000000550240
1.0000000000543980
1.0000000000536822
1.0000000000528790
1.0000000000519920
1.0000000000510243
1.0000000000499787
1.0000000000488587
1.0000000000476670
1.0000000000464055
1.0000000000450768
1.0000000000436846
1.0000000000422318
1.0000000000407208
1.0000000000391553
1.0000000000375393
1.0000000000358766
1.0000000000341722
1.0000000000324314
1.0000000000306597
1.0000000000288620
1.0000000000270437
1.0000000000252092
1.0000000000233622
1.0000000000215070
1.0000000000196463
1.0000000000177829
1.0000000000159215
1.0000000000140685
1.0000000000122293
1.0000000000104092
1.0000000000086111
1.0000000000068388
1.0000000000050948
1.0000000000033831
1.0000000000017075
1.0000000000000731
0.9999999999984837
0.9999999999969430
0.9999999999954534
0.9999999999940175
0.9999999999926369
0.9999999999913133
0.9999999999900490
0.9999999999888469
0.9999999999877095
0.9999999999866387
0.9999999999856367
0.9999999999847058
0.9999999999838489
0.9999999999830672
0.9999999999823617
0.9999999999817344
0.9999999999811853
0.9999999999807145
0.9999999999803220
0.9999999999800077
0.9999999999797715
0.9999999999796126
0.9999999999795296
0.9999999999795208
0.9999999999795856
0.9999999999797234
0.9999999999799335
0.9999999999802154
0.9999999999805670
0.9999999999809860
0.9999999999814704
0.9999999999820184
0.9999999999826281
0.9999999999832971
0.9999999999840224
0.9999999999848005
0.9999999999856285
0.9999999999865035
0.9999999999874222
0.9999999999883817
0.9999999999893797
0.9999999999904126
0.9999999999914766
0.9999999999925688
0.9999999999936859
0.9999999999948243
0.9999999999959812
0.9999999999971519
0.9999999999983322
0.9999999999995177
1.0000000000007054
1.0000000000018916
1.0000000000030722
1.0000000000042424
1.0000000000053992
1.0000000000065408
1.0000000000076639
1.0000000000087659
1.0000000000098432
1.0000000000108922
1.0000000000119085
1.0000000000128881
1.0000000000138285
1.0000000000147267
1.0000000000155780
1.0000000000163796
1.0000000000171283
1.0000000000178222
1.0000000000184599
1.0000000000190394
1.0000000000195584
1.0000000000200147
1.0000000000204077
1.0000000000207365
1.0000000000210005
1.0000000000211986
1.0000000000213287
1.0000000000213900
1.0000000000213820
1.0000000000213043
1.0000000000211566
1.0000000000209384
1.0000000000206481
1.0000000000202869
1.0000000000198543
1.0000000000193503
1.0000000000187761
1.0000000000181335
1.0000000000174234
1.0000000000166471
1.0000000000158049
1.0000000000148976
1.0000000000139273
1.0000000000128957
1.0000000000118048
1.0000000000106577
1.0000000000094562
1.0000000000082043
1.0000000000069051
1.0000000000055613
1.0000000000041753
1.0000000000027500
1.0000000000012887
0.9999999999997951
0.9999999999982738
0.9999999999967288
0.9999999999951643
0.9999999999935838
0.9999999999919899
0.9999999999903857
0.9999999999887732
0.9999999999871549
0.9999999999855341
0.9999999999839153
0.9999999999823027
0.9999999999807014
0.9999999999791163
0.9999999999775518
0.9999999999760117
0.9999999999744995
0.9999999999730180
0.9999999999715699
0.9999999999701569
0.9999999999687836
0.9999999999674548
0.9999999999661737
0.9999999999649444
0.9999999999637709
0.9999999999626568
0.9999999999616044
0.9999999999606173
0.9999999999596980
0.9999999999588487
0.9999999999580713
0.9999999999573683
0.9999999999567415
0.9999999999561939
0.9999999999557275
0.9999999999553437
0.9999999999550443
0.9999999999548314
0.9999999999547059
0.9999999999546678
0.9999999999547172
0.9999999999548548
0.9999999999550803
0.9999999999553942
0.9999999999557981
0.9999999999562924
0.9999999999568772
0.9999999999575512
0.9999999999583147
0.9999999999591653
0.9999999999601027
0.9999999999611239
0.9999999999622265
0.9999999999634085
0.9999999999646680
0.9999999999660039
0.9999999999674122
0.9999999999688901
0.9999999999704363
0.9999999999720490
0.9999999999737267
0.9999999999754673
0.9999999999772688
0.9999999999791284
0.9999999999810416
0.9999999999830050
0.9999999999850143
0.9999999999870657
0.9999999999891545
0.9999999999912759
0.9999999999934260
0.9999999999956024
0.9999999999978001
1.0000000000000138
1.0000000000022400
1.0000000000044755
1.0000000000067164
1.0000000000089575
1.0000000000111953
1.0000000000134259
1.0000000000156444
1.0000000000178455
1.0000000000200238
1.0000000000221745
1.0000000000242935
1.0000000000263773
1.0000000000284217
1.0000000000304232
1.0000000000323768
1.0000000000342784
1.0000000000361233
1.0000000000379079
1.0000000000396296
1.0000000000412859
1.0000000000428735
1.0000000000443903
1.0000000000458333
1.0000000000471996
1.0000000000484845
1.0000000000496847
1.0000000000507969
1.0000000000518181
1.0000000000527467
1.0000000000535820
1.0000000000543228
1.0000000000549680
1.0000000000555169
1.0000000000559681
1.0000000000563207
1.0000000000565741
1.0000000000567277
1.0000000000567812
1.0000000000567344
1.0000000000565874
1.0000000000563412
1.0000000000559968
