1.0000189822688810
1.0000187450739932
1.0000184633378881
1.0000181377377666
1.0000177690555128
1.0000173581758232
1.0000169060840891
1.0000164138640413
1.0000158826951582
1.0000153138498449
1.0000147086903926
1.0000140686657200
1.0000133953079107
1.0000126902285498
1.0000119551148698
1.0000111917257197
1.0000104018873590
1.0000095874890935
1.0000087504787585
1.0000078928580631
1.0000070166778054
1.0000061240329716
1.0000052170577254
1.0000042979203105
1.0000033688178662
1.0000024319711756
1.0000014896193579
1.0000005440145179
0.9999995974163621
0.9999986520867982
0.9999977102845279
0.9999967742596495
0.9999958462482780
0.9999949284672002
0.9999940231085780
0.9999931323347070
0.9999922582728482
0.9999914030101456
0.9999905685886363
0.9999897570003715
0.9999889701826543
0.9999882100134122
0.9999874783067068
0.9999867768083982
0.9999861071919738
0.9999854710545465
0.9999848699130407
0.9999843052005652
0.9999837782629911
0.9999832903557341
0.9999828426407575
0.9999824361837978
0.9999820719518152
0.9999817508106864
0.9999814735231359
0.9999812407469161
0.9999810530332373
0.9999809108254519
0.9999808144579982
0.9999807641556064
0.9999807600327609
0.9999808020934307
0.9999808902310635
0.9999810242288446
0.9999812037602184
0.9999814283896743
0.9999816975737919
0.9999820106625430
0.9999823669008493
0.9999827654303926
0.9999832052916720
0.9999836854263016
0.9999842046795467
0.9999847618030885
0.9999853554580131
0.9999859842180174
0.9999866465728214
0.9999873409317841
0.9999880656277134
0.9999888189208552
0.9999895990030589
0.9999904040021048
0.9999912319861833
0.9999920809685177
0.9999929489121188
0.9999938337346604
0.9999947333134609
0.9999956454905636
0.9999965680779012
0.9999974988625301
0.9999984356119245
0.9999993760793185
1.0000003180090806
1.0000012591421092
1.0000021972212398
1.0000031299966425
1.0000040552312055
1.0000049707058876
1.0000058742250246
1.0000067636215830
1.0000076367623449
1.0000084915530087
1.0000093259432006
1.0000101379313775
1.0000109255696163
1.0000116869682742
1.0000124203005070
1.0000131238066423
1.0000137957983855
1.0000144346628601
1.0000150388664655
1.0000156069585460
1.0000161375748609
1.0000166294408486
1.0000170813746772
1.0000174922900709
1.0000178611989115
1.0000181872136011
1.0000184695491876
1.0000187075252422
1.0000189005674900
1.0000190482091855
1.0000191500922324
1.0000192059680406
1.0000192156981227
1.0000191792544304
1.0000190967194218
1.0000189682858676
1.0000187942563934
1.0000185750427599
1.0000183111648806
1.0000180032495820
1.0000176520291097
1.0000172583393794
1.0000168231179818
1.0000163474019432
1.0000158323252526
1.0000152791161505
1.0000146890941963
1.0000140636671164
1.0000134043274420
1.0000127126489444
1.0000119902828744
1.0000112389540181
1.0000104604565752
1.0000096566498724
1.0000088294539220
1.0000079808448346
1.0000071128500947
1.0000062275437160
1.0000053270412856
1.0000044134949064
1.0000034890880549
1.0000025560303647
1.0000016165523424
1.0000006729000352
0.9999997273296637
0.9999987821022266
0.9999978394780979
0.9999969017116227
0.9999959710457276
0.9999950497065589
0.9999941398981586
0.9999932437971935
0.9999923635477521
0.9999915012562178
0.9999906589862320
0.9999898387537576
0.9999890425222580
0.9999882721980020
0.9999875296255045
0.9999868165831139
0.9999861347787596
0.9999854858458663
0.9999848713394460
0.9999842927323758
0.9999837514118766
0.9999832486761919
0.9999827857314824
0.9999823636889369
0.9999819835621142
0.9999816462645168
0.9999813526074047
0.9999811032978532
0.9999808989370570
0.9999807400188907
0.9999806269287239
0.9999805599424973
0.9999805392260571
0.9999805648347562
0.9999806367133188
0.9999807546959708
0.9999809185068302
0.9999811277605637
0.9999813819633040
0.9999816805138275
0.9999820227049878
0.9999824077254027
0.9999828346613906
0.9999833024991510
0.9999838101271850
0.9999843563389488
0.9999849398357349
0.9999855592297731
0.9999862130475439
0.9999868997332979
0.9999876176527709
0.9999883650970882
0.9999891402868469
0.9999899413763640
0.9999907664580837
0.9999916135671362
0.9999924806860284
0.9999933657494665
0.9999942666492850
0.9999951812394849
0.9999961073413582
0.9999970427486916
0.9999979852330380
0.9999989325490366
0.9999998824397768
1.0000008326421899
1.0000017808924540
1.0000027249314001
1.0000036625099094
1.0000045913942839
1.0000055093715792
1.0000064142548912
1.0000073038885779
1.0000081761534070
1.0000090289716179
1.0000098603118841
1.0000106681941612
1.0000114506944164
1.0000122059492225
1.0000129321602074
1.0000136275983458
1.0000142906080898
1.0000149196113184
1.0000155131111084
1.0000160696953069
1.0000165880399008
1.0000170669121777
1.0000175051736664
1.0000179017828550
1.0000182557976767
1.0000185663777548
1.0000188327864110
1.0000190543924201
1.0000192306715154
1.0000193612076378
1.0000194456939284
1.0000194839334569
1.0000194758396896
1.0000194214366924
1.0000193208590717
1.0000191743516507
1.0000189822688810
1.0000187450739932
1.0000184633378881
1.0000181377377666
