1.0000000351886766
1.0000000347961113
1.0000000343239444
1.0000000337733554
1.0000000331457102
1.0000000324425562
1.0000000316656197
1.0000000308167996
1.0000000298981637
1.0000000289119455
1.0000000278605377
1.0000000267464864
1.0000000255724844
1.0000000243413663
1.0000000230561006
1.0000000217197824
1.0000000203356278
1.0000000189069629
1.0000000174372190
1.0000000159299245
1.0000000143886938
1.0000000128172215
1.0000000112192693
1.0000000095986603
1.0000000079592690
1.0000000063050145
1.0000000046398474
1.0000000029677409
1.0000000012926840
0.9999999996186686
0.9999999979496826
0.9999999962896987
0.9999999946426670
0.9999999930125029
0.9999999914030813
0.9999999898182234
0.9999999882616882
0.9999999867371657
0.9999999852482672
0.9999999837985173
0.9999999823913440
0.9999999810300717
0.9999999797179123
0.9999999784579571
0.9999999772531704
0.9999999761063826
0.9999999750202846
0.9999999739974198
0.9999999730401790
0.9999999721507933
0.9999999713313300
0.9999999705836867
0.9999999699095874
0.9999999693105769
0.9999999687880206
0.9999999683430987
0.9999999679768038
0.9999999676899396
0.9999999674831180
0.9999999673567574
0.9999999673110820
0.9999999673461214
0.9999999674617112
0.9999999676574930
0.9999999679329145
0.9999999682872331
0.9999999687195164
0.9999999692286438
0.9999999698133085
0.9999999704720235
0.9999999712031231
0.9999999720047680
0.9999999728749474
0.9999999738114871
0.9999999748120535
0.9999999758741592
0.9999999769951686
0.9999999781723038
0.9999999794026516
0.9999999806831721
0.9999999820107042
0.9999999833819732
0.9999999847936024
0.9999999862421184
0.9999999877239582
0.9999999892354782
0.9999999907729641
0.9999999923326391
0.9999999939106740
0.9999999955031952
0.9999999971062957
0.9999999987160418
1.0000000003284850
1.0000000019396686
1.0000000035456391
1.0000000051424562
1.0000000067262025
1.0000000082929934
1.0000000098389856
1.0000000113603862
1.0000000128534607
1.0000000143145429
1.0000000157400442
1.0000000171264616
1.0000000184703868
1.0000000197685135
1.0000000210176452
1.0000000222147027
1.0000000233567334
1.0000000244409188
1.0000000254645784
1.0000000264251780
1.0000000273203369
1.0000000281478314
1.0000000289056008
1.0000000295917519
1.0000000302045648
1.0000000307424961
1.0000000312041837
1.0000000315884494
1.0000000318943019
1.0000000321209395
1.0000000322677511
1.0000000323343179
1.0000000323204126
1.0000000322260043
1.0000000320512556
1.0000000317965225
1.0000000314623549
1.0000000310494961
1.0000000305588788
1.0000000299916243
1.0000000293490392
1.0000000286326125
1.0000000278440122
1.0000000269850795
1.0000000260578263
1.0000000250644296
1.0000000240072262
1.0000000228887085
1.0000000217115186
1.0000000204784409
1.0000000191923961
1.0000000178564343
1.0000000164737266
1.0000000150475581
1.0000000135813205
1.0000000120785040
1.0000000105426883
1.0000000089775345
1.0000000073867772
1.0000000057742142
1.0000000041436985
1.0000000024991265
1.0000000008444310
0.9999999991835720
0.9999999975205269
0.9999999958592816
0.9999999942038189
0.9999999925581119
0.9999999909261118
0.9999999893117398
0.9999999877188767
0.9999999861513547
0.9999999846129471
0.9999999831073612
0.9999999816382268
0.9999999802090902
0.9999999788234042
0.9999999774845207
0.9999999761956817
0.9999999749600114
0.9999999737805086
0.9999999726600416
0.9999999716013384
0.9999999706069822
0.9999999696794047
0.9999999688208789
0.9999999680335142
0.9999999673192527
0.9999999666798638
0.9999999661169399
0.9999999656318918
0.9999999652259459
0.9999999649001418
0.9999999646553295
0.9999999644921680
0.9999999644111230
0.9999999644124663
0.9999999644962745
0.9999999646624276
0.9999999649106092
0.9999999652403088
0.9999999656508218
0.9999999661412522
0.9999999667105136
0.9999999673573334
0.9999999680802542
0.9999999688776386
0.9999999697476726
0.9999999706883704
0.9999999716975781
0.9999999727729780
0.9999999739120941
0.9999999751122992
0.9999999763708213
0.9999999776847510
0.9999999790510458
0.9999999804665396
0.9999999819279484
0.9999999834318795
0.9999999849748381
0.9999999865532366
0.9999999881634039
0.9999999898015917
0.9999999914639841
0.9999999931467073
0.9999999948458408
0.9999999965574249
0.9999999982774701
1.0000000000019666
1.0000000017268935
1.0000000034482273
1.0000000051619529
1.0000000068640746
1.0000000085506251
1.0000000102176727
1.0000000118613321
1.0000000134777727
1.0000000150632287
1.0000000166140068
1.0000000181264947
1.0000000195971717
1.0000000210226163
1.0000000223995160
1.0000000237246716
1.0000000249950058
1.0000000262075719
1.0000000273595604
1.0000000284483055
1.0000000294712910
1.0000000304261563
1.0000000313107023
1.0000000321228966
1.0000000328608791
1.0000000335229653
1.0000000341076509
1.0000000346136133
1.0000000350397173
1.0000000353850165
1.0000000356487555
1.0000000358303736
1.0000000359295036
1.0000000359459740
1.0000000358798093
1.0000000357312295
1.0000000355006495
1.0000000351886766
1.0000000347961113
1.0000000343239444
1.0000000337733554
