1.0000000250214371
1.0000000247465872
1.0000000244154090
1.0000000240287354
1.0000000235875293
1.0000000230928812
1.0000000225460091
1.0000000219482537
1.0000000213010747
1.0000000206060486
1.0000000198648640
1.0000000190793166
1.0000000182513085
1.0000000173828421
1.0000000164760141
1.0000000155330107
1.0000000145561023
1.0000000135476390
1.0000000125100439
1.0000000114458083
1.0000000103574838
1.0000000092476771
1.0000000081190468
1.0000000069742934
1.0000000058161547
1.0000000046473989
1.0000000034708165
1.0000000022892144
1.0000000011054109
0.9999999999222264
0.9999999987424777
0.9999999975689716
0.9999999964044981
0.9999999952518247
0.9999999941136891
0.9999999929927912
0.9999999918917877
0.9999999908132867
0.9999999897598399
0.9999999887339394
0.9999999877380077
0.9999999867743951
0.9999999858453710
0.9999999849531201
0.9999999840997389
0.9999999832872283
0.9999999825174901
0.9999999817923222
0.9999999811134140
0.9999999804823442
0.9999999799005757
0.9999999793694514
0.9999999788901912
0.9999999784638894
0.9999999780915113
0.9999999777738922
0.9999999775117353
0.9999999773056110
0.9999999771559528
0.9999999770630597
0.9999999770270919
0.9999999770480719
0.9999999771258854
0.9999999772602814
0.9999999774508743
0.9999999776971409
0.9999999779984236
0.9999999783539332
0.9999999787627496
0.9999999792238252
0.9999999797359861
0.9999999802979356
0.9999999809082565
0.9999999815654155
0.9999999822677670
0.9999999830135575
0.9999999838009288
0.9999999846279216
0.9999999854924810
0.9999999863924619
0.9999999873256337
0.9999999882896866
0.9999999892822362
0.9999999903008310
0.9999999913429566
0.9999999924060415
0.9999999934874650
0.9999999945845628
0.9999999956946322
0.9999999968149398
0.9999999979427262
0.9999999990752161
1.0000000002096225
1.0000000013431538
1.0000000024730202
1.0000000035964416
1.0000000047106541
1.0000000058129166
1.0000000069005148
1.0000000079707705
1.0000000090210477
1.0000000100487587
1.0000000110513716
1.0000000120264150
1.0000000129714837
1.0000000138842449
1.0000000147624435
1.0000000156039077
1.0000000164065543
1.0000000171683945
1.0000000178875372
1.0000000185621956
1.0000000191906897
1.0000000197714505
1.0000000203030244
1.0000000207840762
1.0000000212133926
1.0000000215898848
1.0000000219125913
1.0000000221806831
1.0000000223934606
1.0000000225503576
1.0000000226509431
1.0000000226949235
1.0000000226821422
1.0000000226125803
1.0000000224863546
1.0000000223037195
1.0000000220650647
1.0000000217709151
1.0000000214219300
1.0000000210189026
1.0000000205627555
1.0000000200545405
1.0000000194954379
1.0000000188867526
1.0000000182299074
1.0000000175264416
1.0000000167780085
1.0000000159863707
1.0000000151533948
1.0000000142810475
1.0000000133713920
1.0000000124265833
1.0000000114488623
1.0000000104405502
1.0000000094040442
1.0000000083418108
1.0000000072563793
1.0000000061503376
1.0000000050263240
1.0000000038870214
1.0000000027351514
1.0000000015734691
1.0000000004047536
0.9999999992318024
0.9999999980574255
0.9999999968844364
0.9999999957156485
0.9999999945538671
0.9999999934018838
0.9999999922624678
0.9999999911383606
0.9999999900322688
0.9999999889468568
0.9999999878847428
0.9999999868484916
0.9999999858406073
0.9999999848635277
0.9999999839196179
0.9999999830111659
0.9999999821403776
0.9999999813093701
0.9999999805201680
0.9999999797746968
0.9999999790747791
0.9999999784221313
0.9999999778183577
0.9999999772649467
0.9999999767632681
0.9999999763145698
0.9999999759199752
0.9999999755804797
0.9999999752969493
0.9999999750701174
0.9999999749005838
0.9999999747888112
0.9999999747351259
0.9999999747397168
0.9999999748026358
0.9999999749237956
0.9999999751029718
0.9999999753398021
0.9999999756337867
0.9999999759842902
0.9999999763905437
0.9999999768516443
0.9999999773665589
0.9999999779341261
0.9999999785530618
0.9999999792219593
0.9999999799392925
0.9999999807034212
0.9999999815125945
0.9999999823649548
0.9999999832585420
0.9999999841912968
0.9999999851610678
0.9999999861656150
0.9999999872026164
0.9999999882696717
0.9999999893643104
0.9999999904839957
0.9999999916261304
0.9999999927880643
0.9999999939671010
0.9999999951605028
0.9999999963654973
0.9999999975792848
0.9999999987990444
1.0000000000219404
1.0000000012451298
1.0000000024657691
1.0000000036810213
1.0000000048880604
1.0000000060840801
1.0000000072662982
1.0000000084319660
1.0000000095783743
1.0000000107028593
1.0000000118028087
1.0000000128756692
1.0000000139189520
1.0000000149302375
1.0000000159071813
1.0000000168475212
1.0000000177490811
1.0000000186097777
1.0000000194276240
1.0000000202007340
1.0000000209273274
1.0000000216057345
1.0000000222343994
1.0000000228118839
1.0000000233368713
1.0000000238081692
1.0000000242247127
1.0000000245855658
1.0000000248899243
1.0000000251371177
1.0000000253266117
1.0000000254580088
1.0000000255310486
1.0000000255456092
1.0000000255017061
1.0000000253994927
1.0000000252392607
1.0000000250214371
1.0000000247465872
1.0000000244154090
1.0000000240287354
