1.0000071542916080
1.0000070654509834
1.0000069598579646
1.0000068377669056
1.0000066994715142
1.0000065453041480
1.0000063756350190
1.0000061908713065
1.0000059914561839
1.0000057778677587
1.0000055506179288
1.0000053102511588
1.0000050573431771
1.0000047924995981
1.0000045163544764
1.0000042295687896
1.0000039328288570
1.0000036268447001
1.0000033123483438
1.0000029900920671
1.0000026608466048
1.0000023253993044
1.0000019845522456
1.0000016391203210
1.0000012899292887
1.0000009378137982
1.0000005836153971
1.0000002281805198
0.9999998723584623
0.9999995169993514
0.9999991629521157
0.9999988110624537
0.9999984621708140
0.9999981171103864
0.9999977767051113
0.9999974417677109
0.9999971130977471
0.9999967914797101
0.9999964776811430
0.9999961724508093
0.9999958765169039
0.9999955905853121
0.9999953153379236
0.9999950514310022
0.9999947994936179
0.9999945601261468
0.9999943338988327
0.9999941213504293
0.9999939229869104
0.9999937392802631
0.9999935706673623
0.9999934175489255
0.9999932802885553
0.9999931592118737
0.9999930546057443
0.9999929667175868
0.9999928957547887
0.9999928418842093
0.9999928052317852
0.9999927858822290
0.9999927838788280
0.9999927992233454
0.9999928318760156
0.9999928817556424
0.9999929487397939
0.9999930326650970
0.9999931333276300
0.9999932504834114
0.9999933838489855
0.9999935331021037
0.9999936978824953
0.9999938777927320
0.9999940723991800
0.9999942812330390
0.9999945037914630
0.9999947395387675
0.9999949879077111
0.9999952483008530
0.9999955200919831
0.9999958026276237
0.9999960952285921
0.9999963971916270
0.9999967077910711
0.9999970262806082
0.9999973518950517
0.9999976838521735
0.9999980213545779
0.9999983635916108
0.9999987097412992
0.9999990589723179
0.9999994104459784
0.9999997633182385
1.0000001167417187
1.0000004698677321
1.0000008218483145
1.0000011718382544
1.0000015189971159
1.0000018624912483
1.0000022014957841
1.0000025351966109
1.0000028627923208
1.0000031834961263
1.0000034965377465
1.0000038011652459
1.0000040966468366
1.0000043822726294
1.0000046573563319
1.0000049212368916
1.0000051732800763
1.0000054128799969
1.0000056394605539
1.0000058524768169
1.0000060514163289
1.0000062358003339
1.0000064051849227
1.0000065591620941
1.0000066973607342
1.0000068194475022
1.0000069251276327
1.0000070141456412
1.0000070862859367
1.0000071413733371
1.0000071792734893
1.0000071998931914
1.0000072031806189
1.0000071891254496
1.0000071577588903
1.0000071091536031
1.0000070434235320
1.0000069607236337
1.0000068612495077
1.0000067452369295
1.0000066129612892
1.0000064647369342
1.0000063009164191
1.0000061218896641
1.0000059280830231
1.0000057199582655
1.0000054980114752
1.0000052627718647
1.0000050148005113
1.0000047546890163
1.0000044830580932
1.0000042005560825
1.0000039078574035
1.0000036056609436
1.0000032946883874
1.0000029756824920
1.0000026494053120
1.0000023166363790
1.0000019781708380
1.0000016348175476
1.0000012873971467
1.0000009367400924
1.0000005836846761
1.0000002290750172
0.9999998737590454
0.9999995185864747
0.9999991644067731
0.9999988120671316
0.9999984624104384
0.9999981162732638
0.9999977744838592
0.9999974378601764
0.9999971072079111
0.9999967833185792
0.9999964669676228
0.9999961589125547
0.9999958598911487
0.9999955706196730
0.9999952917911767
0.9999950240738342
0.9999947681093458
0.9999945245114022
0.9999942938642167
0.9999940767211267
0.9999938736032710
0.9999936849983428
0.9999935113594224
0.9999933531038924
0.9999932106124385
0.9999930842281368
0.9999929742556335
0.9999928809604146
0.9999928045681686
0.9999927452642486
0.9999927031932250
0.9999926784585371
0.9999926711222467
0.9999926812048873
0.9999927086854140
0.9999927535012505
0.9999928155484368
0.9999928946818750
0.9999929907156760
0.9999931034236010
0.9999932325396007
0.9999933777584501
0.9999935387364755
0.9999937150923741
0.9999939064081244
0.9999941122299825
0.9999943320695651
0.9999945654050140
0.9999948116822414
0.9999950703162525
0.9999953406925417
0.9999956221685609
0.9999959140752519
0.9999962157186448
0.9999965263815126
0.9999968453250835
0.9999971717908079
0.9999975050021674
0.9999978441665297
0.9999981884770384
0.9999985371145413
0.9999988892495457
0.9999992440441994
0.9999996006542908
0.9999999582312665
1.0000003159242561
1.0000006728821043
1.0000010282554017
1.0000013811985127
1.0000017308715956
1.0000020764426076
1.0000024170892914
1.0000027520011396
1.0000030803813291
1.0000034014486221
1.0000037144392324
1.0000040186086472
1.0000043132334062
1.0000045976128291
1.0000048710706884
1.0000051329568205
1.0000053826486810
1.0000056195528302
1.0000058431063490
1.0000060527781807
1.0000062480703991
1.0000064285193977
1.0000065936969953
1.0000067432114577
1.0000068767084329
1.0000069938717948
1.0000070944243975
1.0000071781287361
1.0000072447875117
1.0000072942441023
1.0000073263829354
1.0000073411297621
1.0000073384518335
1.0000073183579776
1.0000072808985765
1.0000072261654449
1.0000071542916080
1.0000070654509834
1.0000069598579646
1.0000068377669056
