1.0000006881451688
1.0000006798208327
1.0000006698990431
1.0000006584039127
1.0000006453632984
1.0000006308087326
1.0000006147753506
1.0000005973018042
1.0000005784301695
1.0000005582058475
1.0000005366774556
1.0000005138967092
1.0000004899182988
1.0000004647997607
1.0000004386013390
1.0000004113858385
1.0000003832184767
1.0000003541667279
1.0000003243001621
1.0000002936902777
1.0000002624103315
1.0000002305351627
1.0000001981410129
1.0000001653053467
1.0000001321066647
1.0000000986243158
1.0000000649383081
1.0000000311291162
0.9999999972774892
0.9999999634642589
0.9999999297701460
0.9999998962755697
0.9999998630604530
0.9999998302040314
0.9999997977846653
0.9999997658796519
0.9999997345650404
0.9999997039154497
0.9999996740038900
0.9999996449015895
0.9999996166778239
0.9999995893997494
0.9999995631322456
0.9999995379377582
0.9999995138761524
0.9999994910045681
0.9999994693772852
0.9999994490455935
0.9999994300576680
0.9999994124584555
0.9999993962895658
0.9999993815891762
0.9999993683919377
0.9999993567288930
0.9999993466274033
0.9999993381110833
0.9999993311997442
0.9999993259093461
0.9999993222519626
0.9999993202357498
0.9999993198649278
0.9999993211397717
0.9999993240566111
0.9999993286078380
0.9999993347819285
0.9999993425634681
0.9999993519331901
0.9999993628680206
0.9999993753411349
0.9999993893220217
0.9999994047765579
0.9999994216670892
0.9999994399525197
0.9999994595884124
0.9999994805270959
0.9999995027177773
0.9999995261066656
0.9999995506370990
0.9999995762496812
0.9999996028824262
0.9999996304709036
0.9999996589483940
0.9999996882460503
0.9999997182930620
0.9999997490168251
0.9999997803431165
0.9999998121962714
0.9999998444993636
0.9999998771743908
0.9999999101424619
0.9999999433239865
0.9999999766388632
1.0000000100066742
1.0000000433468763
1.0000000765789936
1.0000001096228122
1.0000001423985718
1.0000001748271554
1.0000002068302807
1.0000002383306870
1.0000002692523209
1.0000002995205191
1.0000003290621837
1.0000003578059613
1.0000003856824105
1.0000004126241719
1.0000004385661272
1.0000004634455568
1.0000004872022892
1.0000005097788454
1.0000005311205751
1.0000005511757906
1.0000005698958896
1.0000005872354734
1.0000006031524529
1.0000006176081511
1.0000006305673954
1.0000006419986027
1.0000006518738549
1.0000006601689653
1.0000006668635373
1.0000006719410151
1.0000006753887216
1.0000006771978900
1.0000006773636845
1.0000006758852111
1.0000006727655217
1.0000006680116067
1.0000006616343773
1.0000006536486414
1.0000006440730689
1.0000006329301452
1.0000006202461196
1.0000006060509417
1.0000005903781906
1.0000005732649935
1.0000005547519375
1.0000005348829748
1.0000005137053183
1.0000004912693259
1.0000004676283820
1.0000004428387688
1.0000004169595338
1.0000003900523482
1.0000003621813589
1.0000003334130354
1.0000003038160108
1.0000002734609168
1.0000002424202159
1.0000002107680297
1.0000001785799606
1.0000001459329113
1.0000001129049005
1.0000000795748776
1.0000000460225309
1.0000000123281012
0.9999999785721870
0.9999999448355532
0.9999999111989385
0.9999998777428609
0.9999998445474257
0.9999998116921340
0.9999997792556927
0.9999997473158267
0.9999997159490928
0.9999996852306947
0.9999996552343063
0.9999996260318937
0.9999995976935431
0.9999995702872927
0.9999995438789705
0.9999995185320361
0.9999994943074294
0.9999994712634249
0.9999994494554921
0.9999994289361622
0.9999994097549026
0.9999993919579987
0.9999993755884438
0.9999993606858346
0.9999993472862764
0.9999993354222950
0.9999993251227601
0.9999993164128157
0.9999993093138201
0.9999993038432957
0.9999993000148859
0.9999992978383226
0.9999992973194008
0.9999992984599649
0.9999993012579056
0.9999993057071633
0.9999993117977424
0.9999993195157348
0.9999993288433525
0.9999993397589693
0.9999993522371734
0.9999993662488280
0.9999993817611397
0.9999993987377359
0.9999994171387517
0.9999994369209257
0.9999994580377026
0.9999994804393426
0.9999995040730416
0.9999995288830571
0.9999995548108402
0.9999995817951747
0.9999996097723228
0.9999996386761769
0.9999996684384186
0.9999996989886811
0.9999997302547177
0.9999997621625724
0.9999997946367553
0.9999998276004248
0.9999998609755691
0.9999998946831942
0.9999999286435099
0.9999999627761240
0.9999999970002299
1.0000000312347999
1.0000000653987802
1.0000000994112832
1.0000001331917812
1.0000001666602980
1.0000001997375996
1.0000002323453827
1.0000002644064621
1.0000002958449536
1.0000003265864565
1.0000003565582296
1.0000003856893631
1.0000004139109508
1.0000004411562540
1.0000004673608580
1.0000004924628292
1.0000005164028607
1.0000005391244149
1.0000005605738562
1.0000005807005794
1.0000005994571304
1.0000006167993192
1.0000006326863273
1.0000006470808034
1.0000006599489502
1.0000006712606084
1.0000006809893265
1.0000006891124236
1.0000006956110445
1.0000007004702032
1.0000007036788188
1.0000007052297410
1.0000007051197666
1.0000007033496479
1.0000006999240902
1.0000006948517410
1.0000006881451688
1.0000006798208327
1.0000006698990431
1.0000006584039127
