1.0000042522883694
1.0000041997073115
1.0000041371831709
1.0000040648667718
1.0000039829322871
1.0000038915768203
1.0000037910199360
1.0000036815031337
1.0000035632892712
1.0000034366619328
1.0000033019247532
1.0000031594006880
1.0000030094312424
1.0000028523756532
1.0000026886100313
1.0000025185264634
1.0000023425320743
1.0000021610480538
1.0000019745086490
1.0000017833601251
1.0000015880596973
1.0000013890744384
1.0000011868801639
1.0000009819602953
1.0000007748047028
1.0000005659085365
1.0000003557710400
1.0000001448943576
0.9999999337823340
0.9999997229393098
0.9999995128689166
0.9999993040728742
0.9999990970497907
0.9999988922939733
0.9999986902942443
0.9999984915327738
0.9999982964839267
0.9999981056131286
0.9999979193757561
0.9999977382160471
0.9999975625660402
0.9999973928445440
0.9999972294561340
0.9999970727901863
0.9999969232199483
0.9999967811016462
0.9999966467736356
0.9999965205555933
0.9999964027477545
0.9999962936301940
0.9999961934621581
0.9999961024814465
0.9999960209038457
0.9999959489226126
0.9999958867080145
0.9999958344069224
0.9999957921424607
0.9999957600137143
0.9999957380954927
0.9999957264381544
0.9999957250674857
0.9999957339846413
0.9999957531661408
0.9999957825639292
0.9999958221054921
0.9999958716940299
0.9999959312086897
0.9999960005048558
0.9999960794144992
0.9999961677465773
0.9999962652874932
0.9999963718016087
0.9999964870318090
0.9999966107001189
0.9999967425083688
0.9999968821389077
0.9999970292553654
0.9999971835034570
0.9999973445118319
0.9999975118929625
0.9999976852440740
0.9999978641481084
0.9999980481747234
0.9999982368813215
0.9999984298141090
0.9999986265091833
0.9999988264936420
0.9999990292867180
0.9999992344009296
0.9999994413432455
0.9999996496162669
0.9999998587194168
1.0000000681501393
1.0000002774051013
1.0000004859813971
1.0000006933777521
1.0000008990957263
1.0000011026409037
1.0000013035240776
1.0000015012624204
1.0000016953806397
1.0000018854121147
1.0000020709000157
1.0000022513983959
1.0000024264732574
1.0000025957035925
1.0000027586823901
1.0000029150176113
1.0000030643331277
1.0000032062696225
1.0000033404854489
1.0000034666574502
1.0000035844817310
1.0000036936743868
1.0000037939721833
1.0000038851331876
1.0000039669373477
1.0000040391870193
1.0000041017074397
1.0000041543471483
1.0000041969783466
1.0000042294972074
1.0000042518241223
1.0000042639038949
1.0000042657058719
1.0000042572240193
1.0000042384769359
1.0000042095078108
1.0000041703843210
1.0000041211984714
1.0000040620663759
1.0000039931279798
1.0000039145467252
1.0000038265091622
1.0000037292245054
1.0000036229241327
1.0000035078610341
1.0000033843092064
1.0000032525630007
1.0000031129364164
1.0000029657623535
1.0000028113918173
1.0000026501930805
1.0000024825508009
1.0000023088651044
1.0000021295506272
1.0000019450355260
1.0000017557604544
1.0000015621775125
1.0000013647491641
1.0000011639471320
1.0000009602512703
1.0000007541484170
1.0000005461312322
1.0000003366970183
1.0000001263465306
0.9999999155827833
0.9999997049098442
0.9999994948316316
0.9999992858507091
0.9999990784670844
0.9999988731770126
0.9999986704718098
0.9999984708366788
0.9999982747495492
0.9999980826799335
0.9999978950878060
0.9999977124224996
0.9999975351216324
0.9999973636100621
0.9999971982988692
0.9999970395843739
0.9999968878471885
0.9999967434513071
0.9999966067432327
0.9999964780511496
0.9999963576841375
0.9999962459314330
0.9999961430617357
0.9999960493225648
0.9999959649396675
0.9999958901164758
0.9999958250336232
0.9999957698485092
0.9999957246949234
0.9999956896827241
0.9999956648975737
0.9999956504007329
0.9999956462289129
0.9999956523941871
0.9999956688839609
0.9999956956609997
0.9999957326635178
0.9999957798053238
0.9999958369760255
0.9999959040412931
0.9999959808431795
0.9999960672004952
0.9999961629092399
0.9999962677430877
0.9999963814539289
0.9999965037724602
0.9999966344088279
0.9999967730533190
0.9999969193771004
0.9999970730330029
0.9999972336563503
0.9999974008658278
0.9999975742643935
0.9999977534402259
0.9999979379677075
0.9999981274084393
0.9999983213122865
0.9999985192184542
0.9999987206565870
0.9999989251478915
0.9999991322062785
0.9999993413395249
0.9999995520504478
0.9999997638380930
0.9999999761989291
1.0000001886280501
1.0000004006203804
1.0000006116718803
1.0000008212807483
1.0000010289486201
1.0000012341817595
1.0000014364922347
1.0000016353990848
1.0000018304294678
1.0000020211197895
1.0000022070168084
1.0000023876787185
1.0000025626762044
1.0000027315934645
1.0000028940292036
1.0000030495975907
1.0000031979291806
1.0000033386717957
1.0000034714913661
1.0000035960727265
1.0000037121203675
1.0000038193591416
1.0000039175349187
1.0000040064151920
1.0000040857896346
1.0000041554705992
1.0000042152935649
1.0000042651175309
1.0000043048253497
1.0000043343240093
1.0000043535448513
1.0000043624437362
1.0000043610011464
1.0000043492222324
1.0000043271367984
1.0000042947992314
1.0000042522883694
1.0000041997073115
1.0000041371831709
1.0000040648667718
