1.0482802374919000
1.0477018274523544
1.0470152557305663
1.0462218199791233
1.0453230248527983
1.0443205814259695
1.0432164064872369
1.0420126216946974
1.0407115525733468
1.0393157273340929
1.0378278754918986
1.0362509262586526
1.0345880066844952
1.0328424395195286
1.0310177407661152
1.0291176168903875
1.0271459616601120
1.0251068525747731
1.0230045468526487
1.0208434769388037
1.0186282454973685
1.0163636198512258
1.0140545258323708
1.0117060410067567
1.0093233872384688
1.0069119225596244
1.0044771323145087
1.0020246195492124
0.9995600946214344
0.9970893640092620
0.9946183183025827
0.9921529193664277
0.9896991866719720
0.9872631827981346
0.9848509981146952
0.9824687346665901
0.9801224892884752
0.9778183359887003
0.9755623076524323
0.9733603771246708
0.9712184377451814
0.9691422834187680
0.9671375883156278
0.9652098863075750
0.9633645502564696
0.9616067712809826
0.9599415381366614
0.9583736168518645
0.9569075307682722
0.9555475411391330
0.9542976284409813
0.9531614745550465
0.9521424459728645
0.9512435781765923
0.9504675613381524
0.9498167274726275
0.9492930391703251
0.9488980800187871
0.9486330468108725
0.9484987436181720
0.9484955777906459
0.9486235579239025
0.9488822938152576
0.9492709984090363
0.9497884917109000
0.9504332066306787
0.9512031966936570
0.9520961455418533
0.9531093781298806
0.9542398735047580
0.9554842790457901
0.9568389260295391
0.9582998463761023
0.9598627904264297
0.9615232455963000
0.9632764557507550
0.9651174411432071
0.9670410187658874
0.9690418229626949
0.9711143261615690
0.9732528595910571
0.9754516338545191
0.9777047592451835
0.9800062656957831
0.9823501222675211
0.9847302560944404
0.9871405707106558
0.9895749636992119
0.9920273436123404
0.9944916461235069
0.9969618493817282
0.9994319885480866
1.0018961695031432
1.0043485817219777
1.0067835103208156
1.0091953472856752
1.0115786018991344
1.0139279103862182
1.0162380448045656
1.0185039212074740
1.0207206071111983
1.0228833283000260
1.0249874750042300
1.0270286074870387
1.0290024610773583
1.0309049506851129
1.0327321748358531
1.0344804192607420
1.0361461600771791
1.0377260665942543
1.0392170037759427
1.0406160343934820
1.0419204208968025
1.0431276270331513
1.0442353192392604
1.0452413678315431
1.0461438480168728
1.0469410407445463
1.0476314334180497
1.0482137204832349
1.0486868039075146
1.0490497935626579
1.0493020075217598
1.0494429722789456
1.0494724228983590
1.0493903030969756
1.0491967652637793
1.0488921704158418
1.0484770880898362
1.0479522961655172
1.0473187806156972
1.0465777351752346
1.0457305609195402
1.0447788657410921
1.0437244637104337
1.0425693743061126
1.0413158214960152
1.0399662326505492
1.0385232372661488
1.0369896654756363
1.0353685463200784
1.0336631057549190
1.0318767643614211
1.0300131347327857
1.0280760185027775
1.0260694029833040
1.0239974573762058
1.0218645285235446
1.0196751361599494
1.0174339676301964
1.0151458720351232
1.0128158537693306
1.0104490654149028
1.0080507999566655
1.0056264822863317
1.0031816599653223
1.0007219932191225
0.9982532441398084
0.9957812650778747
0.9933119862097515
0.9908514022734378
0.9884055584715145
0.9859805355484033
0.9835824340571259
0.9812173578399183
0.9788913967568164
0.9766106087066976
0.9743810009960725
0.9722085111221129
0.9700989870477721
0.9680581670582529
0.9660916592993004
0.9642049211086310
0.9624032382620163
0.9606917042648984
0.9590751998286596
0.9575583726775695
0.9561456178377544
0.9548410585630688
0.9536485280542720
0.9525715521273178
0.9516133329836884
0.9507767342304883
0.9500642672904474
0.9494780793320933
0.9490199428382218
0.9486912469165961
0.9484929904407273
0.9484257770909097
0.9484898123466768
0.9486849024619013
0.9490104554331940
0.9494654839515201
0.9500486103063752
0.9507580731918959
0.9515917363452402
0.9525470989298629
0.9536213075601684
0.9548111698497792
0.9561131693534745
0.9575234817628853
0.9590379922084108
0.9606523135145397
0.9623618052528208
0.9641615934360556
0.9660465906987789
0.9680115168125480
0.9700509193898537
0.9721591946373158
0.9743306080270504
0.9765593147644057
0.9788393799404765
0.9811647982686047
0.9835295133153014
0.9859274361474142
0.9883524633287477
0.9907984942105260
0.9932594474709293
0.9957292768693027
0.9982019861904212
1.0006716433633172
1.0031323937475778
1.0055784725876542
1.0080042166425693
1.0104040750044856
1.0127726191248636
1.0151045520714661
1.0173947170432447
1.0196381051732566
1.0218298626521956
1.0239652972069764
1.0260398839701164
1.0280492707764450
1.0299892829240371
1.0318559274362107
1.0336453968610353
1.0353540726440926
1.0369785281092705
1.0385155310811778
1.0399620461813930
1.0413152368292300
1.0425724669760446
1.0437313026003452
1.0447895129891329
1.0457450718289991
1.0465961581285612
1.0473411569918487
1.0479786602602537
1.0485074670386456
1.0489265841192490
1.0492352263148574
1.0494328167109457
1.0495189868442281
1.0494935768132123
1.0493566353242820
1.0491084196748472
1.0487493956730987
1.0482802374919000
1.0477018274523544
1.0470152557305663
1.0462218199791233
