1.0056092385177213
1.0055386181020225
1.0054548511167736
1.0053581327719556
1.0052486885194192
1.0051267735690730
1.0049926723400855
1.0048466978478570
1.0046891910276230
1.0045205199956500
1.0043410792490917
1.0041512888056969
1.0039515932846548
1.0037424609299981
1.0035243825781079
1.0032978705709721
1.0030634576169948
1.0028216956012779
1.0025731543474277
1.0023184203330853
1.0020580953615033
1.0017927951916472
1.0015231481294320
1.0012497935828408
1.0009733805838208
1.0006945662799904
1.0004140143993219
1.0001323936911042
0.9998503763466209
0.9995686364031015
0.9992878481346212
0.9990086844337460
0.9987318151878185
0.9984579056538784
0.9981876148362949
0.9979215938712758
0.9976604844224628
0.9974049170918889
0.9971555098506074
0.9969128664933175
0.9966775751213277
0.9964502066581818
0.9962313134022497
0.9960214276205372
0.9958210601879124
0.9956306992758631
0.9954508090948030
0.9952818286938198
0.9951241708216371
0.9949782208523993
0.9948443357797173
0.9947228432822270
0.9946140408637053
0.9945181950705694
0.9944355407893507
0.9943662806264743
0.9943105843724295
0.9942685885521321
0.9942403960629946
0.9942260759019342
0.9942256629822412
0.9942391580409400
0.9942665276369519
0.9943077042400681
0.9943625864104315
0.9944310390679143
0.9945128938504754
0.9946079495602863
0.9947159726961167
0.9948366980701873
0.9949698295074255
0.9951150406247946
0.9952719756881215
0.9954402505436011
0.9956194536209466
0.9958091470049395
0.9960088675719444
0.9962181281877935
0.9964364189632733
0.9966632085633218
0.9968979455659260
0.9971400598666056
0.9973889641242908
0.9976440552443413
0.9979047158944058
0.9981703160487935
0.9984402145570235
0.9987137607322208
0.9989902959550460
0.9992691552888903
0.9995496691021122
0.9998311646931536
1.0001129679144538
1.0003944047911613
1.0006748031307429
1.0009534941196943
1.0012298139036651
1.0015031051474352
1.0017727185713041
1.0020380144605816
1.0022983641450105
1.0025531514450767
1.0028017740823136
1.0030436450508389
1.0032781939475091
1.0035048682582131
1.0037231345979665
1.0039324799026115
1.0041324125700539
1.0043224635491170
1.0045021873742115
1.0046711631441525
1.0048289954435821
1.0049753152055774
1.0051097805141427
1.0052320773453944
1.0053419202463671
1.0054390529504691
1.0055232489287287
1.0055943118760720
1.0056520761319629
1.0056964070348469
1.0057272012099252
1.0057443867898781
1.0057479235682534
1.0057378030853112
1.0057140486462233
1.0056767152715969
1.0056258895803891
1.0055616896053632
1.0054842645413256
1.0053937944264770
1.0052904897572941
1.0051745910374563
1.0050463682614310
1.0049061203334171
1.0047541744224628
1.0045908852546581
1.0044166343434251
1.0042318291590289
1.0040369022385514
1.0038323102376827
1.0036185329258061
1.0033960721259780
1.0031654506015293
1.0029272108911416
1.0026819140943961
1.0024301386099130
1.0021724788283461
1.0019095437826351
1.0016419557580554
1.0013703488647521
1.0010953675755785
1.0008176652322038
1.0005379025225953
1.0002567459331040
0.9999748661785332
0.9996929366136802
0.9994116316299817
0.9991316250409945
0.9988535884605603
0.9985781896776016
0.9983060910315930
0.9980379477928258
0.9977744065516604
0.9975161036210100
0.9972636634563549
0.9970176970976034
0.9967788006371403
0.9965475537184001
0.9963245180692774
0.9961102360746596
0.9959052293923113
0.9957099976162673
0.9955250169918055
0.9953507391859604
0.9951875901174106
0.9950359688494335
0.9948962465494521
0.9947687655185216
0.9946538382939083
0.9945517468276973
0.9944627417441385
0.9943870416781938
0.9943248326974936
0.9942762678096455
0.9942414665565563
0.9942205146971398
0.9942134639794828
0.9942203320032531
0.9942411021728093
0.9942757237411792
0.9943241119447529
0.9943861482282302
0.9944616805590596
0.9945505238303017
0.9946524603505500
0.9947672404192583
0.9948945829855435
0.9950341763882607
0.9951856791748990
0.9953487209965889
0.9955229035762991
0.9957078017470703
0.9959029645569538
0.9961079164371248
0.9963221584294891
0.9965451694699498
0.9967764077233758
0.9970153119662130
0.9972613030125751
0.9975137851795914
0.9977721477877288
0.9980357666917717
0.9983040058381272
0.9985762188441127
0.9988517505949108
0.9991299388538940
0.9994101158820695
0.9996916100624529
0.9999737475252463
1.0002558537697788
1.0005372552792571
1.0008172811244775
1.0010952645527589
1.0013705445584671
1.0016424674316353
1.0019103882813034
1.0021736725303367
1.0024316973786165
1.0026838532316364
1.0029295450916780
1.0031681939088737
1.0033992378896182
1.0036221337599189
1.0038363579814173
1.0040414079179545
1.0042368029506901
1.0044220855399120
1.0045968222318011
1.0047606046085567
1.0049130501803945
1.0050538032180669
1.0051825355246489
1.0052989471454741
1.0054027670151924
1.0054937535410398
1.0055716951215075
1.0056364105997042
1.0056877496507961
1.0057255931030111
1.0057498531917803
1.0057604737466828
1.0057574303109567
1.0057407301934158
1.0057104124527068
1.0056665478139284
1.0056092385177213
1.0055386181020225
1.0054548511167736
1.0053581327719556
