1.0005386502487583
1.0005318480307048
1.0005237778272418
1.0005144589178547
1.0005039135587401
1.0004921669301097
1.0004792470765627
1.0004651848406678
1.0004500137899024
1.0004337701371175
1.0004164926547117
1.0003982225827190
1.0003790035310129
1.0003588813758582
1.0003379041510509
1.0003161219338970
1.0002935867262899
1.0002703523311756
1.0002464742246815
1.0002220094242140
1.0001970163528311
1.0001715547002086
1.0001456852805235
1.0001194698875948
1.0000929711476179
1.0000662523698411
1.0000393773955398
1.0000124104456432
0.9999854159673797
0.9999584584803023
0.9999316024220621
0.9999049119943012
0.9998784510090283
0.9998522827358569
0.9998264697504580
0.9998010737846044
0.9997761555781665
0.9997517747334153
0.9997279895719834
0.9997048569948384
0.9996824323456055
0.9996607692775720
0.9996399196247014
0.9996199332769663
0.9996008580603152
0.9995827396215591
0.9995656213184622
0.9995495441153122
0.9995345464842226
0.9995206643124132
0.9995079308156986
0.9994963764583962
0.9994860288798518
0.9994769128277680
0.9994690500984992
0.9994624594844602
0.9994571567287798
0.9994531544873148
0.9994504622981136
0.9994490865584108
0.9994490305092067
0.9994502942274699
0.9994528746259860
0.9994567654608499
0.9994619573465813
0.9994684377788293
0.9994761911646081
0.9994851988599899
0.9994954392151565
0.9995068876267051
0.9995195165970705
0.9995332958009219
0.9995481921583662
0.9995641699147803
0.9995811907270671
0.9995992137561291
0.9996181957653308
0.9996380912247003
0.9996588524206217
0.9996804295707417
0.9997027709438089
0.9997258229841547
0.9997495304405096
0.9997738364988386
0.9997986829188718
0.9998240101739978
0.9998497575941786
0.9998758635115381
0.9999022654082753
0.9999289000665401
0.9999557037199109
0.9999826122061072
1.0000095611205735
1.0000364859705617
1.0000633223293462
1.0000900059902031
1.0001164731197831
1.0001426604105137
1.0001685052316724
1.0001939457787656
1.0002189212208668
1.0002433718455614
1.0002672392011589
1.0002904662358385
1.0003129974333984
1.0003347789452921
1.0003557587186422
1.0003758866199377
1.0003951145541168
1.0004133965787703
1.0004306890131895
1.0004469505420099
1.0004621423132092
1.0004762280302386
1.0004891740380675
1.0005009494029451
1.0005115259856978
1.0005208785083910
1.0005289846142029
1.0005358249203724
1.0005413830640983
1.0005456457412885
1.0005486027380639
1.0005502469549510
1.0005505744237069
1.0005495843167340
1.0005472789490653
1.0005436637729170
1.0005387473648204
1.0005325414053605
1.0005250606515699
1.0005163229020393
1.0005063489548249
1.0004951625582512
1.0004827903547209
1.0004692618176616
1.0004546091817497
1.0004388673665789
1.0004220738939460
1.0004042687989436
1.0003854945350639
1.0003657958735390
1.0003452197971425
1.0003238153887037
1.0003016337145940
1.0002787277034533
1.0002551520204372
1.0002309629372854
1.0002062181985045
1.0001809768839891
1.0001552992683977
1.0001292466776162
1.0001028813426414
1.0000762662512395
1.0000494649977181
1.0000225416311788
0.9999955605026006
0.9999685861111259
0.9999416829499093
0.9999149153519034
0.9998883473359450
0.9998620424535135
0.9998360636365299
0.9998104730465601
0.9997853319257928
0.9997607004501454
0.9997366375848584
0.9997132009429239
0.9996904466466956
0.9996684291930170
0.9996472013221976
0.9996268138911560
0.9996073157510437
0.9995887536296423
0.9995711720188321
0.9995546130674029
0.9995391164794728
0.9995247194187639
0.9995114564189763
0.9994993593004780
0.9994884570935149
0.9994787759681367
0.9994703391710085
0.9994631669692657
0.9994572766015515
0.9994526822363612
0.9994493949377952
0.9994474226388049
0.9994467701220000
0.9994474390080612
0.9994494277517941
0.9994527316458269
0.9994573428319476
0.9994632503200502
0.9994704400146455
0.9994788947488631
0.9994885943258680
0.9994995155675876
0.9995116323706251
0.9995249157692211
0.9995393340051079
0.9995548526040839
0.9995714344591181
0.9995890399197765
0.9996076268877520
0.9996271509182613
0.9996475653270592
0.9996688213028052
0.9996908680245070
0.9997136527837541
0.9997371211114358
0.9997612169086422
0.9997858825814209
0.9998110591790652
0.9998366865355918
0.9998627034140707
0.9998890476534510
0.9999156563175297
0.9999424658457048
0.9999694122051475
0.9999964310440270
1.0000234578454201
1.0000504280815348
1.0000772773678799
1.0001039416170165
1.0001303571915177
1.0001564610557776
1.0001821909263096
1.0002074854201732
1.0002322842011830
1.0002565281235547
1.0002801593726491
1.0003031216024831
1.0003253600696835
1.0003468217635747
1.0003674555320918
1.0003872122032262
1.0004060447017225
1.0004239081607555
1.0004407600283280
1.0004565601681419
1.0004712709547083
1.0004848573624794
1.0004972870487914
1.0005085304304366
1.0005185607536773
1.0005273541575490
1.0005348897303052
1.0005411495588719
1.0005461187711973
1.0005497855714072
1.0005521412676750
1.0005531802927530
1.0005529002171087
1.0005513017546421
1.0005483887609692
1.0005441682242748
1.0005386502487583
1.0005318480307048
1.0005237778272418
1.0005144589178547
