1.0018972088870157
1.0018732433762978
1.0018448153873678
1.0018119923602911
1.0017748521555594
1.0017334828744036
1.0016879826553413
1.0016384594473806
1.0015850307603489
1.0015278233928611
1.0014669731385015
1.0014026244708263
1.0013349302078507
1.0012640511567306
1.0011901557393927
1.0011134195999181
1.0010340251945149
1.0009521613649703
1.0008680228965130
1.0007818100610479
1.0006937281467749
1.0006039869752388
1.0005128004068840
1.0004203858362302
1.0003269636778169
1.0002327568440839
1.0001379902163985
1.0000428901104494
0.9999476837372573
0.9998525986610730
0.9997578622554439
0.9996637011587505
0.9995703407305215
0.9994780045098441
0.9993869136771893
0.9992972865209798
0.9992093379102145
0.9991232787744664
0.9990393155925523
0.9989576498911741
0.9988784777547925
0.9988019893479955
0.9987283684515850
0.9986577920135798
0.9985904297162999
0.9985264435606683
0.9984659874688189
0.9984092069060566
0.9983562385231769
0.9983072098200902
0.9982622388316542
0.9982214338365575
0.9981848930900331
0.9981527045811276
0.9981249458151819
0.9981016836221169
0.9980829739910391
0.9980688619316228
0.9980593813626478
0.9980545550279928
0.9980543944403163
0.9980588998525853
0.9980680602575182
0.9980818534149544
0.9981002459070688
0.9981231932212822
0.9981506398606420
0.9981825194813715
0.9982187550572078
0.9982592590700838
0.9983039337266330
0.9983526711999323
0.9984053538958287
0.9984618547431243
0.9985220375068447
0.9985857571237488
0.9986528600591865
0.9987231846843444
0.9987965616728932
0.9988728144159775
0.9989517594544667
0.9990332069273354
0.9991169610350070
0.9992028205164629
0.9992905791388936
0.9993800261986338
0.9994709470321146
0.9995631235355433
0.9996563346920033
0.9997503571046683
0.9998449655348040
0.9999399334432381
1.0000350335339783
1.0001300382986593
1.0002247205605084
1.0003188540165295
1.0004122137766278
1.0005045768983938
1.0005957229163041
1.0006854343641138
1.0007734972892333
1.0008597017579153
1.0009438423501051
1.0010257186428386
1.0011051356811087
1.0011819044351553
1.0012558422431665
1.0013267732384217
1.0013945287599502
1.0014589477458111
1.0015198771081546
1.0015771720892601
1.0016306965977944
1.0016803235245813
1.0017259350372161
1.0017674228529108
1.0018046884889971
1.0018376434905738
1.0018662096348230
1.0018903191115784
1.0019099146797705
1.0019249497994358
1.0019353887390097
1.0019412066576938
1.0019423896627253
1.0019389348414309
1.0019308502680047
1.0019181549849918
1.0019008789595172
1.0018790630143484
1.0018527587339334
1.0018220283456014
1.0017869445761736
1.0017475904842721
1.0017040592686743
1.0016564540531050
1.0016048876479089
1.0015494822891009
1.0014903693553308
1.0014276890633591
1.0013615901426756
1.0012922294899511
1.0012197718040543
1.0011443892024088
1.0010662608195164
1.0009855723885093
1.0009025158066389
1.0008172886856495
1.0007300938880286
1.0006411390501564
1.0005506360934171
1.0004588007243707
1.0003658519251157
1.0002720114350021
1.0001775032248801
1.0000825529651058
0.9999873874885363
0.9998922342497780
0.9997973207819590
0.9997028741523222
0.9996091204179458
0.9995162840828998
0.9994245875581633
0.9993342506256231
0.9992454899074731
0.9991585183423347
0.9990735446694056
0.9989907729219358
0.9989104019313122
0.9988326248430150
0.9987576286456868
0.9986855937145271
0.9986166933701968
0.9985510934543833
0.9984889519231351
0.9984304184590359
0.9983756341032481
0.9983247309083995
0.9982778316132359
0.9982350493399209
0.9981964873147873
0.9981622386132937
0.9981323859298781
0.9981070013733327
0.9980861462882563
0.9980698711030705
0.9980582152050125
0.9980512068424469
0.9980488630547686
0.9980511896300794
0.9980581810907628
0.9980698207069950
0.9980860805381504
0.9981069215019932
0.9981322934714630
0.9981621353987898
0.9981963754665990
0.9982349312655967
0.9982777099983458
0.9983246087085840
0.9983755145354603
0.9984303049920020
0.9984888482670610
0.9985510035499274
0.9986166213767447
0.9986855439977991
0.9987576057647097
0.9988326335364923
0.9989104471034302
0.9989908596276424
0.9990736780991992
0.9991587038066059
0.9992457328204390
0.9993345564888936
0.9994249619439808
0.9995167326171006
0.9996096487626850
0.9997034879886012
0.9997980257920084
0.9998930360993347
0.9999882918090582
1.0000835653359734
1.0001786291556261
1.0002732563476122
1.0003672211364467
1.0004602994287277
1.0005522693453346
1.0006429117474211
1.0007320107549915
1.0008193542568644
1.0009047344108657
1.0009879481331223
1.0010687975753554
1.0011470905891116
1.0012226411759042
1.0012952699222719
1.0013648044188095
1.0014310796622621
1.0014939384398083
1.0015532316947200
1.0016088188726091
1.0016605682475332
1.0017083572272771
1.0017520726371607
1.0017916109817850
1.0018268786841760
1.0018577923018253
1.0018842787191840
1.0019062753162171
1.0019237301126722
1.0019366018877667
1.0019448602750480
1.0019484858322372
1.0019474700859108
1.0019418155509301
1.0019315357245815
1.0019166550554399
1.0018972088870157
1.0018732433762978
1.0018448153873678
1.0018119923602911
