1.0000000000311267
1.0000000000310865
1.0000000000309939
1.0000000000308502
1.0000000000306559
1.0000000000304112
1.0000000000301164
1.0000000000297713
1.0000000000293772
1.0000000000289355
1.0000000000284495
1.0000000000279210
1.0000000000273528
1.0000000000267466
1.0000000000261045
1.0000000000254283
1.0000000000247184
1.0000000000239775
1.0000000000232077
1.0000000000224116
1.0000000000215918
1.0000000000207505
1.0000000000198892
1.0000000000190099
1.0000000000181144
1.0000000000172051
1.0000000000162843
1.0000000000153544
1.0000000000144167
1.0000000000134734
1.0000000000125273
1.0000000000115807
1.0000000000106357
1.0000000000096940
1.0000000000087583
1.0000000000078308
1.0000000000069136
1.0000000000060092
1.0000000000051199
1.0000000000042486
1.0000000000033964
1.0000000000025657
1.0000000000017586
1.0000000000009761
1.0000000000002200
0.9999999999994926
0.9999999999987946
0.9999999999981264
0.9999999999974886
0.9999999999968816
0.9999999999963071
0.9999999999957667
0.9999999999952619
0.9999999999947939
0.9999999999943638
0.9999999999939716
0.9999999999936164
0.9999999999932991
0.9999999999930193
0.9999999999927759
0.9999999999925682
0.9999999999923961
0.9999999999922599
0.9999999999921602
0.9999999999920974
0.9999999999920715
0.9999999999920820
0.9999999999921276
0.9999999999922076
0.9999999999923214
0.9999999999924674
0.9999999999926447
0.9999999999928523
0.9999999999930881
0.9999999999933495
0.9999999999936361
0.9999999999939482
0.9999999999942850
0.9999999999946453
0.9999999999950278
0.9999999999954307
0.9999999999958510
0.9999999999962865
0.9999999999967353
0.9999999999971952
0.9999999999976654
0.9999999999981447
0.9999999999986325
0.9999999999991293
0.9999999999996326
1.0000000000001394
1.0000000000006473
1.0000000000011540
1.0000000000016571
1.0000000000021552
1.0000000000026479
1.0000000000031344
1.0000000000036127
1.0000000000040803
1.0000000000045357
1.0000000000049789
1.0000000000054083
1.0000000000058233
1.0000000000062221
1.0000000000066034
1.0000000000069653
1.0000000000073062
1.0000000000076241
1.0000000000079174
1.0000000000081859
1.0000000000084281
1.0000000000086435
1.0000000000088320
1.0000000000089928
1.0000000000091260
1.0000000000092315
1.0000000000093094
1.0000000000093587
1.0000000000093794
1.0000000000093705
1.0000000000093303
1.0000000000092588
1.0000000000091549
1.0000000000090192
1.0000000000088505
1.0000000000086489
1.0000000000084146
1.0000000000081470
1.0000000000078459
1.0000000000075140
1.0000000000071521
1.0000000000067606
1.0000000000063396
1.0000000000058908
1.0000000000054148
1.0000000000049121
1.0000000000043840
1.0000000000038320
1.0000000000032574
1.0000000000026608
1.0000000000020428
1.0000000000014042
1.0000000000007456
1.0000000000000686
0.9999999999993748
0.9999999999986667
0.9999999999979465
0.9999999999972157
0.9999999999964764
0.9999999999957304
0.9999999999949796
0.9999999999942251
0.9999999999934679
0.9999999999927093
0.9999999999919499
0.9999999999911918
0.9999999999904371
0.9999999999896888
0.9999999999889494
0.9999999999882208
0.9999999999875048
0.9999999999868034
0.9999999999861170
0.9999999999854481
0.9999999999847984
0.9999999999841690
0.9999999999835611
0.9999999999829762
0.9999999999824150
0.9999999999818787
0.9999999999813675
0.9999999999808827
0.9999999999804268
0.9999999999800010
0.9999999999796071
0.9999999999792465
0.9999999999789208
0.9999999999786310
0.9999999999783786
0.9999999999781647
0.9999999999779887
0.9999999999778514
0.9999999999777535
0.9999999999776956
0.9999999999776783
0.9999999999777024
0.9999999999777694
0.9999999999778807
0.9999999999780356
0.9999999999782339
0.9999999999784761
0.9999999999787632
0.9999999999790964
0.9999999999794756
0.9999999999799001
0.9999999999803690
0.9999999999808821
0.9999999999814388
0.9999999999820375
0.9999999999826763
0.9999999999833536
0.9999999999840670
0.9999999999848139
0.9999999999855945
0.9999999999864094
0.9999999999872594
0.9999999999881439
0.9999999999890611
0.9999999999900085
0.9999999999909831
0.9999999999919824
0.9999999999930046
0.9999999999940472
0.9999999999951088
0.9999999999961885
0.9999999999972857
0.9999999999983986
0.9999999999995246
1.0000000000006615
1.0000000000018072
1.0000000000029587
1.0000000000041134
1.0000000000052687
1.0000000000064235
1.0000000000075746
1.0000000000087199
1.0000000000098581
1.0000000000109881
1.0000000000121092
1.0000000000132188
1.0000000000143141
1.0000000000153932
1.0000000000164542
1.0000000000174947
1.0000000000185114
1.0000000000195026
1.0000000000204654
1.0000000000213969
1.0000000000222959
1.0000000000231615
1.0000000000239926
1.0000000000247868
1.0000000000255416
1.0000000000262552
1.0000000000269249
1.0000000000275491
1.0000000000281266
1.0000000000286562
1.0000000000291369
1.0000000000295668
1.0000000000299443
1.0000000000302691
1.0000000000305420
1.0000000000307632
1.0000000000309326
1.0000000000310496
1.0000000000311142
1.0000000000311267
1.0000000000310865
1.0000000000309939
1.0000000000308502
