1.0000625390397613
1.0000617533829084
1.0000608207207009
1.0000597432904819
1.0000585236751924
1.0000571647971999
1.0000556699113152
1.0000540425970181
1.0000522867499055
1.0000504065723850
1.0000484065636350
1.0000462915088568
1.0000440664678454
1.0000417367629015
1.0000393079661176
1.0000367858860670
1.0000341765539267
1.0000314862090687
1.0000287212841543
1.0000258883897664
1.0000229942986134
1.0000200459293469
1.0000170503300319
1.0000140146613048
1.0000109461792621
1.0000078522181219
1.0000047401726946
1.0000016174807103
0.9999984916050443
0.9999953700158793
0.9999922601728489
0.9999891695072067
0.9999861054040637
0.9999830751847302
0.9999800860892154
0.9999771452589172
0.9999742597195491
0.9999714363643418
0.9999686819375616
0.9999660030183826
0.9999634060051539
0.9999608971001009
0.9999584822944932
0.9999561673543162
0.9999539578064833
0.9999518589256162
0.9999498757214330
0.9999480129267651
0.9999462749862408
0.9999446660456544
0.9999431899420514
0.9999418501945535
0.9999406499959428
0.9999395922050294
0.9999386793398174
0.9999379135714831
0.9999372967191870
0.9999368302457274
0.9999365152540468
0.9999363524845981
0.9999363423135822
0.9999364847520541
0.9999367794459063
0.9999372256767223
0.9999378223635045
0.9999385680652711
0.9999394609845136
0.9999404989715045
0.9999416795294507
0.9999429998204802
0.9999444566724406
0.9999460465864987
0.9999477657455228
0.9999496100232276
0.9999515749940546
0.9999536559437736
0.9999558478807701
0.9999581455479972
0.9999605434355622
0.9999630357939179
0.9999656166476286
0.9999682798096736
0.9999710188962564
0.9999738273420854
0.9999766984160857
0.9999796252375066
0.9999826007923867
0.9999856179503376
0.9999886694816048
0.9999917480743674
0.9999948463522270
0.9999979568918539
1.0000010722407451
1.0000041849350507
1.0000072875174246
1.0000103725548597
1.0000134326564636
1.0000164604911335
1.0000194488050844
1.0000223904391954
1.0000252783461268
1.0000281056071672
1.0000308654487753
1.0000335512587737
1.0000361566021541
1.0000386752364603
1.0000411011267079
1.0000434284598096
1.0000456516584688
1.0000477653945108
1.0000497646016155
1.0000516444874288
1.0000534005450130
1.0000550285636214
1.0000565246387607
1.0000578851815225
1.0000591069271603
1.0000601869428944
1.0000611226349212
1.0000619117546146
1.0000625524039026
1.0000630430398068
1.0000633824781326
1.0000635698963041
1.0000636048353351
1.0000634872009317
1.0000632172637234
1.0000627956586223
1.0000622233833139
1.0000615017958816
1.0000606326115695
1.0000596178986934
1.0000584600737068
1.0000571618954364
1.0000557264585010
1.0000541571859269
1.0000524578209768
1.0000506324182177
1.0000486853338426
1.0000466212152690
1.0000444449900452
1.0000421618540880
1.0000397772592728
1.0000372969004172
1.0000347267016796
1.0000320728024132
1.0000293415425037
1.0000265394472228
1.0000236732116432
1.0000207496846436
1.0000177758525464
1.0000147588224262
1.0000117058051281
1.0000086240980350
1.0000055210676304
1.0000024041318929
0.9999992807425661
0.9999961583673465
0.9999930444720309
0.9999899465026706
0.9999868718677695
0.9999838279205693
0.9999808219414668
0.9999778611206050
0.9999749525406778
0.9999721031599884
0.9999693197958078
0.9999666091080662
0.9999639775834209
0.9999614315197380
0.9999589770110252
0.9999566199328499
0.9999543659282792
0.9999522203943769
0.9999501884692856
0.9999482750199278
0.9999464846303566
0.9999448215907834
0.9999432898873062
0.9999418931923649
0.9999406348559481
0.9999395178975687
0.9999385449990329
0.9999377184980156
0.9999370403824588
0.9999365122858077
0.9999361354830950
0.9999359108878808
0.9999358390500600
0.9999359201545370
0.9999361540207761
0.9999365401032240
0.9999370774926098
0.9999377649181126
0.9999386007503931
0.9999395830054859
0.9999407093495378
0.9999419771043846
0.9999433832539519
0.9999449244514631
0.9999465970274385
0.9999483969984666
0.9999503200767268
0.9999523616802410
0.9999545169438275
0.9999567807307302
0.9999591476448987
0.9999616120438882
0.9999641680523479
0.9999668095760664
0.9999695303165405
0.9999723237860293
0.9999751833230639
0.9999781021083676
0.9999810731811547
0.9999840894557683
0.9999871437386118
0.9999902287453416
0.9999933371182732
0.9999964614439623
0.9999995942709187
1.0000027281274089
1.0000058555393097
1.0000089690479612
1.0000120612279861
1.0000151247050242
1.0000181521733493
1.0000211364133162
1.0000240703086019
1.0000269468632019
1.0000297592181371
1.0000325006678303
1.0000351646761168
1.0000377448918485
1.0000402351640583
1.0000426295566416
1.0000449223625267
1.0000471081172999
1.0000491816122448
1.0000511379067731
1.0000529723402145
1.0000546805429400
1.0000562584467874
1.0000577022947668
1.0000590086500221
1.0000601744040307
1.0000611967840187
1.0000620733595729
1.0000628020484355
1.0000633811214690
1.0000638092067771
1.0000640852929734
1.0000642087315881
1.0000641792386085
1.0000639968951524
1.0000636621472678
1.0000631758048619
1.0000625390397613
1.0000617533829084
1.0000608207207009
1.0000597432904819
