1.0147541002602380
1.0145702393907807
1.0143521259023920
1.0141002463664921
1.0138151632333607
1.0134975138455777
1.0131480093132343
1.0127674332503227
1.0123566403717061
1.0119165549500975
1.0114481691325372
1.0109525411159419
1.0104307931814080
1.0098841095871118
1.0093137343198346
1.0087209687053600
1.0081071688782608
1.0074737431118939
1.0068221490097686
1.0061538905598331
1.0054705150536611
1.0047736098729831
1.0040647991465073
1.0033457402805421
1.0026181203675022
1.0018836524769978
1.0011440718348716
1.0004011318962145
0.9996566003191004
0.9989122548465071
0.9981698791046248
0.9974312583265098
0.9966981750107745
0.9959724045257698
0.9952557106704412
0.9945498412037524
0.9938565233552680
0.9931774593301206
0.9925143218222188
0.9918687495500875
0.9912423428302389
0.9906366592033907
0.9900532091291927
0.9894934517653925
0.9889587908475276
0.9884505706853153
0.9879700722918684
0.9875185096617265
0.9870970262134391
0.9867066914120651
0.9863484975864728
0.9860233569557146
0.9857320988780551
0.9854754673353839
0.9852541186648385
0.9850686195484177
0.9849194452702441
0.9848069782499297
0.9847315068592094
0.9846932245276648
0.9846922291419683
0.9847285227416142
0.9848020115126641
0.9849125060795278
0.9850597220933396
0.9852432811140038
0.9854627117815569
0.9857174512710803
0.9860068470240545
0.9863301587477546
0.9866865606730798
0.9870751440600821
0.9874949199394181
0.9879448220770179
0.9884237101484417
0.9889303731086637
0.9894635327424323
0.9900218473798548
0.9906039157614843
0.9912082810369303
0.9918334348808627
0.9924778217102448
0.9931398429866947
0.9938178615880388
0.9945102062333780
0.9952151759463371
0.9959310445415752
0.9966560651201419
0.9973884745598048
0.9981264979870806
0.9988683532183555
0.9996122551581702
1.0003564201434527
1.0010990702232161
1.0018384373639846
1.0025727675719709
1.0033003249237553
1.0040193954979777
1.0047282912012665
1.0054253534823361
1.0061089569288697
1.0067775127424476
1.0074294720874122
1.0080633293101420
1.0086776250257585
1.0092709490697915
1.0098419433128156
1.0103893043364789
1.0109117859697525
1.0114082016845600
1.0118774268502566
1.0123184008466999
1.0127301290358703
1.0131116845921948
1.0134622101918807
1.0137809195616792
1.0140670988875884
1.0143201080840611
1.0145393819243120
1.0147244310323187
1.0148748427370968
1.0149902817897842
1.0150704909440151
1.0151152913999952
1.0151245831125910
1.0150983449636730
1.0150366347988420
1.0149395893285591
1.0148074238936096
1.0146404320947096
1.0144389852859867
1.0142035319319642
1.0139345968276052
1.0136327801809015
1.0132987565574469
1.0129332736864034
1.0125371511272583
1.0121112787967865
1.0116566153556692
1.0111741864542934
1.0106650828373589
1.0101304583070485
1.0095715275446924
1.0089895637910637
1.0083858963856773
1.0077619081657605
1.0071190327258817
1.0064587515395886
1.0057825909448186
1.0050921189952864
1.0043889421805492
1.0036747020179764
1.0029510715204164
1.0022197515439553
1.0014824670207989
1.0007409630829824
0.9999970010832951
0.9992523545205267
0.9985088048768831
0.9977681373761496
0.9970321366719390
0.9963025824761113
0.9955812451381902
0.9948698811873306
0.9941702288490907
0.9934840035499356
0.9928128934230304
0.9921585548294615
0.9915226079095538
0.9909066321794060
0.9903121621881597
0.9897406832518137
0.9891936272796171
0.9886723687091925
0.9881782205665630
0.9877124306671595
0.9872761779736937
0.9868705691264679
0.9864966351612662
0.9861553284294242
0.9858475197340201
0.9855739956953603
0.9853354563580524
0.9851325130509708
0.9849656865103525
0.9848354052750828
0.9847420043619807
0.9846857242275903
0.9846667100215928
0.9846850111355334
0.9847405810491098
0.9848332774747830
0.9849628627999899
0.9851290048247592
0.9853312777910759
0.9855691636989152
0.9858420539024900
0.9861492509789291
0.9864899708603649
0.9868633452192291
0.9872684240954771
0.9877041787534753
0.9881695047554060
0.9886632252372658
0.9891840943728781
0.9897308010107889
0.9903019724684897
0.9908961784680882
0.9915119351973493
0.9921477094799451
0.9928019230387508
0.9934729568361572
0.9941591554755742
0.9948588316486068
0.9955702706127667
0.9962917346850365
0.9970214677371372
0.9977576996789208
0.9984986509169461
0.9992425367759603
0.9999875718717186
1.0007319744242924
1.0014739705017601
1.0022117981849239
1.0029437116444488
1.0036679851225618
1.0043829168121838
1.0050868326270828
1.0057780898573296
1.0064550807050114
1.0071162356957835
1.0077600269624536
1.0083849713973592
1.0089896336708226
1.0095726291134697
1.0101326264606352
1.0106683504574960
1.0111785843239320
1.0116621720784493
1.0121180207207752
1.0125451022729892
1.0129424556792574
1.0133091885644079
1.0136444788517223
1.0139475762404189
1.0142178035433671
1.0144545578856281
1.0146573117644240
1.0148256139711278
1.0149590903758388
1.0150574445750571
1.0151204584029090
1.0151479923062945
1.0151399855842347
1.0150964564916072
1.0150175022073518
1.0149032986671187
1.0147541002602380
1.0145702393907807
1.0143521259023920
1.0141002463664921
