1.0112961983517108
1.0111548693146657
1.0109872201414454
1.0107936310695207
1.0105745414857905
1.0103304490912384
1.0100619089504934
1.0097695324265206
1.0094539860007421
1.0091159899789828
1.0087563170837333
1.0083757909333615
1.0079752844090357
1.0075557179102996
1.0071180575004173
1.0066633129428220
1.0061925356302206
1.0057068164081728
1.0052072832952368
1.0046950991020633
1.0041714589521467
1.0036375877072818
1.0030947373011327
1.0025441839847038
1.0019872254878941
1.0014251781017338
1.0008593736863254
1.0002911566099457
0.9997218806252066
0.9991529056886204
0.9985855947303669
0.9980213103815030
0.9974614116662934
0.9969072506677710
0.9963601691750430
0.9958214953212650
0.9952925402215604
0.9947745946205101
0.9942689255591488
0.9937767730716600
0.9932993469222046
0.9928378233924814
0.9923933421307721
0.9919670030732683
0.9915598634485208
0.9911729348757921
0.9908071805680010
0.9904635126497673
0.9901427896008294
0.9898458138348064
0.9895733294229144
0.9893260199717941
0.9891045066641249
0.9889093464701233
0.9887410305374177
0.9885999827660996
0.9884865585750332
0.9884010438647304
0.9883436541812781
0.9883145340849601
0.9883137567263304
0.9883413236315963
0.9883971646982544
0.9884811384010018
0.9885930322070170
0.9887325631987929
0.9888993789017976
0.9890930583133647
0.9893131131283568
0.9895589891563291
0.9898300679241538
0.9901256684573231
0.9904450492324731
0.9907874102930505
0.9911518955194790
0.9915375950446781
0.9919435478053452
0.9923687442190496
0.9928121289768708
0.9932726039410757
0.9937490311371679
0.9942402358295143
0.9947450096697218
0.9952621139069492
0.9957902826494125
0.9963282261664667
0.9968746342208282
0.9974281794207283
0.9979875205820472
0.9985513060907983
0.9991181772566524
0.9996867716485780
1.0002557264040590
1.0008236815037599
1.0013892830039415
1.0019511862193642
1.0025080588498640
1.0030585840442379
1.0036014633955137
1.0041354198621339
1.0046592006100037
1.0051715797707992
1.0056713611123222
1.0061573806171014
1.0066285089658100
1.0070836539224437
1.0075217626185289
1.0079418237339668
1.0083428695724044
1.0087239780293102
1.0090842744511828
1.0094229333845488
1.0097391802136260
1.0100322926856995
1.0103016023234399
1.0105464957235328
1.0107664157411098
1.0109608625595887
1.0111293946456177
1.0112716295888917
1.0113872448266725
1.0114759782528935
1.0115376287117648
1.0115720563758248
1.0115791830083996
1.0115589921104531
1.0115115289518171
1.0114369004867974
1.0113352751541596
1.0112068825615075
1.0110520130540765
1.0108710171679851
1.0106643049680117
1.0104323452699893
1.0101756647479583
1.0098948469262718
1.0095905310569129
1.0092634108823701
1.0089142332845085
1.0085437968199977
1.0081529501429918
1.0077425903159103
1.0073136610093438
1.0068671505923144
1.0064040901143272
1.0059255511808987
1.0054326437245158
1.0049265136732608
1.0044083405196480
1.0038793347925485
1.0033407354354340
1.0027938070945357
1.0022398373209092
1.0016801336907961
1.0011160208490917
1.0005488374811642
0.9999799332187073
0.9994106654857535
0.9988423962914220
0.9982764889764268
0.9977143049208147
0.9971572002208289
0.9966065223432242
0.9960636067657574
0.9955297736129664
0.9950063242966974
0.9944945381711693
0.9939956692126534
0.9935109427340968
0.9930415521452139
0.9925886557687335
0.9921533737235902
0.9917367848858952
0.9913399239385076
0.9909637785199508
0.9906092864832852
0.9902773332753452
0.9899687494464694
0.9896843083005258
0.9894247236946266
0.9891906479974574
0.9889826702146155
0.9888013142887599
0.9886470375817227
0.9885202295450288
0.9884212105845253
0.9883502311240135
0.9883074708719516
0.9882930382944214
0.9883069702966748
0.9883492321146463
0.9884197174169143
0.9885182486166618
0.9886445773922661
0.9887983854142328
0.9889792852753090
0.9891868216197330
0.9894204724667455
0.9896796507226904
0.9899637058752773
0.9902719258628759
0.9906035391110590
0.9909577167280158
0.9913335748499269
0.9917301771269136
0.9921465373397809
0.9925816221374261
0.9930343538845187
0.9935036136088403
0.9939882440375496
0.9944870527115469
0.9949988151671063
0.9955222781739845
0.9960561630193210
0.9965991688267892
0.9971499759006731
0.9977072490847834
0.9982696411264144
0.9988357960358700
0.9994043524324406
0.9999739468680932
1.0005432171205397
1.0011108054477742
1.0016753617965981
1.0022355469580944
1.0027900356634680
1.0033375196141074
1.0038767104401798
1.0044063425824983
1.0049251760928453
1.0054319993483407
1.0059256316758660
1.0064049258829255
1.0068687706917134
1.0073160930735001
1.0077458604807790
1.0081570829749322
1.0085488152474595
1.0089201585330758
1.0092702624132286
1.0095983265088064
1.0099036020610128
1.0101853933995451
1.0104430592973876
1.0106760142116493
1.0108837294100099
1.0110657339824229
1.0112216157378198
1.0113510219856112
1.0114536602018556
1.0115292985799929
1.0115777664660801
1.0115989546784858
1.0115928157120195
1.0115593638264841
1.0114986750196442
1.0114108868846201
1.0112961983517108
1.0111548693146657
1.0109872201414454
1.0107936310695207
