1.0000001108809344
1.0000001095922204
1.0000001080494256
1.0000001062563504
1.0000001042173876
1.0000001019375131
1.0000000994222733
1.0000000966777740
1.0000000937106641
1.0000000905281199
1.0000000871378276
1.0000000835479637
1.0000000797671786
1.0000000758045735
1.0000000716696769
1.0000000673724234
1.0000000629231300
1.0000000583324717
1.0000000536114582
1.0000000487714049
1.0000000438239072
1.0000000387808103
1.0000000336541832
1.0000000284562884
1.0000000231995532
1.0000000178965402
1.0000000125599173
1.0000000072024262
1.0000000018368533
0.9999999964760001
0.9999999911326509
0.9999999858195433
0.9999999805493354
0.9999999753345783
0.9999999701876859
0.9999999651209052
0.9999999601462870
0.9999999552756562
0.9999999505205834
0.9999999458923586
0.9999999414019626
0.9999999370600399
0.9999999328768753
0.9999999288623693
0.9999999250260155
0.9999999213768755
0.9999999179235601
0.9999999146742078
0.9999999116364648
0.9999999088174685
0.9999999062238261
0.9999999038616025
0.9999999017363050
0.9999998998528701
0.9999998982156514
0.9999998968284098
0.9999998956943046
0.9999998948158869
0.9999998941950923
0.9999998938332375
0.9999998937310163
0.9999998938884980
0.9999998943051277
0.9999998949797295
0.9999998959105062
0.9999998970950448
0.9999998985303240
0.9999999002127189
0.9999999021380132
0.9999999043014062
0.9999999066975260
0.9999999093204414
0.9999999121636769
0.9999999152202279
0.9999999184825780
0.9999999219427174
0.9999999255921629
0.9999999294219764
0.9999999334227871
0.9999999375848139
0.9999999418978885
0.9999999463514804
0.9999999509347226
0.9999999556364366
0.9999999604451602
0.9999999653491758
0.9999999703365373
0.9999999753950988
0.9999999805125432
0.9999999856764141
0.9999999908741429
0.9999999960930812
1.0000000013205301
1.0000000065437695
1.0000000117500913
1.0000000169268288
1.0000000220613869
1.0000000271412712
1.0000000321541198
1.0000000370877309
1.0000000419300958
1.0000000466694261
1.0000000512941811
1.0000000557930953
1.0000000601552048
1.0000000643698765
1.0000000684268304
1.0000000723161671
1.0000000760283896
1.0000000795544273
1.0000000828856557
1.0000000860139207
1.0000000889315555
1.0000000916313991
1.0000000941068155
1.0000000963517066
1.0000000983605293
1.0000001001283092
1.0000001016506510
1.0000001029237509
1.0000001039444035
1.0000001047100107
1.0000001052185870
1.0000001054687673
1.0000001054598073
1.0000001051915866
1.0000001046646083
1.0000001038799979
1.0000001028395014
1.0000001015454807
1.0000001000009089
1.0000000982093635
1.0000000961750177
1.0000000939026283
1.0000000913975271
1.0000000886656066
1.0000000857133053
1.0000000825475936
1.0000000791759578
1.0000000756063816
1.0000000718473272
1.0000000679077161
1.0000000637969062
1.0000000595246696
1.0000000551011703
1.0000000505369395
1.0000000458428502
1.0000000410300902
1.0000000361101347
1.0000000310947224
1.0000000259958250
1.0000000208256201
1.0000000155964619
1.0000000103208506
1.0000000050114015
0.9999999996808160
0.9999999943418516
0.9999999890072918
0.9999999836899156
0.9999999784024662
0.9999999731576206
0.9999999679679595
0.9999999628459373
0.9999999578038523
0.9999999528538178
0.9999999480077311
0.9999999432772467
0.9999999386737490
0.9999999342083227
0.9999999298917263
0.9999999257343682
0.9999999217462813
0.9999999179370983
0.9999999143160303
0.9999999108918425
0.9999999076728345
0.9999999046668194
0.9999999018811068
0.9999998993224846
0.9999998969972022
0.9999998949109548
0.9999998930688712
0.9999998914755004
0.9999998901348013
0.9999998890501328
0.9999998882242456
0.9999998876592758
0.9999998873567391
0.9999998873175269
0.9999998875419058
0.9999998880295169
0.9999998887793746
0.9999998897898700
0.9999998910587731
0.9999998925832400
0.9999998943598192
0.9999998963844583
0.9999998986525137
0.9999999011587625
0.9999999038974169
0.9999999068621358
0.9999999100460397
0.9999999134417278
0.9999999170412931
0.9999999208363429
0.9999999248180191
0.9999999289770201
0.9999999333036210
0.9999999377876991
0.9999999424187552
0.9999999471859407
0.9999999520780820
0.9999999570837077
0.9999999621910760
0.9999999673882033
0.9999999726628908
0.9999999780027538
0.9999999833952508
0.9999999888277146
0.9999999942873827
0.9999999997614283
1.0000000052369902
1.0000000107012030
1.0000000161412281
1.0000000215442835
1.0000000268976730
1.0000000321888194
1.0000000374052931
1.0000000425348405
1.0000000475654149
1.0000000524852046
1.0000000572826613
1.0000000619465281
1.0000000664658657
1.0000000708300771
1.0000000750289340
1.0000000790526011
1.0000000828916589
1.0000000865371268
1.0000000899804842
1.0000000932136910
1.0000000962292055
1.0000000990200049
1.0000001015795998
1.0000001039020501
1.0000001059819787
1.0000001078145857
1.0000001093956581
1.0000001107215803
1.0000001117893438
1.0000001125965523
1.0000001131414296
1.0000001134228209
1.0000001134401986
1.0000001131936609
1.0000001126839342
1.0000001119123685
1.0000001108809344
1.0000001095922204
1.0000001080494256
1.0000001062563504
