1.0000000000187226
1.0000000000187477
1.0000000000187479
1.0000000000187232
1.0000000000186735
1.0000000000185982
1.0000000000184983
1.0000000000183740
1.0000000000182256
1.0000000000180540
1.0000000000178597
1.0000000000176423
1.0000000000174025
1.0000000000171401
1.0000000000168554
1.0000000000165472
1.0000000000162146
1.0000000000158580
1.0000000000154790
1.0000000000150790
1.0000000000146607
1.0000000000142253
1.0000000000137732
1.0000000000133060
1.0000000000128257
1.0000000000123337
1.0000000000118308
1.0000000000113189
1.0000000000108002
1.0000000000102756
1.0000000000097462
1.0000000000092137
1.0000000000086788
1.0000000000081424
1.0000000000076052
1.0000000000070683
1.0000000000065323
1.0000000000059996
1.0000000000054721
1.0000000000049492
1.0000000000044313
1.0000000000039204
1.0000000000034182
1.0000000000029261
1.0000000000024463
1.0000000000019809
1.0000000000015317
1.0000000000010989
1.0000000000006828
1.0000000000002836
0.9999999999999016
0.9999999999995390
0.9999999999991954
0.9999999999988719
0.9999999999985693
0.9999999999982880
0.9999999999980290
0.9999999999977928
0.9999999999975789
0.9999999999973858
0.9999999999972123
0.9999999999970582
0.9999999999969233
0.9999999999968074
0.9999999999967117
0.9999999999966370
0.9999999999965837
0.9999999999965511
0.9999999999965399
0.9999999999965491
0.9999999999965778
0.9999999999966258
0.9999999999966931
0.9999999999967798
0.9999999999968855
0.9999999999970103
0.9999999999971538
0.9999999999973149
0.9999999999974926
0.9999999999976856
0.9999999999978931
0.9999999999981136
0.9999999999983471
0.9999999999985926
0.9999999999988488
0.9999999999991147
0.9999999999993893
0.9999999999996699
0.9999999999999553
1.0000000000002431
1.0000000000005334
1.0000000000008249
1.0000000000011171
1.0000000000014093
1.0000000000017013
1.0000000000019911
1.0000000000022786
1.0000000000025631
1.0000000000028439
1.0000000000031204
1.0000000000033915
1.0000000000036555
1.0000000000039109
1.0000000000041556
1.0000000000043872
1.0000000000046039
1.0000000000048042
1.0000000000049873
1.0000000000051528
1.0000000000053013
1.0000000000054317
1.0000000000055438
1.0000000000056379
1.0000000000057132
1.0000000000057703
1.0000000000058078
1.0000000000058260
1.0000000000058251
1.0000000000058047
1.0000000000057652
1.0000000000057072
1.0000000000056317
1.0000000000055380
1.0000000000054268
1.0000000000052969
1.0000000000051483
1.0000000000049811
1.0000000000047951
1.0000000000045894
1.0000000000043641
1.0000000000041187
1.0000000000038540
1.0000000000035714
1.0000000000032720
1.0000000000029572
1.0000000000026283
1.0000000000022877
1.0000000000019356
1.0000000000015714
1.0000000000011950
1.0000000000008071
1.0000000000004072
0.9999999999999957
0.9999999999995729
0.9999999999991398
0.9999999999986973
0.9999999999982460
0.9999999999977869
0.9999999999973223
0.9999999999968534
0.9999999999963813
0.9999999999959069
0.9999999999954314
0.9999999999949559
0.9999999999944817
0.9999999999940110
0.9999999999935458
0.9999999999930878
0.9999999999926381
0.9999999999921984
0.9999999999917694
0.9999999999913513
0.9999999999909446
0.9999999999905492
0.9999999999901661
0.9999999999897961
0.9999999999894406
0.9999999999891011
0.9999999999887792
0.9999999999884766
0.9999999999881928
0.9999999999879289
0.9999999999876850
0.9999999999874617
0.9999999999872591
0.9999999999870769
0.9999999999869148
0.9999999999867731
0.9999999999866528
0.9999999999865544
0.9999999999864787
0.9999999999864265
0.9999999999863984
0.9999999999863954
0.9999999999864183
0.9999999999864670
0.9999999999865414
0.9999999999866422
0.9999999999867690
0.9999999999869216
0.9999999999871004
0.9999999999873066
0.9999999999875396
0.9999999999877985
0.9999999999880832
0.9999999999883930
0.9999999999887262
0.9999999999890832
0.9999999999894631
0.9999999999898657
0.9999999999902898
0.9999999999907360
0.9999999999912047
0.9999999999916963
0.9999999999922111
0.9999999999927472
0.9999999999933025
0.9999999999938750
0.9999999999944632
0.9999999999950656
0.9999999999956807
0.9999999999963075
0.9999999999969441
0.9999999999975893
0.9999999999982416
0.9999999999989009
0.9999999999995662
1.0000000000002365
1.0000000000009097
1.0000000000015850
1.0000000000022606
1.0000000000029352
1.0000000000036080
1.0000000000042792
1.0000000000049480
1.0000000000056126
1.0000000000062716
1.0000000000069231
1.0000000000075662
1.0000000000081994
1.0000000000088225
1.0000000000094349
1.0000000000100362
1.0000000000106259
1.0000000000112041
1.0000000000117699
1.0000000000123221
1.0000000000128584
1.0000000000133769
1.0000000000138753
1.0000000000143532
1.0000000000148088
1.0000000000152423
1.0000000000156533
1.0000000000160414
1.0000000000164055
1.0000000000167444
1.0000000000170568
1.0000000000173421
1.0000000000176008
1.0000000000178335
1.0000000000180393
1.0000000000182181
1.0000000000183702
1.0000000000184963
1.0000000000185971
1.0000000000186724
1.0000000000187226
1.0000000000187477
1.0000000000187479
1.0000000000187232
