1.0002343005454486
1.0002313459099461
1.0002278398814790
1.0002237908527016
1.0002192085121056
1.0002141038209453
1.0002084889871388
1.0002023774361941
1.0001957837792361
1.0001887237782068
1.0001812143083224
1.0001732733178734
1.0001649197854665
1.0001561736748010
1.0001470558870966
1.0001375882112780
1.0001277932720347
1.0001176944758823
1.0001073159553471
1.0000966825114139
1.0000858195543632
1.0000747530431460
1.0000635094234376
1.0000521155645183
1.0000405986951275
1.0000289863384488
1.0000173062463773
1.0000055863332264
0.9999938546090315
0.9999821391126117
0.9999704678445482
0.9999588687002419
0.9999473694032036
0.9999359974387426
0.9999247799882132
0.9999137438639740
0.9999029154452154
0.9998923206148127
0.9998819846973553
0.9998719323984995
0.9998621877457937
0.9998527740311181
0.9998437137548744
0.9998350285720629
0.9998267392403813
0.9998188655704645
0.9998114263783870
0.9998044394405454
0.9997979214510283
0.9997918879815770
0.9997863534442358
0.9997813310567805
0.9997768328110100
0.9997728694439787
0.9997694504122372
0.9997665838691475
0.9997642766453230
0.9997625342322451
0.9997613607690975
0.9997607590328428
0.9997607304315757
0.9997612750011575
0.9997623914051517
0.9997640769380509
0.9997663275317941
0.9997691377655550
0.9997725008787797
0.9997764087874391
0.9997808521034602
0.9997858201572846
0.9997913010235026
0.9997972815495003
0.9998037473870490
0.9998106830267618
0.9998180718353306
0.9998258960954576
0.9998341370483786
0.9998427749388801
0.9998517890626989
0.9998611578161919
0.9998708587481508
0.9998808686136410
0.9998911634297323
0.9999017185329886
0.9999125086385756
0.9999235079008465
0.9999346899752550
0.9999460280814538
0.9999574950674216
0.9999690634744648
0.9999807056029408
0.9999923935785413
1.0000040994189792
1.0000157951009201
1.0000274526269939
1.0000390440927325
1.0000505417532690
1.0000619180896406
1.0000731458745356
1.0000841982373321
1.0000950487282700
1.0001056713816052
1.0001160407775940
1.0001261321031636
1.0001359212111223
1.0001453846777706
1.0001544998587741
1.0001632449431714
1.0001715990053797
1.0001795420550881
1.0001870550849119
1.0001941201156956
1.0002007202393606
1.0002068396591952
1.0002124637274927
1.0002175789804493
1.0002221731702379
1.0002262352941855
1.0002297556209838
1.0002327257138692
1.0002351384507202
1.0002369880410249
1.0002382700396781
1.0002389813575745
1.0002391202689767
1.0002386864156412
1.0002376808076852
1.0002361058211982
1.0002339651926038
1.0002312640097848
1.0002280086999886
1.0002242070145466
1.0002198680104368
1.0002150020287441
1.0002096206700566
1.0002037367668621
1.0001973643530091
1.0001905186303039
1.0001832159323243
1.0001754736855284
1.0001673103677582
1.0001587454642289
1.0001497994211128
1.0001404935968248
1.0001308502111235
1.0001208922921532
1.0001106436215466
1.0001001286777185
1.0000893725774866
1.0000784010161596
1.0000672402062289
1.0000559168148135
1.0000444579000074
1.0000328908462779
1.0000212432990698
1.0000095430987725
0.9999978182142050
0.9999860966757771
0.9999744065084906
0.9999627756649356
0.9999512319584475
0.9999398029965769
0.9999285161150410
0.9999173983123064
0.9999064761849675
0.9998957758640692
0.9998853229525344
0.9998751424638406
0.9998652587620944
0.9998556955036496
0.9998464755804116
0.9998376210649623
0.9998291531576364
0.9998210921356826
0.9998134573046277
0.9998062669519614
0.9997995383032590
0.9997932874808421
0.9997875294650826
0.9997822780584390
0.9997775458523174
0.9997733441968352
0.9997696831735605
0.9997665715712931
0.9997640168649479
0.9997620251975885
0.9997606013656619
0.9997597488074644
0.9997594695948676
0.9997597644283243
0.9997606326351663
0.9997620721711994
0.9997640796255924
0.9997666502290494
0.9997697778652390
0.9997734550854597
0.9997776731265026
0.9997824219316703
0.9997876901748972
0.9997934652879128
0.9997997334903871
0.9998064798229824
0.9998136881832251
0.9998213413641187
0.9998294210953997
0.9998379080873399
0.9998467820769876
0.9998560218767332
0.9998656054250832
0.9998755098395217
0.9998857114713294
0.9998961859622272
0.9999069083027106
0.9999178528919309
0.9999289935989828
0.9999403038254439
0.9999517565690267
0.9999633244881787
0.9999749799674806
0.9999866951836865
0.9999984421722461
1.0000101928941498
1.0000219193029376
1.0000335934117095
1.0000451873599787
1.0000566734802099
1.0000680243638806
1.0000792129269105
1.0000902124742999
1.0001009967638259
1.0001115400686473
1.0001218172386634
1.0001318037604874
1.0001414758158895
1.0001508103385703
1.0001597850691299
1.0001683786081048
1.0001765704669470
1.0001843411168247
1.0001916720351263
1.0001985457495615
1.0002049458797562
1.0002108571762423
1.0002162655567466
1.0002211581396996
1.0002255232748796
1.0002293505711275
1.0002326309210599
1.0002353565227262
1.0002375208981571
1.0002391189087623
1.0002401467675412
1.0002406020480767
1.0002404836902909
1.0002397920029518
1.0002385286629227
1.0002366967111578
1.0002343005454486
1.0002313459099461
1.0002278398814790
1.0002237908527016
