1.0000000000477252
1.0000000000476419
1.0000000000474807
1.0000000000472429
1.0000000000469282
1.0000000000465366
1.0000000000460689
1.0000000000455258
1.0000000000449092
1.0000000000442211
1.0000000000434632
1.0000000000426374
1.0000000000417466
1.0000000000407938
1.0000000000397808
1.0000000000387108
1.0000000000375855
1.0000000000364069
1.0000000000351774
1.0000000000338998
1.0000000000325759
1.0000000000312101
1.0000000000298070
1.0000000000283704
1.0000000000269047
1.0000000000254148
1.0000000000239049
1.0000000000223797
1.0000000000208418
1.0000000000192950
1.0000000000177429
1.0000000000161888
1.0000000000146347
1.0000000000130842
1.0000000000115414
1.0000000000100111
1.0000000000084963
1.0000000000070015
1.0000000000055314
1.0000000000040874
1.0000000000026723
1.0000000000012885
0.9999999999999393
0.9999999999986273
0.9999999999973567
0.9999999999961309
0.9999999999949531
0.9999999999938247
0.9999999999927472
0.9999999999917227
0.9999999999907533
0.9999999999898409
0.9999999999889867
0.9999999999881928
0.9999999999874604
0.9999999999867898
0.9999999999861816
0.9999999999856356
0.9999999999851527
0.9999999999847327
0.9999999999843769
0.9999999999840858
0.9999999999838589
0.9999999999836957
0.9999999999835965
0.9999999999835610
0.9999999999835886
0.9999999999836781
0.9999999999838280
0.9999999999840379
0.9999999999843070
0.9999999999846347
0.9999999999850209
0.9999999999854631
0.9999999999859588
0.9999999999865054
0.9999999999871000
0.9999999999877389
0.9999999999884192
0.9999999999891384
0.9999999999898949
0.9999999999906858
0.9999999999915097
0.9999999999923637
0.9999999999932437
0.9999999999941465
0.9999999999950681
0.9999999999960056
0.9999999999969560
0.9999999999979164
0.9999999999988836
0.9999999999998549
1.0000000000008276
1.0000000000017977
1.0000000000027625
1.0000000000037181
1.0000000000046632
1.0000000000055944
1.0000000000065092
1.0000000000074043
1.0000000000082765
1.0000000000091243
1.0000000000099445
1.0000000000107350
1.0000000000114921
1.0000000000122147
1.0000000000128992
1.0000000000135434
1.0000000000141451
1.0000000000147031
1.0000000000152167
1.0000000000156848
1.0000000000161045
1.0000000000164730
1.0000000000167888
1.0000000000170490
1.0000000000172524
1.0000000000173990
1.0000000000174878
1.0000000000175184
1.0000000000174891
1.0000000000174005
1.0000000000172520
1.0000000000170437
1.0000000000167772
1.0000000000164539
1.0000000000160747
1.0000000000156399
1.0000000000151512
1.0000000000146092
1.0000000000140143
1.0000000000133669
1.0000000000126676
1.0000000000119180
1.0000000000111180
1.0000000000102680
1.0000000000093690
1.0000000000084213
1.0000000000074276
1.0000000000063904
1.0000000000053122
1.0000000000041958
1.0000000000030442
1.0000000000018605
1.0000000000006468
0.9999999999994054
0.9999999999981382
0.9999999999968483
0.9999999999955386
0.9999999999942117
0.9999999999928704
0.9999999999915188
0.9999999999901603
0.9999999999887986
0.9999999999874384
0.9999999999860839
0.9999999999847385
0.9999999999834056
0.9999999999820882
0.9999999999807890
0.9999999999795108
0.9999999999782567
0.9999999999770294
0.9999999999758322
0.9999999999746695
0.9999999999735427
0.9999999999724544
0.9999999999714069
0.9999999999704040
0.9999999999694489
0.9999999999685435
0.9999999999676903
0.9999999999668923
0.9999999999661512
0.9999999999654687
0.9999999999648466
0.9999999999642858
0.9999999999637873
0.9999999999633515
0.9999999999629806
0.9999999999626762
0.9999999999624408
0.9999999999622772
0.9999999999621870
0.9999999999621713
0.9999999999622309
0.9999999999623661
0.9999999999625773
0.9999999999628643
0.9999999999632253
0.9999999999636600
0.9999999999641686
0.9999999999647502
0.9999999999654033
0.9999999999661274
0.9999999999669201
0.9999999999677792
0.9999999999687037
0.9999999999696927
0.9999999999707455
0.9999999999718623
0.9999999999730419
0.9999999999742836
0.9999999999755853
0.9999999999769442
0.9999999999783572
0.9999999999798213
0.9999999999813332
0.9999999999828905
0.9999999999844901
0.9999999999861303
0.9999999999878084
0.9999999999895205
0.9999999999912637
0.9999999999930349
0.9999999999948308
0.9999999999966476
0.9999999999984829
1.0000000000003337
1.0000000000021967
1.0000000000040687
1.0000000000059457
1.0000000000078231
1.0000000000096965
1.0000000000115621
1.0000000000134150
1.0000000000152516
1.0000000000170683
1.0000000000188611
1.0000000000206264
1.0000000000223617
1.0000000000240636
1.0000000000257279
1.0000000000273501
1.0000000000289277
1.0000000000304576
1.0000000000319369
1.0000000000333629
1.0000000000347340
1.0000000000360485
1.0000000000373037
1.0000000000384974
1.0000000000396272
1.0000000000406906
1.0000000000416847
1.0000000000426075
1.0000000000434572
1.0000000000442331
1.0000000000449338
1.0000000000455580
1.0000000000461045
1.0000000000465727
1.0000000000469622
1.0000000000472722
1.0000000000475031
1.0000000000476557
1.0000000000477298
1.0000000000477252
1.0000000000476419
1.0000000000474807
1.0000000000472429
