1.0000000038971293
1.0000000038594623
1.0000000038133570
1.0000000037589347
1.0000000036963355
1.0000000036257179
1.0000000035472598
1.0000000034611560
1.0000000033676202
1.0000000032668848
1.0000000031591973
1.0000000030448224
1.0000000029240388
1.0000000027971412
1.0000000026644380
1.0000000025262512
1.0000000023829145
1.0000000022347748
1.0000000020821911
1.0000000019255306
1.0000000017651696
1.0000000016014925
1.0000000014348911
1.0000000012657646
1.0000000010945174
1.0000000009215571
1.0000000007472969
1.0000000005721514
1.0000000003965375
1.0000000002208718
1.0000000000455709
0.9999999998710503
0.9999999996977221
0.9999999995259969
0.9999999993562796
0.9999999991889700
0.9999999990244623
0.9999999988631439
0.9999999987053944
0.9999999985515832
0.9999999984020699
0.9999999982572045
0.9999999981173265
0.9999999979827611
0.9999999978538187
0.9999999977307974
0.9999999976139798
0.9999999975036348
0.9999999974000139
0.9999999973033511
0.9999999972138641
0.9999999971317517
0.9999999970571948
0.9999999969903576
0.9999999969313853
0.9999999968804050
0.9999999968375234
0.9999999968028286
0.9999999967763884
0.9999999967582501
0.9999999967484408
0.9999999967469655
0.9999999967538099
0.9999999967689396
0.9999999967923014
0.9999999968238219
0.9999999968634065
0.9999999969109432
0.9999999969663004
0.9999999970293262
0.9999999970998495
0.9999999971776815
0.9999999972626152
0.9999999973544264
0.9999999974528743
0.9999999975577041
0.9999999976686446
0.9999999977854098
0.9999999979076990
0.9999999980351981
0.9999999981675809
0.9999999983045095
0.9999999984456353
0.9999999985905991
0.9999999987390318
0.9999999988905564
0.9999999990447882
0.9999999992013368
0.9999999993598063
0.9999999995197961
0.9999999996809015
0.9999999998427156
1.0000000000048301
1.0000000001668361
1.0000000003283243
1.0000000004888869
1.0000000006481191
1.0000000008056171
1.0000000009609817
1.0000000011138190
1.0000000012637424
1.0000000014103736
1.0000000015533421
1.0000000016922863
1.0000000018268529
1.0000000019567001
1.0000000020814970
1.0000000022009263
1.0000000023146833
1.0000000024224771
1.0000000025240314
1.0000000026190836
1.0000000027073883
1.0000000027887164
1.0000000028628568
1.0000000029296150
1.0000000029888141
1.0000000030402953
1.0000000030839189
1.0000000031195655
1.0000000031471343
1.0000000031665439
1.0000000031777316
1.0000000031806551
1.0000000031752923
1.0000000031616436
1.0000000031397303
1.0000000031095921
1.0000000030712886
1.0000000030248979
1.0000000029705183
1.0000000029082678
1.0000000028382845
1.0000000027607252
1.0000000026757654
1.0000000025835996
1.0000000024844400
1.0000000023785167
1.0000000022660753
1.0000000021473776
1.0000000020227000
1.0000000018923345
1.0000000017565867
1.0000000016157760
1.0000000014702348
1.0000000013203061
1.0000000011663452
1.0000000010087171
1.0000000008477952
1.0000000006839622
1.0000000005176088
1.0000000003491312
1.0000000001789311
1.0000000000074145
0.9999999998349920
0.9999999996620771
0.9999999994890845
0.9999999993164291
0.9999999991445262
0.9999999989737902
0.9999999988046342
0.9999999986374668
0.9999999984726927
0.9999999983107112
0.9999999981519161
0.9999999979966930
0.9999999978454196
0.9999999976984641
0.9999999975561866
0.9999999974189357
0.9999999972870488
0.9999999971608510
0.9999999970406530
0.9999999969267521
0.9999999968194319
0.9999999967189602
0.9999999966255900
0.9999999965395570
0.9999999964610784
0.9999999963903541
0.9999999963275660
0.9999999962728783
0.9999999962264370
0.9999999961883687
0.9999999961587790
0.9999999961377531
0.9999999961253567
0.9999999961216358
0.9999999961266155
0.9999999961403000
0.9999999961626742
0.9999999961937033
0.9999999962333328
0.9999999962814874
0.9999999963380715
0.9999999964029689
0.9999999964760428
0.9999999965571369
0.9999999966460777
0.9999999967426719
0.9999999968467073
0.9999999969579546
0.9999999970761677
0.9999999972010840
0.9999999973324262
0.9999999974699013
0.9999999976132022
0.9999999977620083
0.9999999979159857
0.9999999980747878
0.9999999982380575
0.9999999984054257
0.9999999985765137
0.9999999987509343
0.9999999989282928
0.9999999991081873
0.9999999992902094
0.9999999994739450
0.9999999996589756
0.9999999998448809
1.0000000000312388
1.0000000002176264
1.0000000004036205
1.0000000005887979
1.0000000007727368
1.0000000009550178
1.0000000011352266
1.0000000013129544
1.0000000014877986
1.0000000016593629
1.0000000018272581
1.0000000019911037
1.0000000021505264
1.0000000023051647
1.0000000024546689
1.0000000025987010
1.0000000027369367
1.0000000028690657
1.0000000029947922
1.0000000031138352
1.0000000032259293
1.0000000033308249
1.0000000034282888
1.0000000035181049
1.0000000036000762
1.0000000036740226
1.0000000037397843
1.0000000037972203
1.0000000038462105
1.0000000038866546
1.0000000039184720
1.0000000039416033
1.0000000039560077
1.0000000039616650
1.0000000039585748
1.0000000039467578
1.0000000039262553
1.0000000038971293
1.0000000038594623
1.0000000038133570
1.0000000037589347
