1.0000008499857536
1.0000008396700679
1.0000008273791170
1.0000008131427371
1.0000007969953952
1.0000007789761074
1.0000007591283444
1.0000007374999269
1.0000007141429126
1.0000006891134714
1.0000006624717483
1.0000006342817214
1.0000006046110488
1.0000005735309070
1.0000005411158210
1.0000005074434850
1.0000004725945759
1.0000004366525621
1.0000003997035027
1.0000003618358433
1.0000003231402026
1.0000002837091568
1.0000002436370181
1.0000002030196087
1.0000001619540313
1.0000001205384390
1.0000000788717982
1.0000000370536544
0.9999999951838933
0.9999999533625002
0.9999999116893232
0.9999998702638341
0.9999998291848915
0.9999997885505031
0.9999997484575931
0.9999997090017693
0.9999996702770946
0.9999996323758639
0.9999995953883815
0.9999995594027479
0.9999995245046466
0.9999994907771415
0.9999994583004786
0.9999994271518949
0.9999993974054316
0.9999993691317588
0.9999993423980066
0.9999993172676050
0.9999992938001325
0.9999992720511751
0.9999992520721921
0.9999992339103939
0.9999992176086300
0.9999992032052860
0.9999991907341930
0.9999991802245465
0.9999991717008385
0.9999991651827972
0.9999991606853407
0.9999991582185420
0.9999991577876056
0.9999991593928552
0.9999991630297339
0.9999991686888149
0.9999991763558244
0.9999991860116758
0.9999991976325191
0.9999992111897946
0.9999992266503024
0.9999992439762834
0.9999992631255099
0.9999992840513848
0.9999993067030543
0.9999993310255303
0.9999993569598230
0.9999993844430809
0.9999994134087449
0.9999994437867059
0.9999994755034728
0.9999995084823485
0.9999995426436130
0.9999995779047155
0.9999996141804732
0.9999996513832745
0.9999996894232900
0.9999997282086872
0.9999997676458486
0.9999998076395979
0.9999998480934273
0.9999998889097290
0.9999999299900296
0.9999999712352251
1.0000000125458186
1.0000000538221598
1.0000000949646821
1.0000001358741422
1.0000001764518562
1.0000002165999375
1.0000002562215311
1.0000002952210478
1.0000003335043912
1.0000003709791825
1.0000004075549820
1.0000004431435068
1.0000004776588409
1.0000005110176422
1.0000005431393413
1.0000005739463356
1.0000006033641760
1.0000006313217462
1.0000006577514293
1.0000006825892718
1.0000007057751363
1.0000007272528459
1.0000007469703212
1.0000007648797018
1.0000007809374629
1.0000007951045204
1.0000008073463240
1.0000008176329398
1.0000008259391227
1.0000008322443776
1.0000008365330089
1.0000008387941546
1.0000008390218174
1.0000008372148788
1.0000008333771007
1.0000008275171193
1.0000008196484202
1.0000008097893089
1.0000007979628667
1.0000007841968959
1.0000007685238554
1.0000007509807813
1.0000007316092006
1.0000007104550308
1.0000006875684715
1.0000006630038831
1.0000006368196572
1.0000006090780786
1.0000005798451761
1.0000005491905632
1.0000005171872732
1.0000004839115850
1.0000004494428418
1.0000004138632597
1.0000003772577322
1.0000003397136266
1.0000003013205756
1.0000002621702637
1.0000002223562066
1.0000001819735294
1.0000001411187380
1.0000000998894911
1.0000000583843633
1.0000000167026102
0.9999999749439328
0.9999999332082380
0.9999998915953996
0.9999998502050199
0.9999998091361910
0.9999997684872592
0.9999997283555885
0.9999996888373270
0.9999996500271792
0.9999996120181774
0.9999995749014612
0.9999995387660575
0.9999995036986685
0.9999994697834637
0.9999994371018794
0.9999994057324240
0.9999993757504880
0.9999993472281651
0.9999993202340789
0.9999992948332190
0.9999992710867858
0.9999992490520443
0.9999992287821872
0.9999992103262060
0.9999991937287737
0.9999991790301386
0.9999991662660269
0.9999991554675567
0.9999991466611630
0.9999991398685353
0.9999991351065654
0.9999991323873058
0.9999991317179416
0.9999991331007718
0.9999991365332037
0.9999991420077592
0.9999991495120912
0.9999991590290132
0.9999991705365390
0.9999991840079374
0.9999991994117937
0.9999992167120849
0.9999992358682646
0.9999992568353606
0.9999992795640811
0.9999993040009330
0.9999993300883493
0.9999993577648241
0.9999993869650606
0.9999994176201256
0.9999994496576152
0.9999994830018266
0.9999995175739379
0.9999995532921974
0.9999995900721173
0.9999996278266777
0.9999996664665322
0.9999997059002195
0.9999997460343821
0.9999997867739894
0.9999998280225645
0.9999998696824149
0.9999999116548661
0.9999999538404947
0.9999999961393662
1.0000000384512751
1.0000000806759819
1.0000001227134514
1.0000001644640928
1.0000002058289976
1.0000002467101756
1.0000002870107876
1.0000003266353761
1.0000003654900926
1.0000004034829246
1.0000004405239129
1.0000004765253649
1.0000005114020662
1.0000005450714813
1.0000005774539515
1.0000006084728856
1.0000006380549422
1.0000006661302032
1.0000006926323413
1.0000007174987784
1.0000007406708322
1.0000007620938607
1.0000007817173886
1.0000007994952294
1.0000008153855944
1.0000008293511939
1.0000008413593238
1.0000008513819436
1.0000008593957439
1.0000008653821995
1.0000008693276161
1.0000008712231616
1.0000008710648884
1.0000008688537416
1.0000008645955558
1.0000008583010400
1.0000008499857536
1.0000008396700679
1.0000008273791170
1.0000008131427371
