1.0000006741134415
1.0000006659615470
1.0000006562449402
1.0000006449872376
1.0000006322157224
1.0000006179612790
1.0000006022583201
1.0000005851447034
1.0000005666616401
1.0000005468536000
1.0000005257682016
1.0000005034560997
1.0000004799708626
1.0000004553688440
1.0000004297090486
1.0000004030529921
1.0000003754645526
1.0000003470098193
1.0000003177569325
1.0000002877759233
1.0000002571385440
1.0000002259180960
1.0000001941892560
1.0000001620278980
1.0000001295109096
1.0000000967160096
1.0000000637215620
1.0000000306063888
0.9999999974495821
0.9999999643303147
0.9999999313276502
0.9999998985203562
0.9999998659867148
0.9999998338043338
0.9999998020499640
0.9999997707993140
0.9999997401268715
0.9999997101057246
0.9999996808073855
0.9999996523016208
0.9999996246562853
0.9999995979371594
0.9999995722077918
0.9999995475293473
0.9999995239604621
0.9999995015571033
0.9999994803724352
0.9999994604566935
0.9999994418570639
0.9999994246175709
0.9999994087789732
0.9999993943786659
0.9999993814505896
0.9999993700251513
0.9999993601291512
0.9999993517857194
0.9999993450142602
0.9999993398304066
0.9999993362459848
0.9999993342689851
0.9999993339035428
0.9999993351499301
0.9999993380045554
0.9999993424599692
0.9999993485048847
0.9999993561242044
0.9999993652990580
0.9999993760068453
0.9999993882212941
0.9999994019125211
0.9999994170471052
0.9999994335881676
0.9999994514954605
0.9999994707254607
0.9999994912314750
0.9999995129637553
0.9999995358696160
0.9999995598935599
0.9999995849774135
0.9999996110604645
0.9999996380796078
0.9999996659694967
0.9999996946627013
0.9999997240898671
0.9999997541798828
0.9999997848600508
0.9999998160562606
0.9999998476931676
0.9999998796943727
0.9999999119826055
0.9999999444799123
0.9999999771078394
1.0000000097876220
1.0000000424403728
1.0000000749872704
1.0000001073497495
1.0000001394496885
1.0000001712095963
1.0000002025527990
1.0000002334036229
1.0000002636875773
1.0000002933315317
1.0000003222638922
1.0000003504147728
1.0000003777161608
1.0000004041020822
1.0000004295087586
1.0000004538747591
1.0000004771411477
1.0000004992516265
1.0000005201526703
1.0000005397936553
1.0000005581269789
1.0000005751081740
1.0000005906960181
1.0000006048526298
1.0000006175435603
1.0000006287378769
1.0000006384082354
1.0000006465309486
1.0000006530860406
1.0000006580572953
1.0000006614322965
1.0000006632024576
1.0000006633630418
1.0000006619131754
1.0000006588558503
1.0000006541979156
1.0000006479500596
1.0000006401267862
1.0000006307463805
1.0000006198308657
1.0000006074059529
1.0000005935009773
1.0000005781488304
1.0000005613858796
1.0000005432518806
1.0000005237898844
1.0000005030461341
1.0000004810699541
1.0000004579136328
1.0000004336322978
1.0000004082837839
1.0000003819284948
1.0000003546292597
1.0000003264511823
1.0000002974614866
1.0000002677293560
1.0000002373257677
1.0000002063233213
1.0000001747960663
1.0000001428193259
1.0000001104695166
1.0000000778239659
1.0000000449607256
1.0000000119583874
0.9999999788958952
0.9999999458523565
0.9999999129068522
0.9999998801382473
0.9999998476250032
0.9999998154449887
0.9999997836752943
0.9999997523920481
0.9999997216702345
0.9999996915835133
0.9999996622040441
0.9999996336023144
0.9999996058469720
0.9999995790046575
0.9999995531398461
0.9999995283146946
0.9999995045888919
0.9999994820195136
0.9999994606608880
0.9999994405644648
0.9999994217786942
0.9999994043489091
0.9999993883172170
0.9999993737223991
0.9999993605998171
0.9999993489813281
0.9999993388952089
0.9999993303660862
0.9999993234148794
0.9999993180587503
0.9999993143110609
0.9999993121813417
0.9999993116752677
0.9999993127946448
0.9999993155374077
0.9999993198976208
0.9999993258654918
0.9999993334273973
0.9999993425659137
0.9999993532598581
0.9999993654843389
0.9999993792108164
0.9999993944071686
0.9999994110377682
0.9999994290635676
0.9999994484421911
0.9999994691280374
0.9999994910723866
0.9999995142235182
0.9999995385268313
0.9999995639249767
0.9999995903579928
0.9999996177634480
0.9999996460765912
0.9999996752305050
0.9999997051562665
0.9999997357831095
0.9999997670385948
0.9999997988487813
0.9999998311384045
0.9999998638310541
0.9999998968493570
0.9999999301151618
0.9999999635497253
0.9999999970738983
1.0000000306083152
1.0000000640735858
1.0000000973904828
1.0000001304801309
1.0000001632641935
1.0000001956650606
1.0000002276060336
1.0000002590115085
1.0000002898071576
1.0000003199201053
1.0000003492791019
1.0000003778146933
1.0000004054593878
1.0000004321478153
1.0000004578168837
1.0000004824059288
1.0000005058568602
1.0000005281142996
1.0000005491257109
1.0000005688415261
1.0000005872152655
1.0000006042036467
1.0000006197666880
1.0000006338678036
1.0000006464738900
1.0000006575554050
1.0000006670864383
1.0000006750447741
1.0000006814119429
1.0000006861732651
1.0000006893178857
1.0000006908387999
1.0000006907328707
1.0000006890008346
1.0000006856472989
1.0000006806807318
1.0000006741134415
1.0000006659615470
1.0000006562449402
1.0000006449872376
