1.0000000000030851
1.0000000000031155
1.0000000000031397
1.0000000000031573
1.0000000000031684
1.0000000000031726
1.0000000000031692
1.0000000000031586
1.0000000000031417
1.0000000000031184
1.0000000000030895
1.0000000000030564
1.0000000000030203
1.0000000000029798
1.0000000000029348
1.0000000000028850
1.0000000000028300
1.0000000000027707
1.0000000000027078
1.0000000000026414
1.0000000000025719
1.0000000000025000
1.0000000000024254
1.0000000000023490
1.0000000000022709
1.0000000000021914
1.0000000000021101
1.0000000000020275
1.0000000000019442
1.0000000000018616
1.0000000000017797
1.0000000000017004
1.0000000000016247
1.0000000000015534
1.0000000000014861
1.0000000000014229
1.0000000000013629
1.0000000000013061
1.0000000000012523
1.0000000000012021
1.0000000000011560
1.0000000000011133
1.0000000000010747
1.0000000000010394
1.0000000000010061
1.0000000000009743
1.0000000000009448
1.0000000000009173
1.0000000000008920
1.0000000000008691
1.0000000000008478
1.0000000000008293
1.0000000000008149
1.0000000000008038
1.0000000000007949
1.0000000000007876
1.0000000000007807
1.0000000000007756
1.0000000000007720
1.0000000000007701
1.0000000000007689
1.0000000000007692
1.0000000000007714
1.0000000000007749
1.0000000000007794
1.0000000000007834
1.0000000000007869
1.0000000000007914
1.0000000000007965
1.0000000000008020
1.0000000000008076
1.0000000000008129
1.0000000000008171
1.0000000000008200
1.0000000000008222
1.0000000000008242
1.0000000000008262
1.0000000000008293
1.0000000000008340
1.0000000000008393
1.0000000000008453
1.0000000000008520
1.0000000000008595
1.0000000000008669
1.0000000000008737
1.0000000000008789
1.0000000000008824
1.0000000000008833
1.0000000000008811
1.0000000000008746
1.0000000000008635
1.0000000000008482
1.0000000000008291
1.0000000000008062
1.0000000000007798
1.0000000000007492
1.0000000000007154
1.0000000000006812
1.0000000000006473
1.0000000000006137
1.0000000000005806
1.0000000000005478
1.0000000000005145
1.0000000000004812
1.0000000000004472
1.0000000000004132
1.0000000000003795
1.0000000000003471
1.0000000000003164
1.0000000000002882
1.0000000000002607
1.0000000000002336
1.0000000000002065
1.0000000000001796
1.0000000000001539
1.0000000000001303
1.0000000000001092
1.0000000000000906
1.0000000000000742
1.0000000000000611
1.0000000000000504
1.0000000000000424
1.0000000000000364
1.0000000000000326
1.0000000000000295
1.0000000000000278
1.0000000000000271
1.0000000000000273
1.0000000000000280
1.0000000000000291
1.0000000000000298
1.0000000000000306
1.0000000000000315
1.0000000000000324
1.0000000000000338
1.0000000000000355
1.0000000000000366
1.0000000000000371
1.0000000000000362
1.0000000000000344
1.0000000000000320
1.0000000000000286
1.0000000000000240
1.0000000000000187
1.0000000000000138
1.0000000000000102
1.0000000000000073
1.0000000000000047
1.0000000000000027
1.0000000000000011
0.9999999999999999
0.9999999999999992
0.9999999999999986
0.9999999999999992
1.0000000000000018
1.0000000000000053
1.0000000000000089
1.0000000000000118
1.0000000000000129
1.0000000000000115
1.0000000000000080
1.0000000000000042
1.0000000000000004
0.9999999999999968
0.9999999999999922
0.9999999999999870
0.9999999999999820
0.9999999999999770
0.9999999999999726
0.9999999999999688
0.9999999999999651
0.9999999999999606
0.9999999999999546
0.9999999999999478
0.9999999999999390
0.9999999999999275
0.9999999999999141
0.9999999999998992
0.9999999999998851
0.9999999999998715
0.9999999999998599
0.9999999999998493
0.9999999999998388
0.9999999999998277
0.9999999999998161
0.9999999999998044
0.9999999999997916
0.9999999999997777
0.9999999999997619
0.9999999999997435
0.9999999999997238
0.9999999999997041
0.9999999999996856
0.9999999999996688
0.9999999999996534
0.9999999999996393
0.9999999999996271
0.9999999999996174
0.9999999999996115
0.9999999999996098
0.9999999999996123
0.9999999999996205
0.9999999999996336
0.9999999999996513
0.9999999999996734
0.9999999999996990
0.9999999999997276
0.9999999999997594
0.9999999999997944
0.9999999999998322
0.9999999999998729
0.9999999999999168
0.9999999999999636
1.0000000000000133
1.0000000000000659
1.0000000000001219
1.0000000000001810
1.0000000000002427
1.0000000000003071
1.0000000000003746
1.0000000000004452
1.0000000000005183
1.0000000000005922
1.0000000000006666
1.0000000000007412
1.0000000000008162
1.0000000000008917
1.0000000000009686
1.0000000000010474
1.0000000000011289
1.0000000000012119
1.0000000000012954
1.0000000000013787
1.0000000000014613
1.0000000000015437
1.0000000000016269
1.0000000000017111
1.0000000000017957
1.0000000000018805
1.0000000000019651
1.0000000000020481
1.0000000000021294
1.0000000000022087
1.0000000000022864
1.0000000000023614
1.0000000000024338
1.0000000000025038
1.0000000000025711
1.0000000000026363
1.0000000000026987
1.0000000000027582
1.0000000000028149
1.0000000000028686
1.0000000000029192
1.0000000000029663
1.0000000000030100
1.0000000000030498
1.0000000000030851
1.0000000000031155
1.0000000000031397
1.0000000000031573
