1.0000007421460961
1.0000007331577982
1.0000007224460137
1.0000007100367649
1.0000006959601131
1.0000006802500869
1.0000006629446005
1.0000006440853639
1.0000006237177845
1.0000006018908560
1.0000005786570407
1.0000005540721442
1.0000005281951820
1.0000005010882400
1.0000004728163248
1.0000004434472083
1.0000004130512670
1.0000003817013099
1.0000003494724072
1.0000003164417104
1.0000002826882659
1.0000002482928287
1.0000002133376673
1.0000001779063676
1.0000001420836346
1.0000001059550889
1.0000000696070626
1.0000000331263903
0.9999999966002043
0.9999999601157266
0.9999999237600593
0.9999998876199769
0.9999998517817197
0.9999998163307848
0.9999997813517248
0.9999997469279441
0.9999997131415010
0.9999996800729097
0.9999996478009487
0.9999996164024731
0.9999995859522313
0.9999995565226867
0.9999995281838455
0.9999995010030873
0.9999994750450064
0.9999994503712557
0.9999994270404005
0.9999994051077793
0.9999993846253710
0.9999993656416708
0.9999993482015750
0.9999993323462735
0.9999993181131526
0.9999993055357064
0.9999992946434535
0.9999992854618698
0.9999992780123277
0.9999992723120450
0.9999992683740447
0.9999992662071234
0.9999992658158295
0.9999992672004555
0.9999992703570365
0.9999992752773579
0.9999992819489789
0.9999992903552624
0.9999993004754129
0.9999993122845261
0.9999993257536517
0.9999993408498608
0.9999993575363247
0.9999993757724056
0.9999993955137524
0.9999994167124091
0.9999994393169297
0.9999994632724996
0.9999994885210687
0.9999995150014904
0.9999995426496681
0.9999995713987080
0.9999996011790813
0.9999996319187897
0.9999996635435392
0.9999996959769157
0.9999997291405693
0.9999997629544021
0.9999997973367601
0.9999998322046285
0.9999998674738311
0.9999999030592339
0.9999999388749480
0.9999999748345343
1.0000000108512115
1.0000000468380630
1.0000000827082469
1.0000001183752030
1.0000001537528596
1.0000001887558403
1.0000002232996681
1.0000002573009683
1.0000002906776693
1.0000003233491992
1.0000003552366770
1.0000003862631011
1.0000004163535361
1.0000004454352915
1.0000004734380954
1.0000005002942627
1.0000005259388587
1.0000005503098557
1.0000005733482784
1.0000005949983490
1.0000006152076184
1.0000006339270933
1.0000006511113524
1.0000006667186556
1.0000006807110449
1.0000006930544334
1.0000007037186915
1.0000007126777166
1.0000007199094962
1.0000007253961600
1.0000007291240229
1.0000007310836194
1.0000007312697254
1.0000007296813733
1.0000007263218500
1.0000007211986941
1.0000007143236760
1.0000007057127713
1.0000006953861209
1.0000006833679855
1.0000006696866865
1.0000006543745374
1.0000006374677681
1.0000006190064383
1.0000005990343437
1.0000005775989083
1.0000005547510729
1.0000005305451740
1.0000005050388137
1.0000004782927210
1.0000004503706077
1.0000004213390163
1.0000003912671620
1.0000003602267677
1.0000003282918906
1.0000002955387453
1.0000002620455233
1.0000002278922044
1.0000001931603664
1.0000001579329907
1.0000001222942625
1.0000000863293717
1.0000000501243069
1.0000000137656511
0.9999999773403739
0.9999999409356271
0.9999999046385315
0.9999998685359711
0.9999998327143848
0.9999997972595599
0.9999997622564264
0.9999997277888546
0.9999996939394544
0.9999996607893769
0.9999996284181204
0.9999995969033412
0.9999995663206676
0.9999995367435178
0.9999995082429269
0.9999994808873734
0.9999994547426172
0.9999994298715422
0.9999994063340053
0.9999993841866942
0.9999993634829896
0.9999993442728372
0.9999993266026310
0.9999993105150993
0.9999992960492033
0.9999992832400443
0.9999992721187787
0.9999992627125437
0.9999992550443926
0.9999992491332387
0.9999992449938093
0.9999992426366108
0.9999992420679025
0.9999992432896815
0.9999992462996771
0.9999992510913566
0.9999992576539397
0.9999992659724233
0.9999992760276188
0.9999992877961974
0.9999993012507454
0.9999993163598285
0.9999993330880662
0.9999993513962185
0.9999993712412760
0.9999993925765631
0.9999994153518497
0.9999994395134710
0.9999994650044550
0.9999994917646576
0.9999995197309068
0.9999995488371541
0.9999995790146305
0.9999996101920110
0.9999996422955848
0.9999996752494295
0.9999997089755920
0.9999997433942762
0.9999997784240318
0.9999998139819489
0.9999998499838583
0.9999998863445294
0.9999999229778741
0.9999999597971516
0.9999999967151748
1.0000000336445198
1.0000000704977330
1.0000001071875406
1.0000001436270565
1.0000001797299882
1.0000002154108452
1.0000002505851391
1.0000002851695884
1.0000003190823163
1.0000003522430465
1.0000003845732943
1.0000004159965521
1.0000004464384744
1.0000004758270538
1.0000005040927926
1.0000005311688678
1.0000005569912895
1.0000005814990558
1.0000006046342960
1.0000006263424108
1.0000006465722013
1.0000006652759916
1.0000006824097432
1.0000006979331584
1.0000007118097762
1.0000007240070587
1.0000007344964685
1.0000007432535365
1.0000007502579196
1.0000007554934502
1.0000007589481741
1.0000007606143793
1.0000007604886147
1.0000007585716981
1.0000007548687107
1.0000007493889880
1.0000007421460961
1.0000007331577982
1.0000007224460137
1.0000007100367649
