1.0000000111579364
1.0000000110407889
1.0000000108988691
1.0000000107325386
1.0000000105422160
1.0000000103283766
1.0000000100915503
1.0000000098323225
1.0000000095513311
1.0000000092492651
1.0000000089268626
1.0000000085849092
1.0000000082242353
1.0000000078457159
1.0000000074502680
1.0000000070388477
1.0000000066124481
1.0000000061720966
1.0000000057188536
1.0000000052538078
1.0000000047780762
1.0000000042927986
1.0000000037991368
1.0000000032982710
1.0000000027913987
1.0000000022797313
1.0000000017644901
1.0000000012469026
1.0000000007282015
1.0000000002096223
0.9999999996923998
0.9999999991777624
0.9999999986669329
0.9999999981611222
0.9999999976615284
0.9999999971693342
0.9999999966857029
0.9999999962117768
0.9999999957486728
0.9999999952974826
0.9999999948592678
0.9999999944350583
0.9999999940258485
0.9999999936325973
0.9999999932562244
0.9999999928976072
0.9999999925575804
0.9999999922369329
0.9999999919364072
0.9999999916566967
0.9999999913984426
0.9999999911622334
0.9999999909486055
0.9999999907580417
0.9999999905909671
0.9999999904477493
0.9999999903286978
0.9999999902340647
0.9999999901640426
0.9999999901187646
0.9999999900983042
0.9999999901026762
0.9999999901318342
0.9999999901856720
0.9999999902640236
0.9999999903666642
0.9999999904933093
0.9999999906436163
0.9999999908171858
0.9999999910135614
0.9999999912322320
0.9999999914726332
0.9999999917341488
0.9999999920161116
0.9999999923178043
0.9999999926384631
0.9999999929772777
0.9999999933333960
0.9999999937059222
0.9999999940939222
0.9999999944964240
0.9999999949124205
0.9999999953408722
0.9999999957807092
0.9999999962308340
0.9999999966901254
0.9999999971574403
0.9999999976316163
0.9999999981114748
0.9999999985958218
0.9999999990834528
0.9999999995731551
1.0000000000637119
1.0000000005539051
1.0000000010425178
1.0000000015283366
1.0000000020101552
1.0000000024867775
1.0000000029570186
1.0000000034197098
1.0000000038737005
1.0000000043178612
1.0000000047510869
1.0000000051723001
1.0000000055804505
1.0000000059745207
1.0000000063535264
1.0000000067165193
1.0000000070625901
1.0000000073908719
1.0000000077005406
1.0000000079908189
1.0000000082609748
1.0000000085103242
1.0000000087382337
1.0000000089441203
1.0000000091274561
1.0000000092877672
1.0000000094246375
1.0000000095377060
1.0000000096266695
1.0000000096912833
1.0000000097313619
1.0000000097467800
1.0000000097374713
1.0000000097034292
1.0000000096447068
1.0000000095614163
1.0000000094537289
1.0000000093218766
1.0000000091661487
1.0000000089868926
1.0000000087845133
1.0000000085594745
1.0000000083122946
1.0000000080435469
1.0000000077538558
1.0000000074438964
1.0000000071143929
1.0000000067661170
1.0000000063998866
1.0000000060165632
1.0000000056170497
1.0000000052022906
1.0000000047732682
1.0000000043310002
1.0000000038765366
1.0000000034109582
1.0000000029353731
1.0000000024509130
1.0000000019587334
1.0000000014600088
1.0000000009559304
1.0000000004477034
0.9999999999365439
0.9999999994236748
0.9999999989103240
0.9999999983977225
0.9999999978871003
0.9999999973796858
0.9999999968767008
0.9999999963793559
0.9999999958888494
0.9999999954063659
0.9999999949330717
0.9999999944701117
0.9999999940186067
0.9999999935796523
0.9999999931543146
0.9999999927436286
0.9999999923485939
0.9999999919701726
0.9999999916092887
0.9999999912668252
0.9999999909436227
0.9999999906404782
0.9999999903581414
0.9999999900973126
0.9999999898586418
0.9999999896427272
0.9999999894501124
0.9999999892812870
0.9999999891366855
0.9999999890166847
0.9999999889216029
0.9999999888516991
0.9999999888071737
0.9999999887881671
0.9999999887947590
0.9999999888269692
0.9999999888847561
0.9999999889680175
0.9999999890765907
0.9999999892102540
0.9999999893687256
0.9999999895516659
0.9999999897586777
0.9999999899893067
0.9999999902430425
0.9999999905193200
0.9999999908175208
0.9999999911369750
0.9999999914769615
0.9999999918367107
0.9999999922154069
0.9999999926121880
0.9999999930261493
0.9999999934563449
0.9999999939017917
0.9999999943614697
0.9999999948343252
0.9999999953192723
0.9999999958151977
0.9999999963209617
0.9999999968354001
0.9999999973573290
0.9999999978855465
0.9999999984188355
0.9999999989559673
0.9999999994957032
1.0000000000367981
1.0000000005780048
1.0000000011180756
1.0000000016557660
1.0000000021898359
1.0000000027190541
1.0000000032422005
1.0000000037580679
1.0000000042654655
1.0000000047632249
1.0000000052502003
1.0000000057252711
1.0000000061873442
1.0000000066353580
1.0000000070682835
1.0000000074851272
1.0000000078849334
1.0000000082667873
1.0000000086298160
1.0000000089731926
1.0000000092961365
1.0000000095979136
1.0000000098778401
1.0000000101352837
1.0000000103696658
1.0000000105804614
1.0000000107672022
1.0000000109294762
1.0000000110669287
1.0000000111792637
1.0000000112662446
1.0000000113276946
1.0000000113634959
1.0000000113735930
1.0000000113579903
1.0000000113167533
1.0000000112500067
1.0000000111579364
1.0000000110407889
1.0000000108988691
1.0000000107325386
