1.0000049311727777
1.0000048701190218
1.0000047975298538
1.0000047135803030
1.0000046184724880
1.0000045124351353
1.0000043957230296
1.0000042686164052
1.0000041314202766
1.0000039844637076
1.0000038280990242
1.0000036627009714
1.0000034886658182
1.0000033064104081
1.0000031163711633
1.0000029190030411
1.0000027147784440
1.0000025041860943
1.0000022877298622
1.0000020659275630
1.0000018393097179
1.0000016084182861
1.0000013738053692
1.0000011360318903
1.0000008956662541
1.0000006532829879
1.0000004094613706
1.0000001647840460
0.9999999198356295
0.9999996752013139
0.9999994314654678
0.9999991892102390
0.9999989490141652
0.9999987114507896
0.9999984770872906
0.9999982464831280
0.9999980201887037
0.9999977987440472
0.9999975826775259
0.9999973725045833
0.9999971687265055
0.9999969718292248
0.9999967822821585
0.9999966005370879
0.9999964270270775
0.9999962621654422
0.9999961063447598
0.9999959599359326
0.9999958232873030
0.9999956967238197
0.9999955805462635
0.9999954750305291
0.9999953804269676
0.9999952969597878
0.9999952248265227
0.9999951641975580
0.9999951152157248
0.9999950779959595
0.9999950526250311
0.9999950391613341
0.9999950376347513
0.9999950480465845
0.9999950703695523
0.9999951045478566
0.9999951504973172
0.9999952081055724
0.9999952772323512
0.9999953577098095
0.9999954493429354
0.9999955519100127
0.9999956651631573
0.9999957888289092
0.9999959226088871
0.9999960661805046
0.9999962191977422
0.9999963812919751
0.9999965520728574
0.9999967311292576
0.9999969180302414
0.9999971123261049
0.9999973135494518
0.9999975212163122
0.9999977348273014
0.9999979538688140
0.9999981778142554
0.9999984061253018
0.9999986382531875
0.9999988736400183
0.9999991117201091
0.9999993519213370
0.9999995936665099
0.9999998363747482
1.0000000794628756
1.0000003223468175
1.0000005644429968
1.0000008051697298
1.0000010439486189
1.0000012802059370
1.0000015133740012
1.0000017428925301
1.0000019682099841
1.0000021887848891
1.0000024040871291
1.0000026135992166
1.0000028168175312
1.0000030132535258
1.0000032024348959
1.0000033839067100
1.0000035572324975
1.0000037219952942
1.0000038777986384
1.0000040242675223
1.0000041610492902
1.0000042878144837
1.0000044042576284
1.0000045100979664
1.0000046050801297
1.0000046889747503
1.0000047615790124
1.0000048227171361
1.0000048722407990
1.0000049100294934
1.0000049359908150
1.0000049500606851
1.0000049522035044
1.0000049424122390
1.0000049207084389
1.0000048871421880
1.0000048417919856
1.0000047847645597
1.0000047161946133
1.0000046362445008
1.0000045451038426
1.0000044429890740
1.0000043301429278
1.0000042068338550
1.0000040733553841
1.0000039300254189
1.0000037771854811
1.0000036151998926
1.0000034444549073
1.0000032653577873
1.0000030783358331
1.0000028838353594
1.0000026823206283
1.0000024742727407
1.0000022601884861
1.0000020405791563
1.0000018159693240
1.0000015868955867
1.0000013539052868
1.0000011175552042
1.0000008784102246
1.0000006370419894
1.0000003940275284
1.0000001499478810
0.9999999053867077
0.9999996609288937
0.9999994171591516
0.9999991746606235
0.9999989340134856
0.9999986957935620
0.9999984605709468
0.9999982289086420
0.9999980013612116
0.9999977784734549
0.9999975607791038
0.9999973487995465
0.9999971430425797
0.9999969440011945
0.9999967521523975
0.9999965679560701
0.9999963918538678
0.9999962242681644
0.9999960656010398
0.9999959162333202
0.9999957765236648
0.9999956468077085
0.9999955273972576
0.9999954185795442
0.9999953206165371
0.9999952337443148
0.9999951581725011
0.9999950940837620
0.9999950416333698
0.9999950009488291
0.9999949721295711
0.9999949552467139
0.9999949503428917
0.9999949574321521
0.9999949764999199
0.9999950075030308
0.9999950503698342
0.9999951050003617
0.9999951712665643
0.9999952490126158
0.9999953380552862
0.9999954381843783
0.9999955491632273
0.9999956707292671
0.9999958025946554
0.9999959444469592
0.9999960959499005
0.9999962567441585
0.9999964264482275
0.9999966046593265
0.9999967909543594
0.9999969848909264
0.9999971860083783
0.9999973938289183
0.9999976078587401
0.9999978275892076
0.9999980524980691
0.9999982820507041
0.9999985157013985
0.9999987528946476
0.9999989930664820
0.9999992356458152
0.9999994800558062
0.9999997257152359
0.9999999720398947
1.0000002184439789
1.0000004643414877
1.0000007091476217
1.0000009522801803
1.0000011931609518
1.0000014312170935
1.0000016658824984
1.0000018965991491
1.0000021228184457
1.0000023440025168
1.0000025596255024
1.0000027691748119
1.0000029721523465
1.0000031680756891
1.0000033564792554
1.0000035369154054
1.0000037089555105
1.0000038721909768
1.0000040262342189
1.0000041707195861
1.0000043053042360
1.0000044296689505
1.0000045435188984
1.0000046465843384
1.0000047386212625
1.0000048194119777
1.0000048887656254
1.0000049465186360
1.0000049925351167
1.0000050267071776
1.0000050489551879
1.0000050592279643
1.0000050575028925
1.0000050437859793
1.0000050181118374
1.0000049805436018
1.0000049311727777
1.0000048701190218
1.0000047975298538
1.0000047135803030
