1.0001981638602535
1.0001956658624136
1.0001927015620258
1.0001892780571480
1.0001854035418223
1.0001810872865498
1.0001763396161953
1.0001711718853872
1.0001655964514571
1.0001596266449915
1.0001532767380592
1.0001465619101939
1.0001394982122123
1.0001321025279457
1.0001243925339871
1.0001163866575418
1.0001081040324802
1.0000995644537014
1.0000907883299106
1.0000817966349298
1.0000726108576485
1.0000632529507412
1.0000537452782654
1.0000441105622706
1.0000343718285429
1.0000245523516162
1.0000146755991801
1.0000047651760140
0.9999948447675858
0.9999849380834460
0.9999750688005526
0.9999652605066662
0.9999555366439489
0.9999459204528993
0.9999364349167624
0.9999271027065437
0.9999179461267605
0.9999089870620610
0.9999002469248397
0.9998917466039771
0.9998835064148238
0.9998755460505492
0.9998678845349737
0.9998605401770013
0.9998535305267553
0.9998468723335283
0.9998405815056447
0.9998346730723350
0.9998291611477153
0.9998240588969554
0.9998193785047207
0.9998151311459629
0.9998113269591282
0.9998079750218526
0.9998050833291999
0.9998026587744924
0.9998007071327891
0.9997992330470443
0.9997982400169836
0.9997977303907214
0.9997977053591438
0.9997981649530678
0.9997991080431831
0.9998005323427812
0.9998024344132591
0.9998048096723892
0.9998076524053326
0.9998109557783705
0.9998147118553196
0.9998189116165905
0.9998235449808437
0.9998286008291919
0.9998340670318913
0.9998399304774528
0.9998461771041065
0.9998527919335383
0.9998597591068226
0.9998670619224620
0.9998746828764405
0.9998826037041955
0.9998908054244079
0.9998992683845010
0.9999079723077408
0.9999168963418248
0.9999260191088426
0.9999353187564833
0.9999447730103701
0.9999543592273983
0.9999640544499458
0.9999738354608256
0.9999836788388492
0.9999935610148670
1.0000034583281519
1.0000133470829924
1.0000232036053600
1.0000330042995109
1.0000427257043893
1.0000523445497020
1.0000618378115236
1.0000711827673046
1.0000803570501478
1.0000893387022285
1.0000981062272263
1.0001066386416491
1.0001149155249218
1.0001229170681234
1.0001306241212573
1.0001380182389465
1.0001450817244339
1.0001517976717991
1.0001581500062784
1.0001641235225998
1.0001697039212409
1.0001748778425235
1.0001796328984653
1.0001839577023137
1.0001878418956893
1.0001912761732785
1.0001942523050140
1.0001967631556941
1.0001988027019915
1.0002003660468137
1.0002014494309803
1.0002020502421907
1.0002021670212593
1.0002017994656067
1.0002009484299910
1.0001996159244888
1.0001978051097218
1.0001955202893424
1.0001927668997992
1.0001895514974024
1.0001858817427218
1.0001817663823525
1.0001772152280957
1.0001722391335970
1.0001668499684988
1.0001610605901727
1.0001548848130954
1.0001483373759379
1.0001414339064485
1.0001341908842107
1.0001266256013679
1.0001187561214031
1.0001106012360750
1.0001021804206105
1.0000935137872582
1.0000846220373123
1.0000755264117294
1.0000662486404401
1.0000568108904910
1.0000472357131298
1.0000375459899649
1.0000277648783256
1.0000179157559523
1.0000080221651506
0.9999981077565399
0.9999881962325347
0.9999783112906860
0.9999684765670263
0.9999587155795493
0.9999490516719637
0.9999395079578486
0.9999301072653516
0.9999208720825556
0.9999118245036533
0.9999029861760520
0.9998943782485393
0.9998860213206326
0.9998779353932369
0.9998701398207255
0.9998626532645621
0.9998554936485788
0.9998486781160091
0.9998422229883903
0.9998361437264283
0.9998304548929215
0.9998251701178306
0.9998203020655810
0.9998158624046777
0.9998118617797064
0.9998083097857879
0.9998052149455471
0.9998025846886508
0.9998004253339691
0.9997987420743970
0.9997975389643807
0.9997968189101715
0.9997965836628364
0.9997968338140398
0.9997975687946058
0.9997987868758659
0.9998004851737915
0.9998026596558962
0.9998053051508925
0.9998084153610808
0.9998119828774437
0.9998159991973992
0.9998204547451801
0.9998253388947878
0.9998306399954571
0.9998363453995824
0.9998424414930285
0.9998489137277556
0.9998557466566806
0.9998629239706910
0.9998704285377163
0.9998782424437693
0.9998863470358552
0.9998947229666442
0.9999033502408038
0.9999122082628712
0.9999212758865567
0.9999305314653597
0.9999399529043712
0.9999495177131414
0.9999592030594834
0.9999689858240882
0.9999788426558144
0.9999887500275223
0.9999986842923185
1.0000086217400768
1.0000185386540974
1.0000284113677718
1.0000382163211181
1.0000479301170531
1.0000575295772622
1.0000669917975344
1.0000762942024368
1.0000854145991926
1.0000943312306358
1.0001030228271177
1.0001114686572412
1.0001196485773021
1.0001275430793204
1.0001351333375492
1.0001424012533475
1.0001493294983155
1.0001559015555868
1.0001621017591797
1.0001679153313157
1.0001733284176180
1.0001783281201064
1.0001829025279068
1.0001870407456108
1.0001907329192119
1.0001939702595601
1.0001967450632780
1.0001990507310914
1.0002008817835282
1.0002022338739502
1.0002031037988879
1.0002034895056531
1.0002033900972125
1.0002028058343078
1.0002017381348212
1.0002001895703871
1.0001981638602535
1.0001956658624136
1.0001927015620258
1.0001892780571480
