1.0000303476103103
1.0000299675013851
1.0000295161269310
1.0000289945709919
1.0000284040851293
1.0000277460854288
1.0000270221491152
1.0000262340107799
1.0000253835582360
1.0000244728280043
1.0000235040004462
1.0000224793945520
1.0000214014623969
1.0000202727832828
1.0000190960575726
1.0000178741002355
1.0000166098341197
1.0000153062829655
1.0000139665641805
1.0000125938813886
1.0000111915167720
1.0000097628232292
1.0000083112163614
1.0000068401663065
1.0000053531894466
1.0000038538400033
1.0000023457015430
1.0000008323784138
0.9999993174871287
0.9999978046477225
0.9999962974750988
0.9999947995703887
0.9999933145123432
0.9999918458487802
0.9999903970881028
0.9999889716909126
0.9999875730617396
0.9999862045409046
0.9999848693965332
0.9999835708167446
0.9999823119020291
0.9999810956578384
0.9999799249874017
0.9999788026847851
0.9999777314282131
0.9999767137736669
0.9999757521487758
0.9999748488470142
0.9999740060222199
0.9999732256834465
0.9999725096901620
0.9999718597478047
0.9999712774037093
0.9999707640434103
0.9999703208873340
0.9999699489878813
0.9999696492269144
0.9999694223136544
0.9999692687829859
0.9999691889941843
0.9999691831300602
0.9999692511965277
0.9999693930225941
0.9999696082607749
0.9999698963879300
0.9999702567065201
0.9999706883462777
0.9999711902662969
0.9999717612575281
0.9999723999456750
0.9999731047944872
0.9999738741094378
0.9999747060417836
0.9999755985929920
0.9999765496195262
0.9999775568379772
0.9999786178305319
0.9999797300507577
0.9999808908297011
0.9999820973822738
0.9999833468139192
0.9999846361275403
0.9999859622306736
0.9999873219428898
0.9999887120034023
0.9999901290788712
0.9999915697713796
0.9999930306265624
0.9999945081418729
0.9999959987749611
0.9999974989521502
0.9999990050769844
1.0000005135388337
1.0000020207215319
1.0000035230120246
1.0000050168090118
1.0000064985315631
1.0000079646276834
1.0000094115828080
1.0000108359282094
1.0000122342492919
1.0000136031937592
1.0000149394796323
1.0000162399030987
1.0000175013461734
1.0000187207841575
1.0000198952928698
1.0000210220556411
1.0000220983700481
1.0000231216543800
1.0000240894538097
1.0000249994462653
1.0000258494479861
1.0000266374187430
1.0000273614667192
1.0000280198530329
1.0000286109958998
1.0000291334744142
1.0000295860319506
1.0000299675791693
1.0000302771966234
1.0000305141369601
1.0000306778267103
1.0000307678676632
1.0000307840378229
1.0000307262919423
1.0000305947616359
1.0000303897550671
1.0000301117562178
1.0000297614237348
1.0000293395893589
1.0000288472559418
1.0000282855950533
1.0000276559441850
1.0000269598035583
1.0000261988325450
1.0000253748457049
1.0000244898084518
1.0000235458323610
1.0000225451701232
1.0000214902101683
1.0000203834709587
1.0000192275949746
1.0000180253424007
1.0000167795845314
1.0000154932969147
1.0000141695522420
1.0000128115130058
1.0000114224239429
1.0000100056042802
1.0000085644398049
1.0000071023747723
1.0000056229036740
1.0000041295628868
1.0000026259222208
1.0000011155763866
0.9999996021364017
0.9999980892209600
0.9999965804477802
0.9999950794249578
0.9999935897423413
0.9999921149629464
0.9999906586144374
0.9999892241806934
0.9999878150934779
0.9999864347242308
0.9999850863760074
0.9999837732755777
0.9999824985657099
0.9999812652976505
0.9999800764238282
0.9999789347907919
0.9999778431324023
0.9999768040632900
0.9999758200726010
0.9999748935180400
0.9999740266202299
0.9999732214573986
0.9999724799604048
0.9999718039081155
0.9999711949231479
0.9999706544679863
0.9999701838414776
0.9999697841757230
0.9999694564333667
0.9999692014052882
0.9999690197087077
0.9999689117857021
0.9999688779021464
0.9999689181470722
0.9999690324324491
0.9999692204933921
0.9999694818887882
0.9999698160023472
0.9999702220440706
0.9999706990521356
0.9999712458951917
0.9999718612750591
0.9999725437298292
0.9999732916373556
0.9999741032191262
0.9999749765445110
0.9999759095353772
0.9999768999710512
0.9999779454936231
0.9999790436135806
0.9999801917157556
0.9999813870655734
0.9999826268155853
0.9999839080122712
0.9999852276030963
0.9999865824438025
0.9999879693059214
0.9999893848844872
0.9999908258059335
0.9999922886361521
0.9999937698886971
0.9999952660331139
0.9999967735033757
0.9999982887063996
0.9999998080306310
1.0000013278546696
1.0000028445559213
1.0000043545192498
1.0000058541456123
1.0000073398606564
1.0000088081232559
1.0000102554339703
1.0000116783434014
1.0000130734604320
1.0000144374603230
1.0000157670926533
1.0000170591890816
1.0000183106709124
1.0000195185564469
1.0000206799681006
1.0000217921392764
1.0000228524209678
1.0000238582880845
1.0000248073454792
1.0000256973336656
1.0000265261342116
1.0000272917747950
1.0000279924339102
1.0000286264452156
1.0000291923015090
1.0000296886583242
1.0000301143371395
1.0000304683281875
1.0000307497928629
1.0000309580657223
1.0000310926560689
1.0000311532491206
1.0000311397067565
1.0000310520678428
1.0000308905481381
1.0000306555397731
1.0000303476103103
1.0000299675013851
1.0000295161269310
1.0000289945709919
