1.0000006019103564
1.0000005946451078
1.0000005859835930
1.0000005759468764
1.0000005645592935
1.0000005518483945
1.0000005378448780
1.0000005225825159
1.0000005060980739
1.0000004884312210
1.0000004696244364
1.0000004497229067
1.0000004287744204
1.0000004068292521
1.0000003839400393
1.0000003601616607
1.0000003355511045
1.0000003101673305
1.0000002840711311
1.0000002573249831
1.0000002299928996
1.0000002021402767
1.0000001738337359
1.0000001451409672
1.0000001161305667
1.0000000868718724
1.0000000574347987
1.0000000278896686
0.9999999983070457
0.9999999687575649
0.9999999393117662
0.9999999100399236
0.9999998810118795
0.9999998522968756
0.9999998239633883
0.9999997960789643
0.9999997687100614
0.9999997419218861
0.9999997157782405
0.9999996903413693
0.9999996656718111
0.9999996418282557
0.9999996188674011
0.9999995968438202
0.9999995758098293
0.9999995558153638
0.9999995369078588
0.9999995191321372
0.9999995025303011
0.9999994871416323
0.9999994730024987
0.9999994601462658
0.9999994486032198
0.9999994384004929
0.9999994295620008
0.9999994221083847
0.9999994160569623
0.9999994114216881
0.9999994082131193
0.9999994064383905
0.9999994061011982
0.9999994072017911
0.9999994097369705
0.9999994137000972
0.9999994190811093
0.9999994258665450
0.9999994340395761
0.9999994435800484
0.9999994544645310
0.9999994666663721
0.9999994801557626
0.9999994948998074
0.9999995108626056
0.9999995280053373
0.9999995462863545
0.9999995656612828
0.9999995860831270
0.9999996075023829
0.9999996298671585
0.9999996531232959
0.9999996772145029
0.9999997020824887
0.9999997276671028
0.9999997539064794
0.9999997807371858
0.9999998080943729
0.9999998359119311
0.9999998641226490
0.9999998926583752
0.9999999214501809
0.9999999504285256
0.9999999795234250
1.0000000086646170
1.0000000377817295
1.0000000668044511
1.0000000956626982
1.0000001242867833
1.0000001526075819
1.0000001805566987
1.0000002080666313
1.0000002350709305
1.0000002615043606
1.0000002873030556
1.0000003124046710
1.0000003367485355
1.0000003602757965
1.0000003829295616
1.0000004046550335
1.0000004253996417
1.0000004451131692
1.0000004637478712
1.0000004812585916
1.0000004976028696
1.0000005127410407
1.0000005266363339
1.0000005392549580
1.0000005505661862
1.0000005605424283
1.0000005691592972
1.0000005763956663
1.0000005822337190
1.0000005866589952
1.0000005896604240
1.0000005912303509
1.0000005913645555
1.0000005900622628
1.0000005873261435
1.0000005831623102
1.0000005775803043
1.0000005705930712
1.0000005622169299
1.0000005524715345
1.0000005413798285
1.0000005289679887
1.0000005152653635
1.0000005003044008
1.0000004841205736
1.0000004667522930
1.0000004482408169
1.0000004286301543
1.0000004079669573
1.0000003863004108
1.0000003636821144
1.0000003401659605
1.0000003158080046
1.0000002906663310
1.0000002648009148
1.0000002382734789
1.0000002111473458
1.0000001834872869
1.0000001553593669
1.0000001268307863
1.0000000979697210
1.0000000688451594
1.0000000395267366
1.0000000100845690
0.9999999805890850
0.9999999511108585
0.9999999217204386
0.9999998924881837
0.9999998634840919
0.9999998347776333
0.9999998064375828
0.9999997785318566
0.9999997511273497
0.9999997242897768
0.9999996980835137
0.9999996725714433
0.9999996478148063
0.9999996238730534
0.9999996008037026
0.9999995786622030
0.9999995575018007
0.9999995373734133
0.9999995183255065
0.9999995004039791
0.9999994836520517
0.9999994681101644
0.9999994538158792
0.9999994408037911
0.9999994291054439
0.9999994187492546
0.9999994097604444
0.9999994021609790
0.9999993959695159
0.9999993912013589
0.9999993878684214
0.9999993859791994
0.9999993855387500
0.9999993865486781
0.9999993890071320
0.9999993929088079
0.9999993982449635
0.9999994050034371
0.9999994131686782
0.9999994227217825
0.9999994336405353
0.9999994458994668
0.9999994594699111
0.9999994743200753
0.9999994904151144
0.9999995077172148
0.9999995261856837
0.9999995457770487
0.9999995664451585
0.9999995881412923
0.9999996108142778
0.9999996344106126
0.9999996588745913
0.9999996841484370
0.9999997101724396
0.9999997368850991
0.9999997642232723
0.9999997921223227
0.9999998205162757
0.9999998493379746
0.9999998785192413
0.9999999079910383
0.9999999376836335
0.9999999675267672
0.9999999974498177
1.0000000273819709
1.0000000572523893
1.0000000869903811
1.0000001165255683
1.0000001457880552
1.0000001747085956
1.0000002032187556
1.0000002312510781
1.0000002587392427
1.0000002856182253
1.0000003118244516
1.0000003372959483
1.0000003619724933
1.0000003857957576
1.0000004087094456
1.0000004306594286
1.0000004515938723
1.0000004714633624
1.0000004902210207
1.0000005078226175
1.0000005242266767
1.0000005393945754
1.0000005532906362
1.0000005658822118
1.0000005771397633
1.0000005870369297
1.0000005955505891
1.0000006026609156
1.0000006083514243
1.0000006126090117
1.0000006154239871
1.0000006167900952
1.0000006167045321
1.0000006151679492
1.0000006121844540
1.0000006077615975
1.0000006019103564
1.0000005946451078
1.0000005859835930
1.0000005759468764
