1.0000000000067473
1.0000000000067748
1.0000000000067890
1.0000000000067910
1.0000000000067812
1.0000000000067599
1.0000000000067273
1.0000000000066842
1.0000000000066314
1.0000000000065701
1.0000000000065012
1.0000000000064260
1.0000000000063431
1.0000000000062519
1.0000000000061526
1.0000000000060458
1.0000000000059328
1.0000000000058145
1.0000000000056919
1.0000000000055660
1.0000000000054379
1.0000000000053075
1.0000000000051745
1.0000000000050393
1.0000000000049023
1.0000000000047629
1.0000000000046207
1.0000000000044771
1.0000000000043323
1.0000000000041858
1.0000000000040390
1.0000000000038922
1.0000000000037457
1.0000000000035991
1.0000000000034526
1.0000000000033058
1.0000000000031593
1.0000000000030134
1.0000000000028693
1.0000000000027278
1.0000000000025902
1.0000000000024567
1.0000000000023275
1.0000000000022029
1.0000000000020826
1.0000000000019678
1.0000000000018590
1.0000000000017562
1.0000000000016593
1.0000000000015674
1.0000000000014804
1.0000000000013973
1.0000000000013185
1.0000000000012432
1.0000000000011708
1.0000000000011018
1.0000000000010361
1.0000000000009739
1.0000000000009148
1.0000000000008593
1.0000000000008071
1.0000000000007585
1.0000000000007137
1.0000000000006719
1.0000000000006326
1.0000000000005955
1.0000000000005604
1.0000000000005285
1.0000000000004996
1.0000000000004734
1.0000000000004501
1.0000000000004301
1.0000000000004139
1.0000000000004010
1.0000000000003910
1.0000000000003841
1.0000000000003806
1.0000000000003797
1.0000000000003808
1.0000000000003841
1.0000000000003906
1.0000000000003999
1.0000000000004130
1.0000000000004303
1.0000000000004503
1.0000000000004730
1.0000000000004976
1.0000000000005238
1.0000000000005504
1.0000000000005749
1.0000000000005960
1.0000000000006135
1.0000000000006288
1.0000000000006424
1.0000000000006555
1.0000000000006686
1.0000000000006823
1.0000000000006963
1.0000000000007101
1.0000000000007232
1.0000000000007356
1.0000000000007467
1.0000000000007567
1.0000000000007643
1.0000000000007694
1.0000000000007723
1.0000000000007740
1.0000000000007749
1.0000000000007740
1.0000000000007720
1.0000000000007689
1.0000000000007654
1.0000000000007621
1.0000000000007585
1.0000000000007543
1.0000000000007485
1.0000000000007412
1.0000000000007314
1.0000000000007188
1.0000000000007034
1.0000000000006848
1.0000000000006646
1.0000000000006442
1.0000000000006239
1.0000000000006044
1.0000000000005849
1.0000000000005640
1.0000000000005418
1.0000000000005174
1.0000000000004909
1.0000000000004625
1.0000000000004321
1.0000000000003999
1.0000000000003659
1.0000000000003300
1.0000000000002913
1.0000000000002505
1.0000000000002083
1.0000000000001652
1.0000000000001221
1.0000000000000788
1.0000000000000360
0.9999999999999943
0.9999999999999537
0.9999999999999136
0.9999999999998729
0.9999999999998308
0.9999999999997863
0.9999999999997401
0.9999999999996922
0.9999999999996444
0.9999999999995965
0.9999999999995486
0.9999999999995000
0.9999999999994507
0.9999999999994011
0.9999999999993523
0.9999999999993038
0.9999999999992547
0.9999999999992061
0.9999999999991586
0.9999999999991112
0.9999999999990634
0.9999999999990158
0.9999999999989683
0.9999999999989214
0.9999999999988740
0.9999999999988262
0.9999999999987771
0.9999999999987251
0.9999999999986698
0.9999999999986127
0.9999999999985548
0.9999999999984974
0.9999999999984420
0.9999999999983896
0.9999999999983398
0.9999999999982927
0.9999999999982490
0.9999999999982092
0.9999999999981737
0.9999999999981430
0.9999999999981176
0.9999999999980979
0.9999999999980842
0.9999999999980759
0.9999999999980721
0.9999999999980718
0.9999999999980743
0.9999999999980805
0.9999999999980911
0.9999999999981064
0.9999999999981264
0.9999999999981497
0.9999999999981743
0.9999999999982012
0.9999999999982311
0.9999999999982648
0.9999999999983039
0.9999999999983493
0.9999999999984009
0.9999999999984583
0.9999999999985217
0.9999999999985908
0.9999999999986647
0.9999999999987447
0.9999999999988306
0.9999999999989236
0.9999999999990240
0.9999999999991314
0.9999999999992443
0.9999999999993621
0.9999999999994850
0.9999999999996134
0.9999999999997469
0.9999999999998863
1.0000000000000320
1.0000000000001839
1.0000000000003417
1.0000000000005040
1.0000000000006697
1.0000000000008373
1.0000000000010072
1.0000000000011797
1.0000000000013551
1.0000000000015339
1.0000000000017171
1.0000000000019054
1.0000000000020990
1.0000000000022984
1.0000000000025033
1.0000000000027127
1.0000000000029248
1.0000000000031375
1.0000000000033484
1.0000000000035567
1.0000000000037621
1.0000000000039646
1.0000000000041642
1.0000000000043610
1.0000000000045548
1.0000000000047453
1.0000000000049318
1.0000000000051139
1.0000000000052907
1.0000000000054616
1.0000000000056257
1.0000000000057812
1.0000000000059275
1.0000000000060643
1.0000000000061904
1.0000000000063063
1.0000000000064109
1.0000000000065037
1.0000000000065843
1.0000000000066518
1.0000000000067062
1.0000000000067473
1.0000000000067748
1.0000000000067890
1.0000000000067910
