1.0000000447151511
1.0000000442113406
1.0000000436060672
1.0000000429008382
1.0000000420973967
1.0000000411977192
1.0000000402040101
1.0000000391186941
1.0000000379444116
1.0000000366840123
1.0000000353405505
1.0000000339172768
1.0000000324176288
1.0000000308452242
1.0000000292038527
1.0000000274974652
1.0000000257301653
1.0000000239061997
1.0000000220299481
1.0000000201059116
1.0000000181387025
1.0000000161330340
1.0000000140937075
1.0000000120256025
1.0000000099336650
1.0000000078228943
1.0000000056983325
1.0000000035650516
1.0000000014281405
0.9999999992926948
0.9999999971638029
0.9999999950465335
0.9999999929459246
0.9999999908669709
0.9999999888146136
0.9999999867937270
0.9999999848091082
0.9999999828654668
0.9999999809674109
0.9999999791194363
0.9999999773259156
0.9999999755910884
0.9999999739190516
0.9999999723137487
0.9999999707789615
0.9999999693183023
0.9999999679352024
0.9999999666329064
0.9999999654144615
0.9999999642827136
0.9999999632402973
0.9999999622896317
0.9999999614329161
0.9999999606721227
0.9999999600089916
0.9999999594450271
0.9999999589814937
0.9999999586194142
0.9999999583595651
0.9999999582024774
0.9999999581484353
0.9999999581974738
0.9999999583493790
0.9999999586036922
0.9999999589597082
0.9999999594164743
0.9999999599727964
0.9999999606272415
0.9999999613781402
0.9999999622235920
0.9999999631614687
0.9999999641894193
0.9999999653048782
0.9999999665050678
0.9999999677870068
0.9999999691475164
0.9999999705832294
0.9999999720905981
0.9999999736659033
0.9999999753052633
0.9999999770046426
0.9999999787598615
0.9999999805666058
0.9999999824204386
0.9999999843168095
0.9999999862510651
0.9999999882184613
0.9999999902141756
0.9999999922333178
0.9999999942709414
0.9999999963220559
0.9999999983816387
1.0000000004446468
1.0000000025060296
1.0000000045607402
1.0000000066037480
1.0000000086300502
1.0000000106346856
1.0000000126127453
1.0000000145593853
1.0000000164698373
1.0000000183394206
1.0000000201635537
1.0000000219377638
1.0000000236576980
1.0000000253191343
1.0000000269179921
1.0000000284503425
1.0000000299124163
1.0000000313006141
1.0000000326115133
1.0000000338418773
1.0000000349886633
1.0000000360490304
1.0000000370203457
1.0000000379001892
1.0000000386863614
1.0000000393768906
1.0000000399700364
1.0000000404642935
1.0000000408583949
1.0000000411513155
1.0000000413422727
1.0000000414307300
1.0000000414163974
1.0000000412992347
1.0000000410794485
1.0000000407574923
1.0000000403340650
1.0000000398101121
1.0000000391868216
1.0000000384656205
1.0000000376481739
1.0000000367363797
1.0000000357323633
1.0000000346384730
1.0000000334572758
1.0000000321915499
1.0000000308442782
1.0000000294186413
1.0000000279180092
1.0000000263459348
1.0000000247061440
1.0000000230025270
1.0000000212391291
1.0000000194201424
1.0000000175498949
1.0000000156328406
1.0000000136735481
1.0000000116766898
1.0000000096470301
1.0000000075894142
1.0000000055087577
1.0000000034100331
1.0000000012982597
0.9999999991784897
0.9999999970557990
0.9999999949352737
0.9999999928219974
0.9999999907210393
0.9999999886374422
0.9999999865762084
0.9999999845422909
0.9999999825405808
0.9999999805758940
0.9999999786529623
0.9999999767764198
0.9999999749507927
0.9999999731804883
0.9999999714697849
0.9999999698228202
0.9999999682435824
0.9999999667358999
0.9999999653034329
0.9999999639496640
0.9999999626778900
0.9999999614912142
0.9999999603925392
0.9999999593845605
0.9999999584697595
0.9999999576503973
0.9999999569285088
0.9999999563058990
0.9999999557841363
0.9999999553645493
0.9999999550482247
0.9999999548360053
0.9999999547284864
0.9999999547260157
0.9999999548286912
0.9999999550363620
0.9999999553486285
0.9999999557648431
0.9999999562841114
0.9999999569052935
0.9999999576270079
0.9999999584476330
0.9999999593653129
0.9999999603779604
0.9999999614832610
0.9999999626786809
0.9999999639614743
0.9999999653286861
0.9999999667771612
0.9999999683035512
0.9999999699043224
0.9999999715757628
0.9999999733139925
0.9999999751149735
0.9999999769745188
0.9999999788883016
0.9999999808518670
0.9999999828606403
0.9999999849099380
0.9999999869949806
0.9999999891109034
0.9999999912527685
0.9999999934155762
0.9999999955942773
0.9999999977837846
0.9999999999789845
1.0000000021747499
1.0000000043659507
1.0000000065474670
1.0000000087142025
1.0000000108610954
1.0000000129831315
1.0000000150753541
1.0000000171328782
1.0000000191509006
1.0000000211247120
1.0000000230497066
1.0000000249213941
1.0000000267354103
1.0000000284875294
1.0000000301736724
1.0000000317899165
1.0000000333325045
1.0000000347978548
1.0000000361825681
1.0000000374834350
1.0000000386974475
1.0000000398218032
1.0000000408539120
1.0000000417914003
1.0000000426321201
1.0000000433741536
1.0000000440158174
1.0000000445556658
1.0000000449924942
1.0000000453253415
1.0000000455534932
1.0000000456764830
1.0000000456940947
1.0000000456063600
1.0000000454135620
1.0000000451162327
1.0000000447151511
1.0000000442113406
1.0000000436060672
1.0000000429008382
