1.0000073037729886
1.0000072130621589
1.0000071052480344
1.0000069805903085
1.0000068393888510
1.0000066819829909
1.0000065087507044
1.0000063201077112
1.0000061165064773
1.0000058984351363
1.0000056664163204
1.0000054210059117
1.0000051627917101
1.0000048923920291
1.0000046104542164
1.0000043176531070
1.0000040146894100
1.0000037022880344
1.0000033811963536
1.0000030521824192
1.0000027160331244
1.0000023735523240
1.0000020255589133
1.0000016728848684
1.0000013163732602
1.0000009568762376
1.0000005952529907
1.0000002323676975
0.9999998690874587
0.9999995062802229
0.9999991448127131
0.9999987855483569
0.9999984293452225
0.9999980770539668
0.9999977295158025
0.9999973875604884
0.9999970520043460
0.9999967236483104
0.9999964032760147
0.9999960916519168
0.9999957895194745
0.9999954975993699
0.9999952165877861
0.9999949471547426
0.9999946899424954
0.9999944455640027
0.9999942146014608
0.9999939976049129
0.9999937950909371
0.9999936075414116
0.9999934354023636
0.9999932790829049
0.9999931389542560
0.9999930153488602
0.9999929085595881
0.9999928188390427
0.9999927463989537
0.9999926914096746
0.9999926539997765
0.9999926342557414
0.9999926322217579
0.9999926478996191
0.9999926812487178
0.9999927321861469
0.9999928005869001
0.9999928862841704
0.9999929890697526
0.9999931086945424
0.9999932448691333
0.9999933972645141
0.9999935655128537
0.9999937492083828
0.9999939479083674
0.9999941611341681
0.9999943883723875
0.9999946290761029
0.9999948826661713
0.9999951485326187
0.9999954260360995
0.9999957145094273
0.9999960132591716
0.9999963215673191
0.9999966386929910
0.9999969638742167
0.9999972963297575
0.9999976352609774
0.9999979798537554
0.9999983292804332
0.9999986827017953
0.9999990392690782
0.9999993981260018
0.9999997584108186
1.0000001192583754
1.0000004798021829
1.0000008391764910
1.0000011965183606
1.0000015509697284
1.0000019016794612
1.0000022478053907
1.0000025885163284
1.0000029229940548
1.0000032504352785
1.0000035700535586
1.0000038810811867
1.0000041827710238
1.0000044743982901
1.0000047552622990
1.0000050246881338
1.0000052820282610
1.0000055266640806
1.0000057580074080
1.0000059755018813
1.0000061786242926
1.0000063668858408
1.0000065398333007
1.0000066970501109
1.0000068381573695
1.0000069628147419
1.0000070707212767
1.0000071616161263
1.0000072352791722
1.0000072915315530
1.0000073302360948
1.0000073512976377
1.0000073546632660
1.0000073403224359
1.0000073083070027
1.0000072586911459
1.0000071915911923
1.0000071071653429
1.0000070056132933
1.0000068871757584
1.0000067521338976
1.0000066008086430
1.0000064335599355
1.0000062507858656
1.0000060529217225
1.0000058404389545
1.0000056138440410
1.0000053736772863
1.0000051205115277
1.0000048549507676
1.0000045776287292
1.0000042892073437
1.0000039903751676
1.0000036818457374
1.0000033643558648
1.0000030386638765
1.0000027055478029
1.0000023658035173
1.0000020202428332
1.0000016696915659
1.0000013149875586
1.0000009569786790
1.0000005965207919
1.0000002344757153
0.9999998717091572
0.9999995090886474
0.9999991474814643
0.9999987877525612
0.9999984307624978
0.9999980773653842
0.9999977284068381
0.9999973847219630
0.9999970471333498
0.9999967164491096
0.9999963934609432
0.9999960789422467
0.9999957736462642
0.9999954783042844
0.9999951936238910
0.9999949202872711
0.9999946589495831
0.9999944102373881
0.9999941747471524
0.9999939530438201
0.9999937456594615
0.9999935530919987
0.9999933758040158
0.9999932142216510
0.9999930687335757
0.9999929396900640
0.9999928274021551
0.9999927321409081
0.9999926541367506
0.9999925935789286
0.9999925506150494
0.9999925253507289
0.9999925178493364
0.9999925281318416
0.9999925561767639
0.9999926019202209
0.9999926652560790
0.9999927460362059
0.9999928440708228
0.9999929591289560
0.9999930909389870
0.9999932391892996
0.9999934035290232
0.9999935835688701
0.9999937788820631
0.9999939890053535
0.9999942134401265
0.9999944516535906
0.9999947030800490
0.9999949671222504
0.9999952431528146
0.9999955305157295
0.9999958285279186
0.9999961364808704
0.9999964536423285
0.9999967792580424
0.9999971125535666
0.9999974527361103
0.9999977989964299
0.9999981505107615
0.9999985064427889
0.9999988659456379
0.9999992281638996
0.9999995922356738
0.9999999572946261
1.0000003224720559
1.0000006868989701
1.0000010497081595
1.0000014100362686
1.0000017670258581
1.0000021198274511
1.0000024676015622
1.0000028095207003
1.0000031447713449
1.0000034725558882
1.0000037920945397
1.0000041026271886
1.0000044034152162
1.0000046937432610
1.0000049729209248
1.0000052402844224
1.0000054951981658
1.0000057370562820
1.0000059652840583
1.0000061793393129
1.0000063787136897
1.0000065629338710
1.0000067315627064
1.0000068842002576
1.0000070204847504
1.0000071400934369
1.0000072427433673
1.0000073281920627
1.0000073962380940
1.0000074467215618
1.0000074795244758
1.0000074945710360
1.0000074918278128
1.0000074713038247
1.0000074330505158
1.0000073771616307
1.0000073037729886
1.0000072130621589
1.0000071052480344
1.0000069805903085
