1.0000000000597440
1.0000000000595792
1.0000000000593110
1.0000000000589406
1.0000000000584697
1.0000000000578999
1.0000000000572347
1.0000000000564759
1.0000000000556251
1.0000000000546829
1.0000000000536517
1.0000000000525349
1.0000000000513360
1.0000000000500580
1.0000000000487042
1.0000000000472797
1.0000000000457887
1.0000000000442351
1.0000000000426228
1.0000000000409572
1.0000000000392426
1.0000000000374833
1.0000000000356835
1.0000000000338487
1.0000000000319840
1.0000000000300944
1.0000000000281846
1.0000000000262586
1.0000000000243205
1.0000000000223745
1.0000000000204252
1.0000000000184772
1.0000000000165348
1.0000000000146017
1.0000000000126816
1.0000000000107783
1.0000000000088953
1.0000000000070364
1.0000000000052043
1.0000000000034022
1.0000000000016351
0.9999999999999079
0.9999999999982251
0.9999999999965915
0.9999999999950097
0.9999999999934837
0.9999999999920159
0.9999999999906093
0.9999999999892671
0.9999999999879908
0.9999999999867828
0.9999999999856456
0.9999999999845826
0.9999999999835958
0.9999999999826861
0.9999999999818537
0.9999999999810992
0.9999999999804229
0.9999999999798265
0.9999999999793104
0.9999999999788755
0.9999999999785218
0.9999999999782503
0.9999999999780622
0.9999999999779575
0.9999999999779352
0.9999999999779956
0.9999999999781386
0.9999999999783629
0.9999999999786661
0.9999999999790462
0.9999999999795005
0.9999999999800251
0.9999999999806174
0.9999999999812746
0.9999999999819946
0.9999999999827748
0.9999999999836121
0.9999999999845041
0.9999999999854469
0.9999999999864363
0.9999999999874680
0.9999999999885382
0.9999999999896433
0.9999999999907799
0.9999999999919449
0.9999999999931347
0.9999999999943466
0.9999999999955769
0.9999999999968204
0.9999999999980734
0.9999999999993326
1.0000000000005957
1.0000000000018583
1.0000000000031162
1.0000000000043645
1.0000000000056006
1.0000000000068210
1.0000000000080211
1.0000000000091964
1.0000000000103424
1.0000000000114566
1.0000000000125358
1.0000000000135758
1.0000000000145723
1.0000000000155218
1.0000000000164211
1.0000000000172680
1.0000000000180598
1.0000000000187945
1.0000000000194713
1.0000000000200879
1.0000000000206437
1.0000000000211375
1.0000000000215674
1.0000000000219322
1.0000000000222293
1.0000000000224565
1.0000000000226112
1.0000000000226923
1.0000000000226981
1.0000000000226290
1.0000000000224838
1.0000000000222626
1.0000000000219655
1.0000000000215927
1.0000000000211442
1.0000000000206211
1.0000000000200240
1.0000000000193539
1.0000000000186120
1.0000000000177998
1.0000000000169187
1.0000000000159701
1.0000000000149549
1.0000000000138742
1.0000000000127300
1.0000000000115252
1.0000000000102631
1.0000000000089471
1.0000000000075804
1.0000000000061662
1.0000000000047078
1.0000000000032083
1.0000000000016716
1.0000000000001006
0.9999999999984980
0.9999999999968674
0.9999999999952114
0.9999999999935333
0.9999999999918369
0.9999999999901273
0.9999999999884085
0.9999999999866857
0.9999999999849635
0.9999999999832460
0.9999999999815372
0.9999999999798406
0.9999999999781604
0.9999999999765009
0.9999999999748652
0.9999999999732574
0.9999999999716817
0.9999999999701421
0.9999999999686426
0.9999999999671858
0.9999999999657750
0.9999999999644144
0.9999999999631084
0.9999999999618613
0.9999999999606773
0.9999999999595598
0.9999999999585115
0.9999999999575359
0.9999999999566351
0.9999999999558125
0.9999999999550688
0.9999999999544054
0.9999999999538242
0.9999999999533274
0.9999999999529164
0.9999999999525920
0.9999999999523558
0.9999999999522076
0.9999999999521491
0.9999999999521814
0.9999999999523069
0.9999999999525283
0.9999999999528467
0.9999999999532625
0.9999999999537741
0.9999999999543806
0.9999999999550813
0.9999999999558756
0.9999999999567635
0.9999999999577430
0.9999999999588115
0.9999999999599670
0.9999999999612078
0.9999999999625316
0.9999999999639357
0.9999999999654197
0.9999999999669823
0.9999999999686229
0.9999999999703392
0.9999999999721284
0.9999999999739866
0.9999999999759094
0.9999999999778912
0.9999999999799277
0.9999999999820147
0.9999999999841478
0.9999999999863241
0.9999999999885394
0.9999999999907891
0.9999999999930689
0.9999999999953729
0.9999999999976972
1.0000000000000384
1.0000000000023936
1.0000000000047589
1.0000000000071301
1.0000000000095015
1.0000000000118681
1.0000000000142244
1.0000000000165650
1.0000000000188844
1.0000000000211786
1.0000000000234439
1.0000000000256766
1.0000000000278726
1.0000000000300278
1.0000000000321381
1.0000000000341993
1.0000000000362070
1.0000000000381564
1.0000000000400440
1.0000000000418652
1.0000000000436160
1.0000000000452931
1.0000000000468929
1.0000000000484122
1.0000000000498472
1.0000000000511946
1.0000000000524516
1.0000000000536158
1.0000000000546849
1.0000000000556566
1.0000000000565290
1.0000000000573002
1.0000000000579687
1.0000000000585345
1.0000000000589964
1.0000000000593543
1.0000000000596083
1.0000000000597584
1.0000000000598039
1.0000000000597440
1.0000000000595792
1.0000000000593110
1.0000000000589406
