1.0053447139186289
1.0052774053427165
1.0051975668195465
1.0051053846390263
1.0050010739455191
1.0048848782736797
1.0047570690220191
1.0046179448649424
1.0044678311041162
1.0043070789601203
1.0041360648054405
1.0039551893399723
1.0037648767103180
1.0035655735742641
1.0033577481119551
1.0031418889853907
1.0029185042480033
1.0026881202061901
1.0024512802348098
1.0022085435487722
1.0019604839329919
1.0017076884331009
1.0014507560094434
1.0011902961570174
1.0009269274941530
1.0006612763228468
1.0003939751637991
1.0001256612693237
0.9998569751174231
0.9995885588904311
0.9993210549417423
0.9990551042542469
0.9987913448941805
0.9985304104641943
0.9982729285595205
0.9980195192311795
0.9977707934602270
0.9975273516470921
0.9972897821200729
0.9970586596670878
0.9968345440947698
0.9966179788189936
0.9964094894908790
0.9962095826622831
0.9960187444947263
0.9958374395156177
0.9956661094255541
0.9955051719603509
0.9953550198113371
0.9952160196072966
0.9950885109612817
0.9949728055853400
0.9948691864760072
0.9947779071732054
0.9946991910949682
0.9946332309501820
0.9945801882312809
0.9945401927885835
0.9945133424876819
0.9944997029510388
0.9944993073846516
0.9945121564903682
0.9945382184641510
0.9945774290802954
0.9946296918613151
0.9946948783329301
0.9947728283632984
0.9948633505853549
0.9949662229008599
0.9950811930644718
0.9952079793459253
0.9953462712681291
0.9954957304187743
0.9956559913328236
0.9958266624430372
0.9960073270954989
0.9961975446269222
0.9963968515003671
0.9966047624958380
0.9968207719521057
0.9970443550559893
0.9972749691752320
0.9975120552310250
0.9977550391061812
0.9980033330848995
0.9982563373200443
0.9985134413238460
0.9987740254779290
0.9990374625585905
0.9993031192732842
0.9995703578043080
0.9998385373557450
1.0001070156997753
1.0003751507185574
1.0006423019379589
1.0009078320495159
1.0011711084170944
1.0014315045648534
1.0016884016432055
1.0019411898695982
1.0021892699410686
1.0024320544156418
1.0026689690597805
1.0028994541592180
1.0031229657906364
1.0033389770517978
1.0035469792478480
1.0037464830316585
1.0039370194961896
1.0041181412169999
1.0042894232431328
1.0044504640347536
1.0046008863460147
1.0047403380517543
1.0048684929167431
1.0049850513063039
1.0050897408372457
1.0051823169681471
1.0052625635281354
1.0053302931834047
1.0053853478408170
1.0054275989880184
1.0054569479696034
1.0054733261989508
1.0054766953054370
1.0054670472168310
1.0054444041767547
1.0054088186971930
1.0053603734461092
1.0052991810703240
1.0052253839538925
1.0051391539123120
1.0050406918229766
1.0049302271923981
1.0048080176607932
1.0046743484447445
1.0045295317187313
1.0043739059364387
1.0042078350928485
1.0040317079282262
1.0038459370752277
1.0036509581504625
1.0034472287919640
1.0032352276441445
1.0030154532919122
1.0027884231457818
1.0025546722799126
1.0023147522251492
1.0020692297192610
1.0018186854167159
1.0015637125604469
1.0013049156182117
1.0010429088862676
1.0007783150632255
1.0005117637970566
1.0002438902083743
0.9999753333932150
0.9997067349086739
0.9994387372448562
0.9991719822867112
0.9989071097694220
0.9986447557311111
0.9983855509667017
0.9981301194868504
0.9978790769859257
0.9976330293230611
0.9973925710203387
0.9971582837822018
0.9969307350401799
0.9967104765270260
0.9964980428843326
0.9962939503076570
0.9960986952331399
0.9959127530695264
0.9957365769794069
0.9955705967134058
0.9954152175009097
0.9952708190007971
0.9951377543154748
0.9950163490713584
0.9949069005687421
0.9948096770038095
0.9947249167653179
0.9946528278082580
0.9945935871065554
0.9945473401866282
0.9945142007433511
0.9944942503397050
0.9944875381911243
0.9944940810352599
0.9945138630875956
0.9945468360830693
0.9945929194035587
0.9946520002908037
0.9947239341440481
0.9948085449014069
0.9949056255036788
0.9950149384390674
0.9951362163670067
0.9952691628190276
0.9954134529743736
0.9955687345078387
0.9957346285070846
0.9959107304564956
0.9960966112844388
0.9962918184706321
0.9964958772101646
0.9967082916305728
0.9969285460582584
0.9971561063304295
0.9973904211486586
0.9976309234700762
0.9978770319321718
0.9981281523071345
0.9983836789816363
0.9986429964579693
0.9989054808724512
0.9991705015270270
0.9994374224300513
0.9997056038422660
0.9999744038240597
1.0002431797801643
1.0005112899980273
1.0007780951761887
1.0010429599390900
1.0013052543348484
1.0015643553126417
1.0018196481764712
1.0020705280121858
1.0023164010847816
1.0025566862031119
1.0027908160492842
1.0030182384701409
1.0032384177283569
1.0034508357108198
1.0036549930920864
1.0038504104508466
1.0040366293374452
1.0042132132906409
1.0043797488019064
1.0045358462256995
1.0046811406342488
1.0048152926155094
1.0049379890130647
1.0050489436068619
1.0051478977337625
1.0052346208470109
1.0053089110138096
1.0053705953503005
1.0054195303933355
1.0054556024085319
1.0054787276341770
1.0054888524606584
1.0054859535451754
1.0054700378615733
1.0054411426852370
1.0053993355130653
1.0053447139186289
1.0052774053427165
1.0051975668195465
1.0051053846390263
