1.2248362468064187
1.2227198268502801
1.2202009923523824
1.2172807399897285
1.2139602467981196
1.2102408802611473
1.2061242100455820
1.2016120214861776
1.1967063309382497
1.1914094031326927
1.1857237706854473
1.1796522559318980
1.1731979952763156
1.1663644662673127
1.1591555176323147
1.1515754025272238
1.1436288152815979
1.1353209319446149
1.1266574549624420
1.1176446623428802
1.1082894616876102
1.0985994494949944
1.0885829761558934
1.0782492170795313
1.0676082503937943
1.0566711416614709
1.0454500360369732
1.0339582582521876
1.0222104207591398
1.0102225402635905
0.9980121627481707
0.9855984968950123
0.9730025555626204
0.9602473046343351
0.9473578181182907
0.9343614378215185
0.9212879352228590
0.9081696723098743
0.8950417571055030
0.8819421883779666
0.8689119825999344
0.8559952746145004
0.8432393817155641
0.8306948190333886
0.8184152523534554
0.8064573729667407
0.7948806780965247
0.7837471401829439
0.7731207492024861
0.7630669146580541
0.7536517182810993
0.7449410151323290
0.7369993897708988
0.7298889852792927
0.7236682355732530
0.7183905445237615
0.7141029674688623
0.7108449599049923
0.7086472627056363
0.7075309916427512
0.7075069905245521
0.7085754921641996
0.7107261110224871
0.7139381680469399
0.7181813248436417
0.7234164837630475
0.7295968951145912
0.7366694039589957
0.7445757670624370
0.7532539749133685
0.7626395227477614
0.7726665864937701
0.7832690726328321
0.7943815236621062
0.8059398720431836
0.8178820446057665
0.8301484261221482
0.8426821952671714
0.8554295487143747
0.8683398300749477
0.8813655801649056
0.8944625240604369
0.9075895088866700
0.9207084045284666
0.9337839776344931
0.9467837475310841
0.9596778310467297
0.9724387818121486
0.9850414283600752
0.9974627143012281
1.0096815429859252
1.0216786283561763
1.0334363531301280
1.0449386350184513
1.0561708013308815
1.0671194720726542
1.0777724514393128
1.0881186274807726
1.0981478796103241
1.1078509935720495
1.1172195834432608
1.1262460202308919
1.1349233666173626
1.1432453174183979
1.1512061453296187
1.1588006515580229
1.1660241209570230
1.1728722813080821
1.1793412664172374
1.1854275827201657
1.1911280791143894
1.1964399197614455
1.2013605596250430
1.2058877225333227
1.2100193815742397
1.2137537416527826
1.2170892240572599
1.2200244528993001
1.2225582433085258
1.2246895912782905
1.2264176650733576
1.2277417981241694
1.2286614833454386
1.2291763688293402
1.2292862548756649
1.2289910923330367
1.2282909822368029
1.2271861767405898
1.2256770813498499
1.2237642584771662
1.2214484323506780
1.2187304953189149
1.2156115156075984
1.2120927465968014
1.2081756377002544
1.2038618469427156
1.1991532553462907
1.1940519832524401
1.1885604087233113
1.1826811881840062
1.1764172794865462
1.1697719675966443
1.1627488931259740
1.1553520839553841
1.1475859902183618
1.1394555229388379
1.1309660966428430
1.1221236762891627
1.1129348288894001
1.1034067802118703
1.0935474769853761
1.0833656550366368
1.0728709138068966
1.0620737976964014
1.0509858846765892
1.0396198825846610
1.0279897334681873
1.0161107262717470
1.0039996180448263
0.9916747636900324
0.9791562540507420
0.9664660618429713
0.9536281945506161
0.9406688529072254
0.9276165929604367
0.9145024889357763
0.9013602931644353
0.8882265881983628
0.8751409248968347
0.8621459387361871
0.8492874348941113
0.8366144308474276
0.8241791433942047
0.8120369053168260
0.8002459955542168
0.7888673660300199
0.7779642485361294
0.7676016266936248
0.7578455614128772
0.7487623638064229
0.7404176173859274
0.7328750615616801
0.7261953605613479
0.7204347950495915
0.7156439266507895
0.7118662965596303
0.7091372266007917
0.7074827927526995
0.7069190361041963
0.7074514641852137
0.7090748774288804
0.7117735330919166
0.7155216349865946
0.7202841148623164
0.7260176529380801
0.7326718728658426
0.7401906411573452
0.7485134025814869
0.7575764900796915
0.7673143586462666
0.7776607055108696
0.7885494521385098
0.7999155757054355
0.8116957879587332
0.8238290673134092
0.8362570556377963
0.8489243346344768
0.8617785983919237
0.8747707389682752
0.8878548611700309
0.9009882413537936
0.9141312433915281
0.9272472031132433
0.9403022907264833
0.9532653590075578
0.9661077835216695
0.9788032997842188
0.9913278411286982
1.0036593800892630
1.0157777753219546
1.0276646254574537
1.0393031307787859
1.0506779632288623
1.0617751449560544
1.0725819353841304
1.0830867266311877
1.0932789469882342
1.1031489720914776
1.1126880433746558
1.1218881933620164
1.1307421773533008
1.1392434110549690
1.1473859137234508
1.1551642564037694
1.1625735148684486
1.1696092268855633
1.1762673534700352
1.1825442437979066
1.1884366034887675
1.1939414659863070
1.1990561667908510
1.2037783203205321
1.2081057991993642
1.2120367157908603
1.2155694058150213
1.2187024139045315
1.2214344809729099
1.2237645332832663
1.2256916731212764
1.2272151709901420
1.2283344592587442
1.2290491272069888
1.2293589174246717
1.2292637235320840
1.2287635892022009
1.2278587084757084
1.2265494273714721
1.2248362468064187
1.2227198268502801
1.2202009923523824
1.2172807399897285
