1.0047612205155216
1.0047012243655826
1.0046300596366844
1.0045478928427349
1.0044549162781351
1.0043513475980419
1.0042374293424514
1.0041134284048430
1.0039796354462041
1.0038363642553652
1.0036839510566595
1.0035227537660376
1.0033531511968614
1.0031755422167021
1.0029903448565842
1.0027979953742170
1.0025989472728680
1.0023936702776459
1.0021826492710664
1.0019663831898993
1.0017453838853916
1.0015201749490918
1.0012912905065994
1.0010592739816864
1.0008246768333462
1.0005880572684256
1.0003499789326102
1.0001110095826353
0.9998717197426857
0.9996326813480544
0.9993944663792043
0.9991576454894709
0.9989227866297089
0.9986904536732596
0.9984612050446751
0.9982355923556832
0.9980141590519155
0.9977974390739501
0.9975859555362435
0.9973802194275275
0.9971807283362414
0.9969879652045528
0.9968023971144903
0.9966244741096547
0.9964546280559309
0.9962932715445382
0.9961407968406711
0.9959975748808818
0.9958639543222441
0.9957402606461980
0.9956267953198472
0.9955238350173069
0.9954316309035465
0.9953504079829858
0.9952803645149084
0.9952216714975595
0.9951744722225867
0.9951388819012492
0.9951149873636138
0.9951028468317074
0.9951024897673665
0.9951139167952754
0.9951370997014484
0.9951719815071565
0.9952184766180604
0.9952764710480658
0.9953458227171706
0.9954263618223411
0.9955178912802135
0.9956201872402024
0.9957329996663647
0.9958560529861658
0.9959890468040825
0.9961316566778013
0.9962835349545707
0.9964443116651143
0.9966135954723466
0.9967909746719850
0.9969760182420351
0.9971682769379998
0.9973672844305582
0.9975725584823828
0.9977836021606812
0.9979999050819889
0.9982209446856917
0.9984461875327327
0.9986750906259299
0.9989071027483228
0.9991416658159833
0.9993782162417293
0.9996161863062230
0.9998550055329624
1.0000941020637271
1.0003329040311058
1.0005708409247906
1.0008073449484061
1.0010418523637130
1.0012738048191243
1.0015026506595561
1.0017278462147423
1.0019488570632404
1.0021651592694603
1.0023762405911592
1.0025816016549562
1.0027807570975280
1.0029732366702639
1.0031585863052739
1.0033363691407513
1.0035061665038065
1.0036675788490053
1.0038202266509513
1.0039637512493587
1.0040978156451825
1.0042221052464666
1.0043363285626794
1.0044402178464109
1.0045335296814051
1.0046160455159974
1.0046875721411352
1.0047479421122330
1.0047970141142275
1.0048346732692834
1.0048608313866820
1.0048754271545310
1.0048784262730002
1.0048698215288976
1.0048496328114676
1.0048179070693948
1.0047747182090712
1.0047201669342782
1.0046543805275197
1.0045775125733274
1.0044897426239552
1.0043912758079581
1.0042823423822529
1.0041631972283442
1.0040341192934932
1.0038954109777078
1.0037473974675251
1.0035904260176529
1.0034248651816562
1.0032511039929550
1.0030695510975234
1.0028806338397771
1.0026847973032524
1.0024825033077853
1.0022742293650118
1.0020604675941243
1.0018417235999337
1.0016185153153989
1.0013913718108964
1.0011608320726217
1.0009274437526170
1.0006917618930355
1.0004543476273640
1.0002157668614144
0.9999765889370140
0.9997373852814072
0.9994987280454786
0.9992611887339918
0.9990253368311154
0.9987917384245809
0.9985609548318811
0.9983335412319680
0.9981100453059577
0.9978910058903837
0.9976769516465658
0.9974683997496651
0.9972658546010095
0.9970698065672476
0.9968807307498747
0.9966990857886299
0.9965253127022102
0.9963598337696817
0.9962030514558902
0.9960553473840709
0.9959170813587598
0.9957885904419703
0.9956701880854805
0.9955621633219133
0.9954647800171365
0.9953782761863297
0.9953028633758835
0.9952387261130954
0.9951860214254306
0.9951448784308849
0.9951153980007784
0.9950976524960636
0.9950916855780124
0.9950975120938900
0.9951151180379940
0.9951444605881848
0.9951854682177832
0.9952380408824775
0.9953020502816258
0.9953773401931092
0.9954637268806479
0.9955609995722682
0.9956689210083806
0.9957872280577170
0.9959156323991653
0.9960538212673380
0.9962014582595405
0.9963581842016108
0.9965236180699545
0.9966973579669423
0.9968789821467002
0.9970680500881984
0.9972641036124410
0.9974666680404607
0.9976752533887375
0.9978893555985969
0.9981084577960909
0.9983320315788259
0.9985595383261681
0.9987904305292531
0.9990241531372276
0.9992601449161486
0.9994978398170081
0.9997366683493680
0.9999760589571470
1.0002154393931466
1.0004542380889778
1.0006918855171072
1.0009278155418280
1.0011614667560478
1.0013922838008698
1.0016197186650451
1.0018432319614734
1.0020622941780319
1.0022763869001201
1.0024850040024207
1.0026876528074820
1.0028838552088455
1.0030731487565561
1.0032550877029998
1.0034292440071335
1.0035952082952797
1.0037525907767744
1.0039010221128633
1.0040401542373532
1.0041696611276349
1.0042892395247938
1.0043986096016317
1.0044975155775229
1.0045857262791311
1.0046630356461106
1.0047292631810052
1.0047842543426593
1.0048278808825468
1.0048600411235129
1.0048806601805105
1.0048896901230104
1.0048871100788415
1.0048729262793095
1.0048471720455330
1.0048099077160091
1.0047612205155216
1.0047012243655826
1.0046300596366844
1.0045478928427349
