1.0002699447313557
1.0002665396055204
1.0002624991551865
1.0002578330496079
1.0002525524509518
1.0002466699877373
1.0002401997247825
1.0002331571297303
1.0002255590362346
1.0002174236038939
1.0002087702750211
1.0001996197283565
1.0001899938298298
1.0001799155804880
1.0001694090617081
1.0001584993778316
1.0001472125963469
1.0001355756857675
1.0001236164513494
1.0001113634688008
1.0000988460161404
1.0000860940038643
1.0000731379035919
1.0000600086753504
1.0000467376936817
1.0000333566727393
1.0000198975905552
1.0000063926126588
0.9999928740152271
0.9999793741079588
0.9999659251568391
0.9999525593069961
0.9999393085058256
0.9999262044265685
0.9999132783925275
0.9999005613021008
0.9998880835548147
0.9998758749785357
0.9998639647580347
0.9998523813650761
0.9998411524901977
0.9998303049763497
0.9998198647545509
0.9998098567817212
0.9998003049808382
0.9997912321835588
0.9997826600754534
0.9997746091439782
0.9997670986293187
0.9997601464782154
0.9997537693008924
0.9997479823311907
0.9997427993899966
0.9997382328520668
0.9997342936163194
0.9997309910796692
0.9997283331144728
0.9997263260496321
0.9997249746554060
0.9997242821319685
0.9997242501017394
0.9997248786055064
0.9997261661023483
0.9997281094733592
0.9997307040291644
0.9997339435212121
0.9997378201568095
0.9997423246178687
0.9997474460833168
0.9997531722551143
0.9997594893878209
0.9997663823216321
0.9997738345188135
0.9997818281034352
0.9997903439043133
0.9997993615010577
0.9998088592731119
0.9998188144516640
0.9998292031743028
0.9998400005422875
0.9998511806802916
0.9998627167984758
0.9998745812567442
0.9998867456310188
0.9998991807813845
0.9999118569219304
0.9999247436921237
0.9999378102295386
0.9999510252437728
0.9999643570913685
0.9999777738515615
0.9999912434026713
1.0000047334989544
1.0000182118477352
1.0000316461866272
1.0000450043606626
1.0000582543991434
1.0000713645920367
1.0000843035657239
1.0000970403579283
1.0001095444916441
1.0001217860478868
1.0001337357370987
1.0001453649690308
1.0001566459209434
1.0001675516039601
1.0001780559274214
1.0001881337610843
1.0001977609950168
1.0002069145970551
1.0002155726676782
1.0002237144921788
1.0002313205900013
1.0002383727611375
1.0002448541294633
1.0002507491829198
1.0002560438104433
1.0002607253355607
1.0002647825465640
1.0002682057232004
1.0002709866598087
1.0002731186848557
1.0002745966768214
1.0002754170763983
1.0002755778949717
1.0002750787193677
1.0002739207128506
1.0002721066123754
1.0002696407220968
1.0002665289031514
1.0002627785597340
1.0002583986215055
1.0002533995223692
1.0002477931756708
1.0002415929458712
1.0002348136167665
1.0002274713563279
1.0002195836782404
1.0002111694002354
1.0002022485993118
1.0001928425639528
1.0001829737434484
1.0001726656944441
1.0001619430248434
1.0001508313351923
1.0001393571576849
1.0001275478929397
1.0001154317446892
1.0001030376525388
1.0000903952229556
1.0000775346586488
1.0000644866865100
1.0000512824842860
1.0000379536061546
1.0000245319073844
1.0000110494682530
0.9999975385174096
0.9999840313548605
0.9999705602747648
0.9999571574882242
0.9999438550462501
0.9999306847630918
0.9999176781401128
0.9999048662903953
0.9998922798642573
0.9998799489758547
0.9998679031310516
0.9998561711567261
0.9998447811316905
0.9998337603193845
0.9998231351025115
0.9998129309197695
0.9998031722048339
0.9997938823277358
0.9997850835387818
0.9997767969151503
0.9997690423102915
0.9997618383062564
0.9997552021690733
0.9997491498072740
0.9997436957336747
0.9997388530305054
0.9997346333179700
0.9997310467263131
0.9997281018714658
0.9997258058343271
0.9997241641437306
0.9997231807631392
0.9997228580811020
0.9997231969054945
0.9997241964615553
0.9997258543937264
0.9997281667712925
0.9997311280978036
0.9997347313242591
0.9997389678660229
0.9997438276234255
0.9997492990060032
0.9997553689603161
0.9997620230012783
0.9997692452469218
0.9997770184565115
0.9997853240719147
0.9997941422621303
0.9998034519708642
0.9998132309670378
0.9998234558981086
0.9998341023460680
0.9998451448859856
0.9998565571469569
0.9998683118753070
0.9998803809998950
0.9998927356993628
0.9999053464711694
0.9999181832022362
0.9999312152410424
0.9999444114709878
0.9999577403848527
0.9999711701601759
0.9999846687353636
0.9999982038863545
1.0000117433036524
1.0000252546695421
1.0000387057353060
1.0000520643982567
1.0000652987784011
1.0000783772945514
1.0000912687397043
1.0001039423555094
1.0001163679056446
1.0001285157479349
1.0001403569050304
1.0001518631334847
1.0001630069910674
1.0001737619021556
1.0001841022210407
1.0001940032930101
1.0002034415130543
1.0002123943820624
1.0002208405603776
1.0002287599185817
1.0002361335853864
1.0002429439925271
1.0002491749165474
1.0002548115173793
1.0002598403736269
1.0002642495144762
1.0002680284481460
1.0002711681868215
1.0002736612680092
1.0002755017722629
1.0002766853372411
1.0002772091680594
1.0002770720439191
1.0002762743209905
1.0002748179315490
1.0002727063793648
1.0002699447313557
1.0002665396055204
1.0002624991551865
1.0002578330496079
