1.0113939506980336
1.0112514145175118
1.0110823331504559
1.0108870899035718
1.0106661277146443
1.0104199483122946
1.0101491112599126
1.0098542328839708
1.0095359850870058
1.0091950940456276
1.0088323387940410
1.0084485496936815
1.0080446067897062
1.0076214380552571
1.0071800175245886
1.0067213633163741
1.0062465355487242
1.0057566341477215
1.0052527965515319
1.0047361953124758
1.0042080355997469
1.0036695526058241
1.0031220088599822
1.0025666914526903
1.0020049091750849
1.0014379895781331
1.0008672759565183
1.0002941242627361
0.9997198999573284
0.9991459748016381
0.9985737235999315
0.9980045208981742
0.9974397376472074
0.9968807378384978
0.9963288751210566
0.9957854894085284
0.9952519034858281
0.9947294196250425
0.9942193162206363
0.9937228444542795
0.9932412249998370
0.9927756447792561
0.9923272537802150
0.9918971619464793
0.9914864361519333
0.9910960972692132
0.9907271173437592
0.9903804168839404
0.9900568622776608
0.9897572633455634
0.9894823710405570
0.9892328753029667
0.9890094030800907
0.9888125165183933
0.9886427113359183
0.9885004153818305
0.9883859873892543
0.9882997159267884
0.9882418185532577
0.9882124411793890
0.9882116576392150
0.9882394694730924
0.9882958059232880
0.9883805241421583
0.9884934096120007
0.9886341767747315
0.9888024698686315
0.9889978639685029
0.9892198662247154
0.9894679172957985
0.9897413929684414
0.9900396059580273
0.9903618078821382
0.9907071913988368
0.9910748925009566
0.9914639929571313
0.9918735228898360
0.9923024634803560
0.9927497497902782
0.9932142736888641
0.9936948868754887
0.9941904039862199
0.9946996057735749
0.9952212423485023
0.9957540364737218
0.9962966868976816
0.9968478717185749
0.9974062517680976
0.9979704740048848
0.9985391749079006
0.9991109838603770
0.9996845265152956
1.0002584281337925
1.0008313168882907
1.0014018271226011
1.0019686025616743
1.0025302994641498
1.0030855897112878
1.0036331638263409
1.0041717339188567
1.0047000365488568
1.0052168355062605
1.0057209245013485
1.0062111297624505
1.0066863125374439
1.0071453714960024
1.0075872450298791
1.0080109134488453
1.0084154010701909
1.0087997781999811
1.0091631630045237
1.0095047232707199
1.0098236780541971
1.0101192992143018
1.0103909128351958
1.0106379005324504
1.0108597006446536
1.0110558093096611
1.0112257814251988
1.0113692314936116
1.0114858343506008
1.0115753257778513
1.0116375029994713
1.0116722250622043
1.0116794130993891
1.0116590504786460
1.0116111828332843
1.0115359179774328
1.0114334257048883
1.0113039374716974
1.0111477459624849
1.0109652045405613
1.0107567265818629
1.0105227846928073
1.0102639098121866
1.0099806901972732
1.0096737702943839
1.0093438494942162
1.0089916807723864
1.0086180692156992
1.0082238704348239
1.0078099888642038
1.0073773759501978
1.0069270282286586
1.0064599852933669
1.0059773276569912
1.0054801745064992
1.0049696813552464
1.0044470375942784
1.0039134639457090
1.0033702098214043
1.0028185505905618
1.0022597847601857
1.0016952310728551
1.0011262255266118
1.0005541183222340
0.9999802707436031
0.9994060519773279
0.9988328358782432
0.9982619976878553
0.9976949107132620
0.9971329429745095
0.9965774538287805
0.9960297905802251
0.9954912850846267
0.9949632503584634
0.9944469772022576
0.9939437308483979
0.9934547476438779
0.9929812317786020
0.9925243520700688
0.9920852388153537
0.9916649807213549
0.9912646219242675
0.9908851591091682
0.9905275387404611
0.9901926544137232
0.9898813443392269
0.9895943889670736
0.9893325087634586
0.9890963621471187
0.9888865435944777
0.9887035819214001
0.9885479387488129
0.9884200071587304
0.9883201105464673
0.9882485016740040
0.9882053619286316
0.9881908007901224
0.9882048555087689
0.9882474909957026
0.9883185999259814
0.9884180030539876
0.9885454497397469
0.9887006186838547
0.9888831188677906
0.9890924906955200
0.9893282073314414
0.9895896762289198
0.9898762408428862
0.9901871825192752
0.9905217225533971
0.9908790244087581
0.9912581960872834
0.9916582926414390
0.9920783188183274
0.9925172318254973
0.9929739442079264
0.9934473268254363
0.9939362119196611
0.9944393962596065
0.9949556443548361
0.9954836917253589
0.9960222482174085
0.9965700013544531
0.9971256197129902
0.9976877563129343
0.9982550520126920
0.9988261388993636
0.9993996436648582
0.9999741909591068
1.0005484067119661
1.0011209214158379
1.0016903733614637
1.0022554118198115
1.0028147001634222
1.0033669189210459
1.0039107687598401
1.0044449733898575
1.0049682823859853
1.0054794739229205
1.0059773574191793
1.0064607760865316
1.0069286093816334
1.0073797753569704
1.0078132329085774
1.0082279839183039
1.0086230752886840
1.0089976008687382
1.0093507032692821
1.0096815755665318
1.0099894628930057
1.0102736639148855
1.0105335321951667
1.0107684774420551
1.0109779666421894
1.0111615250783661
1.0113187372315235
1.0114492475668100
1.0115527612036070
1.0116290444694325
1.0116779253376631
1.0116992937490485
1.0116931018169986
1.0116593639166349
1.0115981566576060
1.0115096187406678
1.0113939506980336
1.0112514145175118
1.0110823331504559
1.0108870899035718
