1.0000000000520679
1.0000000000519418
1.0000000000517235
1.0000000000514155
1.0000000000510185
1.0000000000505345
1.0000000000499654
1.0000000000493154
1.0000000000485874
1.0000000000477842
1.0000000000469076
1.0000000000459597
1.0000000000449423
1.0000000000438580
1.0000000000427098
1.0000000000415006
1.0000000000402345
1.0000000000389153
1.0000000000375469
1.0000000000361324
1.0000000000346749
1.0000000000331768
1.0000000000316422
1.0000000000300746
1.0000000000284781
1.0000000000268581
1.0000000000252183
1.0000000000235623
1.0000000000218938
1.0000000000202169
1.0000000000185347
1.0000000000168516
1.0000000000151708
1.0000000000134959
1.0000000000118310
1.0000000000101794
1.0000000000085445
1.0000000000069296
1.0000000000053364
1.0000000000037692
1.0000000000022329
1.0000000000007305
0.9999999999992660
0.9999999999978437
0.9999999999964670
0.9999999999951383
0.9999999999938596
0.9999999999926346
0.9999999999914654
0.9999999999903539
0.9999999999893029
0.9999999999883141
0.9999999999873899
0.9999999999865318
0.9999999999857423
0.9999999999850222
0.9999999999843717
0.9999999999837902
0.9999999999832767
0.9999999999828302
0.9999999999824506
0.9999999999821387
0.9999999999818957
0.9999999999817225
0.9999999999816199
0.9999999999815873
0.9999999999816243
0.9999999999817302
0.9999999999819035
0.9999999999821432
0.9999999999824475
0.9999999999828132
0.9999999999832384
0.9999999999837204
0.9999999999842573
0.9999999999848481
0.9999999999854912
0.9999999999861837
0.9999999999869232
0.9999999999877061
0.9999999999885294
0.9999999999893915
0.9999999999902911
0.9999999999912240
0.9999999999921865
0.9999999999931757
0.9999999999941876
0.9999999999952193
0.9999999999962681
0.9999999999973307
0.9999999999984047
0.9999999999994872
1.0000000000005742
1.0000000000016618
1.0000000000027458
1.0000000000038205
1.0000000000048823
1.0000000000059284
1.0000000000069558
1.0000000000079614
1.0000000000089435
1.0000000000098999
1.0000000000108280
1.0000000000117246
1.0000000000125857
1.0000000000134086
1.0000000000141893
1.0000000000149241
1.0000000000156097
1.0000000000162443
1.0000000000168261
1.0000000000173532
1.0000000000178251
1.0000000000182392
1.0000000000185951
1.0000000000188909
1.0000000000191258
1.0000000000192990
1.0000000000194103
1.0000000000194589
1.0000000000194431
1.0000000000193630
1.0000000000192173
1.0000000000190057
1.0000000000187277
1.0000000000183835
1.0000000000179730
1.0000000000174969
1.0000000000169567
1.0000000000163538
1.0000000000156894
1.0000000000149658
1.0000000000141851
1.0000000000133487
1.0000000000124589
1.0000000000115175
1.0000000000105254
1.0000000000094844
1.0000000000083955
1.0000000000072595
1.0000000000060785
1.0000000000048566
1.0000000000035967
1.0000000000023013
1.0000000000009730
0.9999999999996152
0.9999999999982316
0.9999999999968261
0.9999999999954023
0.9999999999939631
0.9999999999925108
0.9999999999910478
0.9999999999895779
0.9999999999881032
0.9999999999866267
0.9999999999851510
0.9999999999836796
0.9999999999822171
0.9999999999807678
0.9999999999793372
0.9999999999779281
0.9999999999765421
0.9999999999751830
0.9999999999738541
0.9999999999725598
0.9999999999713036
0.9999999999700895
0.9999999999689210
0.9999999999678008
0.9999999999667323
0.9999999999657186
0.9999999999647622
0.9999999999638659
0.9999999999630329
0.9999999999622652
0.9999999999615645
0.9999999999609325
0.9999999999603701
0.9999999999598789
0.9999999999594612
0.9999999999591186
0.9999999999588524
0.9999999999586644
0.9999999999585562
0.9999999999585288
0.9999999999585825
0.9999999999587166
0.9999999999589305
0.9999999999592245
0.9999999999596002
0.9999999999600580
0.9999999999605966
0.9999999999612165
0.9999999999619166
0.9999999999626961
0.9999999999635540
0.9999999999644892
0.9999999999655003
0.9999999999665860
0.9999999999677444
0.9999999999689736
0.9999999999702719
0.9999999999716361
0.9999999999730630
0.9999999999745496
0.9999999999760928
0.9999999999776904
0.9999999999793411
0.9999999999810426
0.9999999999827922
0.9999999999845868
0.9999999999864226
0.9999999999882967
0.9999999999902051
0.9999999999921441
0.9999999999941100
0.9999999999961000
0.9999999999981090
1.0000000000001337
1.0000000000021703
1.0000000000042137
1.0000000000062603
1.0000000000083058
1.0000000000103462
1.0000000000123768
1.0000000000143934
1.0000000000163913
1.0000000000183680
1.0000000000203197
1.0000000000222433
1.0000000000241349
1.0000000000259912
1.0000000000278091
1.0000000000295846
1.0000000000313150
1.0000000000329969
1.0000000000346285
1.0000000000362061
1.0000000000377265
1.0000000000391858
1.0000000000405813
1.0000000000419100
1.0000000000431684
1.0000000000443523
1.0000000000454583
1.0000000000464848
1.0000000000474303
1.0000000000482931
1.0000000000490725
1.0000000000497666
1.0000000000503730
1.0000000000508902
1.0000000000513163
1.0000000000516509
1.0000000000518934
1.0000000000520435
1.0000000000521019
1.0000000000520679
1.0000000000519418
1.0000000000517235
1.0000000000514155
