1.0000019066941379
1.0000018833074054
1.0000018554742369
1.0000018232619570
1.0000017867483220
1.0000017460213373
1.0000017011790461
1.0000016523292932
1.0000015995894664
1.0000015430862181
1.0000014829551600
1.0000014193405382
1.0000013523948910
1.0000012822786832
1.0000012091599186
1.0000011332137431
1.0000010546220233
1.0000009735729121
1.0000008902603985
1.0000008048838440
1.0000007176475052
1.0000006287600458
1.0000005384340374
1.0000004468854515
1.0000003543331435
1.0000002609983298
1.0000001671040606
1.0000000728746845
0.9999999785353124
0.9999998843112791
0.9999997904276063
0.9999996971084650
0.9999996045766378
0.9999995130529883
0.9999994227559318
0.9999993339009140
0.9999992466998973
0.9999991613608537
0.9999990780872680
0.9999989970776512
0.9999989185250657
0.9999988426166657
0.9999987695332492
0.9999986994488267
0.9999986325302052
0.9999985689365887
0.9999985088192007
0.9999984523209229
0.9999983995759540
0.9999983507094877
0.9999983058374143
0.9999982650660455
0.9999982284918599
0.9999981962012735
0.9999981682704334
0.9999981447650372
0.9999981257401764
0.9999981112402051
0.9999981012986336
0.9999980959380489
0.9999980951700632
0.9999980989952865
0.9999981074033230
0.9999981203727999
0.9999981378714193
0.9999981598560344
0.9999981862727548
0.9999982170570764
0.9999982521340344
0.9999982914183843
0.9999983348148066
0.9999983822181365
0.9999984335136159
0.9999984885771667
0.9999985472756900
0.9999986094673838
0.9999986750020838
0.9999987437216225
0.9999988154602084
0.9999988900448259
0.9999989672956473
0.9999990470264647
0.9999991290451364
0.9999992131540446
0.9999992991505702
0.9999993868275779
0.9999994759739116
0.9999995663749015
0.9999996578128766
0.9999997500676876
0.9999998429172337
0.9999999361379929
1.0000000295055584
1.0000001227951769
1.0000002157822858
1.0000003082430513
1.0000003999549043
1.0000004906970745
1.0000005802511165
1.0000006684014351
1.0000007549357994
1.0000008396458522
1.0000009223276076
1.0000010027819435
1.0000010808150754
1.0000011562390207
1.0000012288720483
1.0000012985391156
1.0000013650722870
1.0000014283111358
1.0000014881031283
1.0000015443039907
1.0000015967780527
1.0000016453985727
1.0000016900480428
1.0000017306184699
1.0000017670116343
1.0000017991393271
1.0000018269235593
1.0000018502967518
1.0000018692018944
1.0000018835926836
1.0000018934336337
1.0000018987001633
1.0000018993786548
1.0000018954664873
1.0000018869720417
1.0000018739146848
1.0000018563247211
1.0000018342433232
1.0000018077224317
1.0000017768246316
1.0000017416230031
1.0000017022009486
1.0000016586519942
1.0000016110795646
1.0000015595967369
1.0000015043259705
1.0000014453988160
1.0000013829556000
1.0000013171450892
1.0000012481241358
1.0000011760573033
1.0000011011164740
1.0000010234804382
1.0000009433344674
1.0000008608698705
1.0000007762835357
1.0000006897774598
1.0000006015582690
1.0000005118367219
1.0000004208272082
1.0000003287472357
1.0000002358169116
1.0000001422584122
1.0000000482954534
0.9999999541527547
0.9999998600555038
0.9999997662288178
0.9999996728972056
0.9999995802840312
0.9999994886109794
0.9999993980975276
0.9999993089604184
0.9999992214131416
0.9999991356654246
0.9999990519227293
0.9999989703857611
0.9999988912499895
0.9999988147051790
0.9999987409349372
0.9999986701162749
0.9999986024191813
0.9999985380062183
0.9999984770321314
0.9999984196434794
0.9999983659782847
0.9999983161657028
0.9999982703257092
0.9999982285688144
0.9999981909957981
0.9999981576974705
0.9999981287544530
0.9999981042369862
0.9999980842047594
0.9999980687067672
0.9999980577811943
0.9999980514553212
0.9999980497454595
0.9999980526569118
0.9999980601839579
0.9999980723098683
0.9999980890069419
0.9999981102365733
0.9999981359493445
0.9999981660851408
0.9999982005732946
0.9999982393327526
0.9999982822722686
0.9999983292906219
0.9999983802768576
0.9999984351105501
0.9999984936620934
0.9999985557930077
0.9999986213562692
0.9999986901966624
0.9999987621511495
0.9999988370492587
0.9999989147134909
0.9999989949597425
0.9999990775977461
0.9999991624315232
0.9999992492598525
0.9999993378767493
0.9999994280719563
0.9999995196314462
0.9999996123379330
0.9999997059713902
0.9999998003095749
0.9999998951285589
0.9999999902032628
1.0000000853079913
1.0000001802169740
1.0000002747049050
1.0000003685474781
1.0000004615219231
1.0000005534075385
1.0000006439862166
1.0000007330429646
1.0000008203664172
1.0000009057493406
1.0000009889891275
1.0000010698882813
1.0000011482548858
1.0000012239030640
1.0000012966534209
1.0000013663334713
1.0000014327780533
1.0000014958297196
1.0000015553391135
1.0000016111653254
1.0000016631762307
1.0000017112488022
1.0000017552694049
1.0000017951340674
1.0000018307487275
1.0000018620294582
1.0000018889026663
1.0000019113052692
1.0000019291848443
1.0000019424997517
1.0000019512192366
1.0000019553234998
1.0000019548037462
1.0000019496622028
1.0000019399121132
1.0000019255777064
1.0000019066941379
1.0000018833074054
1.0000018554742369
1.0000018232619570
