1.0000000000060407
1.0000000000060749
1.0000000000060998
1.0000000000061158
1.0000000000061238
1.0000000000061224
1.0000000000061116
1.0000000000060920
1.0000000000060638
1.0000000000060274
1.0000000000059839
1.0000000000059333
1.0000000000058749
1.0000000000058096
1.0000000000057379
1.0000000000056599
1.0000000000055755
1.0000000000054841
1.0000000000053859
1.0000000000052813
1.0000000000051719
1.0000000000050577
1.0000000000049398
1.0000000000048188
1.0000000000046949
1.0000000000045690
1.0000000000044413
1.0000000000043117
1.0000000000041804
1.0000000000040494
1.0000000000039202
1.0000000000037925
1.0000000000036666
1.0000000000035414
1.0000000000034166
1.0000000000032927
1.0000000000031699
1.0000000000030485
1.0000000000029285
1.0000000000028093
1.0000000000026912
1.0000000000025742
1.0000000000024578
1.0000000000023426
1.0000000000022280
1.0000000000021156
1.0000000000020066
1.0000000000019003
1.0000000000017957
1.0000000000016935
1.0000000000015941
1.0000000000014977
1.0000000000014053
1.0000000000013174
1.0000000000012348
1.0000000000011571
1.0000000000010845
1.0000000000010159
1.0000000000009497
1.0000000000008853
1.0000000000008229
1.0000000000007641
1.0000000000007099
1.0000000000006615
1.0000000000006184
1.0000000000005809
1.0000000000005482
1.0000000000005207
1.0000000000004983
1.0000000000004803
1.0000000000004658
1.0000000000004554
1.0000000000004488
1.0000000000004454
1.0000000000004454
1.0000000000004476
1.0000000000004516
1.0000000000004570
1.0000000000004634
1.0000000000004707
1.0000000000004803
1.0000000000004916
1.0000000000005045
1.0000000000005194
1.0000000000005373
1.0000000000005584
1.0000000000005824
1.0000000000006086
1.0000000000006359
1.0000000000006628
1.0000000000006883
1.0000000000007117
1.0000000000007327
1.0000000000007518
1.0000000000007692
1.0000000000007849
1.0000000000008002
1.0000000000008145
1.0000000000008278
1.0000000000008402
1.0000000000008524
1.0000000000008638
1.0000000000008749
1.0000000000008848
1.0000000000008920
1.0000000000008966
1.0000000000008977
1.0000000000008959
1.0000000000008908
1.0000000000008828
1.0000000000008713
1.0000000000008569
1.0000000000008393
1.0000000000008185
1.0000000000007949
1.0000000000007687
1.0000000000007419
1.0000000000007159
1.0000000000006917
1.0000000000006699
1.0000000000006501
1.0000000000006315
1.0000000000006135
1.0000000000005957
1.0000000000005775
1.0000000000005589
1.0000000000005391
1.0000000000005187
1.0000000000004978
1.0000000000004758
1.0000000000004532
1.0000000000004303
1.0000000000004075
1.0000000000003850
1.0000000000003637
1.0000000000003428
1.0000000000003220
1.0000000000002995
1.0000000000002749
1.0000000000002478
1.0000000000002178
1.0000000000001843
1.0000000000001461
1.0000000000001046
1.0000000000000613
1.0000000000000175
0.9999999999999741
0.9999999999999315
0.9999999999998886
0.9999999999998456
0.9999999999998012
0.9999999999997562
0.9999999999997112
0.9999999999996666
0.9999999999996220
0.9999999999995769
0.9999999999995313
0.9999999999994859
0.9999999999994409
0.9999999999993959
0.9999999999993496
0.9999999999993016
0.9999999999992525
0.9999999999992022
0.9999999999991501
0.9999999999990957
0.9999999999990389
0.9999999999989797
0.9999999999989184
0.9999999999988550
0.9999999999987909
0.9999999999987269
0.9999999999986645
0.9999999999986053
0.9999999999985510
0.9999999999985029
0.9999999999984602
0.9999999999984219
0.9999999999983875
0.9999999999983559
0.9999999999983268
0.9999999999983010
0.9999999999982787
0.9999999999982588
0.9999999999982411
0.9999999999982259
0.9999999999982142
0.9999999999982058
0.9999999999982000
0.9999999999981967
0.9999999999981963
0.9999999999981991
0.9999999999982060
0.9999999999982184
0.9999999999982375
0.9999999999982632
0.9999999999982947
0.9999999999983322
0.9999999999983750
0.9999999999984237
0.9999999999984776
0.9999999999985364
0.9999999999986002
0.9999999999986690
0.9999999999987427
0.9999999999988219
0.9999999999989071
0.9999999999989976
0.9999999999990935
0.9999999999991961
0.9999999999993062
0.9999999999994240
0.9999999999995495
0.9999999999996827
0.9999999999998231
0.9999999999999690
1.0000000000001197
1.0000000000002738
1.0000000000004301
1.0000000000005871
1.0000000000007452
1.0000000000009028
1.0000000000010609
1.0000000000012199
1.0000000000013793
1.0000000000015394
1.0000000000017006
1.0000000000018632
1.0000000000020273
1.0000000000021934
1.0000000000023619
1.0000000000025333
1.0000000000027063
1.0000000000028797
1.0000000000030542
1.0000000000032305
1.0000000000034082
1.0000000000035860
1.0000000000037634
1.0000000000039397
1.0000000000041140
1.0000000000042844
1.0000000000044500
1.0000000000046101
1.0000000000047637
1.0000000000049110
1.0000000000050513
1.0000000000051845
1.0000000000053106
1.0000000000054288
1.0000000000055385
1.0000000000056390
1.0000000000057299
1.0000000000058107
1.0000000000058820
1.0000000000059444
1.0000000000059972
1.0000000000060407
1.0000000000060749
1.0000000000060998
1.0000000000061158
