1.0019537294534446
1.0019290507581342
1.0018997768616604
1.0018659771916134
1.0018277319035138
1.0017851316960247
1.0017382776017205
1.0016872807538471
1.0016322621295404
1.0015733522700454
1.0015106909785085
1.0014444269959752
1.0013747176562693
1.0013017285204817
1.0012256329918463
1.0011466119118178
1.0010648531382136
1.0009805511063350
1.0008939063740179
1.0008051251516066
1.0007144188178854
1.0006220034230393
1.0005280991797532
1.0004329299435899
1.0003367226838340
1.0002397069459945
1.0001421143072120
1.0000441778258307
0.9999461314864129
0.9998482096415087
0.9997506464515030
0.9996536753238739
0.9995575283532112
0.9994624357633560
0.9993686253530178
0.9992763219462354
0.9991857468490435
0.9990971173136964
0.9990106460117946
0.9989265405176467
0.9988450028031811
0.9987662287456968
0.9986904076497273
0.9986177217842496
0.9985483459364449
0.9984824469831813
0.9984201834813471
0.9983617052781167
0.9983071531421854
0.9982566584169572
0.9982103426966136
0.9981683175259406
0.9981306841247167
0.9980975331374132
0.9980689444088868
0.9980449867866757
0.9980257179504359
0.9980111842689883
0.9980014206853655
0.9979964506301763
0.9979962859635244
0.9980009269456418
0.9980103622363158
0.9980245689231155
0.9980435125783362
0.9980671473445071
0.9980954160482239
0.9981282503420004
0.9981655708737418
0.9982072874833881
0.9982532994261724
0.9983034956219037
0.9983577549295864
0.9984159464466372
0.9984779298318879
0.9985435556515072
0.9986126657469142
0.9986850936236991
0.9987606648605196
0.9988391975368905
0.9989205026787406
0.9990043847205680
0.9990906419829919
0.9991790671644623
0.9992694478458621
0.9993615670067088
0.9994552035516420
0.9995501328458686
0.9996461272582172
0.9997429567104518
0.9998403892314788
0.9999381915150900
1.0000361294798750
1.0001339688299475
1.0002314756151363
1.0003284167893030
1.0004245607654634
1.0005196779664058
1.0006135413695219
1.0007059270445828
1.0007966146832328
1.0008853881189841
1.0009720358365377
1.0010563514692872
1.0011381342838894
1.0012171896508326
1.0012933294999653
1.0013663727599911
1.0014361457809779
1.0015024827389636
1.0015652260217971
1.0016242265953881
1.0016793443495955
1.0017304484230289
1.0017774175060707
1.0018201401214974
1.0018585148821177
1.0018924507248905
1.0019218671210470
1.0019466942617794
1.0019668732191231
1.0019823560817043
1.0019931060650702
1.0019990975963886
1.0020003163733346
1.0019967593970551
1.0019884349791364
1.0019753627225649
1.0019575734767212
1.0019351092664917
1.0019080231956472
1.0018763793246821
1.0018402525233605
1.0017997282982734
1.0017549025957515
1.0017058815805437
1.0016527813907095
1.0015957278692378
1.0015348562729385
1.0014703109592165
1.0014022450513838
1.0013308200832103
1.0012562056234595
1.0011785788812135
1.0010981242928205
1.0010150330913623
1.0009295028595668
1.0008417370671419
1.0007519445935418
1.0006603392372246
1.0005671392124864
1.0004725666349976
1.0003768469972101
1.0002802086348239
1.0001828821855334
1.0000851000413034
0.9999870957954465
0.9998891036858032
0.9997913580353345
0.9996940926914586
0.9995975404654751
0.9995019325734334
0.9994074980798001
0.9993144633452914
0.9992230514802366
0.9991334818048219
0.9990459693175747
0.9989607241734220
0.9988779511726465
0.9987978492620484
0.9987206110495874
0.9986464223337648
0.9985754616489623
0.9985078998279301
0.9984438995825692
0.9983836151041180
0.9983271916838002
0.9982747653549495
0.9982264625575599
0.9981823998261707
0.9981426835019249
0.9981074094695775
0.9980766629201684
0.9980505181400089
0.9980290383265548
0.9980122754316684
0.9980002700327001
0.9979930512317448
0.9979906365833473
0.9979930320508548
0.9980002319915406
0.9980122191705370
0.9980289648035380
0.9980504286281591
0.9980765590037495
0.9981072930393921
0.9981425567497362
0.9981822652382329
0.9982263229072764
0.9982746236946763
0.9983270513358165
0.9983834796507909
0.9984437728557407
0.9985077858975498
0.9985753648110022
0.9986463470974439
0.9987205621239436
0.9987978315418892
0.9988779697239203
0.9989607842180435
0.9990460762177487
0.9991336410469031
0.9992232686581730
0.9993147441436895
0.9994078482566556
0.9995023579425744
0.9995980468787570
0.9996946860207651
0.9997920441544242
0.9998898884520493
0.9999879850315135
1.0000860995168088
1.0001839975987394
1.0002814455944040
1.0003782110041377
1.0004740630645974
1.0005687732966955
1.0006621160471052
1.0007538690220892
1.0008438138124305
1.0009317364082724
1.0010174277026973
1.0011006839829293
1.0011813074080602
1.0012591064722476
1.0013338964523659
1.0014054998391384
1.0014737467508186
1.0015384753285315
1.0015995321124285
1.0016567723978584
1.0017100605708047
1.0017592704218818
1.0018042854382392
1.0018449990727636
1.0018813149900232
1.0019131472884462
1.0019404206982803
1.0019630707549265
1.0019810439472909
1.0019942978408636
1.0020028011752606
1.0020065339360422
1.0020054874006579
1.0019996641584268
1.0019890781045109
1.0019737544078962
1.0019537294534446
1.0019290507581342
1.0018997768616604
1.0018659771916134
