1.0000002413872071
1.0000002385249780
1.0000002351060362
1.0000002311387464
1.0000002266327748
1.0000002215990682
1.0000002160498258
1.0000002099984708
1.0000002034596192
1.0000001964490430
1.0000001889836336
1.0000001810813599
1.0000001727612271
1.0000001640432301
1.0000001549483049
1.0000001454982803
1.0000001357158266
1.0000001256243987
1.0000001152481786
1.0000001046120204
1.0000000937413902
1.0000000826623068
1.0000000714012769
1.0000000599852330
1.0000000484414684
1.0000000367975723
1.0000000250813639
1.0000000133208264
1.0000000015440400
0.9999999897791141
0.9999999780541213
0.9999999663970289
0.9999999548356315
0.9999999433974850
0.9999999321098422
0.9999999209995887
0.9999999100931771
0.9999998994165631
0.9999998889951440
0.9999998788536989
0.9999998690163282
0.9999998595063953
0.9999998503464735
0.9999998415582910
0.9999998331626794
0.9999998251795239
0.9999998176277156
0.9999998105251068
0.9999998038884689
0.9999997977334515
0.9999997920745443
0.9999997869250440
0.9999997822970215
0.9999997782012950
0.9999997746474031
0.9999997716435820
0.9999997691967457
0.9999997673124709
0.9999997659949832
0.9999997652471452
0.9999997650704502
0.9999997654650220
0.9999997664296143
0.9999997679616127
0.9999997700570407
0.9999997727105694
0.9999997759155304
0.9999997796639327
0.9999997839464820
0.9999997887526014
0.9999997940704594
0.9999997998869972
0.9999998061879606
0.9999998129579343
0.9999998201803760
0.9999998278376602
0.9999998359111184
0.9999998443810842
0.9999998532269412
0.9999998624271724
0.9999998719594123
0.9999998818004990
0.9999998919265302
0.9999999023129215
0.9999999129344651
0.9999999237653889
0.9999999347794196
0.9999999459498463
0.9999999572495848
0.9999999686512419
0.9999999801271799
0.9999999916495839
1.0000000031905301
1.0000000147220505
1.0000000262162008
1.0000000376451275
1.0000000489811343
1.0000000601967494
1.0000000712647890
1.0000000821584245
1.0000000928512474
1.0000001033173320
1.0000001135312975
1.0000001234683686
1.0000001331044353
1.0000001424161100
1.0000001513807841
1.0000001599766828
1.0000001681829167
1.0000001759795338
1.0000001833475651
1.0000001902690705
1.0000001967271812
1.0000002027061428
1.0000002081913504
1.0000002131693853
1.0000002176280465
1.0000002215563806
1.0000002249447091
1.0000002277846494
1.0000002300691371
1.0000002317924401
1.0000002329501751
1.0000002335393179
1.0000002335582088
1.0000002330065605
1.0000002318854566
1.0000002301973494
1.0000002279460540
1.0000002251367401
1.0000002217759190
1.0000002178714271
1.0000002134324093
1.0000002084692960
1.0000002029937787
1.0000001970187813
1.0000001905584317
1.0000001836280275
1.0000001762439978
1.0000001684238662
1.0000001601862067
1.0000001515505992
1.0000001425375831
1.0000001331686084
1.0000001234659857
1.0000001134528331
1.0000001031530183
1.0000000925911054
1.0000000817922954
1.0000000707823644
1.0000000595876015
1.0000000482347471
1.0000000367509290
1.0000000251635979
1.0000000135004605
1.0000000017894153
0.9999999900584839
0.9999999783357454
0.9999999666492670
0.9999999550270401
0.9999999434969116
0.9999999320865162
0.9999999208232124
0.9999999097340166
0.9999998988455374
0.9999998881839138
0.9999998777747509
0.9999998676430585
0.9999998578131930
0.9999998483087977
0.9999998391527463
0.9999998303670875
0.9999998219729933
0.9999998139907085
0.9999998064395015
0.9999997993376191
0.9999997927022406
0.9999997865494374
0.9999997808941361
0.9999997757500815
0.9999997711298040
0.9999997670445904
0.9999997635044555
0.9999997605181187
0.9999997580929822
0.9999997562351125
0.9999997549492268
0.9999997542386811
0.9999997541054635
0.9999997545501871
0.9999997555720893
0.9999997571690351
0.9999997593375192
0.9999997620726763
0.9999997653682904
0.9999997692168104
0.9999997736093691
0.9999997785358021
0.9999997839846730
0.9999997899433010
0.9999997963977917
0.9999998033330706
0.9999998107329165
0.9999998185800012
0.9999998268559303
0.9999998355412879
0.9999998446156820
0.9999998540577913
0.9999998638454185
0.9999998739555426
0.9999998843643728
0.9999998950474058
0.9999999059794851
0.9999999171348600
0.9999999284872467
0.9999999400098915
0.9999999516756335
0.9999999634569701
0.9999999753261214
0.9999999872550983
0.9999999992157690
1.0000000111799241
1.0000000231193455
1.0000000350058724
1.0000000468114694
1.0000000585082931
1.0000000700687584
1.0000000814656032
1.0000000926719543
1.0000001036613921
1.0000001144080133
1.0000001248864898
1.0000001350721321
1.0000001449409470
1.0000001544696955
1.0000001636359486
1.0000001724181389
1.0000001807956134
1.0000001887486829
1.0000001962586671
1.0000002033079398
1.0000002098799734
1.0000002159593742
1.0000002215319199
1.0000002265845940
1.0000002311056160
1.0000002350844714
1.0000002385119364
1.0000002413800988
1.0000002436823763
1.0000002454135306
1.0000002465696827
1.0000002471483236
1.0000002471483178
1.0000002465699038
1.0000002454146963
1.0000002436856810
1.0000002413872071
1.0000002385249780
1.0000002351060362
1.0000002311387464
