1.0000000000019709
1.0000000000019702
1.0000000000019589
1.0000000000019378
1.0000000000019071
1.0000000000018678
1.0000000000018205
1.0000000000017666
1.0000000000017075
1.0000000000016458
1.0000000000015823
1.0000000000015175
1.0000000000014513
1.0000000000013838
1.0000000000013156
1.0000000000012477
1.0000000000011811
1.0000000000011153
1.0000000000010494
1.0000000000009837
1.0000000000009182
1.0000000000008538
1.0000000000007914
1.0000000000007330
1.0000000000006795
1.0000000000006302
1.0000000000005840
1.0000000000005411
1.0000000000005014
1.0000000000004634
1.0000000000004265
1.0000000000003908
1.0000000000003566
1.0000000000003242
1.0000000000002929
1.0000000000002620
1.0000000000002314
1.0000000000002014
1.0000000000001739
1.0000000000001485
1.0000000000001248
1.0000000000001030
1.0000000000000830
1.0000000000000653
1.0000000000000497
1.0000000000000373
1.0000000000000280
1.0000000000000218
1.0000000000000189
1.0000000000000198
1.0000000000000240
1.0000000000000331
1.0000000000000469
1.0000000000000633
1.0000000000000815
1.0000000000000999
1.0000000000001183
1.0000000000001370
1.0000000000001561
1.0000000000001750
1.0000000000001936
1.0000000000002112
1.0000000000002283
1.0000000000002451
1.0000000000002618
1.0000000000002773
1.0000000000002911
1.0000000000003026
1.0000000000003126
1.0000000000003211
1.0000000000003275
1.0000000000003326
1.0000000000003366
1.0000000000003404
1.0000000000003446
1.0000000000003506
1.0000000000003590
1.0000000000003701
1.0000000000003835
1.0000000000003981
1.0000000000004126
1.0000000000004254
1.0000000000004357
1.0000000000004428
1.0000000000004465
1.0000000000004474
1.0000000000004463
1.0000000000004436
1.0000000000004401
1.0000000000004363
1.0000000000004325
1.0000000000004277
1.0000000000004206
1.0000000000004108
1.0000000000003988
1.0000000000003837
1.0000000000003653
1.0000000000003437
1.0000000000003193
1.0000000000002924
1.0000000000002647
1.0000000000002360
1.0000000000002069
1.0000000000001772
1.0000000000001465
1.0000000000001155
1.0000000000000842
1.0000000000000528
1.0000000000000220
0.9999999999999916
0.9999999999999609
0.9999999999999294
0.9999999999998967
0.9999999999998642
0.9999999999998326
0.9999999999998019
0.9999999999997715
0.9999999999997411
0.9999999999997105
0.9999999999996808
0.9999999999996534
0.9999999999996285
0.9999999999996062
0.9999999999995859
0.9999999999995679
0.9999999999995521
0.9999999999995376
0.9999999999995236
0.9999999999995109
0.9999999999994994
0.9999999999994887
0.9999999999994791
0.9999999999994705
0.9999999999994642
0.9999999999994603
0.9999999999994595
0.9999999999994627
0.9999999999994694
0.9999999999994792
0.9999999999994921
0.9999999999995069
0.9999999999995239
0.9999999999995430
0.9999999999995638
0.9999999999995854
0.9999999999996069
0.9999999999996275
0.9999999999996468
0.9999999999996649
0.9999999999996829
0.9999999999997018
0.9999999999997219
0.9999999999997432
0.9999999999997647
0.9999999999997864
0.9999999999998080
0.9999999999998289
0.9999999999998487
0.9999999999998679
0.9999999999998870
0.9999999999999060
0.9999999999999257
0.9999999999999456
0.9999999999999657
0.9999999999999856
1.0000000000000049
1.0000000000000231
1.0000000000000400
1.0000000000000557
1.0000000000000697
1.0000000000000810
1.0000000000000893
1.0000000000000950
1.0000000000000988
1.0000000000000999
1.0000000000000990
1.0000000000000957
1.0000000000000904
1.0000000000000824
1.0000000000000722
1.0000000000000602
1.0000000000000464
1.0000000000000311
1.0000000000000160
1.0000000000000016
0.9999999999999886
0.9999999999999762
0.9999999999999647
0.9999999999999543
0.9999999999999447
0.9999999999999358
0.9999999999999271
0.9999999999999195
0.9999999999999132
0.9999999999999073
0.9999999999999011
0.9999999999998942
0.9999999999998871
0.9999999999998800
0.9999999999998721
0.9999999999998640
0.9999999999998562
0.9999999999998491
0.9999999999998437
0.9999999999998405
0.9999999999998388
0.9999999999998397
0.9999999999998430
0.9999999999998482
0.9999999999998557
0.9999999999998648
0.9999999999998762
0.9999999999998906
0.9999999999999082
0.9999999999999295
0.9999999999999547
0.9999999999999840
1.0000000000000171
1.0000000000000528
1.0000000000000913
1.0000000000001317
1.0000000000001736
1.0000000000002172
1.0000000000002627
1.0000000000003104
1.0000000000003595
1.0000000000004075
1.0000000000004541
1.0000000000005012
1.0000000000005507
1.0000000000006033
1.0000000000006586
1.0000000000007156
1.0000000000007745
1.0000000000008349
1.0000000000008957
1.0000000000009557
1.0000000000010154
1.0000000000010751
1.0000000000011344
1.0000000000011935
1.0000000000012514
1.0000000000013085
1.0000000000013651
1.0000000000014215
1.0000000000014777
1.0000000000015341
1.0000000000015909
1.0000000000016473
1.0000000000017020
1.0000000000017537
1.0000000000018019
1.0000000000018461
1.0000000000018849
1.0000000000019174
1.0000000000019433
1.0000000000019615
1.0000000000019709
1.0000000000019702
1.0000000000019589
1.0000000000019378
