1.0001575005264802
1.0001555162369700
1.0001531613908252
1.0001504416289717
1.0001473634633760
1.0001439342615170
1.0001401622288160
1.0001360563890671
1.0001316265629194
1.0001268833444554
1.0001218380759263
1.0001165028206978
1.0001108903344762
1.0001050140348808
1.0000988879694335
1.0000925267820460
1.0000859456780782
1.0000791603880526
1.0000721871301133
1.0000650425713176
1.0000577437878493
1.0000503082242529
1.0000427536517795
1.0000350981259496
1.0000273599434319
1.0000195575983370
1.0000117097380365
1.0000038351186102
0.9999959525600246
0.9999880809011537
0.9999802389547507
0.9999724454624732
0.9999647190500716
0.9999570781828487
0.9999495411214997
0.9999421258784327
0.9999348501746786
0.9999277313974910
0.9999207865587422
0.9999140322542098
0.9999074846238555
0.9999011593131886
0.9998950714358125
0.9998892355372396
0.9998836655600617
0.9998783748105617
0.9998733759268463
0.9998686808485755
0.9998643007883636
0.9998602462049239
0.9998565267780130
0.9998531513852429
0.9998501280808131
0.9998474640762165
0.9998451657229648
0.9998432384973766
0.9998416869874581
0.9998405148819173
0.9998397249613330
0.9998393190915027
0.9998392982189837
0.9998396623688361
0.9998404106445785
0.9998415412303522
0.9998430513952912
0.9998449375000855
0.9998471950057217
0.9998498184843815
0.9998528016324713
0.9998561372857510
0.9998598174365230
0.9998638332528471
0.9998681750997248
0.9998728325622090
0.9998777944703832
0.9998830489261414
0.9998885833317184
0.9998943844198888
0.9999004382857682
0.9999067304201398
0.9999132457442220
0.9999199686458001
0.9999268830166268
0.9999339722910089
0.9999412194854804
0.9999486072394718
0.9999561178568762
0.9999637333484158
0.9999714354747004
0.9999792057898789
0.9999870256857769
0.9999948764364202
1.0000027392428295
1.0000105952779843
1.0000184257318439
1.0000262118563248
1.0000339350101237
1.0000415767032775
1.0000491186413536
1.0000565427691663
1.0000638313139165
1.0000709668276520
1.0000779322289453
1.0000847108436881
1.0000912864449114
1.0000976432915321
1.0001037661659320
1.0001096404102896
1.0001152519615637
1.0001205873850592
1.0001256339064879
1.0001303794424539
1.0001348126292837
1.0001389228501412
1.0001427002603545
1.0001461358109043
1.0001492212700123
1.0001519492427775
1.0001543131888213
1.0001563074378874
1.0001579272033698
1.0001591685937365
1.0001600286218153
1.0001605052119269
1.0001605972048440
1.0001603043605676
1.0001596273589097
1.0001585677978859
1.0001571281899189
1.0001553119558610
1.0001531234168541
1.0001505677840421
1.0001476511461584
1.0001443804550258
1.0001407635089952
1.0001368089343656
1.0001325261648260
1.0001279254189739
1.0001230176759610
1.0001178146493219
1.0001123287590459
1.0001065731019647
1.0001005614205214
1.0000943080699933
1.0000878279842513
1.0000811366401336
1.0000742500205180
1.0000671845761817
1.0000599571865396
1.0000525851193540
1.0000450859895089
1.0000374777169523
1.0000297784839038
1.0000220066914243
1.0000141809154610
1.0000063198624654
0.9999984423246925
0.9999905671352882
0.9999827131232725
0.9999748990685239
0.9999671436568738
0.9999594654354178
0.9999518827681563
0.9999444137920626
0.9999370763736890
0.9999298880664109
0.9999228660684130
0.9999160271815226
0.9999093877709843
0.9999029637262739
0.9998967704230466
0.9998908226863086
0.9998851347549056
0.9998797202474106
0.9998745921294891
0.9998697626828291
0.9998652434757043
0.9998610453352419
0.9998571783214681
0.9998536517031892
0.9998504739357614
0.9998476526408144
0.9998451945879688
0.9998431056785929
0.9998413909316443
0.9998400544716235
0.9998390995186724
0.9998385283808389
0.9998383424485288
0.9998385421911576
0.9998391271560106
0.9998400959693140
0.9998414463395143
0.9998431750627553
0.9998452780305455
0.9998477502395904
0.9998505858037756
0.9998537779682571
0.9998573191256421
0.9998612008342062
0.9998654138381106
0.9998699480895694
0.9998747927729127
0.9998799363304886
0.9998853664903371
0.9998910702955780
0.9998970341354325
0.9999032437778107
0.9999096844033820
0.9999163406410470
0.9999231966047279
0.9999302359313876
0.9999374418201826
0.9999447970726630
0.9999522841339146
0.9999598851345498
0.9999675819334466
0.9999753561611303
0.9999831892636926
0.9999910625471486
0.9999989572221216
1.0000068544487484
1.0000147353816993
1.0000225812152042
1.0000303732279785
1.0000380928279358
1.0000457215965897
1.0000532413330352
1.0000606340974010
1.0000678822536737
1.0000749685117918
1.0000818759689067
1.0000885881497119
1.0000950890457494
1.0001013631535949
1.0001073955118329
1.0001131717367402
1.0001186780565796
1.0001239013444345
1.0001288291494999
1.0001334497267595
1.0001377520649763
1.0001417259129322
1.0001453618038512
1.0001486510779547
1.0001515859030898
1.0001541592933834
1.0001563651258791
1.0001581981551166
1.0001596540256175
1.0001607292822514
1.0001614213784578
1.0001617286822999
1.0001616504803426
1.0001611869793381
1.0001603393057243
1.0001591095029272
1.0001575005264802
1.0001555162369700
1.0001531613908252
1.0001504416289717
