1.0000000002974134
1.0000000002955736
1.0000000002931693
1.0000000002902059
1.0000000002866907
1.0000000002826324
1.0000000002780420
1.0000000002729319
1.0000000002673159
1.0000000002612086
1.0000000002546250
1.0000000002475806
1.0000000002400928
1.0000000002321805
1.0000000002238640
1.0000000002151641
1.0000000002061029
1.0000000001967018
1.0000000001869833
1.0000000001769720
1.0000000001666918
1.0000000001561669
1.0000000001454217
1.0000000001344818
1.0000000001233731
1.0000000001121223
1.0000000001007563
1.0000000000893021
1.0000000000777864
1.0000000000662346
1.0000000000546734
1.0000000000431297
1.0000000000316314
1.0000000000202054
1.0000000000088780
0.9999999999976749
0.9999999999866215
0.9999999999757432
0.9999999999650653
0.9999999999546130
0.9999999999444099
0.9999999999344785
0.9999999999248401
0.9999999999155161
0.9999999999065267
0.9999999998978919
0.9999999998896322
0.9999999998817655
0.9999999998743083
0.9999999998672773
0.9999999998606870
0.9999999998545518
0.9999999998488845
0.9999999998436971
0.9999999998390002
0.9999999998348026
0.9999999998311118
0.9999999998279330
0.9999999998252701
0.9999999998231266
0.9999999998215041
0.9999999998204037
0.9999999998198259
0.9999999998197691
0.9999999998202298
0.9999999998212045
0.9999999998226891
0.9999999998246775
0.9999999998271628
0.9999999998301347
0.9999999998335819
0.9999999998374924
0.9999999998418547
0.9999999998466544
0.9999999998518769
0.9999999998575062
0.9999999998635269
0.9999999998699222
0.9999999998766738
0.9999999998837621
0.9999999998911661
0.9999999998988648
0.9999999999068362
0.9999999999150567
0.9999999999235030
0.9999999999321513
0.9999999999409778
0.9999999999499577
0.9999999999590660
0.9999999999682768
0.9999999999775642
0.9999999999869021
0.9999999999962655
1.0000000000056291
1.0000000000149676
1.0000000000242550
1.0000000000334670
1.0000000000425777
1.0000000000515614
1.0000000000603921
1.0000000000690461
1.0000000000774998
1.0000000000857294
1.0000000000937124
1.0000000001014255
1.0000000001088474
1.0000000001159561
1.0000000001227323
1.0000000001291565
1.0000000001352105
1.0000000001408762
1.0000000001461380
1.0000000001509814
1.0000000001553928
1.0000000001593594
1.0000000001628691
1.0000000001659104
1.0000000001684728
1.0000000001705487
1.0000000001721296
1.0000000001732083
1.0000000001737797
1.0000000001738405
1.0000000001733884
1.0000000001724225
1.0000000001709437
1.0000000001689533
1.0000000001664540
1.0000000001634493
1.0000000001599434
1.0000000001559417
1.0000000001514511
1.0000000001464804
1.0000000001410396
1.0000000001351417
1.0000000001288007
1.0000000001220313
1.0000000001148484
1.0000000001072678
1.0000000000993068
1.0000000000909830
1.0000000000823153
1.0000000000733227
1.0000000000640246
1.0000000000544416
1.0000000000445963
1.0000000000345119
1.0000000000242120
1.0000000000137210
1.0000000000030638
0.9999999999922672
0.9999999999813577
0.9999999999703617
0.9999999999593060
0.9999999999482172
0.9999999999371215
0.9999999999260464
0.9999999999150192
0.9999999999040660
0.9999999998932119
0.9999999998824830
0.9999999998719048
0.9999999998615041
0.9999999998513073
0.9999999998413414
0.9999999998316320
0.9999999998222037
0.9999999998130810
0.9999999998042869
0.9999999997958429
0.9999999997877699
0.9999999997800885
0.9999999997728192
0.9999999997659816
0.9999999997595943
0.9999999997536744
0.9999999997482376
0.9999999997432993
0.9999999997388732
0.9999999997349717
0.9999999997316065
0.9999999997287875
0.9999999997265250
0.9999999997248267
0.9999999997236992
0.9999999997231465
0.9999999997231726
0.9999999997237793
0.9999999997249672
0.9999999997267366
0.9999999997290852
0.9999999997320107
0.9999999997355098
0.9999999997395771
0.9999999997442063
0.9999999997493900
0.9999999997551202
0.9999999997613872
0.9999999997681798
0.9999999997754846
0.9999999997832865
0.9999999997915688
0.9999999998003138
0.9999999998095025
0.9999999998191160
0.9999999998291342
0.9999999998395374
0.9999999998503047
0.9999999998614152
0.9999999998728456
0.9999999998845720
0.9999999998965698
0.9999999999088135
0.9999999999212776
0.9999999999339357
0.9999999999467595
0.9999999999597219
0.9999999999727968
0.9999999999859552
0.9999999999991678
1.0000000000124056
1.0000000000256399
1.0000000000388429
1.0000000000519873
1.0000000000650460
1.0000000000779912
1.0000000000907947
1.0000000001034286
1.0000000001158658
1.0000000001280793
1.0000000001400429
1.0000000001517309
1.0000000001631182
1.0000000001741822
1.0000000001849012
1.0000000001952536
1.0000000002052170
1.0000000002147702
1.0000000002238927
1.0000000002325653
1.0000000002407707
1.0000000002484928
1.0000000002557152
1.0000000002624241
1.0000000002686060
1.0000000002742488
1.0000000002793419
1.0000000002838760
1.0000000002878440
1.0000000002912393
1.0000000002940566
1.0000000002962912
1.0000000002979406
1.0000000002990033
1.0000000002994796
1.0000000002993712
1.0000000002986811
1.0000000002974134
1.0000000002955736
1.0000000002931693
1.0000000002902059
