1.0000000000860914
1.0000000000857818
1.0000000000853209
1.0000000000847096
1.0000000000839508
1.0000000000830473
1.0000000000820022
1.0000000000808171
1.0000000000794953
1.0000000000780409
1.0000000000764577
1.0000000000747502
1.0000000000729223
1.0000000000709814
1.0000000000689322
1.0000000000667799
1.0000000000645306
1.0000000000621887
1.0000000000597586
1.0000000000572471
1.0000000000546627
1.0000000000520131
1.0000000000493048
1.0000000000465425
1.0000000000437324
1.0000000000408806
1.0000000000379945
1.0000000000350797
1.0000000000321436
1.0000000000291938
1.0000000000262375
1.0000000000232809
1.0000000000203313
1.0000000000173945
1.0000000000144773
1.0000000000115870
1.0000000000087303
1.0000000000059144
1.0000000000031464
1.0000000000004319
0.9999999999977764
0.9999999999951855
0.9999999999926641
0.9999999999902164
0.9999999999878479
0.9999999999855642
0.9999999999833694
0.9999999999812677
0.9999999999792645
0.9999999999773634
0.9999999999755682
0.9999999999738831
0.9999999999723120
0.9999999999708576
0.9999999999695218
0.9999999999683065
0.9999999999672133
0.9999999999662437
0.9999999999653998
0.9999999999646820
0.9999999999640916
0.9999999999636288
0.9999999999632939
0.9999999999630866
0.9999999999630061
0.9999999999630506
0.9999999999632193
0.9999999999635106
0.9999999999639225
0.9999999999644528
0.9999999999651001
0.9999999999658613
0.9999999999667336
0.9999999999677137
0.9999999999687988
0.9999999999699845
0.9999999999712660
0.9999999999726398
0.9999999999740999
0.9999999999756405
0.9999999999772550
0.9999999999789364
0.9999999999806795
0.9999999999824792
0.9999999999843294
0.9999999999862242
0.9999999999881573
0.9999999999901226
0.9999999999921140
0.9999999999941258
0.9999999999961523
0.9999999999981887
1.0000000000002296
1.0000000000022693
1.0000000000043019
1.0000000000063214
1.0000000000083213
1.0000000000102951
1.0000000000122364
1.0000000000141387
1.0000000000159959
1.0000000000178024
1.0000000000195530
1.0000000000212423
1.0000000000228650
1.0000000000244176
1.0000000000258953
1.0000000000272939
1.0000000000286096
1.0000000000298397
1.0000000000309803
1.0000000000320268
1.0000000000329756
1.0000000000338229
1.0000000000345657
1.0000000000352014
1.0000000000357292
1.0000000000361462
1.0000000000364502
1.0000000000366400
1.0000000000367137
1.0000000000366707
1.0000000000365099
1.0000000000362315
1.0000000000358353
1.0000000000353226
1.0000000000346949
1.0000000000339531
1.0000000000330969
1.0000000000321274
1.0000000000310461
1.0000000000298541
1.0000000000285538
1.0000000000271478
1.0000000000256395
1.0000000000240312
1.0000000000223264
1.0000000000205280
1.0000000000186393
1.0000000000166651
1.0000000000146096
1.0000000000124765
1.0000000000102700
1.0000000000079947
1.0000000000056566
1.0000000000032618
1.0000000000008162
0.9999999999983266
0.9999999999957989
0.9999999999932405
0.9999999999906569
0.9999999999880529
0.9999999999854344
0.9999999999828076
0.9999999999801779
0.9999999999775497
0.9999999999749293
0.9999999999723225
0.9999999999697352
0.9999999999671757
0.9999999999646515
0.9999999999621689
0.9999999999597340
0.9999999999573533
0.9999999999550326
0.9999999999527773
0.9999999999505927
0.9999999999484841
0.9999999999464566
0.9999999999445155
0.9999999999426669
0.9999999999409164
0.9999999999392699
0.9999999999377319
0.9999999999363063
0.9999999999349957
0.9999999999338028
0.9999999999327314
0.9999999999317842
0.9999999999309647
0.9999999999302766
0.9999999999297230
0.9999999999293070
0.9999999999290295
0.9999999999288915
0.9999999999288950
0.9999999999290410
0.9999999999293298
0.9999999999297611
0.9999999999303355
0.9999999999310524
0.9999999999319111
0.9999999999329116
0.9999999999340524
0.9999999999353320
0.9999999999367483
0.9999999999382987
0.9999999999399815
0.9999999999417948
0.9999999999437359
0.9999999999458008
0.9999999999479857
0.9999999999502869
0.9999999999527007
0.9999999999552235
0.9999999999578510
0.9999999999605789
0.9999999999634024
0.9999999999663163
0.9999999999693154
0.9999999999723939
0.9999999999755455
0.9999999999787639
0.9999999999820413
0.9999999999853707
0.9999999999887456
0.9999999999921588
0.9999999999956037
0.9999999999990727
1.0000000000025593
1.0000000000060565
1.0000000000095577
1.0000000000130560
1.0000000000165452
1.0000000000200193
1.0000000000234712
1.0000000000268952
1.0000000000302838
1.0000000000336293
1.0000000000369249
1.0000000000401643
1.0000000000433413
1.0000000000464480
1.0000000000494764
1.0000000000524196
1.0000000000552725
1.0000000000580307
1.0000000000606881
1.0000000000632387
1.0000000000656768
1.0000000000679978
1.0000000000701978
1.0000000000722729
1.0000000000742177
1.0000000000760274
1.0000000000776996
1.0000000000792311
1.0000000000806184
1.0000000000818581
1.0000000000829479
1.0000000000838853
1.0000000000846692
1.0000000000852984
1.0000000000857716
1.0000000000860874
1.0000000000862455
1.0000000000862466
1.0000000000860914
1.0000000000857818
1.0000000000853209
1.0000000000847096
