1.0035200683182184
1.0034756586864020
1.0034229817764448
1.0033621615775661
1.0032933412585519
1.0032166828475095
1.0031323668689842
1.0030405919390806
1.0029415743193109
1.0028355474299704
1.0027227613239174
1.0026034821217258
1.0024779914092496
1.0023465855987268
1.0022095752546247
1.0020672843855245
1.0019200497034071
1.0017682198517941
1.0016121546042762
1.0014522240350408
1.0012888076630932
1.0011222935719370
1.0009530775065596
1.0007815619496445
1.0006081551790005
1.0004332703082695
1.0002573243130448
1.0000807370445834
0.9999039302333690
0.9997273264848257
0.9995513482695428
0.9993764169104143
0.9992029515691266
0.9990313682344791
0.9988620787150309
0.9986954896386104
0.9985320014612225
0.9983720074878960
0.9982158929080235
0.9980640338477270
0.9979167964417688
0.9977745359275069
0.9976375957633526
0.9975063067741543
0.9973809863258677
0.9972619375318246
0.9971494484928409
0.9970437915733180
0.9969452227154185
0.9968539807932938
0.9967702870092402
0.9966943443335522
0.9966263369897203
0.9965664299864955
0.9965147686982144
0.9964714784946358
0.9964366644214009
0.9964104109320764
0.9963927816725899
0.9963838193187103
0.9963835454670670
0.9963919605800314
0.9964090439846375
0.9964347539255382
0.9964690276718426
0.9965117816775041
0.9965629117947741
0.9966222935400805
0.9966897824115277
0.9967652142570552
0.9968484056921628
0.9969391545659463
0.9970372404740606
0.9971424253170909
0.9972544539026909
0.9973730545897223
0.9974979399725271
0.9976288076033529
0.9977653407508622
0.9979072091925657
0.9980540700389453
0.9982055685869612
0.9983613392005809
0.9985210062159068
0.9986841848684489
0.9988504822400425
0.9990194982228955
0.9991908264982277
0.9993640555269508
0.9995387695498533
0.9997145495947384
0.9998909744879980
1.0000676218681108
1.0002440691985917
1.0004198947779461
1.0005946787442277
1.0007680040718410
1.0009394575582795
1.0011086307985519
1.0012751211450930
1.0014385326510362
1.0015984769947808
1.0017545743838587
1.0019064544361789
1.0020537570367980
1.0021961331684499
1.0023332457141332
1.0024647702301430
1.0025903956880129
1.0027098251839115
1.0028227766141198
1.0029289833152952
1.0030281946683191
1.0031201766645890
1.0032047124337147
1.0032816027316545
1.0033506663884022
1.0034117407144241
1.0034646818651201
1.0035093651626645
1.0035456853746669
1.0035735569491577
1.0035929142054976
1.0036037114808749
1.0036059232321461
1.0035995440928376
1.0035845888852113
1.0035610925873768
1.0035291102555013
1.0034887169012585
1.0034400073247181
1.0033830959029695
1.0033181163348459
1.0032452213421887
1.0031645823281763
1.0030763889933183
1.0029808489098015
1.0028781870549401
1.0027686453045752
1.0026524818873475
1.0025299708008426
1.0024014011906939
1.0022670766938100
1.0021273147469736
1.0019824458621429
1.0018328128698664
1.0016787701323016
1.0015206827274159
1.0013589256060147
1.0011938827233333
1.0010259461470001
1.0008555151432506
1.0006829952433549
1.0005087972922795
1.0003333364816862
1.0001570313694264
0.9999803028877498
0.9998035733425090
0.9996272654056915
0.9994518011036628
0.9992776008035371
0.9991050822001418
0.9989346593060620
0.9987667414472851
0.9986017322669813
0.9984400287399600
0.9982820202003500
0.9981280873850493
0.9979786014954745
0.9978339232801184
0.9976944021404001
0.9975603752622408
0.9974321667757653
0.9973100869454715
0.9971944313931381
0.9970854803556715
0.9969834979800108
0.9968887316571234
0.9968014113970175
0.9967217492465955
0.9966499387520552
0.9965861544674283
0.9965305515107143
0.9964832651689303
0.9964444105532578
0.9964140823053259
0.9963923543555140
0.9963792797340030
0.9963748904351510
0.9963791973356003
0.9963921901663665
0.9964138375389918
0.9964440870256863
0.9964828652932135
0.9965300782901125
0.9965856114866902
0.9966493301670586
0.9967210797723396
0.9968006862939999
0.9968879567161451
0.9969826795054514
0.9970846251472825
0.9971935467264075
0.9973091805506135
0.9974312468153994
0.9975594503078182
0.9976934811474468
0.9978330155623641
0.9979777166979411
0.9981272354561702
0.9982812113631954
0.9984392734626502
0.9986010412323649
0.9987661255219615
0.9989341295088316
0.9991046496699648
0.9992772767670847
0.9994515968425457
0.9996271922234486
0.9998036425314357
0.9999805256956521
1.0001574189663798
1.0003338999268840
1.0005095475010481
1.0006839429544134
1.0008566708862965
1.0010273202106963
1.0011954851237690
1.0013607660557122
1.0015227706049554
1.0016811144526321
1.0018354222553716
1.0019853285145266
1.0021304784200229
1.0022705286671014
1.0024051482442984
1.0025340191910850
1.0026568373236728
1.0027733129275720
1.0028831714155715
1.0029861539498877
1.0030820180273148
1.0031705380262919
1.0032515057148770
1.0033247307187056
1.0033900409480905
1.0034472829834984
1.0034963224187257
1.0035370441611584
1.0035693526886016
1.0035931722622256
1.0036084470952629
1.0036151414771644
1.0036132398530011
1.0036027468579776
1.0035836873069963
1.0035561061392901
1.0035200683182184
1.0034756586864020
1.0034229817764448
1.0033621615775661
