1.0040273504515582
1.0039765650629315
1.0039163256739601
1.0038467737301244
1.0037680725646472
1.0036804070367531
1.0035839831216671
1.0034790274530354
1.0033657868185430
1.0032445276095883
1.0031155352259631
1.0029791134365780
1.0028355836973593
1.0026852844275407
1.0025285702456617
1.0023658111666756
1.0021973917616711
1.0020237102817946
1.0018451777480597
1.0016622170088239
1.0014752617668037
1.0012847555775923
1.0010911508217286
1.0008949076524742
1.0006964929215143
1.0004963790849060
1.0002950430916688
1.0000929652574899
0.9998906281260975
0.9996885153209216
0.9994871103897177
0.9992868956449082
0.9990883510024271
0.9988919528219178
0.9986981727511638
0.9985074765776605
0.9983203230902700
0.9981371629539120
0.9979584376002384
0.9977845781372576
0.9976160042808421
0.9974531233110323
0.9972963290560245
0.9971460009066799
0.9970025028643296
0.9968661826246021
0.9967373706999034
0.9966163795831056
0.9965035029548933
0.9963990149371107
0.9963031693943366
0.9962161992857841
0.9961383160694808
0.9960697091605386
0.9960105454451726
0.9959609688519575
0.9959210999816428
0.9958910357966768
0.9958708493714017
0.9958605897036972
0.9958602815886622
0.9958699255547298
0.9958894978624088
0.9959189505656622
0.9959582116357293
0.9960071851470089
0.9960657515244132
0.9961337678514303
0.9962110682379375
0.9962974642466293
0.9963927453767363
0.9964966796035581
0.9966090139721573
0.9967294752434088
0.9968577705904598
0.9969935883435019
0.9971365987806408
0.9972864549625220
0.9974427936082632
0.9976052360101484
0.9977733889844496
0.9979468458556601
0.9981251874713620
0.9983079832448913
0.9984947922229188
0.9986851641750325
0.9988786407023841
0.9990747563624448
0.9992730398069130
0.9994730149298164
0.9996742020228830
0.9998761189352552
1.0000782822346688
1.0002802083672515
1.0004814148131416
1.0006814212351829
1.0008797506180078
1.0010759303948893
1.0012694935598045
1.0014599797622379
1.0016469363823142
1.0018299195839531
1.0020084953438064
1.0021822404538283
1.0023507434954237
1.0025136057832056
1.0026704422764849
1.0028208824567120
1.0029645711691795
1.0031011694273890
1.0032303551785819
1.0033518240290227
1.0034652899277177
1.0035704858073493
1.0036671641812862
1.0037550976956318
1.0038340796353580
1.0039039243836581
1.0039644678337440
1.0040155677523992
1.0040571040946797
1.0040889792692467
1.0041111183538933
1.0041234692609204
1.0041260028520858
1.0041187130029432
1.0041016166164671
1.0040747535859409
1.0040381867071697
1.0039920015401580
1.0039363062204716
1.0038712312206006
1.0037969290617037
1.0037135739762106
1.0036213615218421
1.0035205081476883
1.0034112507130764
1.0032938459600436
1.0031685699403188
1.0030357173978071
1.0028956011076626
1.0027485511731260
1.0025949142813890
1.0024350529198496
1.0022693445542044
1.0020981807699301
1.0019219663787884
1.0017411184920921
1.0015560655625535
1.0013672463966348
1.0011751091394132
1.0009801102340588
1.0007827133581109
1.0005833883388326
1.0003826100499937
1.0001808572925228
0.9999786116615469
0.9997763564023944
0.9995745752582226
0.9993737513119778
0.9991743658254671
0.9989768970783577
0.9987818192099667
0.9985896010667449
0.9984007050583800
0.9982155860254630
0.9980346901216787
0.9978584537134728
0.9976873023001500
0.9975216494573256
0.9973618958066404
0.9972084280145925
0.9970616178233060
0.9969218211159814
0.9967893770197057
0.9966646070482253
0.9965478142871779
0.9964392826241872
0.9963392760261072
0.9962480378655717
0.9961657902988844
0.9960927336971260
0.9960290461322204
0.9959748829195307
0.9959303762183910
0.9958956346918122
0.9958707432264147
0.9958557627134557
0.9958507298916429
0.9958556572522164
0.9958705330066002
0.9958953211167222
0.9959299613879082
0.9959743696240615
0.9960284378446368
0.9960920345627421
0.9961650051234947
0.9962471721015872
0.9963383357568321
0.9964382745462843
0.9965467456913685
0.9966634857982878
0.9967882115298301
0.9969206203265499
0.9970603911751658
0.9972071854218979
0.9973606476283416
0.9975204064673826
0.9976860756565579
0.9978572549261874
0.9980335310195251
0.9982144787221251
0.9983996619175551
0.9985886346665637
0.9987809423067701
0.9989761225699270
0.9991737067138025
0.9993732206657201
0.9995741861748152
0.9997761219700788
0.9999785449212886
1.0001809711999625
1.0003829174375112
1.0005839018778171
1.0007834455215263
1.0009810732593931
1.0011763149920969
1.0013687067340102
1.0015577916984801
1.0017431213622656
1.0019242565068516
1.0021007682344489
1.0022722389565808
1.0024382633532418
1.0025984493007063
1.0027524187661594
1.0028998086674161
1.0030402716960845
1.0031734771026286
1.0032991114418701
1.0034168792775691
1.0035265038448180
1.0036277276690648
1.0037203131406842
1.0038040430440973
1.0038787210405322
1.0039441721036098
1.0040002429070169
1.0040468021636233
1.0040837409154835
1.0041109727742472
1.0041284341115850
1.0041360841993181
1.0041339052990290
1.0041219027010027
1.0041001047124432
1.0040685625949781
1.0040273504515582
1.0039765650629315
1.0039163256739601
1.0038467737301244
