1.0000000000154912
1.0000000000155171
1.0000000000155289
1.0000000000155254
1.0000000000155065
1.0000000000154718
1.0000000000154214
1.0000000000153546
1.0000000000152707
1.0000000000151694
1.0000000000150517
1.0000000000149185
1.0000000000147686
1.0000000000146017
1.0000000000144171
1.0000000000142146
1.0000000000139948
1.0000000000137566
1.0000000000134996
1.0000000000132241
1.0000000000129303
1.0000000000126206
1.0000000000122959
1.0000000000119580
1.0000000000116076
1.0000000000112474
1.0000000000108784
1.0000000000105000
1.0000000000101132
1.0000000000097191
1.0000000000093183
1.0000000000089124
1.0000000000085016
1.0000000000080871
1.0000000000076692
1.0000000000072486
1.0000000000068268
1.0000000000064044
1.0000000000059814
1.0000000000055587
1.0000000000051361
1.0000000000047147
1.0000000000042950
1.0000000000038780
1.0000000000034659
1.0000000000030600
1.0000000000026623
1.0000000000022735
1.0000000000018952
1.0000000000015272
1.0000000000011704
1.0000000000008258
1.0000000000004932
1.0000000000001730
0.9999999999998653
0.9999999999995716
0.9999999999992926
0.9999999999990291
0.9999999999987820
0.9999999999985525
0.9999999999983422
0.9999999999981518
0.9999999999979819
0.9999999999978324
0.9999999999977024
0.9999999999975917
0.9999999999975007
0.9999999999974279
0.9999999999973727
0.9999999999973342
0.9999999999973128
0.9999999999973079
0.9999999999973198
0.9999999999973483
0.9999999999973936
0.9999999999974555
0.9999999999975332
0.9999999999976271
0.9999999999977371
0.9999999999978628
0.9999999999980029
0.9999999999981558
0.9999999999983202
0.9999999999984942
0.9999999999986763
0.9999999999988651
0.9999999999990598
0.9999999999992603
0.9999999999994661
0.9999999999996777
0.9999999999998949
1.0000000000001177
1.0000000000003448
1.0000000000005738
1.0000000000008029
1.0000000000010307
1.0000000000012568
1.0000000000014799
1.0000000000017006
1.0000000000019171
1.0000000000021285
1.0000000000023350
1.0000000000025366
1.0000000000027318
1.0000000000029197
1.0000000000030995
1.0000000000032701
1.0000000000034301
1.0000000000035800
1.0000000000037199
1.0000000000038500
1.0000000000039702
1.0000000000040792
1.0000000000041751
1.0000000000042570
1.0000000000043232
1.0000000000043732
1.0000000000044060
1.0000000000044205
1.0000000000044171
1.0000000000043967
1.0000000000043610
1.0000000000043110
1.0000000000042479
1.0000000000041713
1.0000000000040827
1.0000000000039828
1.0000000000038696
1.0000000000037415
1.0000000000035978
1.0000000000034381
1.0000000000032625
1.0000000000030707
1.0000000000028633
1.0000000000026410
1.0000000000024041
1.0000000000021532
1.0000000000018894
1.0000000000016132
1.0000000000013249
1.0000000000010247
1.0000000000007132
1.0000000000003897
1.0000000000000551
0.9999999999997098
0.9999999999993558
0.9999999999989948
0.9999999999986284
0.9999999999982573
0.9999999999978817
0.9999999999975019
0.9999999999971186
0.9999999999967333
0.9999999999963468
0.9999999999959603
0.9999999999955744
0.9999999999951900
0.9999999999948096
0.9999999999944353
0.9999999999940685
0.9999999999937099
0.9999999999933596
0.9999999999930171
0.9999999999926840
0.9999999999923619
0.9999999999920517
0.9999999999917540
0.9999999999914695
0.9999999999911979
0.9999999999909400
0.9999999999906967
0.9999999999904693
0.9999999999902587
0.9999999999900662
0.9999999999898924
0.9999999999897379
0.9999999999896032
0.9999999999894893
0.9999999999893967
0.9999999999893253
0.9999999999892757
0.9999999999892480
0.9999999999892420
0.9999999999892569
0.9999999999892913
0.9999999999893456
0.9999999999894202
0.9999999999895168
0.9999999999896362
0.9999999999897788
0.9999999999899445
0.9999999999901329
0.9999999999903429
0.9999999999905748
0.9999999999908288
0.9999999999911038
0.9999999999913991
0.9999999999917137
0.9999999999920475
0.9999999999923999
0.9999999999927698
0.9999999999931565
0.9999999999935585
0.9999999999939749
0.9999999999944060
0.9999999999948515
0.9999999999953115
0.9999999999957860
0.9999999999962745
0.9999999999967766
0.9999999999972916
0.9999999999978185
0.9999999999983555
0.9999999999989015
0.9999999999994553
1.0000000000000149
1.0000000000005789
1.0000000000011453
1.0000000000017122
1.0000000000022786
1.0000000000028426
1.0000000000034033
1.0000000000039606
1.0000000000045137
1.0000000000050617
1.0000000000056035
1.0000000000061382
1.0000000000066656
1.0000000000071838
1.0000000000076914
1.0000000000081877
1.0000000000086713
1.0000000000091405
1.0000000000095952
1.0000000000100353
1.0000000000104594
1.0000000000108678
1.0000000000112603
1.0000000000116382
1.0000000000120013
1.0000000000123483
1.0000000000126801
1.0000000000129956
1.0000000000132943
1.0000000000135756
1.0000000000138387
1.0000000000140830
1.0000000000143072
1.0000000000145117
1.0000000000146960
1.0000000000148592
1.0000000000150020
1.0000000000151259
1.0000000000152320
1.0000000000153209
1.0000000000153935
1.0000000000154503
1.0000000000154912
1.0000000000155171
1.0000000000155289
1.0000000000155254
