1.0000000372806610
1.0000000368637294
1.0000000363624015
1.0000000357779282
1.0000000351117564
1.0000000343655262
1.0000000335410679
1.0000000326403957
1.0000000316657038
1.0000000306193613
1.0000000295039073
1.0000000283220436
1.0000000270766269
1.0000000257706627
1.0000000244072993
1.0000000229898198
1.0000000215216343
1.0000000200062713
1.0000000184473705
1.0000000168486727
1.0000000152140121
1.0000000135473062
1.0000000118525467
1.0000000101337885
1.0000000083951397
1.0000000066407551
1.0000000048748234
1.0000000031015601
1.0000000013251944
0.9999999995499608
0.9999999977800886
0.9999999960197919
0.9999999942732601
0.9999999925446461
0.9999999908380582
0.9999999891575502
0.9999999875071092
0.9999999858906483
0.9999999843119963
0.9999999827748902
0.9999999812829655
0.9999999798397466
0.9999999784486401
0.9999999771129254
0.9999999758357468
0.9999999746201063
0.9999999734688552
0.9999999723846889
0.9999999713701411
0.9999999704275774
0.9999999695591892
0.9999999687669892
0.9999999680528059
0.9999999674182777
0.9999999668648513
0.9999999663937773
0.9999999660061084
0.9999999657026973
0.9999999654841928
0.9999999653510385
0.9999999653034721
0.9999999653415249
0.9999999654650226
0.9999999656735844
0.9999999659666244
0.9999999663433540
0.9999999668027821
0.9999999673437199
0.9999999679647814
0.9999999686643882
0.9999999694407725
0.9999999702919820
0.9999999712158838
0.9999999722101711
0.9999999732723693
0.9999999743998393
0.9999999755897843
0.9999999768392588
0.9999999781451736
0.9999999795043045
0.9999999809132990
0.9999999823686857
0.9999999838668832
0.9999999854042071
0.9999999869768776
0.9999999885810300
0.9999999902127245
0.9999999918679545
0.9999999935426576
0.9999999952327236
0.9999999969340069
0.9999999986423345
1.0000000003535185
1.0000000020633635
1.0000000037676773
1.0000000054622806
1.0000000071430191
1.0000000088057714
1.0000000104464597
1.0000000120610599
1.0000000136456111
1.0000000151962247
1.0000000167090948
1.0000000181805053
1.0000000196068386
1.0000000209845861
1.0000000223103571
1.0000000235808877
1.0000000247930465
1.0000000259438451
1.0000000270304410
1.0000000280501469
1.0000000290004374
1.0000000298789522
1.0000000306835042
1.0000000314120840
1.0000000320628681
1.0000000326342195
1.0000000331246939
1.0000000335330403
1.0000000338582062
1.0000000340993400
1.0000000342557924
1.0000000343271185
1.0000000343130795
1.0000000342136426
1.0000000340289803
1.0000000337594708
1.0000000334056969
1.0000000329684455
1.0000000324487044
1.0000000318476596
1.0000000311666957
1.0000000304073917
1.0000000295715159
1.0000000286610222
1.0000000276780447
1.0000000266248923
1.0000000255040442
1.0000000243181431
1.0000000230699899
1.0000000217625382
1.0000000203988859
1.0000000189822678
1.0000000175160475
1.0000000160037081
1.0000000144488468
1.0000000128551636
1.0000000112264551
1.0000000095666037
1.0000000078795690
1.0000000061693790
1.0000000044401194
1.0000000026959242
1.0000000009409664
0.9999999991794468
0.9999999974155851
0.9999999956536085
0.9999999938977419
0.9999999921521969
0.9999999904211639
0.9999999887088011
0.9999999870192248
0.9999999853564993
0.9999999837246262
0.9999999821275366
0.9999999805690812
0.9999999790530204
0.9999999775830150
0.9999999761626192
0.9999999747952717
0.9999999734842864
0.9999999722328462
0.9999999710439934
0.9999999699206219
0.9999999688654704
0.9999999678811166
0.9999999669699715
0.9999999661342724
0.9999999653760785
0.9999999646972667
0.9999999640995270
0.9999999635843571
0.9999999631530594
0.9999999628067372
0.9999999625462926
0.9999999623724246
0.9999999622856263
0.9999999622861862
0.9999999623741852
0.9999999625494972
0.9999999628117882
0.9999999631605173
0.9999999635949378
0.9999999641141009
0.9999999647168565
0.9999999654018550
0.9999999661675522
0.9999999670122118
0.9999999679339102
0.9999999689305401
0.9999999699998171
0.9999999711392842
0.9999999723463157
0.9999999736181264
0.9999999749517772
0.9999999763441823
0.9999999777921166
0.9999999792922234
0.9999999808410203
0.9999999824349082
0.9999999840701814
0.9999999857430374
0.9999999874495821
0.9999999891858417
0.9999999909477708
0.9999999927312635
0.9999999945321620
0.9999999963462674
0.9999999981693481
0.9999999999971533
1.0000000018254187
1.0000000036498793
1.0000000054662788
1.0000000072703794
1.0000000090579735
1.0000000108248910
1.0000000125670112
1.0000000142802723
1.0000000159606788
1.0000000176043142
1.0000000192073493
1.0000000207660515
1.0000000222767931
1.0000000237360593
1.0000000251404586
1.0000000264867281
1.0000000277717438
1.0000000289925270
1.0000000301462511
1.0000000312302479
1.0000000322420164
1.0000000331792249
1.0000000340397182
1.0000000348215223
1.0000000355228502
1.0000000361421064
1.0000000366778907
1.0000000371289999
1.0000000374944300
1.0000000377733811
1.0000000379652563
1.0000000380696661
1.0000000380864293
1.0000000380155722
1.0000000378573299
1.0000000376121443
1.0000000372806610
1.0000000368637294
1.0000000363624015
1.0000000357779282
