1.0000003470788694
1.0000003429315114
1.0000003379816740
1.0000003322414361
1.0000003257247558
1.0000003184474358
1.0000003104270871
1.0000003016830843
1.0000002922365208
1.0000002821101590
1.0000002713283751
1.0000002599171014
1.0000002479037633
1.0000002353172142
1.0000002221876658
1.0000002085466171
1.0000001944267756
1.0000001798619820
1.0000001648871291
1.0000001495380790
1.0000001338515765
1.0000001178651607
1.0000001016170752
1.0000000851461779
1.0000000684918471
1.0000000516938876
1.0000000347924343
1.0000000178278570
1.0000000008406669
0.9999999838714169
0.9999999669606039
0.9999999501485739
0.9999999334754263
0.9999999169809155
0.9999999007043573
0.9999998846845346
0.9999998689596047
0.9999998535670088
0.9999998385433834
0.9999998239244711
0.9999998097450358
0.9999997960387786
0.9999997828382593
0.9999997701748181
0.9999997580785003
0.9999997465779852
0.9999997357005187
0.9999997254718453
0.9999997159161488
0.9999997070559943
0.9999996989122750
0.9999996915041622
0.9999996848490581
0.9999996789625561
0.9999996738584025
0.9999996695484650
0.9999996660427036
0.9999996633491472
0.9999996614738759
0.9999996604210052
0.9999996601926773
0.9999996607890573
0.9999996622083311
0.9999996644467096
0.9999996674984395
0.9999996713558156
0.9999996760092001
0.9999996814470465
0.9999996876559272
0.9999996946205666
0.9999997023238769
0.9999997107469983
0.9999997198693453
0.9999997296686565
0.9999997401210482
0.9999997512010713
0.9999997628817728
0.9999997751347587
0.9999997879302640
0.9999998012372230
0.9999998150233463
0.9999998292551975
0.9999998438982727
0.9999998589170828
0.9999998742752395
0.9999998899355423
0.9999999058600682
0.9999999220102611
0.9999999383470249
0.9999999548308176
0.9999999714217457
0.9999999880796594
1.0000000047642492
1.0000000214351428
1.0000000380520020
1.0000000545746197
1.0000000709630150
1.0000000871775325
1.0000001031789352
1.0000001189284975
1.0000001343881004
1.0000001495203206
1.0000001642885206
1.0000001786569379
1.0000001925907682
1.0000002060562518
1.0000002190207515
1.0000002314528340
1.0000002433223432
1.0000002546004727
1.0000002652598359
1.0000002752745321
1.0000002846202081
1.0000002932741179
1.0000003012151750
1.0000003084240032
1.0000003148829841
1.0000003205762984
1.0000003254899659
1.0000003296118787
1.0000003329318292
1.0000003354415350
1.0000003371346591
1.0000003380068250
1.0000003380556270
1.0000003372806368
1.0000003356834049
1.0000003332674574
1.0000003300382876
1.0000003260033421
1.0000003211720041
1.0000003155555701
1.0000003091672234
1.0000003020220023
1.0000002941367652
1.0000002855301500
1.0000002762225311
1.0000002662359695
1.0000002555941612
1.0000002443223779
1.0000002324474102
1.0000002199975015
1.0000002070022811
1.0000001934926925
1.0000001795009217
1.0000001650603185
1.0000001502053173
1.0000001349713548
1.0000001193947852
1.0000001035127937
1.0000000873633073
1.0000000709849048
1.0000000544167249
1.0000000376983702
1.0000000208698157
1.0000000039713126
0.9999999870432907
0.9999999701262617
0.9999999532607232
0.9999999364870615
0.9999999198454551
0.9999999033757787
0.9999998871175075
0.9999998711096231
0.9999998553905202
0.9999998399979155
0.9999998249687572
0.9999998103391350
0.9999997961441942
0.9999997824180524
0.9999997691937190
0.9999997565030144
0.9999997443764956
0.9999997328433801
0.9999997219314779
0.9999997116671241
0.9999997020751150
0.9999996931786503
0.9999996849992774
0.9999996775568392
0.9999996708694261
0.9999996649533336
0.9999996598230219
0.9999996554910833
0.9999996519682095
0.9999996492631679
0.9999996473827797
0.9999996463319030
0.9999996461134210
0.9999996467282337
0.9999996481752574
0.9999996504514268
0.9999996535517013
0.9999996574690773
0.9999996621946048
0.9999996677174081
0.9999996740247116
0.9999996811018702
0.9999996889324055
0.9999996974980424
0.9999997067787533
0.9999997167528067
0.9999997273968195
0.9999997386858118
0.9999997505932646
0.9999997630911835
0.9999997761501656
0.9999997897394700
0.9999998038270915
0.9999998183798356
0.9999998333633983
0.9999998487424470
0.9999998644807078
0.9999998805410493
0.9999998968855707
0.9999999134756933
0.9999999302722526
0.9999999472355905
0.9999999643256494
0.9999999815020686
0.9999999987242805
1.0000000159516056
1.0000000331433518
1.0000000502589101
1.0000000672578533
1.0000000841000309
1.0000001007456645
1.0000001171554427
1.0000001332906145
1.0000001491130814
1.0000001645854886
1.0000001796713152
1.0000001943349597
1.0000002085418263
1.0000002222584068
1.0000002354523605
1.0000002480925894
1.0000002601493132
1.0000002715941423
1.0000002824001428
1.0000002925419023
1.0000003019955901
1.0000003107390127
1.0000003187516671
1.0000003260147909
1.0000003325114044
1.0000003382263534
1.0000003431463438
1.0000003472599734
1.0000003505577610
1.0000003530321677
1.0000003546776137
1.0000003554904935
1.0000003554691814
1.0000003546140348
1.0000003529273935
1.0000003504135766
1.0000003470788694
1.0000003429315114
1.0000003379816740
1.0000003322414361
