1.0000002324651092
1.0000002297110211
1.0000002264209467
1.0000002226029387
1.0000002182663037
1.0000002134215789
1.0000002080805088
1.0000002022560146
1.0000001959621652
1.0000001892141432
1.0000001820282081
1.0000001744216571
1.0000001664127847
1.0000001580208380
1.0000001492659718
1.0000001401692002
1.0000001307523434
1.0000001210379792
1.0000001110493875
1.0000001008104953
1.0000000903458188
1.0000000796804049
1.0000000688397725
1.0000000578498487
1.0000000467369077
1.0000000355275098
1.0000000242484368
1.0000000129266271
1.0000000015891120
0.9999999902629527
0.9999999789751730
0.9999999677526957
0.9999999566222786
0.9999999456104504
0.9999999347434485
0.9999999240471549
0.9999999135470344
0.9999999032680749
0.9999998932347265
0.9999998834708440
0.9999998739996301
0.9999998648435789
0.9999998560244227
0.9999998475630804
0.9999998394796062
0.9999998317931446
0.9999998245218820
0.9999998176830041
0.9999998112926546
0.9999998053658982
0.9999997999166848
0.9999997949578161
0.9999997905009134
0.9999997865563901
0.9999997831334292
0.9999997802399602
0.9999997778826405
0.9999997760668399
0.9999997747966259
0.9999997740747566
0.9999997739026728
0.9999997742804946
0.9999997752070239
0.9999997766797468
0.9999997786948371
0.9999997812471663
0.9999997843303159
0.9999997879365946
0.9999997920570566
0.9999997966815212
0.9999998017985992
0.9999998073957199
0.9999998134591622
0.9999998199740869
0.9999998269245723
0.9999998342936526
0.9999998420633577
0.9999998502147566
0.9999998587280035
0.9999998675823856
0.9999998767563723
0.9999998862276672
0.9999998959732618
0.9999999059694905
0.9999999161920881
0.9999999266162468
0.9999999372166770
0.9999999479676657
0.9999999588431404
0.9999999698167308
0.9999999808618333
0.9999999919516738
1.0000000030593714
1.0000000141580039
1.0000000252206704
1.0000000362205574
1.0000000471310038
1.0000000579255628
1.0000000685780683
1.0000000790626957
1.0000000893540244
1.0000000994270968
1.0000001092574806
1.0000001188213266
1.0000001280954260
1.0000001370572662
1.0000001456850842
1.0000001539579195
1.0000001618556631
1.0000001693591074
1.0000001764499917
1.0000001831110465
1.0000001893260357
1.0000001950797937
1.0000002003582626
1.0000002051485248
1.0000002094388356
1.0000002132186514
1.0000002164786563
1.0000002192107822
1.0000002214082271
1.0000002230654754
1.0000002241783090
1.0000002247438189
1.0000002247604105
1.0000002242278070
1.0000002231470508
1.0000002215205033
1.0000002193518378
1.0000002166460320
1.0000002134093555
1.0000002096493537
1.0000002053748300
1.0000002005958264
1.0000001953235982
1.0000001895705890
1.0000001833504011
1.0000001766777624
1.0000001695684897
1.0000001620394501
1.0000001541085228
1.0000001457945566
1.0000001371173255
1.0000001280974806
1.0000001187565009
1.0000001091166415
1.0000000992008824
1.0000000890328713
1.0000000786368677
1.0000000680376859
1.0000000572606353
1.0000000463314580
1.0000000352762677
1.0000000241214890
1.0000000128937938
1.0000000016200383
0.9999999903271986
0.9999999790423046
0.9999999677923777
0.9999999566043646
0.9999999455050733
0.9999999345211087
0.9999999236788074
0.9999999130041769
0.9999999025228318
0.9999998922599336
0.9999998822401311
0.9999998724875006
0.9999998630254883
0.9999998538768531
0.9999998450636133
0.9999998366069939
0.9999998285273772
0.9999998208442518
0.9999998135761660
0.9999998067406843
0.9999998003543453
0.9999997944326211
0.9999997889898811
0.9999997840393556
0.9999997795931067
0.9999997756619979
0.9999997722556692
0.9999997693825129
0.9999997670496538
0.9999997652629322
0.9999997640268889
0.9999997633447539
0.9999997632184396
0.9999997636485362
0.9999997646343072
0.9999997661736951
0.9999997682633236
0.9999997708985072
0.9999997740732606
0.9999997777803139
0.9999997820111306
0.9999997867559252
0.9999997920036882
0.9999997977422107
0.9999998039581155
0.9999998106368877
0.9999998177629101
0.9999998253194993
0.9999998332889447
0.9999998416525530
0.9999998503906908
0.9999998594828331
0.9999998689076109
0.9999998786428613
0.9999998886656813
0.9999998989524818
0.9999999094790426
0.9999999202205724
0.9999999311517671
0.9999999422468699
0.9999999534797328
0.9999999648238773
0.9999999762525590
0.9999999877388319
0.9999999992556122
1.0000000107757405
1.0000000222720489
1.0000000337174262
1.0000000450848812
1.0000000563476070
1.0000000674790461
1.0000000784529535
1.0000000892434588
1.0000000998251282
1.0000001101730243
1.0000001202627651
1.0000001300705819
1.0000001395733762
1.0000001487487742
1.0000001575751818
1.0000001660318349
1.0000001740988498
1.0000001817572701
1.0000001889891115
1.0000001957774043
1.0000002021062344
1.0000002079607810
1.0000002133273513
1.0000002181934147
1.0000002225476299
1.0000002263798731
1.0000002296812620
1.0000002324441779
1.0000002346622834
1.0000002363305358
1.0000002374452019
1.0000002380038640
1.0000002380054267
1.0000002374501200
1.0000002363394971
1.0000002346764312
1.0000002324651092
1.0000002297110211
1.0000002264209467
1.0000002226029387
