1.0000002840324946
1.0000002806525672
1.0000002766168143
1.0000002719350980
1.0000002666188150
1.0000002606808702
1.0000002541356443
1.0000002469989595
1.0000002392880418
1.0000002310214815
1.0000002222191879
1.0000002129023404
1.0000002030933390
1.0000001928157507
1.0000001820942523
1.0000001709545712
1.0000001594234234
1.0000001475284526
1.0000001352981611
1.0000001227618420
1.0000001099495095
1.0000000968918252
1.0000000836200269
1.0000000701658545
1.0000000565614735
1.0000000428393994
1.0000000290324182
1.0000000151735096
1.0000000012957659
0.9999999874323159
0.9999999736162413
0.9999999598805001
0.9999999462578482
0.9999999327807605
0.9999999194813531
0.9999999063913085
0.9999998935417999
0.9999998809634133
0.9999998686860767
0.9999998567389886
0.9999998451505493
0.9999998339482916
0.9999998231588162
0.9999998128077280
0.9999998029195742
0.9999997935177858
0.9999997846246227
0.9999997762611201
0.9999997684470382
0.9999997612008140
0.9999997545395183
0.9999997484788150
0.9999997430329247
0.9999997382145919
0.9999997340350518
0.9999997305040060
0.9999997276295982
0.9999997254183947
0.9999997238753686
0.9999997230038890
0.9999997228057120
0.9999997232809782
0.9999997244282101
0.9999997262443197
0.9999997287246135
0.9999997318628047
0.9999997356510293
0.9999997400798628
0.9999997451383451
0.9999997508140052
0.9999997570928923
0.9999997639596094
0.9999997713973505
0.9999997793879404
0.9999997879118774
0.9999997969483804
0.9999998064754413
0.9999998164698752
0.9999998269073788
0.9999998377625873
0.9999998490091349
0.9999998606197171
0.9999998725661584
0.9999998848194778
0.9999998973499604
0.9999999101272272
0.9999999231203068
0.9999999362977120
0.9999999496275149
0.9999999630774230
0.9999999766148583
0.9999999902070346
1.0000000038210353
1.0000000174238912
1.0000000309826618
1.0000000444645119
1.0000000578367927
1.0000000710671202
1.0000000841234515
1.0000000969741616
1.0000001095881197
1.0000001219347643
1.0000001339841769
1.0000001457071528
1.0000001570752723
1.0000001680609665
1.0000001786375836
1.0000001887794543
1.0000001984619535
1.0000002076615615
1.0000002163559154
1.0000002245238642
1.0000002321455213
1.0000002392023126
1.0000002456770214
1.0000002515538269
1.0000002568183453
1.0000002614576629
1.0000002654603664
1.0000002688165714
1.0000002715179461
1.0000002735577309
1.0000002749307535
1.0000002756334450
1.0000002756638477
1.0000002750216193
1.0000002737080309
1.0000002717259677
1.0000002690799226
1.0000002657759832
1.0000002618218187
1.0000002572266602
1.0000002520012803
1.0000002461579671
1.0000002397104959
1.0000002326740958
1.0000002250654134
1.0000002169024722
1.0000002082046298
1.0000001989925325
1.0000001892880666
1.0000001791143052
1.0000001684954538
1.0000001574567927
1.0000001460246146
1.0000001342261622
1.0000001220895633
1.0000001096437674
1.0000000969184730
1.0000000839440577
1.0000000707515038
1.0000000573723253
1.0000000438384915
1.0000000301823511
1.0000000164365563
1.0000000026339853
0.9999999888076642
0.9999999749906860
0.9999999612161314
0.9999999475169888
0.9999999339260778
0.9999999204759678
0.9999999071989025
0.9999998941267224
0.9999998812907893
0.9999998687219094
0.9999998564502601
0.9999998445053175
0.9999998329157875
0.9999998217095359
0.9999998109135222
0.9999998005537349
0.9999997906551295
0.9999997812415681
0.9999997723357630
0.9999997639592215
0.9999997561321954
0.9999997488736301
0.9999997422011228
0.9999997361308777
0.9999997306776676
0.9999997258547990
0.9999997216740785
0.9999997181457853
0.9999997152786475
0.9999997130798194
0.9999997115548657
0.9999997107077475
0.9999997105408129
0.9999997110547908
0.9999997122487895
0.9999997141202973
0.9999997166651899
0.9999997198777395
0.9999997237506286
0.9999997282749656
0.9999997334403067
0.9999997392346810
0.9999997456446182
0.9999997526551824
0.9999997602500058
0.9999997684113274
0.9999997771200367
0.9999997863557181
0.9999997960967005
0.9999998063201092
0.9999998170019192
0.9999998281170114
0.9999998396392334
0.9999998515414609
0.9999998637956646
0.9999998763729755
0.9999998892437548
0.9999999023776632
0.9999999157437328
0.9999999293104412
0.9999999430457873
0.9999999569173664
0.9999999708924477
0.9999999849380535
0.9999999990210371
1.0000000131081614
1.0000000271661795
1.0000000411619108
1.0000000550623218
1.0000000688346060
1.0000000824462605
1.0000000958651651
1.0000001090596573
1.0000001219986085
1.0000001346514973
1.0000001469884818
1.0000001589804723
1.0000001705992010
1.0000001818172886
1.0000001926083089
1.0000002029468513
1.0000002128085816
1.0000002221703008
1.0000002310100002
1.0000002393069143
1.0000002470415679
1.0000002541958259
1.0000002607529341
1.0000002666975589
1.0000002720158234
1.0000002766953429
1.0000002807252515
1.0000002840962305
1.0000002868005273
1.0000002888319759
1.0000002901860112
1.0000002908596799
1.0000002908516457
1.0000002901621954
1.0000002887932364
1.0000002867482924
1.0000002840324946
1.0000002806525672
1.0000002766168143
1.0000002719350980
