1.0000108945731612
1.0000107588886442
1.0000105976685725
1.0000104113009090
1.0000102002336155
1.0000099649735832
1.0000097060854163
1.0000094241900823
1.0000091199634265
1.0000087941345572
1.0000084474841004
1.0000080808423333
1.0000076950871992
1.0000072911422095
1.0000068699742342
1.0000064325911895
1.0000059800396293
1.0000055134022416
1.0000050337952624
1.0000045423658059
1.0000040402891237
1.0000035287657942
1.0000030090188536
1.0000024822908724
1.0000019498409838
1.0000014129418753
1.0000008728767464
1.0000003309362404
0.9999997884153594
0.9999992466103705
0.9999987068157081
0.9999981703208772
0.9999976384073764
0.9999971123456318
0.9999965933919591
0.9999960827855636
0.9999955817455772
0.9999950914681455
0.9999946131235684
0.9999941478535054
0.9999936967682480
0.9999932609440650
0.9999928414206294
0.9999924391985354
0.9999920552369080
0.9999916904511090
0.9999913457105523
0.9999910218366262
0.9999907196007327
0.9999904397224453
0.9999901828677881
0.9999899496476469
0.9999897406163100
0.9999895562701443
0.9999893970464115
0.9999892633222233
0.9999891554136423
0.9999890735749299
0.9999890179979394
0.9999889888116600
0.9999889860819109
0.9999890098111861
0.9999890599386503
0.9999891363402874
0.9999892388291998
0.9999893671560568
0.9999895210096950
0.9999897000178621
0.9999899037481115
0.9999901317088383
0.9999903833504579
0.9999906580667215
0.9999909551961697
0.9999912740237169
0.9999916137823635
0.9999919736550319
0.9999923527765240
0.9999927502355926
0.9999931650771215
0.9999935963044130
0.9999940428815726
0.9999945037359889
0.9999949777609017
0.9999954638180512
0.9999959607404014
0.9999964673349332
0.9999969823854996
0.9999975046557372
0.9999980328920233
0.9999985658264747
0.9999991021799841
0.9999996406652792
1.0000001799900038
1.0000007188598099
1.0000012559814548
1.0000017900658962
1.0000023198313750
1.0000028440064823
1.0000033613332024
1.0000038705699239
1.0000043704944084
1.0000048599067146
1.0000053376320717
1.0000058025236886
1.0000062534654974
1.0000066893748241
1.0000071092049794
1.0000075119477625
1.0000078966358765
1.0000082623452411
1.0000086081972042
1.0000089333606443
1.0000092370539595
1.0000095185469369
1.0000097771624996
1.0000100122783302
1.0000102233283608
1.0000104098041263
1.0000105712559835
1.0000107072941866
1.0000108175898210
1.0000109018755934
1.0000109599464708
1.0000109916601745
1.0000109969375208
1.0000109757626128
1.0000109281828808
1.0000108543089710
1.0000107543144798
1.0000106284355446
1.0000104769702791
1.0000103002780643
1.0000100987786895
1.0000098729513511
1.0000096233335096
1.0000093505196050
1.0000090551596383
1.0000087379576188
1.0000083996698830
1.0000080411032877
1.0000076631132839
1.0000072666018727
1.0000068525154497
1.0000064218425453
1.0000059756114612
1.0000055148878144
1.0000050407719903
1.0000045543965130
1.0000040569233408
1.0000035495410873
1.0000030334621821
1.0000025099199705
1.0000019801657674
1.0000014454658668
1.0000009070985139
1.0000003663508510
0.9999998245158397
0.9999992828891712
0.9999987427661671
0.9999982054386842
0.9999976721920248
0.9999971443018653
0.9999966230312051
0.9999961096273472
0.9999956053189152
0.9999951113129153
0.9999946287918511
0.9999941589108947
0.9999937027951233
0.9999932615368289
0.9999928361929070
0.9999924277823271
0.9999920372836971
0.9999916656329206
0.9999913137209593
0.9999909823917009
0.9999906724399406
0.9999903846094774
0.9999901195913367
0.9999898780221143
0.9999896604824540
0.9999894674956569
0.9999892995264287
0.9999891569797660
0.9999890401999861
0.9999889494698991
0.9999888850101337
0.9999888469786066
0.9999888354701425
0.9999888505162448
0.9999888920850181
0.9999889600812411
0.9999890543465922
0.9999891746600262
0.9999893207382976
0.9999894922366367
0.9999896887495728
0.9999899098118999
0.9999901548997869
0.9999904234320265
0.9999907147714224
0.9999910282263084
0.9999913630521994
0.9999917184535704
0.9999920935857557
0.9999924875569646
0.9999928994304095
0.9999933282265429
0.9999937729253953
0.9999942324690122
0.9999947057639791
0.9999951916840328
0.9999956890727523
0.9999961967463192
0.9999967134963442
0.9999972380927532
0.9999977692867246
0.9999983058136702
0.9999988463962572
0.9999993897474584
0.9999999345736239
1.0000004795775719
1.0000010234616874
1.0000015649310192
1.0000021026963735
1.0000026354773899
1.0000031620056005
1.0000036810274575
1.0000041913073277
1.0000046916304448
1.0000051808058059
1.0000056576690188
1.0000061210850812
1.0000065699510903
1.0000070031988753
1.0000074197975495
1.0000078187559687
1.0000081991250991
1.0000085600002828
1.0000089005233972
1.0000092198849015
1.0000095173257715
1.0000097921393087
1.0000100436728285
1.0000102713292169
1.0000104745683551
1.0000106529084076
1.0000108059269710
1.0000109332620821
1.0000110346130799
1.0000111097413225
1.0000111584707552
1.0000111806883305
1.0000111763442743
1.0000111454522040
1.0000110880890931
1.0000110043950865
1.0000108945731612
1.0000107588886442
1.0000105976685725
1.0000104113009090
