1.0000050515334986
1.0000049889768792
1.0000049146024934
1.0000048285896632
1.0000047311454643
1.0000046225042301
1.0000045029269924
1.0000043727008543
1.0000042321383058
1.0000040815764748
1.0000039213763219
1.0000037519217768
1.0000035736188193
1.0000033868945082
1.0000031921959609
1.0000029899892826
1.0000027807584526
1.0000025650041680
1.0000023432426457
1.0000021160043888
1.0000018838329177
1.0000016472834712
1.0000014069216780
1.0000011633222059
1.0000009170673878
1.0000006687458300
1.0000004189510041
1.0000001682798292
0.9999999173312448
0.9999996667047795
0.9999994169991173
0.9999991688106700
0.9999989227321473
0.9999986793511446
0.9999984392487357
0.9999982029980852
0.9999979711630786
0.9999977442969746
0.9999975229410839
0.9999973076234748
0.9999970988577129
0.9999968971416333
0.9999967029561528
0.9999965167641180
0.9999963390092003
0.9999961701148379
0.9999960104832228
0.9999958604943420
0.9999957205050680
0.9999955908483089
0.9999954718322132
0.9999953637394313
0.9999952668264444
0.9999951813229493
0.9999951074313130
0.9999950453260898
0.9999949951536041
0.9999949570316029
0.9999949310489754
0.9999949172655415
0.9999949157119103
0.9999949263894089
0.9999949492700808
0.9999949842967536
0.9999950313831760
0.9999950904142271
0.9999951612461933
0.9999952437071126
0.9999953375971875
0.9999954426892641
0.9999955587293762
0.9999956854373553
0.9999958225075013
0.9999959696093158
0.9999961263882942
0.9999962924667736
0.9999964674448362
0.9999966509012684
0.9999968423945701
0.9999970414640115
0.9999972476307375
0.9999974603989116
0.9999976792569044
0.9999979036785178
0.9999981331242457
0.9999983670425637
0.9999986048712523
0.9999988460387412
0.9999990899654784
0.9999993360653157
0.9999995837469114
0.9999998324151476
1.0000000814725514
1.0000003303207292
1.0000005783617965
1.0000008249998082
1.0000010696421866
1.0000013117011382
1.0000015505950619
1.0000017857499417
1.0000020166007171
1.0000022425926400
1.0000024631826003
1.0000026778404258
1.0000028860501504
1.0000030873112498
1.0000032811398398
1.0000034670698352
1.0000036446540634
1.0000038134653353
1.0000039730974686
1.0000041231662617
1.0000042633104125
1.0000043931923832
1.0000045124992094
1.0000046209432489
1.0000047182628713
1.0000048042230838
1.0000048786160947
1.0000049412618122
1.0000049920082745
1.0000050307320163
1.0000050573383623
1.0000050717616569
1.0000050739654214
1.0000050639424447
1.0000050417147999
1.0000050073337932
1.0000049608798418
1.0000049024622839
1.0000048322191188
1.0000047503166760
1.0000046569492196
1.0000045523384837
1.0000044367331453
1.0000043104082279
1.0000041736644474
1.0000040268274952
1.0000038702472573
1.0000037042969792
1.0000035293723752
1.0000033458906836
1.0000031542896708
1.0000029550265841
1.0000027485770575
1.0000025354339768
1.0000023161063027
1.0000020911178538
1.0000018610060541
1.0000016263206501
1.0000013876223952
1.0000011454817108
1.0000009004773227
1.0000006531948791
1.0000004042255477
1.0000001541646044
0.9999999036100106
0.9999996531609834
0.9999994034165621
0.9999991549741775
0.9999989084282213
0.9999986643686271
0.9999984233794588
0.9999981860375151
0.9999979529109504
0.9999977245579161
0.9999975015252255
0.9999972843470450
0.9999970735436174
0.9999968696200160
0.9999966730649380
0.9999964843495360
0.9999963039262902
0.9999961322279260
0.9999959696663792
0.9999958166318095
0.9999956734916685
0.9999955405898193
0.9999954182457133
0.9999953067536247
0.9999952063819457
0.9999951173725450
0.9999950399401875
0.9999949742720223
0.9999949205271320
0.9999948788361512
0.9999948493009532
0.9999948319944045
0.9999948269601894
0.9999948342127047
0.9999948537370233
0.9999948854889291
0.9999949293950217
0.9999949853528889
0.9999950532313496
0.9999951328707672
0.9999952240834298
0.9999953266539978
0.9999954403400168
0.9999955648724942
0.9999956999565426
0.9999958452720805
0.9999960004745984
0.9999961651959800
0.9999963390453787
0.9999965216101517
0.9999967124568453
0.9999969111322272
0.9999971171643693
0.9999973300637743
0.9999975493245449
0.9999977744255888
0.9999980048318655
0.9999982399956614
0.9999984793578997
0.9999987223494727
0.9999989683926015
0.9999992169022150
0.9999994672873468
0.9999997189525458
0.9999999712992951
1.0000002237274437
1.0000004756366407
1.0000007264277671
1.0000009755043657
1.0000012222740666
1.0000014661499994
1.0000017065521949
1.0000019429089682
1.0000021746582848
1.0000024012491029
1.0000026221426881
1.0000028368138985
1.0000030447524388
1.0000032454640793
1.0000034384718341
1.0000036233171030
1.0000037995607638
1.0000039667842202
1.0000041245903990
1.0000042726046987
1.0000044104758838
1.0000045378769231
1.0000046545057684
1.0000047600860751
1.0000048543678628
1.0000049371281112
1.0000050081712910
1.0000050673298286
1.0000051144645079
1.0000051494648001
1.0000051722491277
1.0000051827650587
1.0000051809894293
1.0000051669283980
1.0000051406174304
1.0000051021212133
1.0000050515334986
1.0000049889768792
1.0000049146024934
1.0000048285896632
