1.0060829782874166
1.0060064317084587
1.0059156351019003
1.0058107995823204
1.0056921689813247
1.0055600193292964
1.0054146582673968
1.0052564243905668
1.0050856865223976
1.0049028429228382
1.0047083204298184
1.0045025735359920
1.0042860834019165
1.0040593568071088
1.0038229250405610
1.0035773427324162
1.0033231866286592
1.0030610543108041
1.0027915628627204
1.0025153474868804
1.0022330600724643
1.0019453677179238
1.0016529512107446
1.0013565034673244
1.0010567279360219
1.0007543369666139
1.0004500501495286
1.0001445926283883
0.9998386933895540
0.9995330835324912
0.9992284945249298
0.9989256564469138
0.9986252962279701
0.9983281358817354
0.9980348907424869
0.9977462677081125
0.9974629634941357
0.9971856629034783
0.9969150371166934
0.9966517420074321
0.9963964164879259
0.9961496808892608
0.9959121353812046
0.9956843584363009
0.9954669053428817
0.9952603067715748
0.9950650673997721
0.9948816645983991
0.9947105471851906
0.9945521342484950
0.9944068140454557
0.9942749429782033
0.9941568446514710
0.9940528090147965
0.9939630915922104
0.9938879128020370
0.9938274573691381
0.9937818738316253
0.9937512741437400
0.9937357333762938
0.9937352895156983
0.9937499433622903
0.9937796585283127
0.9938243615355521
0.9938839420122966
0.9939582529889236
0.9940471112910889
0.9941502980291568
0.9942675591821710
0.9943986062743626
0.9945431171418708
0.9947007367870694
0.9948710783176025
0.9950537239669813
0.9952482261933387
0.9954541088527159
0.9956708684430461
0.9958979754148104
0.9961348755441745
0.9963809913642706
0.9966357236501588
0.9968984529528984
0.9971685411780830
0.9974453332041198
0.9977281585355015
0.9980163329862901
0.9983091603890274
0.9986059343243130
0.9989059398663103
0.9992084553395002
0.9995127540820611
0.9998181062113306
1.0001237803869056
1.0004290455670304
1.0007331727540458
1.0010354367247929
1.0013351177419920
1.0016315032427674
1.0019238895006284
1.0022115832573617
1.0024939033214564
1.0027701821298229
1.0030397672697366
1.0033020229580918
1.0035563314752094
1.0038020945505948
1.0040387346982051
1.0042656964989307
1.0044824478281467
1.0046884810263421
1.0048833140109752
1.0050664913278327
1.0052375851403155
1.0053961961552047
1.0055419544835804
1.0056745204356898
1.0057935852486768
1.0058988717461970
1.0059901349290588
1.0060671624961197
1.0061297752947831
1.0061778277005302
1.0062112079250136
1.0062298382523436
1.0062336752032739
1.0062227096270950
1.0061969667211172
1.0061565059777253
1.0061014210590646
1.0060318395995116
1.0059479229361639
1.0058498657676793
1.0057378957418830
1.0056122729726482
1.0054732894866643
1.0053212686007982
1.0051565642308580
1.0049795601326690
1.0047906690764941
1.0045903319559331
1.0043790168325655
1.0041572179177143
1.0039254544928389
1.0036842697702038
1.0034342296955963
1.0031759216950125
1.0029099533673778
1.0026369511255093
1.0023575587876883
1.0020724361223510
1.0017822573485815
1.0014877095952255
1.0011894913216222
1.0008883107030957
1.0005848839845122
1.0002799338053572
0.9999741874999483
0.9996683753765390
0.9993632289792149
0.9990594793366177
0.9987578552016669
0.9984590812865617
0.9981638764974581
0.9978729521733187
0.9975870103335157
0.9973067419388394
0.9970328251706193
0.9967659237327161
0.9965066851811579
0.9962557392862055
0.9960136964316179
0.9957811460558578
0.9955586551399284
0.9953467667464587
0.9951459986145582
0.9949568418148543
0.9947797594689812
0.9946151855376428
0.9944635236811852
0.9943251461964268
0.9942003930332675
0.9940895708943659
0.9939929524209212
0.9939107754673243
0.9938432424671554
0.9937905198927066
0.9937527378098933
0.9937299895301016
0.9937223313601803
0.9937297824514446
0.9937523247482242
0.9937899030361302
0.9938424250898757
0.9939097619201330
0.9939917481185665
0.9940881822998386
0.9941988276390602
0.9943234125028265
0.9944616311716745
0.9946131446514865
0.9947775815710884
0.9949545391630130
0.9951435843241494
0.9953442547527593
0.9955560601581211
0.9957784835388722
0.9960109825259343
0.9962529907857537
0.9965039194794529
0.9967631587733704
0.9970300793963742
0.9973040342392665
0.9975843599915325
0.9978703788106736
0.9981614000193324
0.9984567218254364
0.9987556330606057
0.9990574149321158
0.9993613427837600
0.9996666878610249
0.9999727190760869
1.0002787047682296
1.0005839144553939
1.0008876205726922
1.0011891001938433
1.0014876367316237
1.0017825216135763
1.0020730559293620
1.0023585520462859
1.0026383351896939
1.0029117449850939
1.0031781369590009
1.0034368839956762
1.0036873777470825
1.0039290299935362
1.0041612739526842
1.0043835655345947
1.0045953845408930
1.0047962358060212
1.0049856502788361
1.0051631860429073
1.0053284292739930
1.0054809951333166
1.0056205285953745
1.0057467052091389
1.0058592317916233
1.0059578470528923
1.0060423221517047
1.0061124611810803
1.0061681015831774
1.0062091144929708
1.0062354050103051
1.0062469123999958
1.0062436102197325
1.0062255063756367
1.0061926431054047
1.0061450968890595
1.0060829782874166
1.0060064317084587
1.0059156351019003
1.0058107995823204
