1.0000024851539151
1.0000024545831199
1.0000024182113139
1.0000023761263899
1.0000023284298571
1.0000022752365971
1.0000022166745897
1.0000021528846028
1.0000020840198607
1.0000020102456750
1.0000019317390501
1.0000018486882596
1.0000017612923964
1.0000016697608947
1.0000015743130299
1.0000014751773947
1.0000013725913508
1.0000012668004621
1.0000011580579076
1.0000010466238771
1.0000009327649477
1.0000008167534475
1.0000006988668038
1.0000005793868811
1.0000004585993068
1.0000003367927874
1.0000002142584195
1.0000000912889933
0.9999999681782942
0.9999998452203979
0.9999997227089698
0.9999996009365616
0.9999994801939127
0.9999993607692564
0.9999992429476303
0.9999991270101964
0.9999990132335695
0.9999989018891535
0.9999987932424931
0.9999986875526408
0.9999985850715396
0.9999984860434205
0.9999983907042174
0.9999982992810049
0.9999982119914561
0.9999981290433211
0.9999980506339335
0.9999979769497379
0.9999979081658443
0.9999978444456105
0.9999977859402520
0.9999977327884811
0.9999976851161756
0.9999976430360803
0.9999976066475371
0.9999975760362483
0.9999975512740725
0.9999975324188551
0.9999975195142888
0.9999975125898106
0.9999975116605323
0.9999975167272055
0.9999975277762195
0.9999975447796354
0.9999975676952549
0.9999975964667193
0.9999976310236484
0.9999976712818098
0.9999977171433185
0.9999977684968739
0.9999978252180257
0.9999978871694745
0.9999979542013976
0.9999980261518105
0.9999981028469545
0.9999981841017124
0.9999982697200530
0.9999983594955016
0.9999984532116338
0.9999985506425947
0.9999986515536392
0.9999987557016939
0.9999988628359388
0.9999989726984090
0.9999990850246132
0.9999991995441654
0.9999993159814335
0.9999994340561998
0.9999995534843288
0.9999996739784501
0.9999997952486475
0.9999999170031519
1.0000000389490398
1.0000001607929334
1.0000002822417049
1.0000004030031771
1.0000005227868227
1.0000006413044618
1.0000007582709496
1.0000008734048604
1.0000009864291612
1.0000010970718758
1.0000012050667351
1.0000013101538145
1.0000014120801566
1.0000015106003757
1.0000016054772469
1.0000016964822738
1.0000017833962358
1.0000018660097127
1.0000019441235855
1.0000020175495159
1.0000020861103960
1.0000021496407714
1.0000022079872404
1.0000022610088193
1.0000023085772800
1.0000023505774585
1.0000023869075307
1.0000024174792561
1.0000024422181906
1.0000024610638667
1.0000024739699367
1.0000024809042842
1.0000024818491011
1.0000024768009319
1.0000024657706827
1.0000024487835957
1.0000024258791895
1.0000023971111656
1.0000023625472803
1.0000023222691823
1.0000022763722198
1.0000022249652127
1.0000021681701921
1.0000021061221100
1.0000020389685178
1.0000019668692137
1.0000018899958625
1.0000018085315827
1.0000017226705118
1.0000016326173402
1.0000015385868237
1.0000014408032702
1.0000013395000036
1.0000012349188054
1.0000011273093381
1.0000010169285483
1.0000009040400544
1.0000007889135152
1.0000006718239853
1.0000005530512572
1.0000004328791929
1.0000003115950464
1.0000001894887767
1.0000000668523541
0.9999999439790622
0.9999998211627972
0.9999996986973640
0.9999995768757760
0.9999994559895540
0.9999993363280287
0.9999992181776479
0.9999991018212919
0.9999989875375981
0.9999988756002939
0.9999987662775417
0.9999986598312978
0.9999985565166869
0.9999984565813917
0.9999983602650582
0.9999982677987229
0.9999981794042623
0.9999980952938597
0.9999980156694989
0.9999979407224814
0.9999978706329675
0.9999978055695451
0.9999977456888265
0.9999976911350722
0.9999976420398459
0.9999975985216980
0.9999975606858834
0.9999975286241092
0.9999975024143135
0.9999974821204790
0.9999974677924791
0.9999974594659580
0.9999974571622458
0.9999974608883047
0.9999974706367133
0.9999974863856824
0.9999975080991060
0.9999975357266471
0.9999975692038565
0.9999976084523261
0.9999976533798755
0.9999977038807714
0.9999977598359795
0.9999978211134487
0.9999978875684248
0.9999979590437965
0.9999980353704693
0.9999981163677683
0.9999982018438683
0.9999982915962525
0.9999983854121957
0.9999984830692724
0.9999985843358855
0.9999986889718192
0.9999987967288131
0.9999989073511515
0.9999990205762764
0.9999991361354147
0.9999992537542191
0.9999993731534234
0.9999994940495072
0.9999996161553724
0.9999997391810298
0.9999998628342881
0.9999999868214544
1.0000001108480336
1.0000002346194328
1.0000003578416630
1.0000004802220417
1.0000006014698914
1.0000007212972319
1.0000008394194684
1.0000009555560709
1.0000010694312456
1.0000011807745890
1.0000012893217358
1.0000013948149882
1.0000014970039310
1.0000015956460300
1.0000016905072111
1.0000017813624187
1.0000018679961507
1.0000019502029753
1.0000020277880197
1.0000021005674342
1.0000021683688325
1.0000022310317003
1.0000022884077808
1.0000023403614271
1.0000023867699241
1.0000024275237815
1.0000024625269963
1.0000024916972805
1.0000025149662575
1.0000025322796240
1.0000025435972788
1.0000025488934186
1.0000025481565988
1.0000025413897604
1.0000025286102217
1.0000025098496359
1.0000024851539151
1.0000024545831199
1.0000024182113139
1.0000023761263899
