1.0000000000573344
1.0000000000571847
1.0000000000569329
1.0000000000565810
1.0000000000561320
1.0000000000555893
1.0000000000549549
1.0000000000542306
1.0000000000534193
1.0000000000525238
1.0000000000515448
1.0000000000504834
1.0000000000493419
1.0000000000481237
1.0000000000468321
1.0000000000454718
1.0000000000440474
1.0000000000425640
1.0000000000410254
1.0000000000394362
1.0000000000378004
1.0000000000361229
1.0000000000344078
1.0000000000326585
1.0000000000308793
1.0000000000290736
1.0000000000272453
1.0000000000253990
1.0000000000235392
1.0000000000216713
1.0000000000197988
1.0000000000179246
1.0000000000160514
1.0000000000141840
1.0000000000123266
1.0000000000104834
1.0000000000086602
1.0000000000068614
1.0000000000050910
1.0000000000033533
1.0000000000016525
0.9999999999999931
0.9999999999983790
0.9999999999968131
0.9999999999952991
0.9999999999938401
0.9999999999924393
0.9999999999910986
0.9999999999898211
0.9999999999886089
0.9999999999874639
0.9999999999863888
0.9999999999853864
0.9999999999844579
0.9999999999836048
0.9999999999828278
0.9999999999821274
0.9999999999815044
0.9999999999809593
0.9999999999804930
0.9999999999801060
0.9999999999797980
0.9999999999795679
0.9999999999794161
0.9999999999793412
0.9999999999793416
0.9999999999794147
0.9999999999795582
0.9999999999797707
0.9999999999800503
0.9999999999803956
0.9999999999808066
0.9999999999812828
0.9999999999818230
0.9999999999824253
0.9999999999830872
0.9999999999838057
0.9999999999845789
0.9999999999854051
0.9999999999862811
0.9999999999872043
0.9999999999881719
0.9999999999891810
0.9999999999902282
0.9999999999913091
0.9999999999924190
0.9999999999935530
0.9999999999947078
0.9999999999958785
0.9999999999970618
0.9999999999982556
0.9999999999994564
1.0000000000006606
1.0000000000018641
1.0000000000030618
1.0000000000042486
1.0000000000054212
1.0000000000065765
1.0000000000077107
1.0000000000088209
1.0000000000099045
1.0000000000109586
1.0000000000119795
1.0000000000129645
1.0000000000139109
1.0000000000148148
1.0000000000156735
1.0000000000164848
1.0000000000172455
1.0000000000179530
1.0000000000186042
1.0000000000191962
1.0000000000197267
1.0000000000201936
1.0000000000205960
1.0000000000209326
1.0000000000212026
1.0000000000214042
1.0000000000215361
1.0000000000215981
1.0000000000215890
1.0000000000215084
1.0000000000213551
1.0000000000211293
1.0000000000208311
1.0000000000204610
1.0000000000200187
1.0000000000195051
1.0000000000189222
1.0000000000182712
1.0000000000175537
1.0000000000167724
1.0000000000159284
1.0000000000150238
1.0000000000140603
1.0000000000130387
1.0000000000119589
1.0000000000108216
1.0000000000096281
1.0000000000083797
1.0000000000070788
1.0000000000057292
1.0000000000043343
1.0000000000028981
1.0000000000014240
0.9999999999999154
0.9999999999983756
0.9999999999968088
0.9999999999952178
0.9999999999936066
0.9999999999919797
0.9999999999903414
0.9999999999886956
0.9999999999870466
0.9999999999853980
0.9999999999837537
0.9999999999821166
0.9999999999804915
0.9999999999788833
0.9999999999772972
0.9999999999757374
0.9999999999742085
0.9999999999727137
0.9999999999712559
0.9999999999698365
0.9999999999684588
0.9999999999671269
0.9999999999658443
0.9999999999646146
0.9999999999634394
0.9999999999623214
0.9999999999612639
0.9999999999602700
0.9999999999593421
0.9999999999584825
0.9999999999576947
0.9999999999569811
0.9999999999563434
0.9999999999557843
0.9999999999553060
0.9999999999549107
0.9999999999546018
0.9999999999543808
0.9999999999542490
0.9999999999542056
0.9999999999542519
0.9999999999543876
0.9999999999546133
0.9999999999549299
0.9999999999553378
0.9999999999558372
0.9999999999564279
0.9999999999571086
0.9999999999578781
0.9999999999587352
0.9999999999596790
0.9999999999607082
0.9999999999618211
0.9999999999630155
0.9999999999642893
0.9999999999656403
0.9999999999670657
0.9999999999685628
0.9999999999701288
0.9999999999717611
0.9999999999734576
0.9999999999752163
0.9999999999770346
0.9999999999789093
0.9999999999808370
0.9999999999828143
0.9999999999848379
0.9999999999869038
0.9999999999890080
0.9999999999911475
0.9999999999933189
0.9999999999955181
0.9999999999977408
0.9999999999999811
1.0000000000022344
1.0000000000044966
1.0000000000067617
1.0000000000090246
1.0000000000112803
1.0000000000135256
1.0000000000157567
1.0000000000179703
1.0000000000201625
1.0000000000223297
1.0000000000244675
1.0000000000265714
1.0000000000286362
1.0000000000306575
1.0000000000326317
1.0000000000345541
1.0000000000364213
1.0000000000382290
1.0000000000399736
1.0000000000416520
1.0000000000432621
1.0000000000447999
1.0000000000462621
1.0000000000476450
1.0000000000489464
1.0000000000501625
1.0000000000512905
1.0000000000523279
1.0000000000532725
1.0000000000541227
1.0000000000548774
1.0000000000555351
1.0000000000560945
1.0000000000565541
1.0000000000569129
1.0000000000571707
1.0000000000573268
1.0000000000573814
1.0000000000573344
1.0000000000571847
1.0000000000569329
1.0000000000565810
