1.0000050864593084
1.0000050234665667
1.0000049485741211
1.0000048619625386
1.0000047638403329
1.0000046544434653
1.0000045340347812
1.0000044029033783
1.0000042613639160
1.0000041097558627
1.0000039484426857
1.0000037778109787
1.0000035982695390
1.0000034102483899
1.0000032141977533
1.0000030105869706
1.0000027999033816
1.0000025826511587
1.0000023593501011
1.0000021305343934
1.0000018967513291
1.0000016585600007
1.0000014165299635
1.0000011712398735
1.0000009232761036
1.0000006732313425
1.0000004217031793
1.0000001692926750
0.9999999166029252
0.9999996642376192
0.9999994127995966
0.9999991628894072
0.9999989151038762
0.9999986700346755
0.9999984282669104
0.9999981903777229
0.9999979569349104
0.9999977284955714
0.9999975056047741
0.9999972887942529
0.9999970785811362
0.9999968754667135
0.9999966799352357
0.9999964924527593
0.9999963134660350
0.9999961434014387
0.9999959826639543
0.9999958316362040
0.9999956906775358
0.9999955601231660
0.9999954402833792
0.9999953314427860
0.9999952338596467
0.9999951477652527
0.9999950733633743
0.9999950108297760
0.9999949603117978
0.9999949219280023
0.9999948957678930
0.9999948818917025
0.9999948803302505
0.9999948910848721
0.9999949141274143
0.9999949494003050
0.9999949968166937
0.9999950562606597
0.9999951275874895
0.9999952106240255
0.9999953051690803
0.9999954109939208
0.9999955278428161
0.9999956554336505
0.9999957934586006
0.9999959415848720
0.9999960994554975
0.9999962666901910
0.9999964428862570
0.9999966276195581
0.9999968204455285
0.9999970209002382
0.9999972285015055
0.9999974427500518
0.9999976631306955
0.9999978891135863
0.9999981201554718
0.9999983557009992
0.9999985951840439
0.9999988380290648
0.9999990836524835
0.9999993314640816
0.9999995808684113
0.9999998312662201
1.0000000820558868
1.0000003326348614
1.0000005824011078
1.0000008307545429
1.0000010770984755
1.0000013208410332
1.0000015613965771
1.0000017981871046
1.0000020306436321
1.0000022582075589
1.0000024803320031
1.0000026964831112
1.0000029061413322
1.0000031088026664
1.0000033039798695
1.0000034912036186
1.0000036700236354
1.0000038400097651
1.0000040007530056
1.0000041518664868
1.0000042929863977
1.0000044237728563
1.0000045439107241
1.0000046531103608
1.0000047511083177
1.0000048376679678
1.0000049125800750
1.0000049756632958
1.0000050267646128
1.0000050657597024
1.0000050925532324
1.0000051070790921
1.0000051093005495
1.0000050992103431
1.0000050768306981
1.0000050422132749
1.0000049954390478
1.0000049366181121
1.0000048658894214
1.0000047834204566
1.0000046894068289
1.0000045840718106
1.0000044676658024
1.0000043404657371
1.0000042027744169
1.0000040549197908
1.0000038972541729
1.0000037301533999
1.0000035540159338
1.0000033692619075
1.0000031763321224
1.0000029756869977
1.0000027678054673
1.0000025531838377
1.0000023323345999
1.0000021057852067
1.0000018740768106
1.0000016377629724
1.0000013974083377
1.0000011535872864
1.0000009068825613
1.0000006578838747
1.0000004071864985
1.0000001553898412
0.9999999030960141
0.9999996509083933
0.9999993994301760
0.9999991492629390
0.9999989010052004
0.9999986552509897
0.9999984125884259
0.9999981735983109
0.9999979388527416
0.9999977089137420
0.9999974843319199
0.9999972656451487
0.9999970533772812
0.9999968480368977
0.9999966501160895
0.9999964600892813
0.9999962784120956
0.9999961055202630
0.9999959418285789
0.9999957877299127
0.9999956435942670
0.9999955097678922
0.9999953865724573
0.9999952743042797
0.9999951732336161
0.9999950836040149
0.9999950056317339
0.9999949395052217
0.9999948853846653
0.9999948434016066
0.9999948136586260
0.9999947962290979
0.9999947911570124
0.9999947984568687
0.9999948181136381
0.9999948500827986
0.9999948942904417
0.9999949506334472
0.9999950189797268
0.9999950991685387
0.9999951910108712
0.9999952942898926
0.9999954087614681
0.9999955341547397
0.9999956701727730
0.9999958164932669
0.9999959727693215
0.9999961386302675
0.9999963136825480
0.9999964975106592
0.9999966896781401
0.9999968897286168
0.9999970971868893
0.9999973115600667
0.9999975323387433
0.9999977589982149
0.9999979909997291
0.9999982277917745
0.9999984688113951
0.9999987134855350
0.9999989612324067
0.9999992114628800
0.9999994635818893
0.9999997169898531
0.9999999710841057
1.0000002252603337
1.0000004789140222
1.0000007314418955
1.0000009822433575
1.0000012307219275
1.0000014762866636
1.0000017183535730
1.0000019563470055
1.0000021897010289
1.0000024178607800
1.0000026402837878
1.0000028564412695
1.0000030658193926
1.0000032679205018
1.0000034622643053
1.0000036483890207
1.0000038258524784
1.0000039942331771
1.0000041531312889
1.0000043021696154
1.0000044409944855
1.0000045692766000
1.0000046867118171
1.0000047930218765
1.0000048879550638
1.0000049712868113
1.0000050428202343
1.0000051023865995
1.0000051498457270
1.0000051850863245
1.0000052080262509
1.0000052186127113
1.0000052168223823
1.0000052026614681
1.0000051761656819
1.0000051374001611
1.0000050864593084
1.0000050234665667
1.0000049485741211
1.0000048619625386
