1.0000000000038543
1.0000000000038658
1.0000000000038645
1.0000000000038516
1.0000000000038283
1.0000000000037956
1.0000000000037541
1.0000000000037044
1.0000000000036473
1.0000000000035834
1.0000000000035143
1.0000000000034412
1.0000000000033655
1.0000000000032883
1.0000000000032097
1.0000000000031297
1.0000000000030482
1.0000000000029647
1.0000000000028799
1.0000000000027938
1.0000000000027069
1.0000000000026197
1.0000000000025326
1.0000000000024454
1.0000000000023570
1.0000000000022675
1.0000000000021765
1.0000000000020852
1.0000000000019948
1.0000000000019063
1.0000000000018201
1.0000000000017366
1.0000000000016562
1.0000000000015785
1.0000000000015030
1.0000000000014295
1.0000000000013587
1.0000000000012907
1.0000000000012255
1.0000000000011626
1.0000000000011009
1.0000000000010401
1.0000000000009801
1.0000000000009226
1.0000000000008682
1.0000000000008171
1.0000000000007703
1.0000000000007288
1.0000000000006919
1.0000000000006595
1.0000000000006299
1.0000000000006022
1.0000000000005749
1.0000000000005493
1.0000000000005265
1.0000000000005076
1.0000000000004927
1.0000000000004814
1.0000000000004721
1.0000000000004643
1.0000000000004576
1.0000000000004514
1.0000000000004454
1.0000000000004405
1.0000000000004381
1.0000000000004374
1.0000000000004388
1.0000000000004425
1.0000000000004474
1.0000000000004527
1.0000000000004572
1.0000000000004605
1.0000000000004625
1.0000000000004632
1.0000000000004639
1.0000000000004652
1.0000000000004676
1.0000000000004712
1.0000000000004758
1.0000000000004823
1.0000000000004909
1.0000000000005018
1.0000000000005145
1.0000000000005289
1.0000000000005438
1.0000000000005587
1.0000000000005733
1.0000000000005869
1.0000000000005993
1.0000000000006097
1.0000000000006180
1.0000000000006235
1.0000000000006266
1.0000000000006266
1.0000000000006242
1.0000000000006197
1.0000000000006148
1.0000000000006095
1.0000000000006035
1.0000000000005964
1.0000000000005884
1.0000000000005795
1.0000000000005702
1.0000000000005611
1.0000000000005507
1.0000000000005385
1.0000000000005231
1.0000000000005054
1.0000000000004854
1.0000000000004647
1.0000000000004448
1.0000000000004259
1.0000000000004079
1.0000000000003906
1.0000000000003737
1.0000000000003564
1.0000000000003388
1.0000000000003211
1.0000000000003024
1.0000000000002829
1.0000000000002618
1.0000000000002396
1.0000000000002160
1.0000000000001914
1.0000000000001663
1.0000000000001417
1.0000000000001172
1.0000000000000919
1.0000000000000664
1.0000000000000420
1.0000000000000187
0.9999999999999977
0.9999999999999798
0.9999999999999650
0.9999999999999533
0.9999999999999440
0.9999999999999374
0.9999999999999327
0.9999999999999307
0.9999999999999321
0.9999999999999362
0.9999999999999429
0.9999999999999521
0.9999999999999615
0.9999999999999698
0.9999999999999766
0.9999999999999812
0.9999999999999847
0.9999999999999871
0.9999999999999893
0.9999999999999916
0.9999999999999934
0.9999999999999946
0.9999999999999942
0.9999999999999927
0.9999999999999903
0.9999999999999870
0.9999999999999842
0.9999999999999838
0.9999999999999860
0.9999999999999909
0.9999999999999971
1.0000000000000040
1.0000000000000095
1.0000000000000127
1.0000000000000131
1.0000000000000113
1.0000000000000078
1.0000000000000036
0.9999999999999987
0.9999999999999927
0.9999999999999856
0.9999999999999784
0.9999999999999706
0.9999999999999620
0.9999999999999524
0.9999999999999418
0.9999999999999317
0.9999999999999222
0.9999999999999134
0.9999999999999052
0.9999999999998959
0.9999999999998851
0.9999999999998734
0.9999999999998606
0.9999999999998461
0.9999999999998299
0.9999999999998113
0.9999999999997909
0.9999999999997697
0.9999999999997486
0.9999999999997284
0.9999999999997100
0.9999999999996926
0.9999999999996767
0.9999999999996628
0.9999999999996515
0.9999999999996426
0.9999999999996362
0.9999999999996328
0.9999999999996330
0.9999999999996347
0.9999999999996382
0.9999999999996438
0.9999999999996526
0.9999999999996663
0.9999999999996856
0.9999999999997106
0.9999999999997421
0.9999999999997786
0.9999999999998191
0.9999999999998622
0.9999999999999070
0.9999999999999533
1.0000000000000018
1.0000000000000544
1.0000000000001119
1.0000000000001743
1.0000000000002414
1.0000000000003122
1.0000000000003857
1.0000000000004616
1.0000000000005411
1.0000000000006255
1.0000000000007145
1.0000000000008082
1.0000000000009073
1.0000000000010112
1.0000000000011200
1.0000000000012323
1.0000000000013465
1.0000000000014613
1.0000000000015761
1.0000000000016911
1.0000000000018054
1.0000000000019200
1.0000000000020350
1.0000000000021503
1.0000000000022653
1.0000000000023794
1.0000000000024920
1.0000000000026026
1.0000000000027112
1.0000000000028173
1.0000000000029203
1.0000000000030207
1.0000000000031191
1.0000000000032143
1.0000000000033062
1.0000000000033942
1.0000000000034772
1.0000000000035552
1.0000000000036273
1.0000000000036924
1.0000000000037488
1.0000000000037954
1.0000000000038307
1.0000000000038543
1.0000000000038658
1.0000000000038645
1.0000000000038516
