1.0000000107337166
1.0000000106212985
1.0000000104850717
1.0000000103253854
1.0000000101426412
1.0000000099372954
1.0000000097098571
1.0000000094608870
1.0000000091909957
1.0000000089008445
1.0000000085911420
1.0000000082626435
1.0000000079161473
1.0000000075524935
1.0000000071725614
1.0000000067772699
1.0000000063675734
1.0000000059444596
1.0000000055089477
1.0000000050620848
1.0000000046049422
1.0000000041386152
1.0000000036642196
1.0000000031828906
1.0000000026957794
1.0000000022040507
1.0000000017088782
1.0000000012114427
1.0000000007129290
1.0000000002145233
0.9999999997174096
0.9999999992227689
0.9999999987317761
0.9999999982455950
0.9999999977653790
0.9999999972922654
0.9999999968273739
0.9999999963718030
0.9999999959266270
0.9999999954928956
0.9999999950716298
0.9999999946638202
0.9999999942704232
0.9999999938923591
0.9999999935305094
0.9999999931857169
0.9999999928587830
0.9999999925504663
0.9999999922614795
0.9999999919924879
0.9999999917441094
0.9999999915169099
0.9999999913114048
0.9999999911280559
0.9999999909672712
0.9999999908294043
0.9999999907147548
0.9999999906235663
0.9999999905560258
0.9999999905122633
0.9999999904923497
0.9999999904962976
0.9999999905240621
0.9999999905755390
0.9999999906505682
0.9999999907489322
0.9999999908703585
0.9999999910145185
0.9999999911810286
0.9999999913694517
0.9999999915792980
0.9999999918100262
0.9999999920610447
0.9999999923317121
0.9999999926213403
0.9999999929291947
0.9999999932544964
0.9999999935964243
0.9999999939541180
0.9999999943266791
0.9999999947131746
0.9999999951126366
0.9999999955240664
0.9999999959464371
0.9999999963786941
0.9999999968197594
0.9999999972685347
0.9999999977239021
0.9999999981847284
0.9999999986498668
0.9999999991181616
0.9999999995884492
1.0000000000595617
1.0000000005303282
1.0000000009995798
1.0000000014661503
1.0000000019288804
1.0000000023866182
1.0000000028382252
1.0000000032825795
1.0000000037185761
1.0000000041451313
1.0000000045611841
1.0000000049656965
1.0000000053576583
1.0000000057360916
1.0000000061000516
1.0000000064486285
1.0000000067809500
1.0000000070961828
1.0000000073935347
1.0000000076722564
1.0000000079316442
1.0000000081710405
1.0000000083898370
1.0000000085874750
1.0000000087634464
1.0000000089172951
1.0000000090486190
1.0000000091570713
1.0000000092423618
1.0000000093042567
1.0000000093425783
1.0000000093572039
1.0000000093480690
1.0000000093151669
1.0000000092585482
1.0000000091783214
1.0000000090746528
1.0000000089477661
1.0000000087979399
1.0000000086255105
1.0000000084308691
1.0000000082144604
1.0000000079767823
1.0000000077183846
1.0000000074398672
1.0000000071418786
1.0000000068251156
1.0000000064903207
1.0000000061382801
1.0000000057698226
1.0000000053858169
1.0000000049871702
1.0000000045748256
1.0000000041497588
1.0000000037129786
1.0000000032655225
1.0000000028084535
1.0000000023428597
1.0000000018698518
1.0000000013905594
1.0000000009061281
1.0000000004177172
0.9999999999264959
0.9999999994336403
0.9999999989403303
0.9999999984477498
0.9999999979570818
0.9999999974695061
0.9999999969861949
0.9999999965083118
0.9999999960370081
0.9999999955734202
0.9999999951186674
0.9999999946738489
0.9999999942400432
0.9999999938183023
0.9999999934096510
0.9999999930150839
0.9999999926355627
0.9999999922720149
0.9999999919253298
0.9999999915963563
0.9999999912859019
0.9999999909947310
0.9999999907235638
0.9999999904730730
0.9999999902438825
0.9999999900365681
0.9999999898516528
0.9999999896896070
0.9999999895508466
0.9999999894357328
0.9999999893445709
0.9999999892776090
0.9999999892350392
0.9999999892169962
0.9999999892235572
0.9999999892547415
0.9999999893105102
0.9999999893907664
0.9999999894953538
0.9999999896240596
0.9999999897766131
0.9999999899526874
0.9999999901518997
0.9999999903738120
0.9999999906179337
0.9999999908837230
0.9999999911705872
0.9999999914778819
0.9999999918049136
0.9999999921509427
0.9999999925151838
0.9999999928968081
0.9999999932949458
0.9999999937086881
0.9999999941370893
0.9999999945791699
0.9999999950339175
0.9999999955002875
0.9999999959772086
0.9999999964635850
0.9999999969582976
0.9999999974602084
0.9999999979681634
0.9999999984809931
0.9999999989975166
0.9999999995165443
1.0000000000368792
1.0000000005573215
1.0000000010766708
1.0000000015937287
1.0000000021073030
1.0000000026162088
1.0000000031192720
1.0000000036153325
1.0000000041032482
1.0000000045818964
1.0000000050501769
1.0000000055070131
1.0000000059513552
1.0000000063821806
1.0000000067985004
1.0000000071993609
1.0000000075838451
1.0000000079510734
1.0000000083002072
1.0000000086304517
1.0000000089410555
1.0000000092313126
1.0000000095005652
1.0000000097482058
1.0000000099736779
1.0000000101764779
1.0000000103561546
1.0000000105123130
1.0000000106446127
1.0000000107527696
1.0000000108365563
1.0000000108958020
1.0000000109303948
1.0000000109402811
1.0000000109254641
1.0000000108860068
1.0000000108220315
1.0000000107337166
1.0000000106212985
1.0000000104850717
1.0000000103253854
