1.0000452881377608
1.0000447199055773
1.0000440452616155
1.0000432658250746
1.0000423834653087
1.0000414002973588
1.0000403186768974
1.0000391411945997
1.0000378706699520
1.0000365101445126
1.0000350628746457
1.0000335323237373
1.0000319221539209
1.0000302362173272
1.0000284785468787
1.0000266533466555
1.0000247649818483
1.0000228179683273
1.0000208169618512
1.0000187667469405
1.0000166722254453
1.0000145384048342
1.0000123703862245
1.0000101733521927
1.0000079525543888
1.0000057133009850
1.0000034609439907
1.0000012008664600
0.9999989384696256
0.9999966791599897
0.9999944283364020
0.9999921913771527
0.9999899736271191
0.9999877803849871
0.9999856168905863
0.9999834883123621
0.9999813997350222
0.9999793561473785
0.9999773624304230
0.9999754233456566
0.9999735435237065
0.9999717274532549
0.9999699794703074
0.9999683037478233
0.9999667042857427
0.9999651849014225
0.9999637492205070
0.9999624006682629
0.9999611424613891
0.9999599776003247
0.9999589088620783
0.9999579387935900
0.9999570697056421
0.9999563036673353
0.9999556425011462
0.9999550877785721
0.9999546408163769
0.9999543026734459
0.9999540741482579
0.9999539557769810
0.9999539478321963
0.9999540503222520
0.9999542629912497
0.9999545853196617
0.9999550165255836
0.9999555555666090
0.9999562011423339
0.9999569516974708
0.9999578054255791
0.9999587602733926
0.9999598139457399
0.9999609639110411
0.9999622074073706
0.9999635414490731
0.9999649628339117
0.9999664681507378
0.9999680537876563
0.9999697159406741
0.9999714506228061
0.9999732536736216
0.9999751207691999
0.9999770474324817
0.9999790290439834
0.9999810608528511
0.9999831379882309
0.9999852554709240
0.9999874082253017
0.9999895910914490
0.9999917988375109
0.9999940261722117
0.9999962677575118
0.9999985182213770
1.0000007721706297
1.0000030242038482
1.0000052689242878
1.0000075009527862
1.0000097149406324
1.0000119055823566
1.0000140676284206
1.0000161958977682
1.0000182852902149
1.0000203307986457
1.0000223275209870
1.0000242706719278
1.0000261555943628
1.0000279777705250
1.0000297328327872
1.0000314165741062
1.0000330249580807
1.0000345541286011
1.0000360004190680
1.0000373603611585
1.0000386306931182
1.0000398083675606
1.0000408905587526
1.0000418746693700
1.0000427583367082
1.0000435394383305
1.0000442160971448
1.0000447866858941
1.0000452498310477
1.0000456044160881
1.0000458495841835
1.0000459847402401
1.0000460095523285
1.0000459239524804
1.0000457281368591
1.0000454225652933
1.0000450079601855
1.0000444853047903
1.0000438558408726
1.0000431210657448
1.0000422827286941
1.0000413428268100
1.0000403036002172
1.0000391675267291
1.0000379373159332
1.0000366159027221
1.0000352064402860
1.0000337122925838
1.0000321370263114
1.0000304844023835
1.0000287583669525
1.0000269630419818
1.0000251027154019
1.0000231818308669
1.0000212049771406
1.0000191768771332
1.0000171023766171
1.0000149864326500
1.0000128341017303
1.0000106505277173
1.0000084409295353
1.0000062105887031
1.0000039648367109
1.0000017090422779
0.9999994485985196
0.9999971889100577
0.9999949353801001
0.9999926933975239
0.9999904683239909
0.9999882654811274
0.9999860901378023
0.9999839474975273
0.9999818426860129
0.9999797807389114
0.9999777665897710
0.9999758050582380
0.9999739008385287
0.9999720584881996
0.9999702824172469
0.9999685768775550
0.9999669459527245
0.9999653935483015
0.9999639233824309
0.9999625389769602
0.9999612436490086
0.9999600405030293
0.9999589324233792
0.9999579220674147
0.9999570118591299
0.9999562039833527
0.9999555003805136
0.9999549027419965
0.9999544125060883
0.9999540308545316
0.9999537587096911
0.9999535967323400
0.9999535453200759
0.9999536046063612
0.9999537744601981
0.9999540544864367
0.9999544440267136
0.9999549421610198
0.9999555477098935
0.9999562592372356
0.9999570750537397
0.9999579932209270
0.9999590115557782
0.9999601276359452
0.9999613388055394
0.9999626421814785
0.9999640346603745
0.9999655129259518
0.9999670734569699
0.9999687125356403
0.9999704262565124
0.9999722105358048
0.9999740611211652
0.9999759736018313
0.9999779434191722
0.9999799658775834
0.9999820361557081
0.9999841493179580
0.9999863003263080
0.9999884840523349
0.9999906952894700
0.9999929287654418
0.9999951791548710
0.9999974410919978
0.9999997091834977
1.0000019780213667
1.0000042421958413
1.0000064963083202
1.0000087349842630
1.0000109528860264
1.0000131447256124
1.0000153052773004
1.0000174293901258
1.0000195120001814
1.0000215481427128
1.0000235329639724
1.0000254617328088
1.0000273298519631
1.0000291328690485
1.0000308664871775
1.0000325265752228
1.0000341091776770
1.0000356105240955
1.0000370270380967
1.0000383553458971
1.0000395922843639
1.0000407349085629
1.0000417804987878
1.0000427265670482
1.0000435708630073
1.0000443113793505
1.0000449463565704
1.0000454742871654
1.0000458939192343
1.0000462042594591
1.0000464045754733
1.0000464943976037
1.0000464735199883
1.0000463420010610
1.0000461001634098
1.0000457485929977
1.0000452881377608
1.0000447199055773
1.0000440452616155
1.0000432658250746
