1.0002708787396415
1.0002674618084826
1.0002634073535150
1.0002587250774382
1.0002534261810283
1.0002475233364858
1.0002410306572789
1.0002339636645545
1.0002263392501982
1.0002181756366280
1.0002094923334159
1.0002003100908421
1.0001906508504863
1.0001805376929762
1.0001699947830132
1.0001590473118072
1.0001477214370542
1.0001360442206011
1.0001240435639382
1.0001117481416812
1.0000991873331946
1.0000863911525160
1.0000733901767573
1.0000602154731388
1.0000468985248372
1.0000334711558243
1.0000199654548736
1.0000064136989162
0.9999928482759265
0.9999793016075228
0.9999658060714693
0.9999523939242640
0.9999390972239954
0.9999259477536562
0.9999129769450952
0.9999002158037936
0.9998876948346413
0.9998754439688963
0.9998634924924970
0.9998518689759109
0.9998406012056766
0.9998297161178130
0.9998192397332527
0.9998091970954559
0.9997996122103594
0.9997905079887992
0.9997819061915529
0.9997738273771348
0.9997662908524639
0.9997593146265313
0.9997529153671775
0.9997471083610855
0.9997419074770838
0.9997373251328544
0.9997333722651206
0.9997300583033941
0.9997273911473354
0.9997253771477964
0.9997240210915775
0.9997233261899451
0.9997232940709362
0.9997239247754663
0.9997252167572541
0.9997271668865565
0.9997297704577121
0.9997330212004725
0.9997369112950911
0.9997414313911340
0.9997465706299673
0.9997523166708671
0.9997586557206858
0.9997655725670084
0.9997730506147106
0.9997810719258307
0.9997896172626657
0.9997986661339781
0.9998081968442046
0.9998181865455471
0.9998286112928183
0.9998394461009128
0.9998506650047583
0.9998622411216068
0.9998741467155104
0.9998863532638312
0.9998988315256194
0.9999115516116995
0.9999244830562873
0.9999375948899764
0.9999508557139097
0.9999642337749625
0.9999776970417488
0.9999912132812815
1.0000047501360900
1.0000182752016187
1.0000317561037149
1.0000451605760254
1.0000584565371158
1.0000716121671269
1.0000845959837881
1.0000973769176054
1.0001099243860443
1.0001222083665335
1.0001341994681141
1.0001458690015654
1.0001571890478400
1.0001681325246465
1.0001786732510258
1.0001887860097640
1.0001984466074956
1.0002076319323567
1.0002163200090508
1.0002244900511961
1.0002321225108364
1.0002391991249935
1.0002457029591565
1.0002516184475994
1.0002569314304426
1.0002616291873598
1.0002657004678568
1.0002691355180535
1.0002719261039013
1.0002740655307845
1.0002755486594619
1.0002763719183068
1.0002765333118162
1.0002760324253743
1.0002748704262556
1.0002730500608692
1.0002705756482444
1.0002674530697764
1.0002636897552575
1.0002592946652213
1.0002542782696464
1.0002486525230698
1.0002424308361650
1.0002356280438516
1.0002282603700139
1.0002203453889071
1.0002119019833475
1.0002029502997791
1.0001935117003260
1.0001836087119393
1.0001732649727626
1.0001625051758394
1.0001513550102947
1.0001398411001348
1.0001279909408025
1.0001158328336417
1.0001033958184247
1.0000907096041027
1.0000778044979421
1.0000647113332162
1.0000514613956231
1.0000380863486060
1.0000246181577503
1.0000110890144396
0.9999975312589509
0.9999839773031762
0.9999704595531496
0.9999570103315697
0.9999436618005000
0.9999304458844314
0.9999173941938959
0.9999045379498085
0.9998919079087252
0.9998795342891889
0.9998674466993500
0.9998556740660298
0.9998442445653980
0.9998331855554339
0.9998225235103324
0.9998122839570153
0.9998024914139021
0.9997931693320854
0.9997843400390551
0.9997760246851071
0.9997682431925692
0.9997610142079647
0.9997543550572308
0.9997482817041025
0.9997428087117605
0.9997379492078354
0.9997337148528598
0.9997301158122398
0.9997271607318146
0.9997248567170657
0.9997232093160232
0.9997222225059162
0.9997218986835951
0.9997222386597510
0.9997232416569468
0.9997249053114654
0.9997272256789660
0.9997301972439391
0.9997338129329391
0.9997380641315567
0.9997429407050928
0.9997484310228829
0.9997545219862116
0.9997611990597525
0.9997684463064518
0.9997762464257768
0.9997845807952314
0.9997934295150391
0.9998027714558854
0.9998125843096000
0.9998228446426636
0.9998335279523997
0.9998446087257261
0.9998560605003121
0.9998678559280018
0.9998799668403461
0.9998923643160873
0.9999050187504280
0.9999178999259265
0.9999309770848409
0.9999442190027477
0.9999575940632595
0.9999710703336639
0.9999846156412984
0.9999981976504778
1.0000117839397953
1.0000253420796070
1.0000388397095163
1.0000522446156723
1.0000655248076984
1.0000786485950655
1.0000915846627350
1.0001043021458822
1.0001167707035294
1.0001289605909094
1.0001408427303888
1.0001523887807848
1.0001635712049126
1.0001743633352000
1.0001847394372130
1.0001946747709478
1.0002041456497408
1.0002131294966585
1.0002216048982369
1.0002295516554371
1.0002369508317088
1.0002437847980334
1.0002500372748566
1.0002556933707984
1.0002607396180634
1.0002651640044529
1.0002689560019162
1.0002721065915701
1.0002746082851270
1.0002764551426848
1.0002776427868285
1.0002781684130209
1.0002780307962527
1.0002772302939367
1.0002757688450399
1.0002736499654588
1.0002708787396415
1.0002674618084826
1.0002634073535150
1.0002587250774382
