1.0000004015217316
1.0000003967101414
1.0000003909693322
1.0000003843133005
1.0000003767582177
1.0000003683223926
1.0000003590262259
1.0000003488921638
1.0000003379446432
1.0000003262100330
1.0000003137165716
1.0000003004943001
1.0000002865749891
1.0000002719920615
1.0000002567805149
1.0000002409768376
1.0000002246189188
1.0000002077459591
1.0000001903983777
1.0000001726177157
1.0000001544465349
1.0000001359283184
1.0000001171073647
1.0000000980286834
1.0000000787378860
1.0000000592810792
1.0000000397047522
1.0000000200556673
1.0000000003807472
0.9999999807269643
0.9999999611412266
0.9999999416702665
0.9999999223605283
0.9999999032580589
0.9999998844083955
0.9999998658564592
0.9999998476464468
0.9999998298217245
0.9999998124247235
0.9999997954968411
0.9999997790783424
0.9999997632082611
0.9999997479243081
0.9999997332627804
0.9999997192584761
0.9999997059446097
0.9999996933527343
0.9999996815126669
0.9999996704524152
0.9999996601981118
0.9999996507739534
0.9999996422021399
0.9999996345028234
0.9999996276940597
0.9999996217917665
0.9999996168096836
0.9999996127593423
0.9999996096500376
0.9999996074888051
0.9999996062804050
0.9999996060273111
0.9999996067297071
0.9999996083854837
0.9999996109902453
0.9999996145373198
0.9999996190177755
0.9999996244204413
0.9999996307319347
0.9999996379366938
0.9999996460170157
0.9999996549530984
0.9999996647230899
0.9999996753031396
0.9999996866674552
0.9999996987883644
0.9999997116363800
0.9999997251802729
0.9999997393871473
0.9999997542225187
0.9999997696503963
0.9999997856333711
0.9999998021327049
0.9999998191084224
0.9999998365194077
0.9999998543235025
0.9999998724776069
0.9999998909377833
0.9999999096593615
0.9999999285970473
0.9999999477050303
0.9999999669370929
0.9999999862467206
1.0000000055872147
1.0000000249118042
1.0000000441737569
1.0000000633264923
1.0000000823236934
1.0000001011194166
1.0000001196682018
1.0000001379251842
1.0000001558462013
1.0000001733878967
1.0000001905078237
1.0000002071645480
1.0000002233177472
1.0000002389283082
1.0000002539584196
1.0000002683716642
1.0000002821331060
1.0000002952093738
1.0000003075687403
1.0000003191811981
1.0000003300185307
1.0000003400543809
1.0000003492643155
1.0000003576258838
1.0000003651186711
1.0000003717243475
1.0000003774267128
1.0000003822117332
1.0000003860675770
1.0000003889846443
1.0000003909555879
1.0000003919753337
1.0000003920410905
1.0000003911523576
1.0000003893109259
1.0000003865208744
1.0000003827885586
1.0000003781225992
1.0000003725338591
1.0000003660354193
1.0000003586425468
1.0000003503726582
1.0000003412452789
1.0000003312819949
1.0000003205064036
1.0000003089440546
1.0000002966223915
1.0000002835706860
1.0000002698199655
1.0000002554029415
1.0000002403539316
1.0000002247087769
1.0000002085047561
1.0000001917804964
1.0000001745758804
1.0000001569319541
1.0000001388908268
1.0000001204955704
1.0000001017901166
1.0000000828191506
1.0000000636280071
1.0000000442625601
1.0000000247691132
1.0000000051942883
0.9999999855849168
0.9999999659879253
0.9999999464502237
0.9999999270185926
0.9999999077395715
0.9999998886593481
0.9999998698236492
0.9999998512776312
0.9999998330657706
0.9999998152317566
0.9999997978183894
0.9999997808674750
0.9999997644197259
0.9999997485146658
0.9999997331905321
0.9999997184841865
0.9999997044310253
0.9999996910648961
0.9999996784180170
0.9999996665208964
0.9999996554022619
0.9999996450889915
0.9999996356060500
0.9999996269764272
0.9999996192210830
0.9999996123588972
0.9999996064066243
0.9999996013788546
0.9999995972879800
0.9999995941441630
0.9999995919553103
0.9999995907270559
0.9999995904627459
0.9999995911634302
0.9999995928278591
0.9999995954524882
0.9999995990314855
0.9999996035567466
0.9999996090179120
0.9999996154023925
0.9999996226953983
0.9999996308799749
0.9999996399370417
0.9999996498454384
0.9999996605819756
0.9999996721214887
0.9999996844368986
0.9999996974992755
0.9999997112779087
0.9999997257403802
0.9999997408526424
0.9999997565790966
0.9999997728826797
0.9999997897249535
0.9999998070661934
0.9999998248654838
0.9999998430808162
0.9999998616691889
0.9999998805867084
0.9999998997886973
0.9999999192297979
0.9999999388640808
0.9999999586451558
0.9999999785262811
0.9999999984604754
1.0000000184006284
1.0000000382996148
1.0000000581104078
1.0000000777861893
1.0000000972804610
1.0000001165471550
1.0000001355407442
1.0000001542163504
1.0000001725298520
1.0000001904379900
1.0000002078984698
1.0000002248700619
1.0000002413127012
1.0000002571875821
1.0000002724572516
1.0000002870856970
1.0000003010384315
1.0000003142825766
1.0000003267869422
1.0000003385221001
1.0000003494604552
1.0000003595763074
1.0000003688459143
1.0000003772475483
1.0000003847615491
1.0000003913703708
1.0000003970586220
1.0000004018131035
1.0000004056228375
1.0000004084790965
1.0000004103754225
1.0000004113076408
1.0000004112738712
1.0000004102745332
1.0000004083123453
1.0000004053923157
1.0000004015217316
1.0000003967101414
1.0000003909693322
1.0000003843133005
