1.0003449707394920
1.0003406172294060
1.0003354517332343
1.0003294866060186
1.0003227361103539
1.0003152163824980
1.0003069453940232
1.0002979429091037
1.0002882304375393
1.0002778311836220
1.0002667699909673
1.0002550732834377
1.0002427690022950
1.0002298865397348
1.0002164566689498
1.0002025114708937
1.0001880842579132
1.0001732094944327
1.0001579227148703
1.0001422604389842
1.0001262600848486
1.0001099598796597
1.0000933987685914
1.0000766163219068
1.0000596526405552
1.0000425482604662
1.0000253440557816
1.0000080811412460
0.9999908007739915
0.9999735442549489
0.9999563528301246
0.9999392675919778
0.9999223293811338
0.9999055786886659
0.9998890555591842
0.9998727994949617
0.9998568493613315
0.9998412432935793
0.9998260186055602
0.9998112117002550
0.9997968579824869
0.9997829917740099
0.9997696462311696
0.9997568532653403
0.9997446434663323
0.9997330460289534
0.9997220886829031
0.9997117976261735
0.9997021974621156
0.9996933111403274
0.9996851599015039
0.9996777632263876
0.9996711387889473
0.9996653024138895
0.9996602680386167
0.9996560476797218
0.9996526514041011
0.9996500873047547
0.9996483614813343
0.9996474780254884
0.9996474390110405
0.9996482444890216
0.9996498924875740
0.9996523790167219
0.9996556980779989
0.9996598416789086
0.9996647998521836
0.9996705606797947
0.9996771103216509
0.9996844330489204
0.9996925112818934
0.9997013256322882
0.9997108549499031
0.9997210763734964
0.9997319653857709
0.9997434958723268
0.9997556401844421
0.9997683692055266
0.9997816524210867
0.9997954579920303
0.9998097528311329
0.9998245026824815
0.9998396722036971
0.9998552250507449
0.9998711239651209
0.9998873308632046
0.9999038069275655
0.9999205126999972
0.9999374081760568
0.9999544529008859
0.9999716060660747
0.9999888266073418
1.0000060733027945
1.0000233048715343
1.0000404800723719
1.0000575578024136
1.0000744971952820
1.0000912577187431
1.0001077992715015
1.0001240822789392
1.0001400677875645
1.0001557175579487
1.0001709941559318
1.0001858610418835
1.0002002826578034
1.0002142245120587
1.0002276532615566
1.0002405367911609
1.0002528442901637
1.0002645463256350
1.0002756149124727
1.0002860235799977
1.0002957474349283
1.0003047632205926
1.0003130493722390
1.0003205860683126
1.0003273552775853
1.0003333408020223
1.0003385283152859
1.0003429053967903
1.0003464615612228
1.0003491882834701
1.0003510790188852
1.0003521292188504
1.0003523363415987
1.0003516998582700
1.0003502212541895
1.0003479040253609
1.0003447536701835
1.0003407776764179
1.0003359855034253
1.0003303885597208
1.0003240001758980
1.0003168355729812
1.0003089118262860
1.0003002478248679
1.0002908642266553
1.0002807834093701
1.0002700294173537
1.0002586279044177
1.0002466060728581
1.0002339926087680
1.0002208176138114
1.0002071125336083
1.0001929100829066
1.0001782441677076
1.0001631498045351
1.0001476630370358
1.0001318208501118
1.0001156610817801
1.0000992223329723
1.0000825438754857
1.0000656655583047
1.0000486277125173
1.0000314710550442
1.0000142365914195
0.9999969655178466
0.9999796991227659
0.9999624786881717
0.9999453453909063
0.9999283402041750
0.9999115037995158
0.9998948764494553
0.9998784979310913
0.9998624074308287
0.9998466434504991
0.9998312437150925
0.9998162450823170
0.9998016834542180
0.9997875936910585
0.9997740095276750
0.9997609634925078
0.9997484868295073
0.9997366094231080
0.9997253597264402
0.9997147646929689
0.9997048497117170
0.9996956385462321
0.9996871532774537
0.9996794142506105
0.9996724400262821
0.9996662473357432
0.9996608510407035
0.9996562640975358
0.9996524975260850
0.9996495603831325
0.9996474597405824
0.9996462006684209
0.9996457862224920
0.9996462174371192
0.9996474933225916
0.9996496108675211
0.9996525650460637
0.9996563488299868
0.9996609532055551
0.9996663671951916
0.9996725778838623
0.9996795704501198
0.9996873282017275
0.9996958326157792
0.9997050633832146
0.9997149984576209
0.9997256141082048
0.9997368849768027
0.9997487841387902
0.9997612831677419
0.9997743522036830
0.9997879600247703
0.9998020741222237
0.9998166607783284
0.9998316851473175
0.9998471113389364
0.9998629025044913
0.9998790209251679
0.9998954281024147
0.9999120848501588
0.9999289513886469
0.9999459874396754
0.9999631523229854
0.9999804050535841
0.9999977044397693
1.0000150091816127
1.0000322779696709
1.0000494695836852
1.0000665429910360
1.0000834574447182
1.0001001725806007
1.0001166485137423
1.0001328459335301
1.0001487261974229
1.0001642514230693
1.0001793845785865
1.0001940895707819
1.0002083313311170
1.0002220758992053
1.0002352905036487
1.0002479436400211
1.0002600051458177
1.0002714462721933
1.0002822397523208
1.0002923598662090
1.0003017825018312
1.0003104852124176
1.0003184472697801
1.0003256497135440
1.0003320753961720
1.0003377090236765
1.0003425371919237
1.0003465484184437
1.0003497331696760
1.0003520838835858
1.0003535949875970
1.0003542629118001
1.0003540860974056
1.0003530650004262
1.0003512020905718
1.0003485018453655
1.0003449707394920
1.0003406172294060
1.0003354517332343
1.0003294866060186
