1.0003479626389287
1.0003435713056541
1.0003383609415013
1.0003323440085790
1.0003255348930811
1.0003179498711010
1.0003096070699529
1.0003005264250953
1.0002907296327477
1.0002802400983155
1.0002690828807457
1.0002572846329416
1.0002448735383762
1.0002318792440492
1.0002183327899488
1.0002042665351860
1.0001897140809659
1.0001747101905851
1.0001592907066401
1.0001434924656425
1.0001273532102437
1.0001109114992706
1.0000942066157892
1.0000772784734122
1.0000601675210785
1.0000429146465184
1.0000255610786473
1.0000081482891099
0.9999907178932136
0.9999733115504839
0.9999559708650857
0.9999387372863408
0.9999216520095855
0.9999047558776057
0.9998880892828814
0.9998716920708798
0.9998556034446292
0.9998398618708011
0.9998245049875303
0.9998095695141915
0.9997950911633552
0.9997811045551324
0.9997676431341195
0.9997547390891411
0.9997424232759872
0.9997307251433344
0.9997196726620281
0.9997092922578987
0.9996996087482788
0.9996906452823751
0.9996824232856377
0.9996749624082614
0.9996682804779542
0.9996623934570785
0.9996573154042762
0.9996530584406691
0.9996496327207171
0.9996470464078075
0.9996453056546345
0.9996444145884140
0.9996443753009774
0.9996451878437632
0.9996468502277159
0.9996493584280984
0.9996527063942043
0.9996568860639464
0.9996618873832830
0.9996676983304384
0.9996743049448547
0.9996816913608036
0.9996898398455791
0.9996987308421766
0.9997083430163515
0.9997186533079445
0.9997296369863478
0.9997412677099754
0.9997535175895915
0.9997663572553476
0.9997797559273535
0.9997936814896243
0.9998081005672150
0.9998229786063552
0.9998382799573928
0.9998539679603434
0.9998700050328363
0.9998863527602480
0.9999029719878009
0.9999198229144109
0.9999368651880500
0.9999540580023970
0.9999713601945475
0.9999887303435407
1.0000061268694769
1.0000235081329780
1.0000408325347601
1.0000580586150745
1.0000751451527805
1.0000920512638203
1.0001087364988530
1.0001251609398234
1.0001412852952272
1.0001570709938525
1.0001724802767773
1.0001874762874006
1.0002020231592945
1.0002160861016762
1.0002296314822894
1.0002426269075060
1.0002550412994600
1.0002668449700274
1.0002780096914843
1.0002885087636735
1.0002983170775228
1.0003074111747676
1.0003157693037386
1.0003233714710815
1.0003301994892908
1.0003362370199449
1.0003414696125430
1.0003458847388511
1.0003494718226811
1.0003522222650267
1.0003541294645075
1.0003551888330651
1.0003553978068782
1.0003547558524735
1.0003532644680124
1.0003509271797528
1.0003477495336976
1.0003437390824466
1.0003389053672829
1.0003332598955346
1.0003268161132646
1.0003195893733525
1.0003115968990424
1.0003028577430413
1.0002933927422673
1.0002832244683488
1.0002723771739908
1.0002608767353338
1.0002487505904403
1.0002360276740523
1.0002227383487745
1.0002089143328432
1.0001945886246497
1.0001797954241960
1.0001645700516659
1.0001489488633060
1.0001329691648120
1.0001166691224288
1.0001000876719699
1.0000832644259716
1.0000662395792059
1.0000490538127691
1.0000317481969803
1.0000143640933163
0.9999969430556181
0.9999795267308061
0.9999621567593393
0.9999448746756526
0.9999277218088161
0.9999107391836521
0.9998939674225467
0.9998774466481904
0.9998612163874870
0.9998453154768534
0.9998297819691481
0.9998146530424474
0.9997999649108884
0.9997857527377996
0.9997720505513268
0.9997588911627591
0.9997463060877546
0.9997343254706528
0.9997229780120631
0.9997122908999060
0.9997022897440688
0.9996929985148407
0.9996844394852777
0.9996766331776374
0.9996695983140107
0.9996633517712757
0.9996579085404851
0.9996532816907816
0.9996494823379336
0.9996465196175679
0.9996444006631651
0.9996431305888680
0.9996427124771509
0.9996431473713764
0.9996444342732592
0.9996465701452448
0.9996495499177930
0.9996533665015520
0.9996580108043932
0.9996634717532603
0.9996697363207864
0.9996767895566067
0.9996846146232954
0.9996931928368378
0.9997025037115328
0.9997125250092247
0.9997232327927376
0.9997346014833849
0.9997466039224103
0.9997592114362130
0.9997723939051978
0.9997861198360801
0.9998003564374732
0.9998150696985698
0.9998302244707304
0.9998457845517784
0.9998617127727972
0.9998779710872205
0.9998945206620015
0.9999113219706357
0.9999283348878173
0.9999455187854982
0.9999628326301194
0.9999802350807826
0.9999976845881224
1.0000151394936474
1.0000325581293072
1.0000498989170505
1.0000671204681335
1.0000841816819432
1.0001010418441039
1.0001176607236233
1.0001339986688600
1.0001500167020745
1.0001656766123459
1.0001809410466307
1.0001957735987506
1.0002101388960964
1.0002240026838498
1.0002373319065150
1.0002500947865762
1.0002622609000935
1.0002738012490602
1.0002846883303509
1.0002948962011020
1.0003044005403625
1.0003131787068817
1.0003212097928922
1.0003284746737677
1.0003349560534347
1.0003406385054345
1.0003455085095410
1.0003495544838437
1.0003527668122292
1.0003551378671880
1.0003566620279034
1.0003573356935729
1.0003571572919372
1.0003561272829911
1.0003542481578700
1.0003515244329146
1.0003479626389287
1.0003435713056541
1.0003383609415013
1.0003323440085790
