1.0000009057609862
1.0000008947580785
1.0000008816496424
1.0000008664674882
1.0000008492483643
1.0000008300338659
1.0000008088703369
1.0000007858087596
1.0000007609046326
1.0000007342178376
1.0000007058124971
1.0000006757568185
1.0000006441229330
1.0000006109867210
1.0000005764276318
1.0000005405284944
1.0000005033753188
1.0000004650570882
1.0000004256655490
1.0000003852949906
1.0000003440420187
1.0000003020053250
1.0000002592854520
1.0000002159845534
1.0000001722061476
1.0000001280548714
1.0000000836362282
1.0000000390563379
0.9999999944216833
0.9999999498388555
0.9999999054142990
0.9999998612540563
0.9999998174635155
0.9999997741471567
0.9999997314083048
0.9999996893488824
0.9999996480691655
0.9999996076675441
0.9999995682402884
0.9999995298813154
0.9999994926819675
0.9999994567307934
0.9999994221133379
0.9999993889119376
0.9999993572055228
0.9999993270694288
0.9999992985752190
0.9999992717905123
0.9999992467788189
0.9999992235993931
0.9999992023070893
0.9999991829522330
0.9999991655805013
0.9999991502328118
0.9999991369452270
0.9999991257488684
0.9999991166698414
0.9999991097291725
0.9999991049427605
0.9999991023213392
0.9999991018704516
0.9999991035904379
0.9999991074764335
0.9999991135183828
0.9999991217010633
0.9999991320041217
0.9999991444021249
0.9999991588646205
0.9999991753562099
0.9999991938366322
0.9999992142608634
0.9999992365792223
0.9999992607374893
0.9999992866770386
0.9999993143349784
0.9999993436443015
0.9999993745340461
0.9999994069294644
0.9999994407522029
0.9999994759204910
0.9999995123493377
0.9999995499507337
0.9999995886338615
0.9999996283053149
0.9999996688693218
0.9999997102279750
0.9999997522814650
0.9999997949283206
0.9999998380656506
0.9999998815893916
0.9999999253945578
0.9999999693754923
1.0000000134261182
1.0000000574401962
1.0000001013115760
1.0000001449344513
1.0000001882036129
1.0000002310147016
1.0000002732644606
1.0000003148509780
1.0000003556739336
1.0000003956348396
1.0000004346372746
1.0000004725871170
1.0000005093927686
1.0000005449653755
1.0000005792190403
1.0000006120710287
1.0000006434419653
1.0000006732560272
1.0000007014411243
1.0000007279290732
1.0000007526557595
1.0000007755612899
1.0000007965901390
1.0000008156912801
1.0000008328183090
1.0000008479295530
1.0000008609881730
1.0000008719622542
1.0000008808248797
1.0000008875541968
1.0000008921334678
1.0000008945511110
1.0000008948007280
1.0000008928811221
1.0000008887962999
1.0000008825554607
1.0000008741729776
1.0000008636683615
1.0000008510662166
1.0000008363961796
1.0000008196928509
1.0000008009957109
1.0000007803490265
1.0000007578017460
1.0000007334073828
1.0000007072238859
1.0000006793135028
1.0000006497426304
1.0000006185816563
1.0000005859047925
1.0000005517898953
1.0000005163182828
1.0000004795745370
1.0000004416463033
1.0000004026240825
1.0000003626010132
1.0000003216726490
1.0000002799367302
1.0000002374929513
1.0000001944427208
1.0000001508889200
1.0000001069356572
1.0000000626880186
1.0000000182518176
0.9999999737333426
0.9999999292391019
0.9999998848755681
0.9999998407489238
0.9999997969648089
0.9999997536280674
0.9999997108424975
0.9999996687106026
0.9999996273333469
0.9999995868099109
0.9999995472374554
0.9999995087108908
0.9999994713226487
0.9999994351624626
0.9999994003171514
0.9999993668704105
0.9999993349026136
0.9999993044906205
0.9999992757075933
0.9999992486228209
0.9999992233015521
0.9999991998048391
0.9999991781893917
0.9999991585074413
0.9999991408066147
0.9999991251298215
0.9999991115151508
0.9999990999957806
0.9999990905998970
0.9999990833506285
0.9999990782659879
0.9999990753588295
0.9999990746368165
0.9999990761024046
0.9999990797528342
0.9999990855801385
0.9999990935711613
0.9999991037075876
0.9999991159659857
0.9999991303178640
0.9999991467297384
0.9999991651632119
0.9999991855750656
0.9999992079173620
0.9999992321375597
0.9999992581786390
0.9999992859792339
0.9999993154737805
0.9999993465926736
0.9999993792624323
0.9999994134058744
0.9999994489423020
0.9999994857876934
0.9999995238549021
0.9999995630538659
0.9999996032918216
0.9999996444735249
0.9999996865014783
0.9999997292761639
0.9999997726962803
0.9999998166589837
0.9999998610601346
0.9999999057945442
0.9999999507562264
0.9999999958386515
1.0000000409349994
1.0000000859384144
1.0000001307422608
1.0000001752403758
1.0000002193273225
1.0000002628986435
1.0000003058511087
1.0000003480829613
1.0000003894941607
1.0000004299866203
1.0000004694644431
1.0000005078341494
1.0000005450049017
1.0000005808887189
1.0000006154006855
1.0000006484591561
1.0000006799859489
1.0000007099065322
1.0000007381502027
1.0000007646502533
1.0000007893441321
1.0000008121735913
1.0000008330848258
1.0000008520286037
1.0000008689603817
1.0000008838404115
1.0000008966338334
1.0000009073107583
1.0000009158463412
1.0000009222208401
1.0000009264196621
1.0000009284333966
1.0000009282578393
1.0000009258939999
1.0000009213481025
1.0000009146315676
1.0000009057609862
1.0000008947580785
1.0000008816496424
1.0000008664674882
