1.0000537263476033
1.0000530517851309
1.0000522509559688
1.0000513257816559
1.0000502784805696
1.0000491115626255
1.0000478278232783
1.0000464303368419
1.0000449224491437
1.0000433077695292
1.0000415901622401
1.0000397737371827
1.0000378628401061
1.0000358620422203
1.0000337761292752
1.0000316100901272
1.0000293691048188
1.0000270585322015
1.0000246838971338
1.0000222508772778
1.0000197652895348
1.0000172330761445
1.0000146602904849
1.0000120530826080
1.0000094176845438
1.0000067603954064
1.0000040875663394
1.0000014055853381
0.9999987208619807
0.9999960398121088
0.9999933688424920
0.9999907143355133
0.9999880826339114
0.9999854800256215
0.9999829127287414
0.9999803868766677
0.9999779085034309
0.9999754835292696
0.9999731177464767
0.9999708168055508
0.9999685862016841
0.9999664312616243
0.9999643571309382
0.9999623687617046
0.9999604709006774
0.9999586680779325
0.9999569645960371
0.9999553645197620
0.9999538716663604
0.9999524895964402
0.9999512216054521
0.9999500707158104
0.9999490396696677
0.9999481309223579
0.9999473466365274
0.9999466886769668
0.9999461586061571
0.9999457576805356
0.9999454868474952
0.9999453467431250
0.9999453376906938
0.9999454596998859
0.9999457124667834
0.9999460953746006
0.9999466074951679
0.9999472475911617
0.9999480141190686
0.9999489052328902
0.9999499187885678
0.9999510523491203
0.9999523031904827
0.9999536683080329
0.9999551444237877
0.9999567279942533
0.9999584152189119
0.9999602020493246
0.9999620841988243
0.9999640571527781
0.9999661161793963
0.9999682563410613
0.9999704725061481
0.9999727593613046
0.9999751114241696
0.9999775230564936
0.9999799884776319
0.9999825017783787
0.9999850569351078
0.9999876478241856
0.9999902682366228
0.9999929118929277
0.9999955724581309
0.9999982435569368
1.0000009187889780
1.0000035917441232
1.0000062560178080
1.0000089052263534
1.0000115330222321
1.0000141331092494
1.0000166992575987
1.0000192253187592
1.0000217052401981
1.0000241330798414
1.0000265030202811
1.0000288093826835
1.0000310466403657
1.0000332094320101
1.0000352925744780
1.0000372910752016
1.0000392001441183
1.0000410152051207
1.0000427319069956
1.0000443461338273
1.0000458540148340
1.0000472519336208
1.0000485365368217
1.0000497047421193
1.0000507537456136
1.0000516810285220
1.0000524843632062
1.0000531618184940
1.0000537117643000
1.0000541328755244
1.0000544241352247
1.0000545848370497
1.0000546145869320
1.0000545133040364
1.0000542812209576
1.0000539188831712
1.0000534271477339
1.0000528071812465
1.0000520604570711
1.0000511887518193
1.0000501941411117
1.0000490789946264
1.0000478459704452
1.0000464980087087
1.0000450383246011
1.0000434704006742
1.0000417979785345
1.0000400250499097
1.0000381558471167
1.0000361948329561
1.0000341466900564
1.0000320163096903
1.0000298087800921
1.0000275293743055
1.0000251835375882
1.0000227768744037
1.0000203151350340
1.0000178042018411
1.0000152500752117
1.0000126588592224
1.0000100367470530
1.0000073900061854
1.0000047249634265
1.0000020479897851
0.9999993654852467
0.9999966838634741
0.9999940095364745
0.9999913488992738
0.9999887083146253
0.9999860940977978
0.9999835125014738
0.9999809697007990
0.9999784717786143
0.9999760247109076
0.9999736343525224
0.9999713064231516
0.9999690464936569
0.9999668599727419
0.9999647520940121
0.9999627279034540
0.9999607922473602
0.9999589497607346
0.9999572048561994
0.9999555617134348
0.9999540242691765
0.9999525962077921
0.9999512809524626
0.9999500816569847
0.9999490011982203
0.9999480421692086
0.9999472068729561
0.9999464973169182
0.9999459152081906
0.9999454619494194
0.9999451386354375
0.9999449460506381
0.9999448846670905
0.9999449546434053
0.9999451558243466
0.9999454877411958
0.9999459496128668
0.9999465403477674
0.9999472585464044
0.9999481025047238
0.9999490702181797
0.9999501593865231
0.9999513674192978
0.9999526914420300
0.9999541283030980
0.9999556745812667
0.9999573265938611
0.9999590804055707
0.9999609318378541
0.9999628764789283
0.9999649096943118
0.9999670266379032
0.9999692222635622
0.9999714913371726
0.9999738284491509
0.9999762280273778
0.9999786843505147
0.9999811915616768
0.9999837436824306
0.9999863346270818
0.9999889582172160
0.9999916081964620
0.9999942782454444
0.9999969619968806
0.9999996530507953
1.0000023449898108
1.0000050313944777
1.0000077058586108
1.0000103620045924
1.0000129934986071
1.0000155940657687
1.0000181575051068
1.0000206777043776
1.0000231486546611
1.0000255644647098
1.0000279193750179
1.0000302077715724
1.0000324241992569
1.0000345633748755
1.0000366201997668
1.0000385897719737
1.0000404673979462
1.0000422486037437
1.0000439291457146
1.0000455050206234
1.0000469724752039
1.0000483280151171
1.0000495684132882
1.0000506907176074
1.0000516922579705
1.0000525706526480
1.0000533238139668
1.0000539499532877
1.0000544475852704
1.0000548155314144
1.0000550529228673
1.0000551592024938
1.0000551341261970
1.0000549777634977
1.0000546904973617
1.0000542730232804
1.0000537263476033
1.0000530517851309
1.0000522509559688
1.0000513257816559
