1.0000007472610837
1.0000007382098735
1.0000007274232381
1.0000007149273800
1.0000007007525689
1.0000006849330694
1.0000006675070601
1.0000006485165402
1.0000006280072302
1.0000006060284634
1.0000005826330667
1.0000005578772342
1.0000005318203931
1.0000005045250611
1.0000004760566961
1.0000004464835415
1.0000004158764610
1.0000003843087701
1.0000003518560592
1.0000003185960140
1.0000002846082308
1.0000002499740239
1.0000002147762339
1.0000001790990278
1.0000001430276981
1.0000001066484592
1.0000000700482410
1.0000000333144823
0.9999999965349201
0.9999999597973821
0.9999999231895740
0.9999998867988716
0.9999998507121108
0.9999998150153830
0.9999997797938278
0.9999997451314288
0.9999997111108125
0.9999996778130511
0.9999996453174703
0.9999996137014581
0.9999995830402820
0.9999995534069083
0.9999995248718293
0.9999994975028941
0.9999994713651447
0.9999994465206624
0.9999994230284197
0.9999994009441387
0.9999993803201581
0.9999993612053092
0.9999993436447991
0.9999993276801031
0.9999993133488657
0.9999993006848129
0.9999992897176680
0.9999992804730850
0.9999992729725830
0.9999992672334987
0.9999992632689444
0.9999992610877759
0.9999992606945738
0.9999992620896321
0.9999992652689573
0.9999992702242768
0.9999992769430627
0.9999992854085591
0.9999992955998250
0.9999993074917847
0.9999993210552859
0.9999993362571706
0.9999993530603565
0.9999993714239244
0.9999993913032169
0.9999994126499456
0.9999994354123062
0.9999994595351025
0.9999994849598804
0.9999995116250679
0.9999995394661226
0.9999995684156870
0.9999995984037484
0.9999996293578064
0.9999996612030488
0.9999996938625301
0.9999997272573553
0.9999997613068720
0.9999997959288605
0.9999998310397320
0.9999998665547276
0.9999999023881211
0.9999999384534257
0.9999999746636015
1.0000000109312639
1.0000000471688923
1.0000000832890408
1.0000001192045467
1.0000001548287405
1.0000001900756521
1.0000002248602187
1.0000002590984871
1.0000002927078151
1.0000003256070695
1.0000003577168202
1.0000003889595306
1.0000004192597443
1.0000004485442660
1.0000004767423358
1.0000005037858006
1.0000005296092751
1.0000005541503001
1.0000005773494918
1.0000005991506840
1.0000006195010640
1.0000006383512967
1.0000006556556447
1.0000006713720779
1.0000006854623740
1.0000006978922102
1.0000007086312463
1.0000007176531969
1.0000007249358949
1.0000007304613461
1.0000007342157708
1.0000007361896373
1.0000007363776855
1.0000007347789397
1.0000007313967108
1.0000007262385886
1.0000007193164251
1.0000007106463067
1.0000007002485145
1.0000006881474757
1.0000006743717065
1.0000006589537451
1.0000006419300724
1.0000006233410261
1.0000006032307036
1.0000005816468587
1.0000005586407865
1.0000005342672016
1.0000005085841068
1.0000004816526549
1.0000004535370006
1.0000004243041500
1.0000003940237987
1.0000003627681655
1.0000003306118197
1.0000002976315046
1.0000002639059526
1.0000002295156967
1.0000001945428794
1.0000001590710568
1.0000001231849982
1.0000000869704850
1.0000000505141042
1.0000000139030418
0.9999999772248723
0.9999999405673518
0.9999999040182066
0.9999998676649235
0.9999998315945402
0.9999997958934387
0.9999997606471375
0.9999997259400886
0.9999996918554744
0.9999996584750103
0.9999996258787478
0.9999995941448822
0.9999995633495666
0.9999995335667293
0.9999995048678976
0.9999994773220252
0.9999994509953302
0.9999994259511343
0.9999994022497111
0.9999993799481415
0.9999993591001778
0.9999993397561144
0.9999993219626672
0.9999993057628613
0.9999992911959290
0.9999992782972151
0.9999992670980925
0.9999992576258852
0.9999992499038052
0.9999992439508966
0.9999992397819895
0.9999992374076637
0.9999992368342235
0.9999992380636809
0.9999992410937495
0.9999992459178509
0.9999992525251296
0.9999992609004792
0.9999992710245794
0.9999992828739398
0.9999992964209566
0.9999993116339781
0.9999993284773794
0.9999993469116473
0.9999993668934750
0.9999993883758641
0.9999994113082371
0.9999994356365586
0.9999994613034624
0.9999994882483890
0.9999995164077289
0.9999995457149748
0.9999995761008802
0.9999996074936244
0.9999996398189849
0.9999996730005135
0.9999997069597181
0.9999997416162493
0.9999997768880935
0.9999998126917679
0.9999998489425183
0.9999998855545216
0.9999999224410915
0.9999999595148842
0.9999999966881096
1.0000000338727375
1.0000000709807082
1.0000001079241418
1.0000001446155489
1.0000001809680379
1.0000002168955242
1.0000002523129357
1.0000002871364142
1.0000003212835169
1.0000003546734120
1.0000003872270693
1.0000004188674521
1.0000004495196986
1.0000004791113017
1.0000005075722800
1.0000005348353462
1.0000005608360691
1.0000005855130243
1.0000006088079416
1.0000006306658442
1.0000006510351800
1.0000006698679427
1.0000006871197873
1.0000007027501354
1.0000007167222718
1.0000007290034325
1.0000007395648827
1.0000007483819839
1.0000007554342547
1.0000007607054158
1.0000007641834310
1.0000007658605365
1.0000007657332572
1.0000007638024153
1.0000007600731287
1.0000007545547980
1.0000007472610837
1.0000007382098735
1.0000007274232381
1.0000007149273800
