1.0000000000701332
1.0000000000699245
1.0000000000695930
1.0000000000691394
1.0000000000685643
1.0000000000678688
1.0000000000670553
1.0000000000661258
1.0000000000650833
1.0000000000639304
1.0000000000626708
1.0000000000613083
1.0000000000598488
1.0000000000582976
1.0000000000566591
1.0000000000549383
1.0000000000531404
1.0000000000512705
1.0000000000493328
1.0000000000473315
1.0000000000452725
1.0000000000431597
1.0000000000409976
1.0000000000387914
1.0000000000365463
1.0000000000342684
1.0000000000319627
1.0000000000296356
1.0000000000272944
1.0000000000249443
1.0000000000225908
1.0000000000202387
1.0000000000178941
1.0000000000155624
1.0000000000132492
1.0000000000109592
1.0000000000086964
1.0000000000064637
1.0000000000042650
1.0000000000021056
0.9999999999999911
0.9999999999979263
0.9999999999959173
0.9999999999939685
0.9999999999920836
0.9999999999902666
0.9999999999885205
0.9999999999868482
0.9999999999852531
0.9999999999837375
0.9999999999823040
0.9999999999809570
0.9999999999797007
0.9999999999785368
0.9999999999774671
0.9999999999764935
0.9999999999756175
0.9999999999748406
0.9999999999741637
0.9999999999735861
0.9999999999731076
0.9999999999727287
0.9999999999724494
0.9999999999722698
0.9999999999721906
0.9999999999722103
0.9999999999723270
0.9999999999725395
0.9999999999728457
0.9999999999732438
0.9999999999737323
0.9999999999743091
0.9999999999749709
0.9999999999757140
0.9999999999765354
0.9999999999774317
0.9999999999783995
0.9999999999794356
0.9999999999805366
0.9999999999816992
0.9999999999829196
0.9999999999841939
0.9999999999855187
0.9999999999868892
0.9999999999883008
0.9999999999897488
0.9999999999912283
0.9999999999927346
0.9999999999942627
0.9999999999958074
0.9999999999973631
0.9999999999989250
1.0000000000004892
1.0000000000020506
1.0000000000036051
1.0000000000051470
1.0000000000066722
1.0000000000081763
1.0000000000096547
1.0000000000111036
1.0000000000125200
1.0000000000139002
1.0000000000152405
1.0000000000165361
1.0000000000177831
1.0000000000189770
1.0000000000201135
1.0000000000211882
1.0000000000221967
1.0000000000231357
1.0000000000240015
1.0000000000247922
1.0000000000255052
1.0000000000261384
1.0000000000266909
1.0000000000271598
1.0000000000275435
1.0000000000278397
1.0000000000280467
1.0000000000281635
1.0000000000281892
1.0000000000281237
1.0000000000279670
1.0000000000277189
1.0000000000273790
1.0000000000269476
1.0000000000264244
1.0000000000258100
1.0000000000251050
1.0000000000243114
1.0000000000234313
1.0000000000224649
1.0000000000214135
1.0000000000202793
1.0000000000190650
1.0000000000177711
1.0000000000164009
1.0000000000149585
1.0000000000134484
1.0000000000118734
1.0000000000102365
1.0000000000085405
1.0000000000067890
1.0000000000049865
1.0000000000031362
1.0000000000012421
0.9999999999993090
0.9999999999973409
0.9999999999953423
0.9999999999933162
0.9999999999912675
0.9999999999892014
0.9999999999871232
0.9999999999850369
0.9999999999829472
0.9999999999808603
0.9999999999787815
0.9999999999767150
0.9999999999746668
0.9999999999726421
0.9999999999706471
0.9999999999686873
0.9999999999667676
0.9999999999648931
0.9999999999630683
0.9999999999612981
0.9999999999595862
0.9999999999579371
0.9999999999563551
0.9999999999548442
0.9999999999534072
0.9999999999520462
0.9999999999507645
0.9999999999495648
0.9999999999484512
0.9999999999474275
0.9999999999464970
0.9999999999456630
0.9999999999449292
0.9999999999442992
0.9999999999437759
0.9999999999433611
0.9999999999430570
0.9999999999428657
0.9999999999427879
0.9999999999428240
0.9999999999429735
0.9999999999432365
0.9999999999436133
0.9999999999441037
0.9999999999447078
0.9999999999454264
0.9999999999462585
0.9999999999472039
0.9999999999482614
0.9999999999494291
0.9999999999507049
0.9999999999520861
0.9999999999535698
0.9999999999551540
0.9999999999568367
0.9999999999586159
0.9999999999604885
0.9999999999624523
0.9999999999645031
0.9999999999666368
0.9999999999688494
0.9999999999711353
0.9999999999734901
0.9999999999759096
0.9999999999783898
0.9999999999809256
0.9999999999835124
0.9999999999861453
0.9999999999888205
0.9999999999915326
0.9999999999942757
0.9999999999970439
0.9999999999998308
1.0000000000026303
1.0000000000054381
1.0000000000082501
1.0000000000110616
1.0000000000138669
1.0000000000166611
1.0000000000194389
1.0000000000221945
1.0000000000249214
1.0000000000276132
1.0000000000302640
1.0000000000328693
1.0000000000354232
1.0000000000379203
1.0000000000403548
1.0000000000427218
1.0000000000450162
1.0000000000472331
1.0000000000493685
1.0000000000514184
1.0000000000533795
1.0000000000552485
1.0000000000570224
1.0000000000586973
1.0000000000602698
1.0000000000617368
1.0000000000630944
1.0000000000643385
1.0000000000654674
1.0000000000664790
1.0000000000673714
1.0000000000681437
1.0000000000687952
1.0000000000693254
1.0000000000697336
1.0000000000700187
1.0000000000701805
1.0000000000702187
1.0000000000701332
1.0000000000699245
1.0000000000695930
1.0000000000691394
