1.0000000002993290
1.0000000002974740
1.0000000002950451
1.0000000002920497
1.0000000002884986
1.0000000002844032
1.0000000002797749
1.0000000002746257
1.0000000002689675
1.0000000002628133
1.0000000002561782
1.0000000002490796
1.0000000002415355
1.0000000002335647
1.0000000002251870
1.0000000002164227
1.0000000002072935
1.0000000001978222
1.0000000001880323
1.0000000001779483
1.0000000001675946
1.0000000001569951
1.0000000001461742
1.0000000001351563
1.0000000001239684
1.0000000001126368
1.0000000001011888
1.0000000000896510
1.0000000000780498
1.0000000000664118
1.0000000000547640
1.0000000000431342
1.0000000000315503
1.0000000000200409
1.0000000000086313
0.9999999999973483
0.9999999999862180
0.9999999999752661
0.9999999999645184
0.9999999999539999
0.9999999999437335
0.9999999999337418
0.9999999999240470
0.9999999999146707
0.9999999999056325
0.9999999998969509
0.9999999998886444
0.9999999998807311
0.9999999998732280
0.9999999998661518
0.9999999998595183
0.9999999998533419
0.9999999998476352
0.9999999998424102
0.9999999998376772
0.9999999998334447
0.9999999998297205
0.9999999998265116
0.9999999998238224
0.9999999998216568
0.9999999998200176
0.9999999998189063
0.9999999998183231
0.9999999998182666
0.9999999998187343
0.9999999998197228
0.9999999998212269
0.9999999998232406
0.9999999998257556
0.9999999998287620
0.9999999998322490
0.9999999998362038
0.9999999998406121
0.9999999998454585
0.9999999998507277
0.9999999998564044
0.9999999998624742
0.9999999998689209
0.9999999998757254
0.9999999998828684
0.9999999998903284
0.9999999998980840
0.9999999999061129
0.9999999999143915
0.9999999999228965
0.9999999999316037
0.9999999999404879
0.9999999999495240
0.9999999999586880
0.9999999999679553
0.9999999999773016
0.9999999999867020
0.9999999999961312
1.0000000000055624
1.0000000000149696
1.0000000000243252
1.0000000000336033
1.0000000000427782
1.0000000000518248
1.0000000000607177
1.0000000000694327
1.0000000000779468
1.0000000000862372
1.0000000000942810
1.0000000001020550
1.0000000001095375
1.0000000001167064
1.0000000001235430
1.0000000001300284
1.0000000001361458
1.0000000001418758
1.0000000001472009
1.0000000001521043
1.0000000001565710
1.0000000001605873
1.0000000001641398
1.0000000001672178
1.0000000001698111
1.0000000001719114
1.0000000001735110
1.0000000001746028
1.0000000001751830
1.0000000001752485
1.0000000001747975
1.0000000001738281
1.0000000001723413
1.0000000001703384
1.0000000001678215
1.0000000001647944
1.0000000001612628
1.0000000001572333
1.0000000001527130
1.0000000001477098
1.0000000001422342
1.0000000001362970
1.0000000001299114
1.0000000001230913
1.0000000001158524
1.0000000001082117
1.0000000001001863
1.0000000000917941
1.0000000000830538
1.0000000000739857
1.0000000000646103
1.0000000000549494
1.0000000000450253
1.0000000000348608
1.0000000000244800
1.0000000000139089
1.0000000000031743
0.9999999999923035
0.9999999999813224
0.9999999999702563
0.9999999999591298
0.9999999999479678
0.9999999999367968
0.9999999999256440
0.9999999999145369
0.9999999999035029
0.9999999998925699
0.9999999998817656
0.9999999998711159
0.9999999998606467
0.9999999998503837
0.9999999998403521
0.9999999998305785
0.9999999998210872
0.9999999998119015
0.9999999998030441
0.9999999997945402
0.9999999997864131
0.9999999997786848
0.9999999997713750
0.9999999997645013
0.9999999997580798
0.9999999997521276
0.9999999997466600
0.9999999997416916
0.9999999997372362
0.9999999997333073
0.9999999997299170
0.9999999997270751
0.9999999997247906
0.9999999997230707
0.9999999997219223
0.9999999997213509
0.9999999997213621
0.9999999997219599
0.9999999997231451
0.9999999997249184
0.9999999997272783
0.9999999997302212
0.9999999997337429
0.9999999997378375
0.9999999997424974
0.9999999997477151
0.9999999997534813
0.9999999997597857
0.9999999997666171
0.9999999997739628
0.9999999997818089
0.9999999997901411
0.9999999997989433
0.9999999998081971
0.9999999998178830
0.9999999998279805
0.9999999998384674
0.9999999998493216
0.9999999998605205
0.9999999998720405
0.9999999998838565
0.9999999998959427
0.9999999999082725
0.9999999999208194
0.9999999999335586
0.9999999999464634
0.9999999999595072
0.9999999999726619
0.9999999999858999
0.9999999999991931
1.0000000000125129
1.0000000000258307
1.0000000000391176
1.0000000000523450
1.0000000000654843
1.0000000000785079
1.0000000000913880
1.0000000001040961
1.0000000001166041
1.0000000001288851
1.0000000001409142
1.0000000001526668
1.0000000001641189
1.0000000001752472
1.0000000001860283
1.0000000001964404
1.0000000002064608
1.0000000002160674
1.0000000002252403
1.0000000002339593
1.0000000002422069
1.0000000002499674
1.0000000002572269
1.0000000002639724
1.0000000002701912
1.0000000002758715
1.0000000002810019
1.0000000002855738
1.0000000002895790
1.0000000002930107
1.0000000002958629
1.0000000002981300
1.0000000002998075
1.0000000003008935
1.0000000003013882
1.0000000003012912
1.0000000003006035
1.0000000002993290
1.0000000002974740
1.0000000002950451
1.0000000002920497
