1.0000000000422402
1.0000000000421669
1.0000000000420246
1.0000000000418137
1.0000000000415357
1.0000000000411924
1.0000000000407845
1.0000000000403129
1.0000000000397782
1.0000000000391824
1.0000000000385270
1.0000000000378138
1.0000000000370441
1.0000000000362197
1.0000000000353439
1.0000000000344205
1.0000000000334517
1.0000000000324394
1.0000000000313853
1.0000000000302913
1.0000000000291602
1.0000000000279947
1.0000000000267966
1.0000000000255687
1.0000000000243148
1.0000000000230380
1.0000000000217415
1.0000000000204277
1.0000000000191003
1.0000000000177631
1.0000000000164195
1.0000000000150728
1.0000000000137252
1.0000000000123801
1.0000000000110403
1.0000000000097085
1.0000000000083888
1.0000000000070846
1.0000000000057994
1.0000000000045357
1.0000000000032963
1.0000000000020823
1.0000000000008948
0.9999999999997367
0.9999999999986114
0.9999999999975229
0.9999999999964735
0.9999999999954658
0.9999999999945022
0.9999999999935850
0.9999999999927144
0.9999999999918914
0.9999999999911185
0.9999999999903977
0.9999999999897297
0.9999999999891149
0.9999999999885537
0.9999999999880462
0.9999999999875933
0.9999999999871947
0.9999999999868507
0.9999999999865622
0.9999999999863306
0.9999999999861576
0.9999999999860445
0.9999999999859912
0.9999999999859965
0.9999999999860592
0.9999999999861771
0.9999999999863487
0.9999999999865727
0.9999999999868474
0.9999999999871707
0.9999999999875414
0.9999999999879580
0.9999999999884194
0.9999999999889232
0.9999999999894673
0.9999999999900488
0.9999999999906651
0.9999999999913143
0.9999999999919942
0.9999999999927029
0.9999999999934370
0.9999999999941938
0.9999999999949695
0.9999999999957608
0.9999999999965652
0.9999999999973798
0.9999999999982021
0.9999999999990300
0.9999999999998612
1.0000000000006934
1.0000000000015248
1.0000000000023523
1.0000000000031721
1.0000000000039813
1.0000000000047771
1.0000000000055564
1.0000000000063172
1.0000000000070577
1.0000000000077762
1.0000000000084699
1.0000000000091374
1.0000000000097775
1.0000000000103879
1.0000000000109661
1.0000000000115088
1.0000000000120142
1.0000000000124813
1.0000000000129092
1.0000000000132958
1.0000000000136400
1.0000000000139402
1.0000000000141949
1.0000000000144031
1.0000000000145648
1.0000000000146798
1.0000000000147486
1.0000000000147706
1.0000000000147451
1.0000000000146716
1.0000000000145484
1.0000000000143745
1.0000000000141505
1.0000000000138760
1.0000000000135516
1.0000000000131779
1.0000000000127562
1.0000000000122879
1.0000000000117744
1.0000000000112166
1.0000000000106155
1.0000000000099709
1.0000000000092832
1.0000000000085529
1.0000000000077811
1.0000000000069693
1.0000000000061198
1.0000000000052345
1.0000000000043157
1.0000000000033662
1.0000000000023874
1.0000000000013805
1.0000000000003482
0.9999999999992921
0.9999999999982147
0.9999999999971181
0.9999999999960041
0.9999999999948757
0.9999999999937349
0.9999999999925844
0.9999999999914271
0.9999999999902656
0.9999999999891011
0.9999999999879361
0.9999999999867732
0.9999999999856165
0.9999999999844705
0.9999999999833387
0.9999999999822234
0.9999999999811280
0.9999999999800550
0.9999999999790065
0.9999999999779851
0.9999999999769931
0.9999999999760329
0.9999999999751068
0.9999999999742174
0.9999999999733673
0.9999999999725588
0.9999999999717951
0.9999999999710784
0.9999999999704107
0.9999999999697953
0.9999999999692336
0.9999999999687266
0.9999999999682752
0.9999999999678806
0.9999999999675440
0.9999999999672675
0.9999999999670535
0.9999999999669041
0.9999999999668205
0.9999999999668026
0.9999999999668512
0.9999999999669661
0.9999999999671461
0.9999999999673905
0.9999999999676997
0.9999999999680733
0.9999999999685121
0.9999999999690155
0.9999999999695827
0.9999999999702143
0.9999999999709106
0.9999999999716710
0.9999999999724937
0.9999999999733771
0.9999999999743189
0.9999999999753172
0.9999999999763710
0.9999999999774801
0.9999999999786431
0.9999999999798573
0.9999999999811198
0.9999999999824276
0.9999999999837778
0.9999999999851681
0.9999999999865965
0.9999999999880609
0.9999999999895591
0.9999999999910885
0.9999999999926450
0.9999999999942231
0.9999999999958181
0.9999999999974278
0.9999999999990496
1.0000000000006812
1.0000000000023201
1.0000000000039657
1.0000000000056153
1.0000000000072657
1.0000000000089131
1.0000000000105533
1.0000000000121831
1.0000000000137981
1.0000000000153948
1.0000000000169700
1.0000000000185201
1.0000000000200426
1.0000000000215357
1.0000000000229960
1.0000000000244200
1.0000000000258054
1.0000000000271485
1.0000000000284470
1.0000000000296982
1.0000000000309013
1.0000000000320541
1.0000000000331544
1.0000000000341993
1.0000000000351865
1.0000000000361147
1.0000000000369820
1.0000000000377867
1.0000000000385274
1.0000000000392026
1.0000000000398110
1.0000000000403528
1.0000000000408269
1.0000000000412337
1.0000000000415727
1.0000000000418439
1.0000000000420466
1.0000000000421803
1.0000000000422447
1.0000000000422402
1.0000000000421669
1.0000000000420246
1.0000000000418137
