1.0000000000105462
1.0000000000105720
1.0000000000105764
1.0000000000105611
1.0000000000105269
1.0000000000104750
1.0000000000104068
1.0000000000103237
1.0000000000102269
1.0000000000101164
1.0000000000099911
1.0000000000098510
1.0000000000096976
1.0000000000095328
1.0000000000093574
1.0000000000091724
1.0000000000089788
1.0000000000087779
1.0000000000085698
1.0000000000083549
1.0000000000081339
1.0000000000079070
1.0000000000076739
1.0000000000074347
1.0000000000071902
1.0000000000069407
1.0000000000066873
1.0000000000064309
1.0000000000061722
1.0000000000059115
1.0000000000056506
1.0000000000053899
1.0000000000051301
1.0000000000048714
1.0000000000046148
1.0000000000043601
1.0000000000041087
1.0000000000038622
1.0000000000036209
1.0000000000033848
1.0000000000031535
1.0000000000029268
1.0000000000027045
1.0000000000024871
1.0000000000022748
1.0000000000020675
1.0000000000018656
1.0000000000016702
1.0000000000014817
1.0000000000013021
1.0000000000011318
1.0000000000009710
1.0000000000008189
1.0000000000006750
1.0000000000005400
1.0000000000004146
1.0000000000002995
1.0000000000001958
1.0000000000001033
1.0000000000000202
0.9999999999999465
0.9999999999998815
0.9999999999998246
0.9999999999997754
0.9999999999997329
0.9999999999996972
0.9999999999996683
0.9999999999996445
0.9999999999996272
0.9999999999996164
0.9999999999996125
0.9999999999996159
0.9999999999996267
0.9999999999996447
0.9999999999996699
0.9999999999997021
0.9999999999997399
0.9999999999997821
0.9999999999998290
0.9999999999998804
0.9999999999999363
0.9999999999999956
1.0000000000000577
1.0000000000001221
1.0000000000001872
1.0000000000002525
1.0000000000003186
1.0000000000003850
1.0000000000004512
1.0000000000005169
1.0000000000005806
1.0000000000006422
1.0000000000007012
1.0000000000007587
1.0000000000008147
1.0000000000008675
1.0000000000009168
1.0000000000009635
1.0000000000010083
1.0000000000010512
1.0000000000010918
1.0000000000011309
1.0000000000011686
1.0000000000012039
1.0000000000012357
1.0000000000012645
1.0000000000012899
1.0000000000013118
1.0000000000013298
1.0000000000013443
1.0000000000013547
1.0000000000013620
1.0000000000013669
1.0000000000013691
1.0000000000013680
1.0000000000013627
1.0000000000013531
1.0000000000013392
1.0000000000013214
1.0000000000013007
1.0000000000012759
1.0000000000012477
1.0000000000012164
1.0000000000011828
1.0000000000011482
1.0000000000011127
1.0000000000010751
1.0000000000010358
1.0000000000009959
1.0000000000009548
1.0000000000009124
1.0000000000008686
1.0000000000008238
1.0000000000007780
1.0000000000007305
1.0000000000006812
1.0000000000006304
1.0000000000005775
1.0000000000005231
1.0000000000004667
1.0000000000004070
1.0000000000003439
1.0000000000002769
1.0000000000002061
1.0000000000001317
1.0000000000000537
0.9999999999999717
0.9999999999998849
0.9999999999997933
0.9999999999996980
0.9999999999995991
0.9999999999994975
0.9999999999993936
0.9999999999992872
0.9999999999991794
0.9999999999990712
0.9999999999989619
0.9999999999988519
0.9999999999987415
0.9999999999986315
0.9999999999985220
0.9999999999984132
0.9999999999983050
0.9999999999981982
0.9999999999980932
0.9999999999979901
0.9999999999978885
0.9999999999977891
0.9999999999976922
0.9999999999975979
0.9999999999975063
0.9999999999974183
0.9999999999973342
0.9999999999972549
0.9999999999971806
0.9999999999971106
0.9999999999970451
0.9999999999969846
0.9999999999969290
0.9999999999968782
0.9999999999968326
0.9999999999967933
0.9999999999967591
0.9999999999967303
0.9999999999967063
0.9999999999966886
0.9999999999966779
0.9999999999966742
0.9999999999966782
0.9999999999966912
0.9999999999967143
0.9999999999967476
0.9999999999967913
0.9999999999968450
0.9999999999969075
0.9999999999969784
0.9999999999970571
0.9999999999971435
0.9999999999972379
0.9999999999973416
0.9999999999974551
0.9999999999975788
0.9999999999977126
0.9999999999978569
0.9999999999980117
0.9999999999981768
0.9999999999983521
0.9999999999985362
0.9999999999987277
0.9999999999989273
0.9999999999991351
0.9999999999993519
0.9999999999995779
0.9999999999998134
1.0000000000000577
1.0000000000003104
1.0000000000005709
1.0000000000008384
1.0000000000011129
1.0000000000013944
1.0000000000016815
1.0000000000019729
1.0000000000022671
1.0000000000025637
1.0000000000028628
1.0000000000031659
1.0000000000034734
1.0000000000037852
1.0000000000041001
1.0000000000044167
1.0000000000047331
1.0000000000050466
1.0000000000053553
1.0000000000056593
1.0000000000059581
1.0000000000062519
1.0000000000065408
1.0000000000068254
1.0000000000071054
1.0000000000073808
1.0000000000076505
1.0000000000079150
1.0000000000081726
1.0000000000084210
1.0000000000086595
1.0000000000088862
1.0000000000090998
1.0000000000093003
1.0000000000094884
1.0000000000096636
1.0000000000098259
1.0000000000099758
1.0000000000101128
1.0000000000102356
1.0000000000103417
1.0000000000104301
1.0000000000104985
1.0000000000105462
1.0000000000105720
1.0000000000105764
1.0000000000105611
