1.0002087006148075
1.0002060694798203
1.0002029472317508
1.0001993413461718
1.0001952604529185
1.0001907143155273
1.0001857138079744
1.0001802708887688
1.0001743985724578
1.0001681108986187
1.0001614228984033
1.0001543505587169
1.0001469107841152
1.0001391213565125
1.0001310008927913
1.0001225688004147
1.0001138452311495
1.0001048510330077
1.0000956077005188
1.0000861373234544
1.0000764625341223
1.0000666064533565
1.0000565926353335
1.0000464450113449
1.0000361878326578
1.0000258456126028
1.0000154430680197
1.0000050050602143
0.9999945565355517
0.9999841224658409
0.9999737277886440
0.9999633973476560
0.9999531558332970
0.9999430277236623
0.9999330372259670
0.9999232082186282
0.9999135641941257
0.9999041282027749
0.9998949227975467
0.9998859699800713
0.9998772911479524
0.9998689070435186
0.9998608377041397
0.9998531024142220
0.9998457196590010
0.9998387070802456
0.9998320814339743
0.9998258585502926
0.9998200532954482
0.9998146795361880
0.9998097501065126
0.9998052767769048
0.9998012702261062
0.9997977400155104
0.9997946945662356
0.9997921411389332
0.9997900858163793
0.9997885334888944
0.9997874878426244
0.9997869513507065
0.9997869252673525
0.9997874096248560
0.9997884032335329
0.9997899036845956
0.9997919073559512
0.9997944094209134
0.9997974038598060
0.9998008834744299
0.9998048399053556
0.9998092636520030
0.9998141440954558
0.9998194695239596
0.9998252271610419
0.9998314031961785
0.9998379828179388
0.9998449502495301
0.9998522887866501
0.9998599808375602
0.9998680079652807
0.9998763509318059
0.9998849897442312
0.9998939037026852
0.9999030714499421
0.9999124710226061
0.9999220799037366
0.9999318750767912
0.9999418330807545
0.9999519300663187
0.9999621418529853
0.9999724439869467
0.9999828117996122
0.9999932204666342
1.0000036450672940
1.0000140606441112
1.0000244422625246
1.0000347650705093
1.0000450043579823
1.0000551356158587
1.0000651345946143
1.0000749773622217
1.0000846403613108
1.0000941004654267
1.0001033350342479
1.0001123219676360
1.0001210397583833
1.0001294675435397
1.0001375851541918
1.0001453731635823
1.0001528129334476
1.0001598866584724
1.0001665774087494
1.0001728691701455
1.0001787468824828
1.0001841964754410
1.0001892049020966
1.0001937601700210
1.0001978513698644
1.0002014687013543
1.0002046034966536
1.0002072482410183
1.0002093965907060
1.0002110433880984
1.0002121846739973
1.0002128176970666
1.0002129409203979
1.0002125540251843
1.0002116579114930
1.0002102546961409
1.0002083477076651
1.0002059414784155
1.0002030417337746
1.0001996553785393
1.0001957904804912
1.0001914562511984
1.0001866630240905
1.0001814222298615
1.0001757463692547
1.0001696489832959
1.0001631446210435
1.0001562488049336
1.0001489779938051
1.0001413495436828
1.0001333816664186
1.0001250933862853
1.0001165044946265
1.0001076355026723
1.0000985075926274
1.0000891425671503
1.0000795627973447
1.0000697911693810
1.0000598510298826
1.0000497661302001
1.0000395605697083
1.0000292587382611
1.0000188852579426
1.0000084649242487
0.9999980226468456
0.9999875833900389
0.9999771721131004
0.9999668137105984
0.9999565329528666
0.9999463544267586
0.9999363024768294
0.9999264011470842
0.9999166741234347
0.9999071446770010
0.9998978356083948
0.9998887691931199
0.9998799671282190
0.9998714504802954
0.9998632396350372
0.9998553542483617
0.9998478131993030
0.9998406345447514
0.9998338354761588
0.9998274322783112
0.9998214402902688
0.9998158738685698
0.9998107463527870
0.9998060700335129
0.9998018561228671
0.9997981147275808
0.9997948548247348
0.9997920842402015
0.9997898096298520
0.9997880364635662
0.9997867690120881
0.9997860103367625
0.9997857622821686
0.9997860254716779
0.9997867993059396
0.9997880819642997
0.9997898704091525
0.9997921603932125
0.9997949464696900
0.9997982220053437
0.9998019791963779
0.9998062090871498
0.9998109015916399
0.9998160455176306
0.9998216285935353
0.9998276374978171
0.9998340578909209
0.9998408744496443
0.9998480709038616
0.9998556300755160
0.9998635339197824
0.9998717635683002
0.9998802993743741
0.9998891209600339
0.9998982072648372
0.9999075365963009
0.9999170866818378
0.9999268347220727
0.9999367574454084
0.9999468311637146
0.9999570318290012
0.9999673350909442
0.9999777163551211
0.9999881508418206
0.9999986136452826
1.0000090797932302
1.0000195243065471
1.0000299222589595
1.0000402488365803
1.0000504793971741
1.0000605895289969
1.0000705551090769
1.0000803523607920
1.0000899579106131
1.0000993488438736
1.0001085027594319
1.0001173978230999
1.0001260128197116
1.0001343272037022
1.0001423211480853
1.0001499755917072
1.0001572722846708
1.0001641938318144
1.0001707237341528
1.0001768464281733
1.0001825473229005
1.0001878128346393
1.0001926304193149
1.0001969886023339
1.0002008770058912
1.0002042863736698
1.0002072085928624
1.0002096367134743
1.0002115649648542
1.0002129887694149
1.0002139047535159
1.0002143107554793
1.0002142058307180
1.0002135902539728
1.0002124655186428
1.0002108343332161
1.0002087006148075
1.0002060694798203
1.0002029472317508
1.0001993413461718
