1.0000000007618637
1.0000000007559533
1.0000000007484848
1.0000000007394791
1.0000000007289620
1.0000000007169645
1.0000000007035197
1.0000000006886636
1.0000000006724339
1.0000000006548713
1.0000000006360192
1.0000000006159258
1.0000000005946403
1.0000000005722156
1.0000000005487062
1.0000000005241696
1.0000000004986658
1.0000000004722553
1.0000000004450023
1.0000000004169733
1.0000000003882366
1.0000000003588616
1.0000000003289184
1.0000000002984786
1.0000000002676144
1.0000000002363998
1.0000000002049081
1.0000000001732130
1.0000000001413893
1.0000000001095137
1.0000000000776617
1.0000000000459077
1.0000000000143268
0.9999999999829929
0.9999999999519797
0.9999999999213595
0.9999999998912027
0.9999999998615791
0.9999999998325568
0.9999999998042042
0.9999999997765866
0.9999999997497685
0.9999999997238109
0.9999999996987733
0.9999999996747119
0.9999999996516798
0.9999999996297283
0.9999999996089061
0.9999999995892591
0.9999999995708293
0.9999999995536570
0.9999999995377801
0.9999999995232334
0.9999999995100476
0.9999999994982502
0.9999999994878658
0.9999999994789142
0.9999999994714120
0.9999999994653718
0.9999999994608039
0.9999999994577133
0.9999999994561007
0.9999999994559632
0.9999999994572956
0.9999999994600888
0.9999999994643305
0.9999999994700046
0.9999999994770916
0.9999999994855683
0.9999999994954080
0.9999999995065817
0.9999999995190586
0.9999999995328029
0.9999999995477757
0.9999999995639347
0.9999999995812339
0.9999999995996248
0.9999999996190561
0.9999999996394747
0.9999999996608255
0.9999999996830511
0.9999999997060904
0.9999999997298832
0.9999999997543663
0.9999999997794747
0.9999999998051414
0.9999999998312979
0.9999999998578740
0.9999999998847988
0.9999999999119995
0.9999999999394038
0.9999999999669379
0.9999999999945303
1.0000000000221085
1.0000000000496008
1.0000000000769338
1.0000000001040366
1.0000000001308376
1.0000000001572646
1.0000000001832474
1.0000000002087168
1.0000000002336060
1.0000000002578491
1.0000000002813836
1.0000000003041478
1.0000000003260823
1.0000000003471292
1.0000000003672336
1.0000000003863403
1.0000000004043967
1.0000000004213527
1.0000000004371614
1.0000000004517793
1.0000000004651655
1.0000000004772813
1.0000000004880913
1.0000000004975638
1.0000000005056708
1.0000000005123886
1.0000000005176952
1.0000000005215732
1.0000000005240104
1.0000000005249974
1.0000000005245278
1.0000000005225984
1.0000000005192098
1.0000000005143646
1.0000000005080705
1.0000000005003382
1.0000000004911824
1.0000000004806213
1.0000000004686760
1.0000000004553713
1.0000000004407350
1.0000000004247973
1.0000000004075942
1.0000000003891660
1.0000000003695546
1.0000000003488045
1.0000000003269633
1.0000000003040810
1.0000000002802092
1.0000000002554039
1.0000000002297216
1.0000000002032225
1.0000000001759699
1.0000000001480289
1.0000000001194675
1.0000000000903535
1.0000000000607554
1.0000000000307432
1.0000000000003877
0.9999999999697613
0.9999999999389370
0.9999999999079873
0.9999999998769857
0.9999999998460065
0.9999999998151250
0.9999999997844166
0.9999999997539565
0.9999999997238204
0.9999999996940815
0.9999999996648125
0.9999999996360842
0.9999999996079669
0.9999999995805299
0.9999999995538413
0.9999999995279677
0.9999999995029740
0.9999999994789234
0.9999999994558754
0.9999999994338875
0.9999999994130145
0.9999999993933087
0.9999999993748203
0.9999999993575960
0.9999999993416817
0.9999999993271192
0.9999999993139476
0.9999999993022028
0.9999999992919179
0.9999999992831221
0.9999999992758417
0.9999999992700982
0.9999999992659097
0.9999999992632903
0.9999999992622502
0.9999999992627965
0.9999999992649317
0.9999999992686559
0.9999999992739655
0.9999999992808544
0.9999999992893124
0.9999999992993247
0.9999999993108740
0.9999999993239386
0.9999999993384925
0.9999999993545070
0.9999999993719507
0.9999999993907887
0.9999999994109818
0.9999999994324893
0.9999999994552656
0.9999999994792628
0.9999999995044287
0.9999999995307109
0.9999999995580547
0.9999999995864022
0.9999999996156924
0.9999999996458622
0.9999999996768462
0.9999999997085768
0.9999999997409846
0.9999999997739988
0.9999999998075473
0.9999999998415575
0.9999999998759551
0.9999999999106647
0.9999999999456102
0.9999999999807148
1.0000000000159011
1.0000000000510911
1.0000000000862055
1.0000000001211666
1.0000000001558962
1.0000000001903178
1.0000000002243563
1.0000000002579366
1.0000000002909855
1.0000000003234315
1.0000000003552036
1.0000000003862326
1.0000000004164500
1.0000000004457901
1.0000000004741894
1.0000000005015866
1.0000000005279224
1.0000000005531406
1.0000000005771867
1.0000000006000105
1.0000000006215628
1.0000000006417984
1.0000000006606735
1.0000000006781486
1.0000000006941878
1.0000000007087577
1.0000000007218288
1.0000000007333749
1.0000000007433740
1.0000000007518077
1.0000000007586616
1.0000000007639240
1.0000000007675869
1.0000000007696452
1.0000000007700980
1.0000000007689474
1.0000000007661993
1.0000000007618637
1.0000000007559533
1.0000000007484848
1.0000000007394791
