1.0000071296774422
1.0000070411447513
1.0000069359174462
1.0000068142490031
1.0000066764321141
1.0000065227979884
1.0000063537155577
1.0000061695905946
1.0000059708647429
1.0000057580144606
1.0000055315498790
1.0000052920135836
1.0000050399793141
1.0000047760505950
1.0000045008592910
1.0000042150640960
1.0000039193489612
1.0000036144214550
1.0000033010110763
1.0000029798675081
1.0000026517588243
1.0000023174696533
1.0000019777993048
1.0000016335598585
1.0000012855742220
1.0000009346741641
1.0000005816983271
1.0000002274902229
0.9999998728962148
0.9999995187634971
0.9999991659380680
0.9999988152627071
0.9999984675749626
0.9999981237051486
0.9999977844743629
0.9999974506925225
0.9999971231564300
0.9999968026478685
0.9999964899317327
0.9999961857542012
0.9999958908409539
0.9999956058954383
0.9999953315971907
0.9999950686002104
0.9999948175313966
0.9999945789890526
0.9999943535414547
0.9999941417254961
0.9999939440454051
0.9999937609715410
0.9999935929392704
0.9999934403479276
0.9999933035598605
0.9999931828995672
0.9999930786529216
0.9999929910664913
0.9999929203469495
0.9999928666605826
0.9999928301328934
0.9999928108483036
0.9999928088499533
0.9999928241395997
0.9999928566776156
0.9999929063830857
0.9999929731340010
0.9999930567675539
0.9999931570805283
0.9999932738297872
0.9999934067328553
0.9999935554685976
0.9999937196779888
0.9999938989649734
0.9999940928974154
0.9999943010081332
0.9999945227960182
0.9999947577272346
0.9999950052364998
0.9999952647284365
0.9999955355789972
0.9999958171369620
0.9999961087254948
0.9999964096437655
0.9999967191686229
0.9999970365563297
0.9999973610443414
0.9999976918531327
0.9999980281880624
0.9999983692412762
0.9999987141936387
0.9999990622166957
0.9999994124746543
0.9999997641263866
1.0000001163274401
1.0000004682320593
1.0000008189952092
1.0000011677745979
1.0000015137326934
1.0000018560387247
1.0000021938706725
1.0000025264172361
1.0000028528797753
1.0000031724742209
1.0000034844329508
1.0000037880066273
1.0000040824659908
1.0000043671036032
1.0000046412355421
1.0000049042030383
1.0000051553740525
1.0000053941447877
1.0000056199411351
1.0000058322200462
1.0000060304708345
1.0000062142163961
1.0000063830143542
1.0000065364581163
1.0000066741778497
1.0000067958413672
1.0000069011549229
1.0000069898639143
1.0000070617534933
1.0000071166490827
1.0000071544167948
1.0000071749637516
1.0000071782383091
1.0000071642301833
1.0000071329704754
1.0000070845315976
1.0000070190271020
1.0000069366114110
1.0000068374794480
1.0000067218661748
1.0000065900460313
1.0000064423322810
1.0000062790762616
1.0000061006665464
1.0000059075280181
1.0000057001208547
1.0000054789394273
1.0000052445111218
1.0000049973950782
1.0000047381808554
1.0000044674870243
1.0000041859596891
1.0000038942709424
1.0000035931172595
1.0000032832178343
1.0000029653128615
1.0000026401617659
1.0000023085413881
1.0000019712441268
1.0000016290760487
1.0000012828549596
1.0000009334084492
1.0000005815719131
1.0000002281865565
0.9999998740973838
0.9999995201511772
0.9999991671944728
0.9999988160715368
0.9999984676223460
0.9999981226805820
0.9999977820716354
0.9999974466106343
0.9999971171004951
0.9999967943300004
0.9999964790719144
0.9999961720811352
0.9999958740928881
0.9999955858209673
0.9999953079560292
0.9999950411639408
0.9999947860841856
0.9999945433283344
0.9999943134785837
0.9999940970863614
0.9999938946710070
0.9999937067185297
0.9999935336804444
0.9999933759726921
0.9999932339746425
0.9999931080281859
0.9999929984369158
0.9999929054653989
0.9999928293385451
0.9999927702410658
0.9999927283170331
0.9999927036695310
0.9999926963604059
0.9999927064101194
0.9999927337976969
0.9999927784607768
0.9999928402957561
0.9999929191580369
0.9999930148623697
0.9999931271832949
0.9999932558556809
0.9999934005753570
0.9999935609998361
0.9999937367491312
0.9999939274066614
0.9999941325202474
0.9999943516031879
0.9999945841354225
0.9999948295647734
0.9999950873082648
0.9999953567535120
0.9999956372601851
0.9999959281615354
0.9999962287659865
0.9999965383587875
0.9999968562037173
0.9999971815448423
0.9999975136083228
0.9999978516042588
0.9999981947285768
0.9999985421649507
0.9999988930867508
0.9999992466590174
0.9999996020404535
0.9999999583854328
1.0000003148460206
1.0000006705739972
1.0000010247228839
1.0000013764499633
1.0000017249182922
1.0000020692986993
1.0000024087717647
1.0000027425297759
1.0000030697786588
1.0000033897398712
1.0000037016522620
1.0000040047738892
1.0000042983837891
1.0000045817836984
1.0000048542997213
1.0000051152839378
1.0000053641159510
1.0000056002043682
1.0000058229882116
1.0000060319382567
1.0000062265582963
1.0000064063863232
1.0000065709956327
1.0000067199958413
1.0000068530338178
1.0000069697945253
1.0000070700017738
1.0000071534188770
1.0000072198492160
1.0000072691367079
1.0000073011661785
1.0000073158636360
1.0000073131964438
1.0000072931733983
1.0000072558447071
1.0000072013018666
1.0000071296774422
1.0000070411447513
1.0000069359174462
1.0000068142490031
