1.0000001099382809
1.0000001086608421
1.0000001071315008
1.0000001053540248
1.0000001033327701
1.0000001010726711
1.0000000985792274
1.0000000958584934
1.0000000929170614
1.0000000897620449
1.0000000864010616
1.0000000828422182
1.0000000790940879
1.0000000751656923
1.0000000710664783
1.0000000668062954
1.0000000623953722
1.0000000578442936
1.0000000531639721
1.0000000483656255
1.0000000434607477
1.0000000384610825
1.0000000333785943
1.0000000282254409
1.0000000230139425
1.0000000177565533
1.0000000124658333
1.0000000071544162
1.0000000018349804
0.9999999965202179
0.9999999912228039
0.9999999859553669
0.9999999807304575
0.9999999755605176
0.9999999704578526
0.9999999654346028
0.9999999605027141
0.9999999556739102
0.9999999509596614
0.9999999463711584
0.9999999419192869
0.9999999376146005
0.9999999334672974
0.9999999294871942
0.9999999256837014
0.9999999220658041
0.9999999186420384
0.9999999154204734
0.9999999124086894
0.9999999096137603
0.9999999070422368
0.9999999047001314
0.9999999025929037
0.9999999007254485
0.9999998991020829
0.9999998977265357
0.9999998966019397
0.9999998957308242
0.9999998951151083
0.9999998947560981
0.9999998946544818
0.9999998948103277
0.9999998952230863
0.9999998958915912
0.9999998968140620
0.9999998979881084
0.9999998994107351
0.9999999010783479
0.9999999029867659
0.9999999051312297
0.9999999075064134
0.9999999101064373
0.9999999129248826
0.9999999159548058
0.9999999191887555
0.9999999226187892
0.9999999262364951
0.9999999300330108
0.9999999339990459
0.9999999381249045
0.9999999424005086
0.9999999468154180
0.9999999513588604
0.9999999560197541
0.9999999607867355
0.9999999656481884
0.9999999705922701
0.9999999756069399
0.9999999806799870
0.9999999857990602
0.9999999909516997
0.9999999961253647
1.0000000013074661
1.0000000064853947
1.0000000116465533
1.0000000167783840
1.0000000218683995
1.0000000269042140
1.0000000318735736
1.0000000367643842
1.0000000415647408
1.0000000462629555
1.0000000508475864
1.0000000553074639
1.0000000596317193
1.0000000638098094
1.0000000678315437
1.0000000716871067
1.0000000753670830
1.0000000788624805
1.0000000821647501
1.0000000852658091
1.0000000881580562
1.0000000908343927
1.0000000932882382
1.0000000955135471
1.0000000975048251
1.0000000992571405
1.0000001007661368
1.0000001020280407
1.0000001030396741
1.0000001037984614
1.0000001043024360
1.0000001045502447
1.0000001045411493
1.0000001042750304
1.0000001037523871
1.0000001029743351
1.0000001019426059
1.0000001006595423
1.0000000991280908
1.0000000973517975
1.0000000953347994
1.0000000930818127
1.0000000905981237
1.0000000878895738
1.0000000849625483
1.0000000818239589
1.0000000784812275
1.0000000749422697
1.0000000712154753
1.0000000673096883
1.0000000632341843
1.0000000589986511
1.0000000546131640
1.0000000500881636
1.0000000454344287
1.0000000406630518
1.0000000357854109
1.0000000308131431
1.0000000257581183
1.0000000206324084
1.0000000154482602
1.0000000102180651
1.0000000049543307
0.9999999996696491
0.9999999943766689
0.9999999890880640
0.9999999838165037
0.9999999785746213
0.9999999733749855
0.9999999682300688
0.9999999631522181
0.9999999581536254
0.9999999532462975
0.9999999484420291
0.9999999437523753
0.9999999391886228
0.9999999347617606
0.9999999304824555
0.9999999263610256
0.9999999224074179
0.9999999186311825
0.9999999150414500
0.9999999116469107
0.9999999084557925
0.9999999054758407
0.9999999027143018
0.9999999001779052
0.9999998978728462
0.9999998958047716
0.9999998939787663
0.9999998923993405
0.9999998910704180
0.9999998899953275
0.9999998891767967
0.9999998886169439
0.9999998883172716
0.9999998882786642
0.9999998885013847
0.9999998889850756
0.9999998897287604
0.9999998907308441
0.9999998919891157
0.9999998935007547
0.9999998952623379
0.9999998972698485
0.9999998995186846
0.9999999020036698
0.9999999047190647
0.9999999076585826
0.9999999108154017
0.9999999141821838
0.9999999177510907
0.9999999215138021
0.9999999254615374
0.9999999295850738
0.9999999338747702
0.9999999383205903
0.9999999429121258
0.9999999476386211
0.9999999524889978
0.9999999574518830
0.9999999625156344
0.9999999676683705
0.9999999728979975
0.9999999781922378
0.9999999835386593
0.9999999889247045
0.9999999943377206
0.9999999997649904
1.0000000051937630
1.0000000106112830
1.0000000160048215
1.0000000213617068
1.0000000266693518
1.0000000319152877
1.0000000370871911
1.0000000421729136
1.0000000471605131
1.0000000520382790
1.0000000567947627
1.0000000614188023
1.0000000658995511
1.0000000702265019
1.0000000743895141
1.0000000783788381
1.0000000821851371
1.0000000857995093
1.0000000892135079
1.0000000924191612
1.0000000954089932
1.0000000981760402
1.0000001007138681
1.0000001030165881
1.0000001050788685
1.0000001068959505
1.0000001084636567
1.0000001097784033
1.0000001108372070
1.0000001116376929
1.0000001121781004
1.0000001124572859
1.0000001124747253
1.0000001122305162
1.0000001117253774
1.0000001109606476
1.0000001099382809
1.0000001086608421
1.0000001071315008
1.0000001053540248
