1.0000029876746201
1.0000029508529262
1.0000029070528536
1.0000028563801779
1.0000027989570568
1.0000027349217364
1.0000026644282218
1.0000025876459069
1.0000025047591696
1.0000024159669338
1.0000023214821907
1.0000022215314897
1.0000021163543962
1.0000020062029185
1.0000018913409043
1.0000017720434107
1.0000016485960455
1.0000015212942850
1.0000013904427696
1.0000012563545710
1.0000011193504472
1.0000009797580751
1.0000008379112659
1.0000006941491684
1.0000005488154560
1.0000004022575055
1.0000002548255691
1.0000001068719360
0.9999999587500898
0.9999998108138645
0.9999996634165983
0.9999995169102904
0.9999993716447595
0.9999992279668070
0.9999990862193883
0.9999989467407945
0.9999988098638412
0.9999986759150749
0.9999985452139929
0.9999984180722800
0.9999982947930640
0.9999981756701926
0.9999980609875306
0.9999979510182809
0.9999978460243324
0.9999977462556356
0.9999976519496059
0.9999975633305547
0.9999974806091558
0.9999974039819409
0.9999973336308295
0.9999972697226971
0.9999972124089763
0.9999971618252964
0.9999971180911588
0.9999970813096528
0.9999970515672115
0.9999970289334047
0.9999970134607734
0.9999970051847040
0.9999970041233461
0.9999970102775695
0.9999970236309621
0.9999970441498729
0.9999970717834914
0.9999971064639706
0.9999971481065902
0.9999971966099604
0.9999972518562645
0.9999973137115430
0.9999973820260140
0.9999974566344330
0.9999975373564902
0.9999976239972426
0.9999977163475779
0.9999978141847199
0.9999979172727592
0.9999980253632184
0.9999981381956481
0.9999982554982508
0.9999983769885318
0.9999985023739743
0.9999986313527414
0.9999987636144015
0.9999988988406682
0.9999990367061629
0.9999991768791936
0.9999993190225498
0.9999994627943097
0.9999996078486596
0.9999997538367215
0.9999999004073874
1.0000000472081612
1.0000001938860006
1.0000003400881645
1.0000004854630560
1.0000006296610635
1.0000007723353979
1.0000009131429244
1.0000010517449822
1.0000011878081969
1.0000013210052787
1.0000014510158046
1.0000015775269866
1.0000017002344199
1.0000018188428126
1.0000019330666921
1.0000020426310881
1.0000021472721898
1.0000022467379814
1.0000023407888430
1.0000024291981244
1.0000025117526885
1.0000025882534205
1.0000026585157071
1.0000027223698773
1.0000027796616098
1.0000028302523030
1.0000028740194067
1.0000029108567170
1.0000029406746309
1.0000029634003607
1.0000029789781089
1.0000029873692042
1.0000029885521922
1.0000029825228882
1.0000029692943888
1.0000029488970397
1.0000029213783646
1.0000028868029540
1.0000028452523102
1.0000027968246537
1.0000027416346866
1.0000026798133232
1.0000026115073755
1.0000025368792032
1.0000024561063261
1.0000023693810003
1.0000022769097587
1.0000021789129185
1.0000020756240549
1.0000019672894425
1.0000018541674669
1.0000017365280085
1.0000016146517976
1.0000014888297448
1.0000013593622423
1.0000012265584486
1.0000010907355494
1.0000009522179993
1.0000008113367476
1.0000006684284442
1.0000005238346379
1.0000003779009581
1.0000002309762908
1.0000000834119438
0.9999999355608066
0.9999997877765067
0.9999996404125640
0.9999994938215456
0.9999993483542231
0.9999992043587341
0.9999990621797495
0.9999989221576485
0.9999987846277063
0.9999986499192913
0.9999985183550771
0.9999983902502705
0.9999982659118591
0.9999981456378777
0.9999980297166928
0.9999979184263148
0.9999978120337303
0.9999977107942649
0.9999976149509733
0.9999975247340558
0.9999974403603095
0.9999973620326065
0.9999972899394107
0.9999972242543252
0.9999971651356769
0.9999971127261366
0.9999970671523783
0.9999970285247761
0.9999969969371376
0.9999969724664802
0.9999969551728456
0.9999969450991539
0.9999969422711024
0.9999969466971026
0.9999969583682584
0.9999969772583867
0.9999970033240786
0.9999970365048033
0.9999970767230502
0.9999971238845150
0.9999971778783223
0.9999972385772894
0.9999973058382298
0.9999973795022944
0.9999974593953503
0.9999975453283960
0.9999976370980119
0.9999977344868463
0.9999978372641308
0.9999979451862346
0.9999980579972427
0.9999981754295676
0.9999982972045872
0.9999984230333107
0.9999985526170668
0.9999986856482170
0.9999988218108899
0.9999989607817358
0.9999991022306971
0.9999992458217960
0.9999993912139363
0.9999995380617184
0.9999996860162631
0.9999998347260449
0.9999999838377309
1.0000001329970238
1.0000002818495068
1.0000004300414895
1.0000005772208507
1.0000007230378798
1.0000008671461147
1.0000010092031664
1.0000011488715370
1.0000012858194249
1.0000014197215170
1.0000015502597630
1.0000016771241342
1.0000018000133664
1.0000019186356763
1.0000020327094603
1.0000021419639633
1.0000022461399281
1.0000023449902125
1.0000024382803789
1.0000025257892540
1.0000026073094548
1.0000026826478843
1.0000027516261916
1.0000028140811974
1.0000028698652828
1.0000029188467414
1.0000029609100924
1.0000029959563559
1.0000030239032909
1.0000030446855890
1.0000030582550306
1.0000030645805982
1.0000030636485491
1.0000030554624486
1.0000030400431601
1.0000030174287948
1.0000029876746201
1.0000029508529262
1.0000029070528536
1.0000028563801779
