1.0000976278980300
1.0000963995891210
1.0000949416837432
1.0000932576768724
1.0000913516032444
1.0000892280277216
1.0000868920343924
1.0000843492144353
1.0000816056527704
1.0000786679135301
1.0000755430243897
1.0000722384597884
1.0000687621230846
1.0000651223276886
1.0000613277772110
1.0000573875446814
1.0000533110508842
1.0000491080418605
1.0000447885656325
1.0000403629482069
1.0000358417689119
1.0000312358351291
1.0000265561564745
1.0000218139185000
1.0000170204559684
1.0000121872257710
1.0000073257795519
1.0000024477361025
0.9999975647535949
0.9999926885017165
0.9999878306337785
0.9999830027588567
0.9999782164140401
0.9999734830368461
0.9999688139378740
0.9999642202737590
0.9999597130204920
0.9999553029471689
0.9999510005902357
0.9999468162282849
0.9999427598574695
0.9999388411675886
0.9999350695189045
0.9999314539197509
0.9999280030049782
0.9999247250152933
0.9999216277775409
0.9999187186859761
0.9999160046845683
0.9999134922503861
0.9999111873780975
0.9999090955656228
0.9999072218009807
0.9999055705503541
0.9999041457474033
0.9999029507838545
0.9999019885013880
0.9999012611848412
0.9999007705567450
0.9999005177732112
0.9999005034211746
0.9999007275169964
0.9999011895064366
0.9999018882659916
0.9999028221055947
0.9999039887726764
0.9999053854575709
0.9999070088002555
0.9999088548984081
0.9999109193167652
0.9999131970977551
0.9999156827733816
0.9999183703783270
0.9999212534642482
0.9999243251152291
0.9999275779643496
0.9999310042113339
0.9999345956412358
0.9999383436441154
0.9999422392356601
0.9999462730786998
0.9999504355055663
0.9999547165412396
0.9999591059272303
0.9999635931461351
0.9999681674468133
0.9999728178701195
0.9999775332751303
0.9999823023658028
0.9999871137180046
0.9999919558068467
0.9999968170342510
1.0000016857566945
1.0000065503130602
1.0000113990525263
1.0000162203624268
1.0000210026960195
1.0000257346000936
1.0000304047423476
1.0000350019384816
1.0000395151789307
1.0000439336551807
1.0000482467855976
1.0000524442407126
1.0000565159679080
1.0000604522154344
1.0000642435557099
1.0000678809078429
1.0000713555593252
1.0000746591868455
1.0000777838761699
1.0000807221410473
1.0000834669410876
1.0000860116985781
1.0000883503141946
1.0000904771815662
1.0000923872006671
1.0000940757899970
1.0000955388975241
1.0000967730103647
1.0000977751631752
1.0000985429452378
1.0000990745062208
1.0000993685606034
1.0000994243907513
1.0000992418486394
1.0000988213562136
1.0000981639043922
1.0000972710507114
1.0000961449156163
1.0000947881774078
1.0000932040658597
1.0000913963545208
1.0000893693517192
1.0000871278902861
1.0000846773160319
1.0000820234749925
1.0000791726994871
1.0000761317930076
1.0000729080139867
1.0000695090584786
1.0000659430417940
1.0000622184791319
1.0000583442652549
1.0000543296532556
1.0000501842324683
1.0000459179055734
1.0000415408649537
1.0000370635683540
1.0000324967139069
1.0000278512145815
1.0000231381721123
1.0000183688504825
1.0000135546490110
1.0000087070751138
1.0000038377168055
0.9999989582150054
0.9999940802357132
0.9999892154421233
0.9999843754667398
0.9999795718835675
0.9999748161804339
0.9999701197315184
0.9999654937701480
0.9999609493619293
0.9999564973782761
0.9999521484704011
0.9999479130438323
0.9999438012335131
0.9999398228795484
0.9999359875036525
0.9999323042863592
0.9999287820450422
0.9999254292128091
0.9999222538183082
0.9999192634665053
0.9999164653204704
0.9999138660842216
0.9999114719866686
0.9999092887666888
0.9999073216593793
0.9999055753835144
0.9999040541302352
0.9999027615530067
0.9999017007588583
0.9999008743009344
0.9999002841723710
0.9998999318015120
0.9998998180484787
0.9998999432030977
0.9999003069841979
0.9999009085402715
0.9999017464515038
0.9999028187331599
0.9999041228403290
0.9999056556740069
0.9999074135885052
0.9999093924001707
0.9999115873973921
0.9999139933518690
0.9999166045311190
0.9999194147121885
0.9999224171965421
0.9999256048260863
0.9999289700002931
0.9999325046943818
0.9999362004785135
0.9999400485379556
0.9999440396941651
0.9999481644267415
0.9999524128961971
0.9999567749674858
0.9999612402342403
0.9999657980436539
0.9999704375219530
0.9999751476003929
0.9999799170417185
0.9999847344670251
0.9999895883829573
0.9999944672091770
0.9999993593060387
1.0000042530024038
1.0000091366235273
1.0000139985189480
1.0000188270903214
1.0000236108191241
1.0000283382941650
1.0000329982388392
1.0000375795380552
1.0000420712647757
1.0000464627061063
1.0000507433888715
1.0000549031046135
1.0000589319339623
1.0000628202703077
1.0000665588427238
1.0000701387380930
1.0000735514223742
1.0000767887609621
1.0000798430380935
1.0000827069752525
1.0000853737485313
1.0000878370049056
1.0000900908773847
1.0000921299990009
1.0000939495156067
1.0000955450974458
1.0000969129494750
1.0000980498204071
1.0000989530104603
1.0000996203777899
1.0001000503435886
1.0001002418958425
1.0001001945917367
1.0000999085587052
1.0000993844941168
1.0000986236636031
1.0000976278980300
1.0000963995891210
1.0000949416837432
1.0000932576768724
