1.0000000763137158
1.0000000754370506
1.0000000743861595
1.0000000731636423
1.0000000717725033
1.0000000702161473
1.0000000684983725
1.0000000666233564
1.0000000645956479
1.0000000624201577
1.0000000601021473
1.0000000576472139
1.0000000550612780
1.0000000523505690
1.0000000495216104
1.0000000465812042
1.0000000435364140
1.0000000403945477
1.0000000371631435
1.0000000338499495
1.0000000304629062
1.0000000270101264
1.0000000234998732
1.0000000199405439
1.0000000163406495
1.0000000127087934
1.0000000090536509
1.0000000053839477
1.0000000017084398
0.9999999980358941
0.9999999943750657
0.9999999907346787
0.9999999871234033
0.9999999835498355
0.9999999800224779
0.9999999765497180
0.9999999731398083
0.9999999698008478
0.9999999665407627
0.9999999633672867
0.9999999602879416
0.9999999573100196
0.9999999544405677
0.9999999516863681
0.9999999490539249
0.9999999465494477
0.9999999441788360
0.9999999419476661
0.9999999398611776
0.9999999379242610
0.9999999361414444
0.9999999345168845
0.9999999330543565
0.9999999317572456
0.9999999306285379
0.9999999296708143
0.9999999288862436
0.9999999282765762
0.9999999278431432
0.9999999275868500
0.9999999275081771
0.9999999276071789
0.9999999278834820
0.9999999283362879
0.9999999289643723
0.9999999297660898
0.9999999307393773
0.9999999318817574
0.9999999331903463
0.9999999346618614
0.9999999362926308
0.9999999380785987
0.9999999400153369
0.9999999420980564
0.9999999443216171
0.9999999466805394
0.9999999491690197
0.9999999517809433
0.9999999545099001
0.9999999573491981
0.9999999602918819
0.9999999633307475
0.9999999664583603
0.9999999696670709
0.9999999729490363
0.9999999762962372
0.9999999797004989
0.9999999831535085
0.9999999866468369
0.9999999901719612
0.9999999937202823
0.9999999972831446
1.0000000008518586
1.0000000044177226
1.0000000079720412
1.0000000115061463
1.0000000150114177
1.0000000184793068
1.0000000219013550
1.0000000252692143
1.0000000285746677
1.0000000318096494
1.0000000349662623
1.0000000380367973
1.0000000410137522
1.0000000438898506
1.0000000466580594
1.0000000493116064
1.0000000518439938
1.0000000542490162
1.0000000565207721
1.0000000586536819
1.0000000606425012
1.0000000624823315
1.0000000641686337
1.0000000656972381
1.0000000670643556
1.0000000682665853
1.0000000693009230
1.0000000701647680
1.0000000708559305
1.0000000713726358
1.0000000717135300
1.0000000718776809
1.0000000718645814
1.0000000716741535
1.0000000713067470
1.0000000707631367
1.0000000700445233
1.0000000691525288
1.0000000680891925
1.0000000668569666
1.0000000654587118
1.0000000638976889
1.0000000621775511
1.0000000603023365
1.0000000582764554
1.0000000561046842
1.0000000537921512
1.0000000513443259
1.0000000487670051
1.0000000460662986
1.0000000432486167
1.0000000403206541
1.0000000372893729
1.0000000341619857
1.0000000309459383
1.0000000276488927
1.0000000242787077
1.0000000208434217
1.0000000173512336
1.0000000138104828
1.0000000102296287
1.0000000066172312
1.0000000029819303
0.9999999993324229
0.9999999956774437
0.9999999920257466
0.9999999883860821
0.9999999847671758
0.9999999811777079
0.9999999776262927
0.9999999741214566
0.9999999706716204
0.9999999672850777
0.9999999639699738
0.9999999607342878
0.9999999575858129
0.9999999545321375
0.9999999515806268
0.9999999487384059
0.9999999460123433
0.9999999434090324
0.9999999409347768
0.9999999385955755
0.9999999363971074
0.9999999343447186
0.9999999324434103
0.9999999306978264
0.9999999291122428
0.9999999276905563
0.9999999264362758
0.9999999253525121
0.9999999244419723
0.9999999237069518
0.9999999231493296
0.9999999227705645
0.9999999225716896
0.9999999225533129
0.9999999227156123
0.9999999230583375
0.9999999235808085
0.9999999242819173
0.9999999251601313
0.9999999262134981
0.9999999274396472
0.9999999288357981
0.9999999303987657
0.9999999321249665
0.9999999340104306
0.9999999360508092
0.9999999382413844
0.9999999405770814
0.9999999430524799
0.9999999456618267
0.9999999483990504
0.9999999512577760
0.9999999542313379
0.9999999573127972
0.9999999604949590
0.9999999637703870
0.9999999671314230
0.9999999705702045
0.9999999740786847
0.9999999776486509
0.9999999812717428
0.9999999849394731
0.9999999886432475
0.9999999923743862
0.9999999961241426
0.9999999998837253
1.0000000036443202
1.0000000073971096
1.0000000111332934
1.0000000148441126
1.0000000185208677
1.0000000221549401
1.0000000257378117
1.0000000292610853
1.0000000327165051
1.0000000360959755
1.0000000393915811
1.0000000425956073
1.0000000457005562
1.0000000486991654
1.0000000515844245
1.0000000543495919
1.0000000569882126
1.0000000594941321
1.0000000618615088
1.0000000640848326
1.0000000661589341
1.0000000680789991
1.0000000698405787
1.0000000714395998
1.0000000728723750
1.0000000741356110
1.0000000752264186
1.0000000761423180
1.0000000768812449
1.0000000774415541
1.0000000778220239
1.0000000780218599
1.0000000780406948
1.0000000778785920
1.0000000775360434
1.0000000770139694
1.0000000763137158
1.0000000754370506
1.0000000743861595
1.0000000731636423
