1.0000000100014286
1.0000000098971800
1.0000000097707773
1.0000000096225432
1.0000000094528518
1.0000000092621277
1.0000000090508452
1.0000000088195256
1.0000000085687386
1.0000000082990985
1.0000000080112643
1.0000000077059374
1.0000000073838604
1.0000000070458144
1.0000000066926171
1.0000000063251218
1.0000000059442151
1.0000000055508151
1.0000000051458688
1.0000000047303486
1.0000000043052517
1.0000000038715973
1.0000000034304248
1.0000000029827900
1.0000000025297635
1.0000000020724271
1.0000000016118726
1.0000000011491978
1.0000000006855050
1.0000000002218985
0.9999999997594820
0.9999999992993546
0.9999999988426093
0.9999999983903289
0.9999999979435853
0.9999999975034355
0.9999999970709204
0.9999999966470615
0.9999999962328593
0.9999999958292892
0.9999999954373001
0.9999999950578115
0.9999999946917123
0.9999999943398592
0.9999999940030718
0.9999999936821347
0.9999999933777938
0.9999999930907550
0.9999999928216823
0.9999999925711943
0.9999999923398665
0.9999999921282262
0.9999999919367525
0.9999999917658755
0.9999999916159751
0.9999999914873801
0.9999999913803691
0.9999999912951675
0.9999999912319484
0.9999999911908317
0.9999999911718829
0.9999999911751140
0.9999999912004846
0.9999999912479002
0.9999999913172125
0.9999999914082206
0.9999999915206710
0.9999999916542579
0.9999999918086240
0.9999999919833621
0.9999999921780154
0.9999999923920811
0.9999999926250093
0.9999999928762043
0.9999999931450266
0.9999999934307952
0.9999999937327861
0.9999999940502363
0.9999999943823462
0.9999999947282815
0.9999999950871747
0.9999999954581270
0.9999999958402102
0.9999999962324692
0.9999999966339234
0.9999999970435696
0.9999999974603854
0.9999999978833315
0.9999999983113541
0.9999999987433872
0.9999999991783568
0.9999999996151816
1.0000000000527749
1.0000000004900480
1.0000000009259131
1.0000000013592865
1.0000000017890909
1.0000000022142574
1.0000000026337292
1.0000000030464622
1.0000000034514274
1.0000000038476149
1.0000000042340378
1.0000000046097315
1.0000000049737576
1.0000000053252067
1.0000000056632006
1.0000000059868943
1.0000000062954764
1.0000000065881731
1.0000000068642474
1.0000000071230031
1.0000000073637871
1.0000000075859883
1.0000000077890416
1.0000000079724267
1.0000000081356721
1.0000000082783538
1.0000000084000975
1.0000000085005807
1.0000000085795313
1.0000000086367322
1.0000000086720173
1.0000000086852743
1.0000000086764445
1.0000000086455232
1.0000000085925580
1.0000000085176499
1.0000000084209533
1.0000000083026761
1.0000000081630782
1.0000000080024714
1.0000000078212188
1.0000000076197335
1.0000000073984792
1.0000000071579669
1.0000000068987542
1.0000000066214449
1.0000000063266867
1.0000000060151686
1.0000000056876217
1.0000000053448181
1.0000000049875670
1.0000000046167110
1.0000000042331256
1.0000000038377188
1.0000000034314285
1.0000000030152210
1.0000000025900873
1.0000000021570401
1.0000000017171118
1.0000000012713517
1.0000000008208247
1.0000000003666092
0.9999999999097924
0.9999999994514690
0.9999999989927389
0.9999999985347031
0.9999999980784606
0.9999999976251075
0.9999999971757341
0.9999999967314221
0.9999999962932428
0.9999999958622524
0.9999999954394925
0.9999999950259865
0.9999999946227373
0.9999999942307236
0.9999999938508985
0.9999999934841852
0.9999999931314772
0.9999999927936358
0.9999999924714874
0.9999999921658211
0.9999999918773897
0.9999999916069054
0.9999999913550368
0.9999999911224083
0.9999999909095998
0.9999999907171446
0.9999999905455291
0.9999999903951895
0.9999999902665130
0.9999999901598359
0.9999999900754430
0.9999999900135658
0.9999999899743824
0.9999999899580174
0.9999999899645412
0.9999999899939722
0.9999999900462748
0.9999999901213582
0.9999999902190778
0.9999999903392341
0.9999999904815756
0.9999999906457981
0.9999999908315464
0.9999999910384136
0.9999999912659426
0.9999999915136280
0.9999999917809170
0.9999999920672112
0.9999999923718660
0.9999999926941928
0.9999999930334604
0.9999999933888983
0.9999999937596982
0.9999999941450136
0.9999999945439637
0.9999999949556359
0.9999999953790871
0.9999999958133468
0.9999999962574188
0.9999999967102829
0.9999999971708984
0.9999999976382059
0.9999999981111319
0.9999999985885888
0.9999999990694778
0.9999999995526914
1.0000000000371161
1.0000000005216370
1.0000000010051391
1.0000000014865087
1.0000000019646385
1.0000000024384268
1.0000000029067828
1.0000000033686289
1.0000000038229016
1.0000000042685553
1.0000000047045645
1.0000000051299265
1.0000000055436635
1.0000000059448260
1.0000000063324932
1.0000000067057773
1.0000000070638246
1.0000000074058173
1.0000000077309752
1.0000000080385589
1.0000000083278686
1.0000000085982483
1.0000000088490866
1.0000000090798180
1.0000000092899257
1.0000000094789399
1.0000000096464414
1.0000000097920618
1.0000000099154827
1.0000000100164408
1.0000000100947257
1.0000000101501803
1.0000000101827013
1.0000000101922388
1.0000000101787958
1.0000000101424291
1.0000000100832516
1.0000000100014286
1.0000000098971800
1.0000000097707773
1.0000000096225432
