1.1660074272258290
1.1642921480916171
1.1622523710533286
1.1598898838393097
1.1572067798469774
1.1542054670034718
1.1508886779438965
1.1472594815412045
1.1433212958247074
1.1390779023265347
1.1345334618970286
1.1296925320308577
1.1245600857453395
1.1191415320508964
1.1134427380503775
1.1074700526988785
1.1012303322482535
1.0947309673902923
1.0879799120989826
1.0809857141548023
1.0737575473118692
1.0663052450412258
1.0586393357496966
1.0507710793326397
1.0427125048694623
1.0344764492119185
1.0260765961457494
1.0175275157250929
1.0088447032851346
1.0000446175308704
0.9911447169778741
0.9821634938844154
0.9731205046634949
0.9640363955995196
0.9549329225196920
0.9458329628883485
0.9367605186088289
0.9277407076393803
0.9187997423668949
0.9099648925474119
0.9012644305304909
0.8927275564537537
0.8843843011444550
0.8762654046188713
0.8684021683500144
0.8608262799007561
0.8535696091102400
0.8466639757870824
0.8401408898040670
0.8340312655930731
0.8283651142766483
0.8231712179961935
0.8184767923391338
0.8143071440442118
0.8106853322775046
0.8076318426183241
0.8051642833742259
0.8032971138737062
0.8020414139070160
0.8014047024806281
0.8013908125447216
0.8019998264174668
0.8032280743792103
0.8050681964907154
0.8075092652669457
0.8105369645764773
0.8141338181844009
0.8182794598295599
0.8229509356990370
0.8281230296614426
0.8337686016284387
0.8398589298756699
0.8463640489866678
0.8532530761871499
0.8604945201088001
0.8680565673630469
0.8759073436312619
0.8840151472204471
0.8923486541441684
0.9008770947372513
0.9095704025862490
0.9183993371560282
0.9273355819263397
0.9363518201380274
0.9454217904075485
0.9545203245231394
0.9636233697083134
0.9727079975488498
0.9817524016461253
0.9907358858978880
0.9996388451299545
1.0084427396187272
1.0171300648623842
1.0256843177835429
1.0340899603818245
1.0423323817033485
1.0503978588570089
1.0582735176847646
1.0659472935849335
1.0734078928929649
1.0806447551424678
1.0876480164593365
1.0944084742824982
1.1009175535549900
1.1071672744875916
1.1131502219631093
1.1188595166215958
1.1242887876444534
1.1294321472376934
1.1342841668009249
1.1388398547582868
1.1430946360199845
1.1470443330378943
1.1506851484154423
1.1540136490303199
1.1570267516282666
1.1597217098469033
1.1620961026302239
1.1641478239966745
1.1658750741266466
1.1672763517385436
1.1683504477262825
1.1690964400350472
1.1695136897562868
1.1696018384272930
1.1693608065251249
1.1687907931491703
1.1678922768911921
1.1666660178962702
1.1651130611226044
1.1632347408126273
1.1610326861922873
1.1585088284196265
1.1556654088078862
1.1525049883522183
1.1490304585926530
1.1452450538491206
1.1411523648669963
1.1367563539136878
1.1320613713680350
1.1270721738446166
1.1217939438941593
1.1162323113189434
1.1103933761380120
1.1042837332307918
1.0979104986789816
1.0912813378147603
1.0844044949679428
1.0772888248849948
1.0699438257680918
1.0623796738517728
1.0546072593973643
1.0466382239401153
1.0384849985698708
1.0301608429619791
1.0216798847997757
1.0130571591423505
1.0043086471903306
0.9954513137873213
0.9865031428649561
0.9774831698952262
0.9684115102556298
0.9593093822423673
0.9501991232872183
0.9411041977493135
0.9320491944701326
0.9230598121072972
0.9141628301112412
0.9053860630925075
0.8967582962629547
0.8883091996408551
0.8800692188092003
0.8720694402309647
0.8643414294768266
0.8569170412295483
0.8498282006093868
0.8431066562227308
0.8367837063660346
0.8308899009983320
0.8254547233896672
0.8205062567018410
0.8160708420854029
0.8121727360903598
0.8088337761853320
0.8060730638572599
0.8039066750272981
0.8023474072959527
0.8014045727825916
0.8010838440539710
0.8013871588926630
0.8023126875341180
0.8038548636336998
0.8060044777712709
0.8087488299288067
0.8120719352454556
0.8159547755985049
0.8203755882739530
0.8253101822274546
0.8307322721993334
0.8366138211980326
0.8429253825332583
0.8496364335697001
0.8567156945810940
0.8641314274100212
0.8718517099884400
0.8798446840704337
0.8880787747136890
0.8965228810807225
0.9051465389937042
0.9139200563618813
0.9228146231139766
0.9318023976238685
0.9408565718358874
0.9499514173983062
0.9590623151226414
0.9681657700236380
0.9772394140796982
0.9862619987028103
0.9952133787347184
1.0040744896033327
1.0128273190889125
1.0214548749697501
1.0299411496464637
1.0382710826855011
1.0464305220777741
1.0544061848782329
1.0621856177766857
1.0697571580488219
1.0771098952483706
1.0842336339256751
1.0911188575934980
1.0977566941065058
1.1041388825754179
1.1102577418992037
1.1161061409679176
1.1216774705638677
1.1269656169689679
1.1319649372705902
1.1366702363463328
1.1410767454992941
1.1451801027091606
1.1489763344603019
1.1524618391056844
1.1556333717245137
1.1584880304317708
1.1610232440990698
1.1632367614482693
1.1651266414819348
1.1666912452178784
1.1679292286985625
1.1688395372499971
1.1694214009688562
1.1696743314207951
1.1695981195373615
1.1691928347033760
1.1684588250312054
1.1673967188229122
1.1660074272258290
1.1642921480916171
1.1622523710533286
1.1598898838393097
