1.0000000002808114
1.0000000002791067
1.0000000002768681
1.0000000002741027
1.0000000002708194
1.0000000002670260
1.0000000002627329
1.0000000002579525
1.0000000002526976
1.0000000002469818
1.0000000002408191
1.0000000002342240
1.0000000002272111
1.0000000002197982
1.0000000002120037
1.0000000002038474
1.0000000001953504
1.0000000001865328
1.0000000001774150
1.0000000001680192
1.0000000001583680
1.0000000001484857
1.0000000001383977
1.0000000001281284
1.0000000001177018
1.0000000001071434
1.0000000000964762
1.0000000000857250
1.0000000000749145
1.0000000000640690
1.0000000000532132
1.0000000000423717
1.0000000000315701
1.0000000000208338
1.0000000000101879
0.9999999999996569
0.9999999999892663
0.9999999999790397
0.9999999999690016
0.9999999999591744
0.9999999999495803
0.9999999999402418
0.9999999999311807
0.9999999999224175
0.9999999999139711
0.9999999999058600
0.9999999998981015
0.9999999998907120
0.9999999998837069
0.9999999998771008
0.9999999998709068
0.9999999998651371
0.9999999998598033
0.9999999998549149
0.9999999998504812
0.9999999998465098
0.9999999998430085
0.9999999998399834
0.9999999998374400
0.9999999998353840
0.9999999998338183
0.9999999998327441
0.9999999998321611
0.9999999998320684
0.9999999998324642
0.9999999998333442
0.9999999998347038
0.9999999998365364
0.9999999998388350
0.9999999998415897
0.9999999998447907
0.9999999998484275
0.9999999998524881
0.9999999998569593
0.9999999998618270
0.9999999998670756
0.9999999998726891
0.9999999998786521
0.9999999998849480
0.9999999998915590
0.9999999998984653
0.9999999999056469
0.9999999999130830
0.9999999999207515
0.9999999999286296
0.9999999999366965
0.9999999999449298
0.9999999999533074
0.9999999999618061
0.9999999999704019
0.9999999999790711
0.9999999999877890
0.9999999999965317
1.0000000000052751
1.0000000000139937
1.0000000000226614
1.0000000000312541
1.0000000000397486
1.0000000000481228
1.0000000000563538
1.0000000000644202
1.0000000000723006
1.0000000000799738
1.0000000000874185
1.0000000000946137
1.0000000001015379
1.0000000001081708
1.0000000001144931
1.0000000001204856
1.0000000001261322
1.0000000001314180
1.0000000001363283
1.0000000001408482
1.0000000001449640
1.0000000001486633
1.0000000001519329
1.0000000001547618
1.0000000001571399
1.0000000001590585
1.0000000001605109
1.0000000001614913
1.0000000001619953
1.0000000001620200
1.0000000001615630
1.0000000001606240
1.0000000001592035
1.0000000001573028
1.0000000001549252
1.0000000001520739
1.0000000001487557
1.0000000001449767
1.0000000001407443
1.0000000001360660
1.0000000001309515
1.0000000001254108
1.0000000001194560
1.0000000001131002
1.0000000001063578
1.0000000000992433
1.0000000000917724
1.0000000000839624
1.0000000000758313
1.0000000000673979
1.0000000000586813
1.0000000000497020
1.0000000000404810
1.0000000000310394
1.0000000000213993
1.0000000000115830
1.0000000000016132
0.9999999999915150
0.9999999999813118
0.9999999999710285
0.9999999999606891
0.9999999999503193
0.9999999999399436
0.9999999999295860
0.9999999999192711
0.9999999999090244
0.9999999998988711
0.9999999998888363
0.9999999998789435
0.9999999998692176
0.9999999998596828
0.9999999998503629
0.9999999998412810
0.9999999998324592
0.9999999998239214
0.9999999998156907
0.9999999998077881
0.9999999998002340
0.9999999997930479
0.9999999997862493
0.9999999997798575
0.9999999997738893
0.9999999997683604
0.9999999997632858
0.9999999997586800
0.9999999997545553
0.9999999997509236
0.9999999997477950
0.9999999997451795
0.9999999997430856
0.9999999997415202
0.9999999997404880
0.9999999997399940
0.9999999997400424
0.9999999997406359
0.9999999997417768
0.9999999997434645
0.9999999997456976
0.9999999997484731
0.9999999997517866
0.9999999997556319
0.9999999997600031
0.9999999997648921
0.9999999997702913
0.9999999997761911
0.9999999997825810
0.9999999997894486
0.9999999997967803
0.9999999998045620
0.9999999998127785
0.9999999998214143
0.9999999998304524
0.9999999998398749
0.9999999998496615
0.9999999998597910
0.9999999998702422
0.9999999998809931
0.9999999998920215
0.9999999999033040
0.9999999999148161
0.9999999999265334
0.9999999999384307
0.9999999999504835
0.9999999999626659
0.9999999999749517
0.9999999999873148
0.9999999999997289
1.0000000000121689
1.0000000000246083
1.0000000000370191
1.0000000000493730
1.0000000000616434
1.0000000000738039
1.0000000000858296
1.0000000000976956
1.0000000001093783
1.0000000001208542
1.0000000001320990
1.0000000001430889
1.0000000001538012
1.0000000001642140
1.0000000001743043
1.0000000001840517
1.0000000001934357
1.0000000002024370
1.0000000002110367
1.0000000002192182
1.0000000002269636
1.0000000002342566
1.0000000002410825
1.0000000002474279
1.0000000002532801
1.0000000002586269
1.0000000002634575
1.0000000002677623
1.0000000002715324
1.0000000002747613
1.0000000002774445
1.0000000002795784
1.0000000002811607
1.0000000002821909
1.0000000002826694
1.0000000002825971
1.0000000002819767
1.0000000002808114
1.0000000002791067
1.0000000002768681
1.0000000002741027
