1.0000000050220841
1.0000000049724220
1.0000000049118047
1.0000000048403892
1.0000000047583584
1.0000000046659205
1.0000000045633091
1.0000000044507815
1.0000000043286184
1.0000000041971209
1.0000000040566126
1.0000000039074368
1.0000000037499568
1.0000000035845562
1.0000000034116356
1.0000000032316152
1.0000000030449294
1.0000000028520299
1.0000000026533833
1.0000000024494669
1.0000000022407716
1.0000000020277973
1.0000000018110549
1.0000000015910631
1.0000000013683474
1.0000000011434405
1.0000000009168788
1.0000000006892034
1.0000000004609557
1.0000000002326788
1.0000000000049134
0.9999999997782002
0.9999999995530761
0.9999999993300741
0.9999999991097220
0.9999999988925398
0.9999999986790389
0.9999999984697215
0.9999999982650791
0.9999999980655904
0.9999999978717219
0.9999999976839262
0.9999999975026413
0.9999999973282893
0.9999999971612746
0.9999999970019844
0.9999999968507870
0.9999999967080312
0.9999999965740439
0.9999999964491315
0.9999999963335775
0.9999999962276416
0.9999999961315593
0.9999999960455436
0.9999999959697828
0.9999999959044407
0.9999999958496555
0.9999999958055396
0.9999999957721789
0.9999999957496333
0.9999999957379355
0.9999999957370934
0.9999999957470878
0.9999999957678738
0.9999999957993803
0.9999999958415093
0.9999999958941387
0.9999999959571196
0.9999999960302796
0.9999999961134212
0.9999999962063214
0.9999999963087346
0.9999999964203921
0.9999999965410034
0.9999999966702562
0.9999999968078171
0.9999999969533324
0.9999999971064292
0.9999999972667160
0.9999999974337836
0.9999999976072066
0.9999999977865447
0.9999999979713438
0.9999999981611354
0.9999999983554391
0.9999999985537641
0.9999999987556103
0.9999999989604688
0.9999999991678240
0.9999999993771533
0.9999999995879290
0.9999999997996211
1.0000000000116986
1.0000000002236309
1.0000000004348848
1.0000000006449294
1.0000000008532370
1.0000000010592835
1.0000000012625514
1.0000000014625292
1.0000000016587136
1.0000000018506110
1.0000000020377382
1.0000000022196229
1.0000000023958069
1.0000000025658444
1.0000000027293048
1.0000000028857730
1.0000000030348517
1.0000000031761618
1.0000000033093435
1.0000000034340555
1.0000000035499759
1.0000000036568062
1.0000000037542680
1.0000000038421075
1.0000000039200929
1.0000000039880168
1.0000000040456964
1.0000000040929755
1.0000000041297237
1.0000000041558355
1.0000000041712314
1.0000000041758574
1.0000000041696868
1.0000000041527186
1.0000000041249777
1.0000000040865140
1.0000000040374044
1.0000000039777515
1.0000000039076824
1.0000000038273522
1.0000000037369399
1.0000000036366490
1.0000000035267074
1.0000000034073675
1.0000000032789034
1.0000000031416127
1.0000000029958140
1.0000000028418479
1.0000000026800757
1.0000000025108773
1.0000000023346507
1.0000000021518107
1.0000000019627888
1.0000000017680299
1.0000000015679951
1.0000000013631567
1.0000000011540013
1.0000000009410257
1.0000000007247374
1.0000000005056517
1.0000000002842915
1.0000000000611844
0.9999999998368646
0.9999999996118705
0.9999999993867422
0.9999999991620219
0.9999999989382505
0.9999999987159679
0.9999999984957102
0.9999999982780100
0.9999999980633936
0.9999999978523801
0.9999999976454815
0.9999999974432003
0.9999999972460281
0.9999999970544446
0.9999999968689168
0.9999999966898979
0.9999999965178268
0.9999999963531268
0.9999999961962033
0.9999999960474431
0.9999999959072142
0.9999999957758657
0.9999999956537249
0.9999999955410980
0.9999999954382691
0.9999999953455004
0.9999999952630297
0.9999999951910709
0.9999999951298133
0.9999999950794213
0.9999999950400335
0.9999999950117630
0.9999999949946963
0.9999999949888949
0.9999999949943926
0.9999999950111956
0.9999999950392832
0.9999999950786078
0.9999999951290961
0.9999999951906491
0.9999999952631426
0.9999999953464258
0.9999999954403229
0.9999999955446324
0.9999999956591283
0.9999999957835604
0.9999999959176545
0.9999999960611152
0.9999999962136233
0.9999999963748387
0.9999999965444007
0.9999999967219293
0.9999999969070253
0.9999999970992732
0.9999999972982387
0.9999999975034718
0.9999999977145083
0.9999999979308694
0.9999999981520633
0.9999999983775875
0.9999999986069288
0.9999999988395643
0.9999999990749634
0.9999999993125893
0.9999999995519007
0.9999999997923525
1.0000000000333968
1.0000000002744844
1.0000000005150655
1.0000000007545899
1.0000000009925105
1.0000000012282837
1.0000000014613726
1.0000000016912463
1.0000000019173807
1.0000000021392603
1.0000000023563795
1.0000000025682436
1.0000000027743698
1.0000000029742893
1.0000000031675480
1.0000000033537086
1.0000000035323506
1.0000000037030710
1.0000000038654844
1.0000000040192250
1.0000000041639463
1.0000000042993236
1.0000000044250537
1.0000000045408586
1.0000000046464823
1.0000000047416933
1.0000000048262838
1.0000000049000715
1.0000000049628985
1.0000000050146327
1.0000000050551685
1.0000000050844264
1.0000000051023543
1.0000000051089273
1.0000000051041464
1.0000000050880393
1.0000000050606583
1.0000000050220841
1.0000000049724220
1.0000000049118047
1.0000000048403892
