1.0000011882859166
1.0000011737960579
1.0000011565404638
1.0000011365609556
1.0000011139058409
1.0000010886297990
1.0000010607937482
1.0000010304647005
1.0000009977156028
1.0000009626251596
1.0000009252776469
1.0000008857627090
1.0000008441751449
1.0000008006146834
1.0000007551857411
1.0000007079971731
1.0000006591620134
1.0000006087972049
1.0000005570233201
1.0000005039642723
1.0000004497470196
1.0000003945012599
1.0000003383591218
1.0000002814548490
1.0000002239244803
1.0000001659055224
1.0000001075366234
1.0000000489572389
0.9999999903072991
0.9999999317268758
0.9999998733558458
0.9999998153335583
0.9999997577985011
0.9999997008879717
0.9999996447377471
0.9999995894817589
0.9999995352517747
0.9999994821770823
0.9999994303841829
0.9999993799964862
0.9999993311340183
0.9999992839131335
0.9999992384462362
0.9999991948415123
0.9999991532026700
0.9999991136286943
0.9999990762136102
0.9999990410462587
0.9999990082100839
0.9999989777829345
0.9999989498368781
0.9999989244380286
0.9999989016463898
0.9999988815157104
0.9999988640933574
0.9999988494202023
0.9999988375305275
0.9999988284519405
0.9999988222053109
0.9999988188047179
0.9999988182574205
0.9999988205638398
0.9999988257175574
0.9999988337053318
0.9999988445071308
0.9999988580961793
0.9999988744390252
0.9999988934956200
0.9999989152194145
0.9999989395574698
0.9999989664505832
0.9999989958334350
0.9999990276347425
0.9999990617774317
0.9999990981788207
0.9999991367508190
0.9999991774001384
0.9999992200285156
0.9999992645329487
0.9999993108059462
0.9999993587357816
0.9999994082067621
0.9999994590995070
0.9999995112912322
0.9999995646560458
0.9999996190652500
0.9999996743876475
0.9999997304898570
0.9999997872366316
0.9999998444911837
0.9999999021155118
0.9999999599707323
1.0000000179174118
1.0000000758158989
1.0000001335266611
1.0000001909106191
1.0000002478294803
1.0000003041460681
1.0000003597246510
1.0000004144312675
1.0000004681340506
1.0000005207035401
1.0000005720129934
1.0000006219386885
1.0000006703602213
1.0000007171607932
1.0000007622274909
1.0000008054515577
1.0000008467286547
1.0000008859591096
1.0000009230481555
1.0000009579061575
1.0000009904488296
1.0000010205974357
1.0000010482789778
1.0000010734263713
1.0000010959786072
1.0000011158808961
1.0000011330848029
1.0000011475483594
1.0000011592361684
1.0000011681194854
1.0000011741762898
1.0000011773913378
1.0000011777561981
1.0000011752692761
1.0000011699358147
1.0000011617678830
1.0000011507843494
1.0000011370108350
1.0000011204796551
1.0000011012297394
1.0000010793065410
1.0000010547619271
1.0000010276540552
1.0000009980472349
1.0000009660117750
1.0000009316238154
1.0000008949651464
1.0000008561230127
1.0000008151899047
1.0000007722633368
1.0000007274456149
1.0000006808435922
1.0000006325684145
1.0000005827352547
1.0000005314630376
1.0000004788741543
1.0000004250941705
1.0000003702515270
1.0000003144772334
1.0000002579045537
1.0000002006686894
1.0000001429064533
1.0000000847559467
1.0000000263562259
0.9999999678469719
0.9999999093681557
0.9999998510597026
0.9999997930611573
0.9999997355113524
0.9999996785480745
0.9999996223077346
0.9999995669250425
0.9999995125326850
0.9999994592610101
0.9999994072377132
0.9999993565875317
0.9999993074319464
0.9999992598888922
0.9999992140724753
0.9999991700927013
0.9999991280552100
0.9999990880610223
0.9999990502062992
0.9999990145821123
0.9999989812742249
0.9999989503628870
0.9999989219226426
0.9999988960221525
0.9999988727240284
0.9999988520846823
0.9999988341541931
0.9999988189761847
0.9999988065877216
0.9999987970192206
0.9999987902943782
0.9999987864301125
0.9999987854365222
0.9999987873168608
0.9999987920675294
0.9999987996780851
0.9999988101312647
0.9999988234030267
0.9999988394626067
0.9999988582725929
0.9999988797890131
0.9999989039614382
0.9999989307331025
0.9999989600410413
0.9999989918162383
0.9999990259837906
0.9999990624630879
0.9999991011680032
0.9999991420070987
0.9999991848838439
0.9999992296968455
0.9999992763400888
0.9999993247031902
0.9999993746716612
0.9999994261271807
0.9999994789478778
0.9999995330086228
0.9999995881813256
0.9999996443352408
0.9999997013372796
0.9999997590523262
0.9999998173435605
0.9999998760727841
0.9999999351007512
0.9999999942875006
1.0000000534926909
1.0000001125759341
1.0000001713971298
1.0000002298167996
1.0000002876964189
1.0000003448987487
1.0000004012881634
1.0000004567309739
1.0000005110957466
1.0000005642536161
1.0000006160785933
1.0000006664478664
1.0000007152420931
1.0000007623456848
1.0000008076470828
1.0000008510390237
1.0000008924187962
1.0000009316884853
1.0000009687552069
1.0000010035313283
1.0000010359346758
1.0000010658887333
1.0000010933228221
1.0000011181722706
1.0000011403785687
1.0000011598895082
1.0000011766593053
1.0000011906487081
1.0000012018250912
1.0000012101625344
1.0000012156418840
1.0000012182507971
1.0000012179837718
1.0000012148421593
1.0000012088341605
1.0000011999748051
1.0000011882859166
1.0000011737960579
1.0000011565404638
1.0000011365609556
