1.0448850078339069
1.0443451085284940
1.0437042874321156
1.0429637768821183
1.0421250053704507
1.0411895967990321
1.0401593695939890
1.0390363356639170
1.0378226991855637
1.0365208551986169
1.0351333879896003
1.0336630692432647
1.0321128559383015
1.0304858879627368
1.0287854854229936
1.0270151456193639
1.0251785396595354
1.0232795086809015
1.0213220596516630
1.0193103607202472
1.0172487360823681
1.0151416603351446
1.0129937522881405
1.0108097682020125
1.0085945944267152
1.0063532394129122
1.0040908250724683
1.0018125774666478
0.9995238168039693
0.9972299467335805
0.9949364429245543
0.9926488409266772
0.9903727233140963
0.9881137061196241
0.9858774245745217
0.9836695181762010
0.9814956151143991
0.9793613160949478
0.9772721776092222
0.9752336947065426
0.9732512833361610
0.9713302623348122
0.9694758351450153
0.9676930713581974
0.9659868881850847
0.9643620319635233
0.9628230598207032
0.9613743216125226
0.9600199422673383
0.9587638046644493
0.9576095331791740
0.9565604780262198
0.9556197005310645
0.9547899594552408
0.9540736984957010
0.9534730350708397
0.9529897504963590
0.9526252816430528
0.9523807141559115
0.9522567772999084
0.9522538404826367
0.9523719114878847
0.9526106364375391
0.9529693014822008
0.9534468362038717
0.9540418186973708
0.9547524822810063
0.9555767237717968
0.9565121132464445
0.9575559051965193
0.9587050509751285
0.9599562124228735
0.9613057765532189
0.9627498711715986
0.9642843812986659
0.9659049662660431
0.9676070773526780
0.9693859758313578
0.9712367512979616
0.9731543401604867
0.9751335441705923
0.9771690488871743
0.9792554419691615
0.9813872312030768
0.9835588621797703
0.9857647355439295
0.9879992237493190
0.9902566872620456
0.9925314901633755
0.9948180151125777
0.9971106776388616
0.9994039397396249
1.0016923227698571
1.0039704196145989
1.0062329061428179
1.0084745519468798
1.0106902303769951
1.0128749278845950
1.0150237526925141
1.0171319428132266
1.0191948734391449
1.0212080637312384
1.0231671830339606
1.0250680565457488
1.0269066704752046
1.0286791767135184
1.0303818970538230
1.0320113269879549
1.0335641391106474
1.0350371861604521
1.0364275037257948
1.0377323126434652
1.0389490211156063
1.0400752265699109
1.0411087172862543
1.0420474738114469
1.0428896701821655
1.0436336749744510
1.0442780521964439
1.0448215620392765
1.0452631614992709
1.0456020048828090
1.0458374442034368
1.0459690294789543
1.0459965089344305
1.0459198291152729
1.0457391349126504
1.0454547695017644
1.0450672741916280
1.0445773881832070
1.0439860482309513
1.0432943882009351
1.0425037385170066
1.0416156254845430
1.0406317704796173
1.0395540889895947
1.0383846894894133
1.0371258721360714
1.0357801272621456
1.0343501336475069
1.0328387565468078
1.0312490454488055
1.0295842315421497
1.0278477248609603
1.0260431110823416
1.0241741479469697
1.0222447612730647
1.0202590405334542
1.0182212339650891
1.0161357431803142
1.0140071172494545
1.0118400462249255
1.0096393540780948
1.0074099910216212
1.0051570251919457
1.0028856336691068
1.0006010928140807
0.9983087679074762
0.9960141020776411
0.9937226045111003
0.9914398379437348
0.9891714054372377
0.9869229364521208
0.9847000722358846
0.9825084505528449
0.9803536897904811
0.9782413724859504
0.9761770283255156
0.9741661166789403
0.9722140087402803
0.9703259693558163
0.9685071386289386
0.9667625134004662
0.9650969287109458
0.9635150393587745
0.9620213016742981
0.9606199556352014
0.9593150074523144
0.9581102127572935
0.9570090605242968
0.9560147578567164
0.9551302157671077
0.9543580360736653
0.9537004995299218
0.9531595552958044
0.9527368118479045
0.9524335294148707
0.9522506140104274
0.9521886131218474
0.9522477130960185
0.9524277382487829
0.9527281517063255
0.9531480579703103
0.9536862071815454
0.9543410010404892
0.9551105003271922
0.9559924339485609
0.9569842094273877
0.9580829247356045
0.9592853813638850
0.9605880985111315
0.9619873282706590
0.9634790716850417
0.9650590955386188
0.9667229497555401
0.9684659852718596
0.9702833722524623
0.9721701185273863
0.9741210881272250
0.9761310198035862
0.9781945454278356
0.9803062081694222
0.9824604803637217
0.9846517809883989
0.9868744926766005
0.9891229782046668
0.9913915964013569
0.9936747174346940
0.9959667374413292
0.9982620924717044
1.0005552717321915
1.0028408301127349
1.0051133999952870
1.0073677023444616
1.0095985570873491
1.0118008927943047
1.0139697556767733
1.0161003179218564
1.0181878853863784
1.0202279046757083
1.0222159696345752
1.0241478272786031
1.0260193831963482
1.0278267064522593
1.0295660340212576
1.0312337747855875
1.0328265131242458
1.0343410121246963
1.0357742164457708
1.0371232548596325
1.0383854424995285
1.0395582828387340
1.0406394694246721
1.0416268873906902
1.0425186147663719
1.0433129236056125
1.0440082809499960
1.0446033496432743
1.0450969890109825
1.0454882554174549
1.0457764027106973
1.0459608825637758
1.0460413447195744
1.0460176371439438
1.0458898060904667
1.0456580960782318
1.0453229497821976
1.0448850078339069
1.0443451085284940
1.0437042874321156
1.0429637768821183
