1.0000000085540555
1.0000000084658347
1.0000000083587262
1.0000000082330047
1.0000000080889888
1.0000000079270406
1.0000000077475619
1.0000000075509965
1.0000000073378290
1.0000000071085833
1.0000000068638211
1.0000000066041410
1.0000000063301757
1.0000000060425895
1.0000000057420795
1.0000000054293727
1.0000000051052225
1.0000000047704094
1.0000000044257396
1.0000000040720420
1.0000000037101671
1.0000000033409822
1.0000000029653711
1.0000000025842339
1.0000000021984816
1.0000000018090343
1.0000000014168207
1.0000000010227761
1.0000000006278378
1.0000000002329457
0.9999999998390401
0.9999999994470576
0.9999999990579285
0.9999999986725747
0.9999999982919089
0.9999999979168314
0.9999999975482282
0.9999999971869683
0.9999999968339025
0.9999999964898612
0.9999999961556532
0.9999999958320618
0.9999999955198443
0.9999999952197300
0.9999999949324195
0.9999999946585817
0.9999999943988522
0.9999999941538305
0.9999999939240818
0.9999999937101350
0.9999999935124810
0.9999999933315696
0.9999999931678089
0.9999999930215663
0.9999999928931658
0.9999999927828883
0.9999999926909704
0.9999999926176052
0.9999999925629405
0.9999999925270787
0.9999999925100771
0.9999999925119449
0.9999999925326477
0.9999999925721057
0.9999999926301935
0.9999999927067420
0.9999999928015372
0.9999999929143208
0.9999999930447917
0.9999999931926034
0.9999999933573671
0.9999999935386537
0.9999999937359947
0.9999999939488837
0.9999999941767759
0.9999999944190902
0.9999999946752114
0.9999999949444908
0.9999999952262476
0.9999999955197701
0.9999999958243190
0.9999999961391283
0.9999999964634086
0.9999999967963473
0.9999999971371111
0.9999999974848480
0.9999999978386895
0.9999999981977523
0.9999999985611405
0.9999999989279470
0.9999999992972562
0.9999999996681470
1.0000000000396942
1.0000000004109717
1.0000000007810523
1.0000000011490131
1.0000000015139383
1.0000000018749187
1.0000000022310533
1.0000000025814548
1.0000000029252503
1.0000000032615826
1.0000000035896115
1.0000000039085164
1.0000000042174992
1.0000000045157864
1.0000000048026303
1.0000000050773112
1.0000000053391387
1.0000000055874545
1.0000000058216318
1.0000000060410774
1.0000000062452339
1.0000000064335817
1.0000000066056398
1.0000000067609667
1.0000000068991615
1.0000000070198640
1.0000000071227579
1.0000000072075690
1.0000000072740662
1.0000000073220645
1.0000000073514232
1.0000000073620474
1.0000000073538855
1.0000000073269326
1.0000000072812276
1.0000000072168576
1.0000000071339554
1.0000000070326998
1.0000000069133137
1.0000000067760642
1.0000000066212604
1.0000000064492542
1.0000000062604384
1.0000000060552487
1.0000000058341607
1.0000000055976876
1.0000000053463809
1.0000000050808278
1.0000000048016511
1.0000000045095083
1.0000000042050881
1.0000000038891086
1.0000000035623160
1.0000000032254832
1.0000000028794094
1.0000000025249163
1.0000000021628466
1.0000000017940625
1.0000000014194423
1.0000000010398804
1.0000000006562826
1.0000000002695659
0.9999999998806566
0.9999999994904861
0.9999999990999905
0.9999999987101078
0.9999999983217761
0.9999999979359293
0.9999999975534958
0.9999999971753968
0.9999999968025443
0.9999999964358389
0.9999999960761670
0.9999999957243983
0.9999999953813856
0.9999999950479612
0.9999999947249365
0.9999999944130985
0.9999999941132083
0.9999999938259981
0.9999999935521716
0.9999999932924014
0.9999999930473269
0.9999999928175528
0.9999999926036495
0.9999999924061497
0.9999999922255486
0.9999999920623007
0.9999999919168199
0.9999999917894785
0.9999999916806067
0.9999999915904895
0.9999999915193685
0.9999999914674398
0.9999999914348535
0.9999999914217151
0.9999999914280857
0.9999999914539794
0.9999999914993656
0.9999999915641665
0.9999999916482590
0.9999999917514726
0.9999999918735917
0.9999999920143577
0.9999999921734674
0.9999999923505737
0.9999999925452885
0.9999999927571803
0.9999999929857767
0.9999999932305659
0.9999999934909978
0.9999999937664856
0.9999999940564064
0.9999999943601029
0.9999999946768846
0.9999999950060312
0.9999999953467933
0.9999999956983936
0.9999999960600285
0.9999999964308722
0.9999999968100755
0.9999999971967697
0.9999999975900685
0.9999999979890691
0.9999999983928555
0.9999999988005001
0.9999999992110656
0.9999999996236083
1.0000000000371789
1.0000000004508272
1.0000000008636027
1.0000000012745562
1.0000000016827442
1.0000000020872279
1.0000000024870777
1.0000000028813740
1.0000000032692109
1.0000000036496970
1.0000000040219590
1.0000000043851431
1.0000000047384177
1.0000000050809750
1.0000000054120322
1.0000000057308325
1.0000000060366481
1.0000000063287804
1.0000000066065649
1.0000000068693702
1.0000000071166009
1.0000000073476969
1.0000000075621369
1.0000000077594406
1.0000000079391682
1.0000000081009202
1.0000000082443390
1.0000000083691105
1.0000000084749634
1.0000000085616714
1.0000000086290530
1.0000000086769736
1.0000000087053440
1.0000000087141212
1.0000000087033087
1.0000000086729564
1.0000000086231584
1.0000000085540555
1.0000000084658347
1.0000000083587262
1.0000000082330047
