1.0000000059359169
1.0000000058763907
1.0000000058038681
1.0000000057185361
1.0000000056206126
1.0000000055103440
1.0000000053880063
1.0000000052539044
1.0000000051083697
1.0000000049517592
1.0000000047844571
1.0000000046068727
1.0000000044194395
1.0000000042226129
1.0000000040168695
1.0000000038027073
1.0000000035806442
1.0000000033512166
1.0000000031149785
1.0000000028724985
1.0000000026243587
1.0000000023711551
1.0000000021134929
1.0000000018519895
1.0000000015872696
1.0000000013199655
1.0000000010507155
1.0000000007801619
1.0000000005089491
1.0000000002377221
0.9999999999671255
0.9999999996978030
0.9999999994303926
0.9999999991655283
0.9999999989038350
0.9999999986459301
0.9999999983924225
0.9999999981439093
0.9999999979009753
0.9999999976641916
0.9999999974341138
0.9999999972112799
0.9999999969962097
0.9999999967894038
0.9999999965913421
0.9999999964024842
0.9999999962232665
0.9999999960541016
0.9999999958953782
0.9999999957474601
0.9999999956106842
0.9999999954853602
0.9999999953717700
0.9999999952701655
0.9999999951807697
0.9999999951037757
0.9999999950393468
0.9999999949876156
0.9999999949486846
0.9999999949226254
0.9999999949094772
0.9999999949092481
0.9999999949219147
0.9999999949474221
0.9999999949856846
0.9999999950365870
0.9999999950999823
0.9999999951756947
0.9999999952635181
0.9999999953632159
0.9999999954745231
0.9999999955971468
0.9999999957307666
0.9999999958750375
0.9999999960295877
0.9999999961940200
0.9999999963679133
0.9999999965508224
0.9999999967422805
0.9999999969418001
0.9999999971488750
0.9999999973629806
0.9999999975835772
0.9999999978101095
0.9999999980420079
0.9999999982786895
0.9999999985195597
0.9999999987640141
0.9999999990114387
0.9999999992612102
0.9999999995127007
0.9999999997652790
1.0000000000183116
1.0000000002711640
1.0000000005232024
1.0000000007737948
1.0000000010223151
1.0000000012681414
1.0000000015106576
1.0000000017492559
1.0000000019833375
1.0000000022123148
1.0000000024356115
1.0000000026526661
1.0000000028629312
1.0000000030658769
1.0000000032609913
1.0000000034477816
1.0000000036257752
1.0000000037945223
1.0000000039535948
1.0000000041025874
1.0000000042411195
1.0000000043688346
1.0000000044854034
1.0000000045905229
1.0000000046839188
1.0000000047653459
1.0000000048345878
1.0000000048914586
1.0000000049358004
1.0000000049674860
1.0000000049864168
1.0000000049925277
1.0000000049857845
1.0000000049661855
1.0000000049337590
1.0000000048885660
1.0000000048306983
1.0000000047602786
1.0000000046774595
1.0000000045824231
1.0000000044753821
1.0000000043565791
1.0000000042262864
1.0000000040848038
1.0000000039324561
1.0000000037695957
1.0000000035966001
1.0000000034138725
1.0000000032218406
1.0000000030209559
1.0000000028116913
1.0000000025945399
1.0000000023700144
1.0000000021386455
1.0000000019009816
1.0000000016575863
1.0000000014090391
1.0000000011559314
1.0000000008988645
1.0000000006384508
1.0000000003753124
1.0000000001100779
0.9999999998433814
0.9999999995758621
0.9999999993081626
0.9999999990409265
0.9999999987747968
0.9999999985104145
0.9999999982484165
0.9999999979894338
0.9999999977340921
0.9999999974830097
0.9999999972367946
0.9999999969960432
0.9999999967613411
0.9999999965332595
0.9999999963123540
0.9999999960991636
0.9999999958942103
0.9999999956979976
0.9999999955110083
0.9999999953337029
0.9999999951665201
0.9999999950098746
0.9999999948641572
0.9999999947297326
0.9999999946069381
0.9999999944960843
0.9999999943974547
0.9999999943113030
0.9999999942378539
0.9999999941773022
0.9999999941298129
0.9999999940955202
0.9999999940745288
0.9999999940669113
0.9999999940727097
0.9999999940919325
0.9999999941245576
0.9999999941705308
0.9999999942297652
0.9999999943021430
0.9999999943875149
0.9999999944857008
0.9999999945964917
0.9999999947196484
0.9999999948549031
0.9999999950019588
0.9999999951604922
0.9999999953301529
0.9999999955105635
0.9999999957013213
0.9999999959019982
0.9999999961121417
0.9999999963312763
0.9999999965589057
0.9999999967945141
0.9999999970375676
0.9999999972875140
0.9999999975437862
0.9999999978058022
0.9999999980729654
0.9999999983446667
0.9999999986202868
0.9999999988991961
0.9999999991807552
0.9999999994643195
0.9999999997492411
1.0000000000348679
1.0000000003205460
1.0000000006056196
1.0000000008894365
1.0000000011713479
1.0000000014507082
1.0000000017268791
1.0000000019992303
1.0000000022671409
1.0000000025299993
1.0000000027872049
1.0000000030381697
1.0000000032823204
1.0000000035191008
1.0000000037479715
1.0000000039684127
1.0000000041799233
1.0000000043820232
1.0000000045742550
1.0000000047561841
1.0000000049274012
1.0000000050875220
1.0000000052361881
1.0000000053730682
1.0000000054978582
1.0000000056102822
1.0000000057100940
1.0000000057970773
1.0000000058710461
1.0000000059318466
1.0000000059793555
1.0000000060134804
1.0000000060341596
1.0000000060413627
1.0000000060350915
1.0000000060153786
1.0000000059822887
1.0000000059359169
1.0000000058763907
1.0000000058038681
1.0000000057185361
