1.1121924449930876
1.1109482334578988
1.1094698033056922
1.1077591002509406
1.1058183923670910
1.1036502747164560
1.1012576745849108
1.0986438573047437
1.0958124326452892
1.0927673617466238
1.0895129645666024
1.0860539278056349
1.0823953132669317
1.0785425666022062
1.0745015263840576
1.0702784334362903
1.0658799403421859
1.0613131210381392
1.0565854803860111
1.0517049636020039
1.0466799654027237
1.0415193387104105
1.0362324027390559
1.0308289502614065
1.0253192538337483
1.0197140707311336
1.0140246463206093
1.0082627155744439
1.0024405023998528
0.9965707164369342
0.9906665469532732
0.9847416534429583
0.9788101525206748
0.9728866006895062
0.9669859725555556
0.9611236340651730
0.9553153103532396
0.9495770478154604
0.9439251700558721
0.9383762274144976
0.9329469398509123
0.9276541330486504
0.9225146677136229
0.9175453621671334
0.9127629084799302
0.9081837825562864
0.9038241487534904
0.8996997598082915
0.8958258530324475
0.8922170439280493
0.8888872185522310
0.8858494261218798
0.8831157734833672
0.8806973231715153
0.8786039968380265
0.8768444858357352
0.8754261706963700
0.8743550511335313
0.8736356880394788
0.8732711587273110
0.8732630264054153
0.8736113245676635
0.8743145566521107
0.8753697109759564
0.8767722906092110
0.8785163575178566
0.8805945900024256
0.8829983521912750
0.8857177741285264
0.8887418408310516
0.8920584885803112
0.8956547066636683
0.8995166427835599
0.9036297104068396
0.9079786964240290
0.9125478676212296
0.9173210746274529
0.9222818521784359
0.9274135147262887
0.9326992466149643
0.9381221862280306
0.9436655036921523
0.9493124718829232
0.9550465306263318
0.9608513441174122
0.9667108516867289
0.9726093121353470
0.9785313419305709
0.9844619476091977
0.9903865527739246
0.9962910200936431
1.0021616687314931
1.0079852876276396
1.0137491450585454
1.0194409948827228
1.0250490798660876
1.0305621324594458
1.0359693733774773
1.0412605083038584
1.0464257230216738
1.0514556772426955
1.0563414973839866
1.0610747685159914
1.0656475256831346
1.0700522447761451
1.0742818331150124
1.0783296198827044
1.0821893465325978
1.0858551572769257
1.0893215897494388
1.0925835659228009
1.0956363833499461
1.0984757067886033
1.1010975602593640
1.1034983195799120
1.1056747054112754
1.1076237768461064
1.1093429255638920
1.1108298705736672
1.1120826535610389
1.1130996348531417
1.1138794900124103
1.1144212070677086
1.1147240843893358
1.1147877292126691
1.1146120568136353
1.1141972903377737
1.1135439612832838
1.1126529106371112
1.1115252906617445
1.1101625673288951
1.1085665233945967
1.1067392621083778
1.1046832115470053
1.1024011295607852
1.0998961093174568
1.0971715854252853
1.0942313406129400
1.0910795129390567
1.0877206034989504
1.0841594845896843
1.0804014082874780
1.0764520153832018
1.0723173446123195
1.0680038421050377
1.0635183709704814
1.0588682209153812
1.0540611177829147
1.0491052328809740
1.0440091919511927
1.0387820836105328
1.0334334670761809
1.0279733789620251
1.0224123389112176
1.0167613538045581
1.0110319202589766
1.0052360251047165
0.9993861435045183
0.9934952343538966
0.9875767325794174
0.9816445379327602
0.9757129998635697
0.9697968980450783
0.9639114181248198
0.9580721222801910
0.9522949141770126
0.9465959979604374
0.9409918309534605
0.9354990698005308
0.9301345098738661
0.9249150178589762
0.9198574575541034
0.9149786090554686
0.9102950816551212
0.9058232209485959
0.9015790108319377
0.8975779712573059
0.8938350528073210
0.8903645293335098
0.8871798900756296
0.8842937328277511
0.8817176598349864
0.8794621781832782
0.8775366064763130
0.8759489895724660
0.8747060230769672
0.8738129891489963
0.8732737049919030
0.8730904851519453
0.8732641184645561
0.8737938601674852
0.8746774393595640
0.8759110816359931
0.8774895463900617
0.8794061779507973
0.8816529694385677
0.8842206379765394
0.8870987097028675
0.8902756128914147
0.8937387774094838
0.8974747387183549
0.9014692446526561
0.9057073632919315
0.9101735903547815
0.9148519546943026
0.9197261206444723
0.9247794861520510
0.9299952758194652
0.9353566281739037
0.9408466766604965
0.9464486240282248
0.9521458099325990
0.9579217717168326
0.9637602984519718
0.9696454784158932
0.9755617402716764
0.9814938882686018
0.9874271318353423
0.9933471099665181
0.9992399108224957
1.0050920869700330
1.0108906666899384
1.0166231617690697
1.0222775721793622
1.0278423880275553
1.0333065891371604
1.0386596426000656
1.0438914986098771
1.0489925848634318
1.0539537997914357
1.0587665048543939
1.0634225161162032
1.0679140952852555
1.0722339403918062
1.0763751762507954
1.0803313448413201
1.0840963957175360
1.0876646765508950
1.0910309238902416
1.0941902542143163
1.0971381553405715
1.0998704782448008
1.1023834293377912
1.1046735632379923
1.1067377760728840
1.1085732993362694
1.1101776943240376
1.1115488471668840
1.1126849644750338
1.1135845696070603
1.1142464995723631
1.1146699025747022
1.1148542362023146
1.1147992662684767
1.1145050663048934
1.1139720177089065
1.1132008105441691
1.1121924449930876
1.1109482334578988
1.1094698033056922
1.1077591002509406
