1.0000001377422947
1.0000001361316042
1.0000001342046605
1.0000001319662002
1.0000001294216980
1.0000001265773550
1.0000001234400844
1.0000001200174939
1.0000001163178671
1.0000001123501443
1.0000001081239003
1.0000001036493211
1.0000000989371800
1.0000000939988136
1.0000000888460929
1.0000000834913949
1.0000000779475735
1.0000000722279290
1.0000000663461746
1.0000000603164050
1.0000000541530618
1.0000000478708992
1.0000000414849501
1.0000000350104876
1.0000000284629920
1.0000000218581122
1.0000000152116280
1.0000000085394112
1.0000000018573900
0.9999999951815087
0.9999999885276895
0.9999999819117958
0.9999999753495935
0.9999999688567154
0.9999999624486225
0.9999999561405681
0.9999999499475590
0.9999999438843213
0.9999999379652655
0.9999999322044496
0.9999999266155474
0.9999999212118167
0.9999999160060671
0.9999999110106289
0.9999999062373247
0.9999999016974397
0.9999998974016949
0.9999998933602211
0.9999998895825368
0.9999998860775262
0.9999998828534162
0.9999998799177572
0.9999998772774054
0.9999998749385050
0.9999998729064747
0.9999998711859942
0.9999998697809955
0.9999998686946517
0.9999998679293697
0.9999998674867839
0.9999998673677528
0.9999998675723587
0.9999998680999057
0.9999998689489223
0.9999998701171650
0.9999998716016237
0.9999998733985289
0.9999998755033598
0.9999998779108572
0.9999998806150353
0.9999998836091968
0.9999998868859474
0.9999998904372163
0.9999998942542736
0.9999998983277526
0.9999999026476710
0.9999999072034557
0.9999999119839666
0.9999999169775247
0.9999999221719401
0.9999999275545414
0.9999999331122056
0.9999999388313905
0.9999999446981671
0.9999999506982533
0.9999999568170472
0.9999999630396634
0.9999999693509679
0.9999999757356138
0.9999999821780787
0.9999999886627020
0.9999999951737228
1.0000000016953170
1.0000000082116356
1.0000000147068444
1.0000000211651598
1.0000000275708876
1.0000000339084600
1.0000000401624740
1.0000000463177272
1.0000000523592558
1.0000000582723694
1.0000000640426852
1.0000000696561651
1.0000000750991482
1.0000000803583853
1.0000000854210671
1.0000000902748574
1.0000000949079206
1.0000000993089522
1.0000001034672055
1.0000001073725180
1.0000001110153363
1.0000001143867363
1.0000001174784467
1.0000001202828674
1.0000001227930901
1.0000001250029140
1.0000001269068604
1.0000001285001854
1.0000001297788912
1.0000001307397379
1.0000001313802491
1.0000001316987184
1.0000001316942135
1.0000001313665809
1.0000001307164450
1.0000001297452048
1.0000001284550326
1.0000001268488683
1.0000001249304122
1.0000001227041164
1.0000001201751747
1.0000001173495103
1.0000001142337609
1.0000001108352619
1.0000001071620310
1.0000001032227488
1.0000000990267373
1.0000000945839393
1.0000000899048938
1.0000000850007098
1.0000000798830413
1.0000000745640583
1.0000000690564177
1.0000000633732351
1.0000000575280503
1.0000000515347971
1.0000000454077693
1.0000000391615873
1.0000000328111633
1.0000000263716646
1.0000000198584766
1.0000000132871689
1.0000000066734560
1.0000000000331597
0.9999999933821706
0.9999999867364116
0.9999999801118004
0.9999999735242108
0.9999999669894344
0.9999999605231422
0.9999999541408486
0.9999999478578727
0.9999999416893008
0.9999999356499526
0.9999999297543448
0.9999999240166576
0.9999999184506991
0.9999999130698739
0.9999999078871503
0.9999999029150279
0.9999998981655095
0.9999998936500694
0.9999998893796280
0.9999998853645263
0.9999998816145009
0.9999998781386606
0.9999998749454633
0.9999998720426965
0.9999998694374581
0.9999998671361399
0.9999998651444116
0.9999998634672086
0.9999998621087196
0.9999998610723764
0.9999998603608453
0.9999998599760199
0.9999998599190162
0.9999998601901705
0.9999998607890391
0.9999998617143984
0.9999998629642484
0.9999998645358170
0.9999998664255665
0.9999998686292022
0.9999998711416825
0.9999998739572321
0.9999998770693537
0.9999998804708429
0.9999998841538056
0.9999998881096785
0.9999998923292485
0.9999998968026742
0.9999999015195100
0.9999999064687294
0.9999999116387517
0.9999999170174703
0.9999999225922812
0.9999999283501139
0.9999999342774613
0.9999999403604124
0.9999999465846858
0.9999999529356615
0.9999999593984168
0.9999999659577636
0.9999999725982834
0.9999999793043637
0.9999999860602342
0.9999999928500051
0.9999999996577054
1.0000000064673207
1.0000000132628313
1.0000000200282504
1.0000000267476630
1.0000000334052643
1.0000000399853954
1.0000000464725809
1.0000000528515673
1.0000000591073566
1.0000000652252425
1.0000000711908463
1.0000000769901520
1.0000000826095390
1.0000000880358146
1.0000000932562445
1.0000000982585833
1.0000001030311045
1.0000001075626277
1.0000001118425448
1.0000001158608458
1.0000001196081443
1.0000001230756972
1.0000001262554272
1.0000001291399407
1.0000001317225462
1.0000001339972693
1.0000001359588691
1.0000001376028469
1.0000001389254582
1.0000001399237237
1.0000001405954333
1.0000001409391521
1.0000001409542270
1.0000001406407832
1.0000001399997274
1.0000001390327447
1.0000001377422947
1.0000001361316042
1.0000001342046605
1.0000001319662002
