1.0000000005497824
1.0000000005457885
1.0000000005406968
1.0000000005345224
1.0000000005272822
1.0000000005189948
1.0000000005096816
1.0000000004993657
1.0000000004880736
1.0000000004758356
1.0000000004626837
1.0000000004486507
1.0000000004337717
1.0000000004180836
1.0000000004016236
1.0000000003844325
1.0000000003665528
1.0000000003480281
1.0000000003289029
1.0000000003092238
1.0000000002890379
1.0000000002683935
1.0000000002473390
1.0000000002259244
1.0000000002042002
1.0000000001822178
1.0000000001600287
1.0000000001376845
1.0000000001152385
1.0000000000927438
1.0000000000702542
1.0000000000478233
1.0000000000255029
1.0000000000033453
0.9999999999814018
0.9999999999597224
0.9999999999383581
0.9999999999173582
0.9999999998967710
0.9999999998766440
0.9999999998570224
0.9999999998379512
0.9999999998194740
0.9999999998016335
0.9999999997844708
0.9999999997680253
0.9999999997523330
0.9999999997374283
0.9999999997233434
0.9999999997101090
0.9999999996977534
0.9999999996863032
0.9999999996757823
0.9999999996662126
0.9999999996576129
0.9999999996500001
0.9999999996433890
0.9999999996377923
0.9999999996332194
0.9999999996296781
0.9999999996271719
0.9999999996257022
0.9999999996252686
0.9999999996258693
0.9999999996274982
0.9999999996301476
0.9999999996338080
0.9999999996384653
0.9999999996441029
0.9999999996507011
0.9999999996582386
0.9999999996666923
0.9999999996760364
0.9999999996862435
0.9999999996972849
0.9999999997091287
0.9999999997217408
0.9999999997350857
0.9999999997491258
0.9999999997638213
0.9999999997791318
0.9999999997950164
0.9999999998114335
0.9999999998283403
0.9999999998456909
0.9999999998634385
0.9999999998815351
0.9999999998999309
0.9999999999185756
0.9999999999374194
0.9999999999564110
0.9999999999754999
0.9999999999946355
1.0000000000137674
1.0000000000328451
1.0000000000518161
1.0000000000706311
1.0000000000892402
1.0000000001075933
1.0000000001256411
1.0000000001433351
1.0000000001606266
1.0000000001774678
1.0000000001938132
1.0000000002096181
1.0000000002248397
1.0000000002394369
1.0000000002533695
1.0000000002665994
1.0000000002790903
1.0000000002908078
1.0000000003017198
1.0000000003117957
1.0000000003210074
1.0000000003293283
1.0000000003367338
1.0000000003432010
1.0000000003487097
1.0000000003532439
1.0000000003567897
1.0000000003593348
1.0000000003608696
1.0000000003613869
1.0000000003608833
1.0000000003593559
1.0000000003568041
1.0000000003532303
1.0000000003486400
1.0000000003430416
1.0000000003364444
1.0000000003288607
1.0000000003203047
1.0000000003107941
1.0000000003003497
1.0000000002889951
1.0000000002767551
1.0000000002636578
1.0000000002497331
1.0000000002350129
1.0000000002195299
1.0000000002033198
1.0000000001864202
1.0000000001688709
1.0000000001507130
1.0000000001319893
1.0000000001127443
1.0000000000930234
1.0000000000728726
1.0000000000523386
1.0000000000314693
1.0000000000103133
0.9999999999889210
0.9999999999673418
0.9999999999456257
0.9999999999238234
0.9999999999019867
0.9999999998801693
0.9999999998584256
0.9999999998368090
0.9999999998153739
0.9999999997941734
0.9999999997732597
0.9999999997526836
0.9999999997324950
0.9999999997127432
0.9999999996934773
0.9999999996747466
0.9999999996565979
0.9999999996390768
0.9999999996222274
0.9999999996060922
0.9999999995907125
0.9999999995761284
0.9999999995623768
0.9999999995494934
0.9999999995375115
0.9999999995264628
0.9999999995163755
0.9999999995072768
0.9999999994991912
0.9999999994921420
0.9999999994861503
0.9999999994812326
0.9999999994774055
0.9999999994746812
0.9999999994730702
0.9999999994725794
0.9999999994732129
0.9999999994749738
0.9999999994778624
0.9999999994818770
0.9999999994870128
0.9999999994932636
0.9999999995006195
0.9999999995090667
0.9999999995185892
0.9999999995291684
0.9999999995407834
0.9999999995534108
0.9999999995670241
0.9999999995815948
0.9999999995970933
0.9999999996134876
0.9999999996307449
0.9999999996488299
0.9999999996677057
0.9999999996873338
0.9999999997076725
0.9999999997286787
0.9999999997503067
0.9999999997725084
0.9999999997952351
0.9999999998184382
0.9999999998420676
0.9999999998660715
0.9999999998903970
0.9999999999149921
0.9999999999398023
0.9999999999647730
0.9999999999898503
1.0000000000149796
1.0000000000401057
1.0000000000651741
1.0000000000901299
1.0000000001149181
1.0000000001394851
1.0000000001637783
1.0000000001877449
1.0000000002113338
1.0000000002344944
1.0000000002571765
1.0000000002793312
1.0000000003009113
1.0000000003218703
1.0000000003421634
1.0000000003617464
1.0000000003805776
1.0000000003986160
1.0000000004158227
1.0000000004321596
1.0000000004475926
1.0000000004620893
1.0000000004756193
1.0000000004881548
1.0000000004996710
1.0000000005101455
1.0000000005195591
1.0000000005278946
1.0000000005351366
1.0000000005412715
1.0000000005462895
1.0000000005501826
1.0000000005529448
1.0000000005545731
1.0000000005550669
1.0000000005544294
1.0000000005526655
1.0000000005497824
1.0000000005457885
1.0000000005406968
1.0000000005345224
