1.0000026945237552
1.0000026613495678
1.0000026218838918
1.0000025762220675
1.0000025244742043
1.0000024667649163
1.0000024032330250
1.0000023340312254
1.0000022593257205
1.0000021792958242
1.0000020941335321
1.0000020040430611
1.0000019092403618
1.0000018099526029
1.0000017064176274
1.0000015988833844
1.0000014876073344
1.0000013728558343
1.0000012549034998
1.0000011340325499
1.0000010105321315
1.0000008846976309
1.0000007568299645
1.0000006272348583
1.0000004962221181
1.0000003641048900
1.0000002311989125
1.0000000978217602
0.9999999642920856
0.9999998309288590
0.9999996980506052
0.9999995659746402
0.9999994350163167
0.9999993054882652
0.9999991776996500
0.9999990519554295
0.9999989285556291
0.9999988077946226
0.9999986899604310
0.9999985753340331
0.9999984641886948
0.9999983567893160
0.9999982533917980
0.9999981542424301
0.9999980595773044
0.9999979696217504
0.9999978845897974
0.9999978046836641
0.9999977300932741
0.9999976609958049
0.9999975975552641
0.9999975399220968
0.9999974882328277
0.9999974426097350
0.9999974031605593
0.9999973699782457
0.9999973431407249
0.9999973227107254
0.9999973087356266
0.9999973012473446
0.9999973002622559
0.9999973057811610
0.9999973177892829
0.9999973362563040
0.9999973611364398
0.9999973923685469
0.9999974298762724
0.9999974735682350
0.9999975233382475
0.9999975790655712
0.9999976406152049
0.9999977078382087
0.9999977805720617
0.9999978586410502
0.9999979418566894
0.9999980300181739
0.9999981229128607
0.9999982203167785
0.9999983219951637
0.9999984277030245
0.9999985371857258
0.9999986501795991
0.9999987664125745
0.9999988856048307
0.9999990074694672
0.9999991317131908
0.9999992580370175
0.9999993861369890
0.9999995157048996
0.9999996464290342
0.9999997779949128
0.9999999100860464
1.0000000423846938
1.0000001745726232
1.0000003063318750
1.0000004373455211
1.0000005672984238
1.0000006958779895
1.0000008227749173
1.0000009476839411
1.0000010703045581
1.0000011903417501
1.0000013075066894
1.0000014215174307
1.0000015320995859
1.0000016389869808
1.0000017419222922
1.0000018406576638
1.0000019349553004
1.0000020245880386
1.0000021093398894
1.0000021890065569
1.0000022633959245
1.0000023323285168
1.0000023956379294
1.0000024531712284
1.0000025047893164
1.0000025503672680
1.0000025897946270
1.0000026229756709
1.0000026498296410
1.0000026702909370
1.0000026843092740
1.0000026918498051
1.0000026928932029
1.0000026874357080
1.0000026754891380
1.0000026570808613
1.0000026322537319
1.0000026010659877
1.0000025635911116
1.0000025199176563
1.0000024701490342
1.0000024144032700
1.0000023528127182
1.0000022855237478
1.0000022126963946
1.0000021345039771
1.0000020511326844
1.0000019627811310
1.0000018696598825
1.0000017719909511
1.0000016700072676
1.0000015639521249
1.0000014540785953
1.0000013406489263
1.0000012239339133
1.0000011042122543
1.0000009817698823
1.0000008568992820
1.0000007298987912
1.0000006010718872
1.0000004707264636
1.0000003391740933
1.0000002067292824
1.0000000737087198
0.9999999404305184
0.9999998072134568
0.9999996743762162
0.9999995422366177
0.9999994111108631
0.9999992813127799
0.9999991531530695
0.9999990269385646
0.9999989029714949
0.9999987815487650
0.9999986629612448
0.9999985474930730
0.9999984354209785
0.9999983270136190
0.9999982225309367
0.9999981222235372
0.9999980263320891
0.9999979350867483
0.9999978487066068
0.9999977673991697
0.9999976913598579
0.9999976207715396
0.9999975558040940
0.9999974966140038
0.9999974433439799
0.9999973961226215
0.9999973550641065
0.9999973202679174
0.9999972918186028
0.9999972697855745
0.9999972542229415
0.9999972451693789
0.9999972426480348
0.9999972466664748
0.9999972572166634
0.9999972742749805
0.9999972978022784
0.9999973277439728
0.9999973640301740
0.9999974065758508
0.9999974552810347
0.9999975100310557
0.9999975706968183
0.9999976371351077
0.9999977091889307
0.9999977866878915
0.9999978694485948
0.9999979572750853
0.9999980499593153
0.9999981472816389
0.9999982490113392
0.9999983549071758
0.9999984647179621
0.9999985781831641
0.9999986950335208
0.9999988149916880
0.9999989377728995
0.9999990630856467
0.9999991906323740
0.9999993201101897
0.9999994512115888
0.9999995836251865
0.9999997170364602
0.9999998511285016
0.9999999855827736
1.0000001200798694
1.0000002543002733
1.0000003879251267
1.0000005206369877
1.0000006521205875
1.0000007820635834
1.0000009101573040
1.0000010360974867
1.0000011595850049
1.0000012803265803
1.0000013980354827
1.0000015124322155
1.0000016232451823
1.0000017302113353
1.0000018330768019
1.0000019315974882
1.0000020255396644
1.0000021146805218
1.0000021988087042
1.0000022777248123
1.0000023512418810
1.0000024191858217
1.0000024813958406
1.0000025377248212
1.0000025880396746
1.0000026322216573
1.0000026701666531
1.0000027017854216
1.0000027270038108
1.0000027457629324
1.0000027580193027
1.0000027637449451
1.0000027629274559
1.0000027555700330
1.0000027416914696
1.0000027213261076
1.0000026945237552
1.0000026613495678
1.0000026218838918
1.0000025762220675
