1.0000000000373974
1.0000000000373381
1.0000000000372198
1.0000000000370428
1.0000000000368063
1.0000000000365106
1.0000000000361557
1.0000000000357419
1.0000000000352707
1.0000000000347447
1.0000000000341656
1.0000000000335352
1.0000000000328546
1.0000000000321245
1.0000000000313467
1.0000000000305229
1.0000000000296563
1.0000000000287499
1.0000000000278060
1.0000000000268277
1.0000000000258173
1.0000000000247793
1.0000000000237166
1.0000000000226312
1.0000000000215252
1.0000000000204008
1.0000000000192604
1.0000000000181082
1.0000000000169464
1.0000000000157785
1.0000000000146092
1.0000000000134421
1.0000000000122795
1.0000000000111235
1.0000000000099774
1.0000000000088431
1.0000000000077236
1.0000000000066207
1.0000000000055371
1.0000000000044758
1.0000000000034379
1.0000000000024252
1.0000000000014384
1.0000000000004801
0.9999999999995527
0.9999999999986581
0.9999999999977974
0.9999999999969722
0.9999999999961832
0.9999999999954313
0.9999999999947186
0.9999999999940462
0.9999999999934146
0.9999999999928260
0.9999999999922807
0.9999999999917798
0.9999999999913241
0.9999999999909137
0.9999999999905503
0.9999999999902343
0.9999999999899659
0.9999999999897456
0.9999999999895718
0.9999999999894440
0.9999999999893617
0.9999999999893240
0.9999999999893298
0.9999999999893787
0.9999999999894700
0.9999999999896023
0.9999999999897755
0.9999999999899882
0.9999999999902395
0.9999999999905282
0.9999999999908533
0.9999999999912127
0.9999999999916059
0.9999999999920314
0.9999999999924875
0.9999999999929724
0.9999999999934842
0.9999999999940206
0.9999999999945800
0.9999999999951601
0.9999999999957583
0.9999999999963717
0.9999999999969984
0.9999999999976368
0.9999999999982858
0.9999999999989443
0.9999999999996101
1.0000000000002807
1.0000000000009535
1.0000000000016256
1.0000000000022944
1.0000000000029574
1.0000000000036127
1.0000000000042568
1.0000000000048868
1.0000000000054996
1.0000000000060951
1.0000000000066720
1.0000000000072287
1.0000000000077636
1.0000000000082747
1.0000000000087608
1.0000000000092197
1.0000000000096505
1.0000000000100511
1.0000000000104197
1.0000000000107556
1.0000000000110580
1.0000000000113263
1.0000000000115590
1.0000000000117548
1.0000000000119127
1.0000000000120328
1.0000000000121136
1.0000000000121552
1.0000000000121565
1.0000000000121163
1.0000000000120350
1.0000000000119120
1.0000000000117482
1.0000000000115439
1.0000000000113003
1.0000000000110170
1.0000000000106948
1.0000000000103348
1.0000000000099369
1.0000000000095011
1.0000000000090270
1.0000000000085156
1.0000000000079676
1.0000000000073843
1.0000000000067659
1.0000000000061127
1.0000000000054254
1.0000000000047053
1.0000000000039548
1.0000000000031750
1.0000000000023690
1.0000000000015390
1.0000000000006866
0.9999999999998140
0.9999999999989230
0.9999999999980150
0.9999999999970924
0.9999999999961574
0.9999999999952114
0.9999999999942570
0.9999999999932975
0.9999999999923357
0.9999999999913740
0.9999999999904160
0.9999999999894638
0.9999999999885189
0.9999999999875835
0.9999999999866600
0.9999999999857496
0.9999999999848534
0.9999999999839730
0.9999999999831088
0.9999999999822643
0.9999999999814418
0.9999999999806439
0.9999999999798733
0.9999999999791322
0.9999999999784223
0.9999999999777452
0.9999999999771029
0.9999999999764959
0.9999999999759250
0.9999999999753910
0.9999999999748955
0.9999999999744403
0.9999999999740273
0.9999999999736583
0.9999999999733338
0.9999999999730554
0.9999999999728256
0.9999999999726464
0.9999999999725202
0.9999999999724485
0.9999999999724319
0.9999999999724702
0.9999999999725633
0.9999999999727102
0.9999999999729097
0.9999999999731609
0.9999999999734636
0.9999999999738186
0.9999999999742272
0.9999999999746900
0.9999999999752064
0.9999999999757745
0.9999999999763937
0.9999999999770628
0.9999999999777820
0.9999999999785506
0.9999999999793676
0.9999999999802311
0.9999999999811404
0.9999999999820945
0.9999999999830915
0.9999999999841307
0.9999999999852103
0.9999999999863276
0.9999999999874810
0.9999999999886693
0.9999999999898905
0.9999999999911434
0.9999999999924258
0.9999999999937361
0.9999999999950722
0.9999999999964312
0.9999999999978095
0.9999999999992032
1.0000000000006088
1.0000000000020235
1.0000000000034444
1.0000000000048690
1.0000000000062952
1.0000000000077198
1.0000000000091409
1.0000000000105549
1.0000000000119602
1.0000000000133535
1.0000000000147320
1.0000000000160929
1.0000000000174329
1.0000000000187488
1.0000000000200377
1.0000000000212970
1.0000000000225238
1.0000000000237166
1.0000000000248732
1.0000000000259917
1.0000000000270695
1.0000000000281040
1.0000000000290918
1.0000000000300318
1.0000000000309224
1.0000000000317619
1.0000000000325497
1.0000000000332840
1.0000000000339626
1.0000000000345834
1.0000000000351452
1.0000000000356462
1.0000000000360849
1.0000000000364613
1.0000000000367750
1.0000000000370255
1.0000000000372116
1.0000000000373346
1.0000000000373963
1.0000000000373974
1.0000000000373381
1.0000000000372198
1.0000000000370428
