1.0000105799258932
1.0000104481853749
1.0000102916483782
1.0000101106916213
1.0000099057500849
1.0000096773159710
1.0000094259375247
1.0000091522177224
1.0000088568128289
1.0000085404308290
1.0000082038297340
1.0000078478157690
1.0000074732414457
1.0000070810035224
1.0000066720408614
1.0000062473321814
1.0000058078937204
1.0000053547768055
1.0000048890653384
1.0000044118732061
1.0000039243416168
1.0000034276363725
1.0000029229450826
1.0000024114743242
1.0000018944467588
1.0000013730982085
1.0000008486747052
1.0000003224295098
0.9999997956201165
0.9999992695052486
0.9999987453418481
0.9999982243820721
0.9999977078702993
0.9999971970401580
0.9999966931115775
0.9999961972878725
0.9999957107528673
0.9999952346680668
0.9999947701698795
0.9999943183669018
0.9999938803372678
0.9999934571260749
0.9999930497428866
0.9999926591593196
0.9999922863067228
0.9999919320739518
0.9999915973052447
0.9999912827982064
0.9999909893019028
0.9999907175150724
0.9999904680844571
0.9999902416032560
0.9999900386097094
0.9999898595858147
0.9999897049561771
0.9999895750869962
0.9999894702851898
0.9999893907976655
0.9999893368107302
0.9999893084496482
0.9999893057783439
0.9999893287992510
0.9999893774533078
0.9999894516201019
0.9999895511181620
0.9999896757053931
0.9999898250796591
0.9999899988795055
0.9999901966850271
0.9999904180188740
0.9999906623473955
0.9999909290819190
0.9999912175801607
0.9999915271477637
0.9999918570399617
0.9999922064633613
0.9999925745778414
0.9999929604985650
0.9999933632980976
0.9999937820086282
0.9999942156242858
0.9999946631035443
0.9999951233717175
0.9999955953235312
0.9999960778257713
0.9999965697199914
0.9999970698252880
0.9999975769411249
0.9999980898502074
0.9999986073213946
0.9999991281126460
0.9999996509739928
1.0000001746505278
1.0000006978854092
1.0000012194228696
1.0000017380112187
1.0000022524058412
1.0000027613721705
1.0000032636886453
1.0000037581496311
1.0000042435683065
1.0000047187795025
1.0000051826424894
1.0000056340437056
1.0000060718994237
1.0000064951583436
1.0000069028041085
1.0000072938577353
1.0000076673799574
1.0000080224734731
1.0000083582850925
1.0000086740077798
1.0000089688825831
1.0000092422004512
1.0000094933039330
1.0000097215887487
1.0000099265052367
1.0000101075596708
1.0000102643154443
1.0000103963941116
1.0000105034762974
1.0000105853024615
1.0000106416735208
1.0000106724513294
1.0000106775590070
1.0000106569811278
1.0000106107637574
1.0000105390143454
1.0000104419014699
1.0000103196544390
1.0000101725627399
1.0000100009753528
1.0000098052999160
1.0000095860017544
1.0000093436027677
1.0000090786801861
1.0000087918651901
1.0000084838414047
1.0000081553432658
1.0000078071542660
1.0000074401050829
1.0000070550715958
1.0000066529727931
1.0000062347685768
1.0000058014574682
1.0000053540742231
1.0000048936873585
1.0000044213965988
1.0000039383302493
1.0000034456424975
1.0000029445106546
1.0000024361323434
1.0000019217226348
1.0000014025111448
1.0000008797390942
1.0000003546563423
0.9999998285183986
0.9999993025834215
0.9999987781092115
0.9999982563502043
0.9999977385544710
0.9999972259607337
0.9999967197954032
0.9999962212696486
0.9999957315765011
0.9999952518879998
0.9999947833523884
0.9999943270913723
0.9999938841974331
0.9999934557312181
0.9999930427190011
0.9999926461502292
0.9999922669751550
0.9999919061025653
0.9999915643976051
0.9999912426797091
0.9999909417206407
0.9999906622426453
0.9999904049167220
0.9999901703610174
0.9999899591393477
0.9999897717598449
0.9999896086737432
0.9999894702742954
0.9999893568958337
0.9999892688129660
0.9999892062399196
0.9999891693300246
0.9999891581753468
0.9999891728064652
0.9999892131923951
0.9999892792406599
0.9999893707975110
0.9999894876482929
0.9999896295179524
0.9999897960716948
0.9999899869157813
0.9999902015984683
0.9999904396110848
0.9999907003892452
0.9999909833141957
0.9999912877142910
0.9999916128665978
0.9999919579986190
0.9999923222901409
0.9999927048751887
0.9999931048440943
0.9999935212456693
0.9999939530894753
0.9999943993481879
0.9999948589600502
0.9999953308314079
0.9999958138393205
0.9999963068342439
0.9999968086427758
0.9999973180704569
0.9999978339046227
0.9999983549173006
0.9999988798681411
0.9999994075073808
0.9999999365788259
1.0000004658228523
1.0000009939794134
1.0000015197910495
1.0000020420058908
1.0000025593806472
1.0000030706835756
1.0000035746974236
1.0000040702223347
1.0000045560787130
1.0000050311100390
1.0000054941856318
1.0000059442033489
1.0000063800922181
1.0000068008149940
1.0000072053706335
1.0000075927966861
1.0000079621715916
1.0000083126168811
1.0000086432992719
1.0000089534326575
1.0000092422799847
1.0000095091550112
1.0000097534239438
1.0000099745069506
1.0000101718795438
1.0000103450738300
1.0000104936796284
1.0000106173454479
1.0000107157793248
1.0000107887495178
1.0000108360850608
1.0000108576761688
1.0000108534744994
1.0000108234932650
1.0000107678071994
1.0000106865523783
1.0000105799258932
1.0000104481853749
1.0000102916483782
1.0000101106916213
