1.0000000024933944
1.0000000024703855
1.0000000024420432
1.0000000024084428
1.0000000023696718
1.0000000023258300
1.0000000022770299
1.0000000022233957
1.0000000021650632
1.0000000021021778
1.0000000020348949
1.0000000019633815
1.0000000018878132
1.0000000018083757
1.0000000017252628
1.0000000016386772
1.0000000015488286
1.0000000014559334
1.0000000013602148
1.0000000012619030
1.0000000011612347
1.0000000010584511
1.0000000009537995
1.0000000008475314
1.0000000007399026
1.0000000006311713
1.0000000005215977
1.0000000004114422
1.0000000003009655
1.0000000001904294
1.0000000000800950
0.9999999999702229
0.9999999998610726
0.9999999997529027
0.9999999996459680
0.9999999995405203
0.9999999994368077
0.9999999993350729
0.9999999992355540
0.9999999991384826
0.9999999990440850
0.9999999989525803
0.9999999988641797
0.9999999987790867
0.9999999986974963
0.9999999986195963
0.9999999985455643
0.9999999984755690
0.9999999984097695
0.9999999983483133
0.9999999982913381
0.9999999982389709
0.9999999981913277
0.9999999981485123
0.9999999981106162
0.9999999980777189
0.9999999980498865
0.9999999980271740
0.9999999980096238
0.9999999979972660
0.9999999979901181
0.9999999979881852
0.9999999979914597
0.9999999979999212
0.9999999980135376
0.9999999980322630
0.9999999980560393
0.9999999980847953
0.9999999981184489
0.9999999981569059
0.9999999982000606
0.9999999982477955
0.9999999982999811
0.9999999983564776
0.9999999984171356
0.9999999984817939
0.9999999985502823
0.9999999986224219
0.9999999986980245
0.9999999987768929
0.9999999988588230
0.9999999989436031
0.9999999990310157
0.9999999991208368
0.9999999992128353
0.9999999993067752
0.9999999994024152
0.9999999994995108
0.9999999995978145
0.9999999996970744
0.9999999997970371
0.9999999998974471
0.9999999999980483
1.0000000000985851
1.0000000001988012
1.0000000002984417
1.0000000003972522
1.0000000004949812
1.0000000005913798
1.0000000006862013
1.0000000007792031
1.0000000008701475
1.0000000009588017
1.0000000010449388
1.0000000011283383
1.0000000012087855
1.0000000012860732
1.0000000013600023
1.0000000014303814
1.0000000014970294
1.0000000015597721
1.0000000016184460
1.0000000016728972
1.0000000017229824
1.0000000017685704
1.0000000018095410
1.0000000018457844
1.0000000018772008
1.0000000019037030
1.0000000019252151
1.0000000019416737
1.0000000019530280
1.0000000019592394
1.0000000019602830
1.0000000019561466
1.0000000019468305
1.0000000019323469
1.0000000019127222
1.0000000018879938
1.0000000018582116
1.0000000018234370
1.0000000017837458
1.0000000017392259
1.0000000016899759
1.0000000016361072
1.0000000015777404
1.0000000015150079
1.0000000014480535
1.0000000013770312
1.0000000013021064
1.0000000012234533
1.0000000011412558
1.0000000010557064
1.0000000009670063
1.0000000008753633
1.0000000007809928
1.0000000006841183
1.0000000005849696
1.0000000004837821
1.0000000003807967
1.0000000002762590
1.0000000001704179
1.0000000000635267
0.9999999999558399
0.9999999998476142
0.9999999997391074
0.9999999996305804
0.9999999995222949
0.9999999994145118
0.9999999993074906
0.9999999992014893
0.9999999990967644
0.9999999989935697
0.9999999988921566
0.9999999987927728
0.9999999986956618
0.9999999986010603
0.9999999985091992
0.9999999984203041
0.9999999983345933
0.9999999982522784
0.9999999981735623
0.9999999980986404
0.9999999980276996
0.9999999979609174
0.9999999978984609
0.9999999978404884
0.9999999977871477
0.9999999977385760
0.9999999976948994
0.9999999976562318
0.9999999976226767
0.9999999975943253
0.9999999975712567
0.9999999975535363
0.9999999975412180
0.9999999975343428
0.9999999975329386
0.9999999975370197
0.9999999975465873
0.9999999975616300
0.9999999975821253
0.9999999976080378
0.9999999976393205
0.9999999976759129
0.9999999977177414
0.9999999977647201
0.9999999978167515
0.9999999978737252
0.9999999979355190
0.9999999980019993
0.9999999980730213
0.9999999981484290
0.9999999982280574
0.9999999983117309
0.9999999983992649
0.9999999984904672
0.9999999985851353
0.9999999986830589
0.9999999987840203
0.9999999988877939
0.9999999989941465
0.9999999991028394
0.9999999992136289
0.9999999993262667
0.9999999994404993
0.9999999995560691
0.9999999996727152
0.9999999997901735
0.9999999999081794
1.0000000000264682
1.0000000001447731
1.0000000002628269
1.0000000003803631
1.0000000004971163
1.0000000006128236
1.0000000007272243
1.0000000008400616
1.0000000009510823
1.0000000010600369
1.0000000011666808
1.0000000012707739
1.0000000013720831
1.0000000014703805
1.0000000015654444
1.0000000016570614
1.0000000017450270
1.0000000018291446
1.0000000019092274
1.0000000019850990
1.0000000020565920
1.0000000021235480
1.0000000021858186
1.0000000022432685
1.0000000022957711
1.0000000023432134
1.0000000023854945
1.0000000024225237
1.0000000024542248
1.0000000024805338
1.0000000025013998
1.0000000025167841
1.0000000025266602
1.0000000025310150
1.0000000025298477
1.0000000025231701
1.0000000025110063
1.0000000024933944
1.0000000024703855
1.0000000024420432
1.0000000024084428
