1.0000006928870704
1.0000006845044636
1.0000006745133370
1.0000006629379716
1.0000006498064173
1.0000006351504254
1.0000006190053736
1.0000006014101821
1.0000005824072200
1.0000005620422030
1.0000005403640857
1.0000005174249438
1.0000004932798492
1.0000004679867378
1.0000004416062713
1.0000004142016916
1.0000003858386695
1.0000003565851479
1.0000003265111790
1.0000002956887577
1.0000002641916479
1.0000002320952068
1.0000001994762060
1.0000001664126463
1.0000001329835733
1.0000000992688867
1.0000000653491501
1.0000000313053958
0.9999999972189355
0.9999999631711632
0.9999999292433622
0.9999998955165087
0.9999998620710798
0.9999998289868611
0.9999997963427558
0.9999997642165958
0.9999997326849562
0.9999997018229743
0.9999996717041671
0.9999996424002576
0.9999996139810022
0.9999995865140243
0.9999995600646542
0.9999995346957714
0.9999995104676553
0.9999994874378422
0.9999994656609867
0.9999994451887322
0.9999994260695871
0.9999994083488100
0.9999993920682997
0.9999993772664976
0.9999993639782953
0.9999993522349525
0.9999993420640201
0.9999993334892761
0.9999993265306689
0.9999993212042690
0.9999993175222318
0.9999993154927702
0.9999993151201335
0.9999993164045977
0.9999993193424678
0.9999993239260830
0.9999993301438378
0.9999993379802096
0.9999993474157967
0.9999993584273634
0.9999993709878996
0.9999993850666826
0.9999994006293516
0.9999994176379905
0.9999994360512197
0.9999994558242941
0.9999994769092110
0.9999994992548248
0.9999995228069696
0.9999995475085894
0.9999995732998753
0.9999996001184093
0.9999996278993127
0.9999996565754036
0.9999996860773556
0.9999997163338644
0.9999997472718207
0.9999997788164856
0.9999998108916691
0.9999998434199125
0.9999998763226724
0.9999999095205100
0.9999999429332819
0.9999999764803302
1.0000000100806801
1.0000000436532286
1.0000000771169404
1.0000001103910425
1.0000001433952204
1.0000001760498087
1.0000002082759816
1.0000002399959413
1.0000002711331062
1.0000003016122920
1.0000003313598933
1.0000003603040595
1.0000003883748680
1.0000004155044915
1.0000004416273607
1.0000004666803197
1.0000004906027786
1.0000005133368599
1.0000005348275358
1.0000005550227595
1.0000005738735904
1.0000005913343122
1.0000006073625434
1.0000006219193371
1.0000006349692774
1.0000006464805618
1.0000006564250770
1.0000006647784683
1.0000006715201970
1.0000006766335914
1.0000006801058863
1.0000006819282523
1.0000006820958176
1.0000006806076818
1.0000006774669168
1.0000006726805610
1.0000006662596024
1.0000006582189540
1.0000006485774153
1.0000006373576273
1.0000006245860200
1.0000006102927499
1.0000005945116288
1.0000005772800435
1.0000005586388658
1.0000005386323541
1.0000005173080473
1.0000004947166528
1.0000004709119255
1.0000004459505381
1.0000004198919470
1.0000003927982510
1.0000003647340410
1.0000003357662464
1.0000003059639759
1.0000002753983512
1.0000002441423370
1.0000002122705680
1.0000001798591702
1.0000001469855795
1.0000001137283558
1.0000000801669966
1.0000000463817447
1.0000000124533972
0.9999999784631141
0.9999999444922220
0.9999999106220203
0.9999998769335853
0.9999998435075783
0.9999998104240519
0.9999997777622599
0.9999997456004663
0.9999997140157595
0.9999996830838667
0.9999996528789725
0.9999996234735425
0.9999995949381494
0.9999995673413037
0.9999995407492892
0.9999995152260068
0.9999994908328202
0.9999994676284092
0.9999994456686284
0.9999994250063761
0.9999994056914633
0.9999993877704965
0.9999993712867665
0.9999993562801440
0.9999993427869831
0.9999993308400356
0.9999993204683716
0.9999993116973104
0.9999993045483593
0.9999992990391618
0.9999992951834556
0.9999992929910397
0.9999992924677511
0.9999992936154500
0.9999992964320147
0.9999993009113444
0.9999993070433751
0.9999993148141019
0.9999993242056134
0.9999993351961350
0.9999993477600796
0.9999993618681081
0.9999993774872001
0.9999993945807306
0.9999994131085579
0.9999994330271201
0.9999994542895390
0.9999994768457313
0.9999995006425271
0.9999995256237957
0.9999995517305822
0.9999995789012452
0.9999996070716045
0.9999996361750962
0.9999996661429278
0.9999996969042446
0.9999997283862978
0.9999997605146189
0.9999997932131963
0.9999998264046555
0.9999998600104454
0.9999998939510253
0.9999999281460524
0.9999999625145749
0.9999999969752257
1.0000000314464166
1.0000000658465327
1.0000001000941268
1.0000001341081122
1.0000001678079573
1.0000002011138782
1.0000002339470286
1.0000002662296879
1.0000002978854450
1.0000003288393826
1.0000003590182533
1.0000003883506567
1.0000004167672094
1.0000004442007093
1.0000004705862966
1.0000004958616062
1.0000005199669191
1.0000005428453056
1.0000005644427596
1.0000005847083269
1.0000006035942257
1.0000006210559622
1.0000006370524361
1.0000006515460367
1.0000006645027337
1.0000006758921591
1.0000006856876780
1.0000006938664519
1.0000007004094942
1.0000007053017157
1.0000007085319578
1.0000007100930199
1.0000007099816781
1.0000007081986915
1.0000007047487987
1.0000006996407063
1.0000006928870704
1.0000006845044636
1.0000006745133370
1.0000006629379716
