1.0000263896710531
1.0000260593560641
1.0000256670836964
1.0000252137962777
1.0000247005817675
1.0000241286711549
1.0000234994355142
1.0000228143827279
1.0000220751538815
1.0000212835193403
1.0000204413745151
1.0000195507353340
1.0000186137334219
1.0000176326110057
1.0000166097155532
1.0000155474941657
1.0000144484877271
1.0000133153248323
1.0000121507155029
1.0000109574447105
1.0000097383657198
1.0000084963932701
1.0000072344966089
1.0000059556923948
1.0000046630374870
1.0000033596216398
1.0000020485601178
1.0000007329862506
0.9999994160439420
0.9999981008801543
0.9999967906373894
0.9999954884461770
0.9999941974175909
0.9999929206358147
0.9999916611507674
0.9999904219708148
0.9999892060555785
0.9999880163088604
0.9999868555717035
0.9999857266155997
0.9999846321358659
0.9999835747452032
0.9999825569674492
0.9999815812315460
0.9999806498657365
0.9999797650919973
0.9999789290207304
0.9999781436457199
0.9999774108393655
0.9999767323482078
0.9999761097887533
0.9999755446436132
0.9999750382579622
0.9999745918363255
0.9999742064397031
0.9999738829830335
0.9999736222330086
0.9999734248062458
0.9999732911678165
0.9999732216301384
0.9999732163522330
0.9999732753393485
0.9999733984429520
0.9999735853610903
0.9999738356391161
0.9999741486707792
0.9999745236996801
0.9999749598210856
0.9999754559840980
0.9999760109941722
0.9999766235159776
0.9999772920765972
0.9999780150690537
0.9999787907561579
0.9999796172746702
0.9999804926397597
0.9999814147497574
0.9999823813911858
0.9999833902440579
0.9999844388874309
0.9999855248052000
0.9999866453921198
0.9999877979600392
0.9999889797443346
0.9999901879105253
0.9999914195610570
0.9999926717422345
0.9999939414512895
0.9999952256435646
0.9999965212397977
0.9999978251334883
0.9999991341983316
1.0000004452956968
1.0000017552821345
1.0000030610168988
1.0000043593694579
1.0000056472269820
1.0000069215017915
1.0000081791387414
1.0000094171225289
1.0000106324849058
1.0000118223117775
1.0000129837501734
1.0000141140150693
1.0000152103960491
1.0000162702637865
1.0000172910763347
1.0000182703852087
1.0000192058412367
1.0000200952001821
1.0000209363281098
1.0000217272064895
1.0000224659370234
1.0000231507461868
1.0000237799894700
1.0000243521553145
1.0000248658687281
1.0000253198945754
1.0000257131405308
1.0000260446596942
1.0000263136528567
1.0000265194704159
1.0000266616139313
1.0000267397373190
1.0000267536476810
1.0000267033057708
1.0000265888260915
1.0000264104766232
1.0000261686781877
1.0000258640034465
1.0000254971755351
1.0000250690663393
1.0000245806944155
1.0000240332225585
1.0000234279550273
1.0000227663344303
1.0000220499382813
1.0000212804752315
1.0000204597809914
1.0000195898139441
1.0000186726504703
1.0000177104799857
1.0000167055997129
1.0000156604091961
1.0000145774045655
1.0000134591725727
1.0000123083844115
1.0000111277893367
1.0000099202080919
1.0000086885261730
1.0000074356869304
1.0000061646845364
1.0000048785568274
1.0000035803780438
1.0000022732514831
1.0000009603020807
0.9999996446689423
0.9999983294978390
0.9999970179336874
0.9999957131130319
0.9999944181565448
0.9999931361615673
0.9999918701947018
0.9999906232844805
0.9999893984141238
0.9999881985144046
0.9999870264566414
0.9999858850458322
0.9999847770139467
0.9999837050133907
0.9999826716106609
0.9999816792802074
0.9999807303985132
0.9999798272384086
0.9999789719636346
0.9999781666236681
0.9999774131488158
0.9999767133455969
0.9999760688924180
0.9999754813355564
0.9999749520854589
0.9999744824133666
0.9999740734482694
0.9999737261742034
0.9999734414278949
0.9999732198967535
0.9999730621172227
0.9999729684734948
0.9999729391965878
0.9999729743637896
0.9999730738984676
0.9999732375702480
0.9999734649955629
0.9999737556385614
0.9999741088123882
0.9999745236808210
0.9999749992602648
0.9999755344220976
0.9999761278953667
0.9999767782698241
0.9999774839992922
0.9999782434053576
0.9999790546813793
0.9999799158968024
0.9999808250017712
0.9999817798320249
0.9999827781140685
0.9999838174706027
0.9999848954262023
0.9999860094132312
0.9999871567779769
0.9999883347869882
0.9999895406336063
0.9999907714446692
0.9999920242873759
0.9999932961762936
0.9999945840804881
0.9999958849307637
0.9999971956269957
0.9999985130455368
0.9999998340466786
1.0000011554821504
1.0000024742026388
1.0000037870653109
1.0000050909413212
1.0000063827232837
1.0000076593326936
1.0000089177272808
1.0000101549082747
1.0000113679275684
1.0000125538947546
1.0000137099840303
1.0000148334409453
1.0000159215889795
1.0000169718359335
1.0000179816801174
1.0000189487163229
1.0000198706415673
1.0000207452605911
1.0000215704910984
1.0000223443687271
1.0000230650517379
1.0000237308254101
1.0000243401061331
1.0000248914451884
1.0000253835322055
1.0000258151982868
1.0000261854187971
1.0000264933158070
1.0000267381601879
1.0000269193733493
1.0000270365286161
1.0000270893522445
1.0000270777240716
1.0000270016777995
1.0000268614009113
1.0000266572342207
1.0000263896710531
1.0000260593560641
1.0000256670836964
1.0000252137962777
