1.0000017768599663
1.0000017550835543
1.0000017291646039
1.0000016991658260
1.0000016651596528
1.0000016272280619
1.0000015854623818
1.0000015399630720
1.0000014908394836
1.0000014382095967
1.0000013821997389
1.0000013229442823
1.0000012605853217
1.0000011952723358
1.0000011271618292
1.0000010564169575
1.0000009832071373
1.0000009077076435
1.0000008300991861
1.0000007505674811
1.0000006693028058
1.0000005864995427
1.0000005023557146
1.0000004170725143
1.0000003308538199
1.0000002439057103
1.0000001564359713
1.0000000686535975
0.9999999807682939
0.9999998929899766
0.9999998055282693
0.9999997185920029
0.9999996323887163
0.9999995471241609
0.9999994630018086
0.9999993802223649
0.9999992989832888
0.9999992194783240
0.9999991418970333
0.9999990664243465
0.9999989932401184
0.9999989225186987
0.9999988544285183
0.9999987891316846
0.9999987267835958
0.9999986675325671
0.9999986115194791
0.9999985588774418
0.9999985097314751
0.9999984641982120
0.9999984223856198
0.9999983843927414
0.9999983503094599
0.9999983202162845
0.9999982941841581
0.9999982722742876
0.9999982545380008
0.9999982410166239
0.9999982317413818
0.9999982267333255
0.9999982260032809
0.9999982295518239
0.9999982373692798
0.9999982494357484
0.9999982657211500
0.9999982861852996
0.9999983107780037
0.9999983394391813
0.9999983720990074
0.9999984086780830
0.9999984490876215
0.9999984932296642
0.9999985409973148
0.9999985922749972
0.9999986469387312
0.9999987048564301
0.9999987658882177
0.9999988298867617
0.9999988966976298
0.9999989661596576
0.9999990381053355
0.9999991123612090
0.9999991887482961
0.9999992670825153
0.9999993471751246
0.9999994288331753
0.9999995118599728
0.9999995960555488
0.9999996812171406
0.9999997671396755
0.9999998536162632
0.9999999404386910
1.0000000273979206
1.0000001142845905
1.0000002008895170
1.0000002870041966
1.0000003724213031
1.0000004569351850
1.0000005403423586
1.0000006224419922
1.0000007030363907
1.0000007819314671
1.0000008589372071
1.0000009338681246
1.0000010065437053
1.0000010767888410
1.0000011444342474
1.0000012093168709
1.0000012712802779
1.0000013301750315
1.0000013858590471
1.0000014381979334
1.0000014870653142
1.0000015323431315
1.0000015739219288
1.0000016117011126
1.0000016455891940
1.0000016755040086
1.0000017013729137
1.0000017231329610
1.0000017407310502
1.0000017541240549
1.0000017632789262
1.0000017681727733
1.0000017687929172
1.0000017651369233
1.0000017572126074
1.0000017450380179
1.0000017286413929
1.0000017080610935
1.0000016833455110
1.0000016545529538
1.0000016217515073
1.0000015850188719
1.0000015444421759
1.0000015001177700
1.0000014521509959
1.0000014006559375
1.0000013457551460
1.0000012875793474
1.0000012262671321
1.0000011619646232
1.0000010948251268
1.0000010250087656
1.0000009526820977
1.0000008780177165
1.0000008011938397
1.0000007223938829
1.0000006418060217
1.0000005596227408
1.0000004760403773
1.0000003912586488
1.0000003054801776
1.0000002189100043
1.0000001317551004
1.0000000442238710
0.9999999565256581
0.9999998688702387
0.9999997814673240
0.9999996945260581
0.9999996082545181
0.9999995228592160
0.9999994385446062
0.9999993555125954
0.9999992739620603
0.9999991940883719
0.9999991160829276
0.9999990401326934
0.9999989664197564
0.9999988951208899
0.9999988264071317
0.9999987604433747
0.9999986973879713
0.9999986373923540
0.9999985806006716
0.9999985271494467
0.9999984771672489
0.9999984307743864
0.9999983880826178
0.9999983491948843
0.9999983142050635
0.9999982831977436
0.9999982562480232
0.9999982334213285
0.9999982147732567
0.9999982003494416
0.9999981901854454
0.9999981843066721
0.9999981827283082
0.9999981854552836
0.9999981924822602
0.9999982037936441
0.9999982193636218
0.9999982391562209
0.9999982631253963
0.9999982912151388
0.9999983233596078
0.9999983594832861
0.9999983995011622
0.9999984433189330
0.9999984908332267
0.9999985419318508
0.9999985964940589
0.9999986543908371
0.9999987154852136
0.9999987796325837
0.9999988466810559
0.9999989164718140
0.9999989888394960
0.9999990636125873
0.9999991406138302
0.9999992196606460
0.9999993005655712
0.9999993831367053
0.9999994671781702
0.9999995524905743
0.9999996388714892
0.9999997261159345
0.9999998140168640
0.9999999023656633
0.9999999909526448
1.0000000795675492
1.0000001680000465
1.0000002560402388
1.0000003434791607
1.0000004301092771
1.0000005157249789
1.0000006001230730
1.0000006831032673
1.0000007644686493
1.0000008440261561
1.0000009215870356
1.0000009969672947
1.0000010699881425
1.0000011404764124
1.0000012082649761
1.0000012731931418
1.0000013351070391
1.0000013938599854
1.0000014493128357
1.0000015013343155
1.0000015498013335
1.0000015945992733
1.0000016356222681
1.0000016727734515
1.0000017059651909
1.0000017351192936
1.0000017601671940
1.0000017810501181
1.0000017977192224
1.0000018101357091
1.0000018182709194
1.0000018221064020
1.0000018216339555
1.0000018168556466
1.0000018077838062
1.0000017944409982
1.0000017768599663
1.0000017550835543
1.0000017291646039
1.0000016991658260
