1.0000775994591293
1.0000766238648557
1.0000754658192901
1.0000741280995329
1.0000726139116154
1.0000709268828427
1.0000690710531297
1.0000670508653531
1.0000648711547400
1.0000625371373195
1.0000600543974656
1.0000574288745623
1.0000546668488173
1.0000517749262627
1.0000487600229779
1.0000456293485724
1.0000423903889657
1.0000390508885055
1.0000356188314694
1.0000321024229919
1.0000285100694633
1.0000248503584486
1.0000211320381707
1.0000173639966063
1.0000135552402509
1.0000097148725979
1.0000058520723836
1.0000019760716508
0.9999980961336837
0.9999942215308684
0.9999903615225317
0.9999865253328066
0.9999827221285820
0.9999789609975867
0.9999752509266630
0.9999716007802770
0.9999680192793243
0.9999645149802745
0.9999610962547122
0.9999577712693174
0.9999545479663309
0.9999514340445622
0.9999484369409750
0.9999455638128972
0.9999428215209010
0.9999402166123916
0.9999377553059474
0.9999354434764426
0.9999332866409933
0.9999312899457609
0.9999294581536424
0.9999277956328775
0.9999263063466001
0.9999249938433575
0.9999238612486249
0.9999229112573320
0.9999221461274196
0.9999215676744398
0.9999211772672221
0.9999209758246022
0.9999209638132324
0.9999211412464711
0.9999215076843621
0.9999220622346966
0.9999228035551615
0.9999237298565595
0.9999248389071026
0.9999261280377635
0.9999275941486765
0.9999292337165698
0.9999310428032074
0.9999330170648273
0.9999351517625473
0.9999374417737200
0.9999398816042037
0.9999424654015229
0.9999451869688876
0.9999480397800307
0.9999510169948380
0.9999541114757254
0.9999573158047294
0.9999606223012658
0.9999640230405171
0.9999675098724016
0.9999710744410816
0.9999747082049624
0.9999784024571323
0.9999821483461973
0.9999859368974628
0.9999897590344048
0.9999936056003854
0.9999974673805584
1.0000013351239103
1.0000051995653887
1.0000090514480602
1.0000128815452478
1.0000166806825952
1.0000204397600019
1.0000241497733848
1.0000278018362039
1.0000313872007061
1.0000348972788378
1.0000383236627715
1.0000416581450040
1.0000448927379733
1.0000480196931472
1.0000510315195410
1.0000539210016199
1.0000566812165401
1.0000593055506897
1.0000617877154907
1.0000641217624280
1.0000663020972611
1.0000683234933900
1.0000701811043420
1.0000718704753508
1.0000733875540022
1.0000747286999156
1.0000758906934450
1.0000768707433718
1.0000776664935762
1.0000782760286708
1.0000786978785798
1.0000789310220548
1.0000789748891210
1.0000788293624461
1.0000784947776271
1.0000779719223960
1.0000772620347480
1.0000763667999930
1.0000752883467390
1.0000740292418193
1.0000725924841702
1.0000709814976791
1.0000692001230171
1.0000672526084766
1.0000651435998340
1.0000628781292642
1.0000604616033320
1.0000578997900882
1.0000551988053046
1.0000523650978725
1.0000494054344085
1.0000463268830986
1.0000431367968232
1.0000398427955979
1.0000364527483785
1.0000329747542684
1.0000294171231741
1.0000257883559565
1.0000220971241229
1.0000183522491106
1.0000145626812125
1.0000107374781895
1.0000068857836277
1.0000030168050871
0.9999991397920928
0.9999952640140277
0.9999913987379744
0.9999875532065602
0.9999837366158623
0.9999799580934159
0.9999762266763916
0.9999725512899793
0.9999689407260436
0.9999654036220953
0.9999619484406280
0.9999585834488747
0.9999553166990259
0.9999521560089651
0.9999491089435619
0.9999461827965677
0.9999433845731600
0.9999407209731743
0.9999381983750674
0.9999358228206487
0.9999336000006133
0.9999315352409168
0.9999296334900235
0.9999278993070551
0.9999263368508703
0.9999249498701043
0.9999237416941873
0.9999227152253678
0.9999218729317553
0.9999212168414051
0.9999207485374556
0.9999204691543288
0.9999203793750066
0.9999204794293883
0.9999207690937287
0.9999212476911675
0.9999219140933373
0.9999227667230554
0.9999238035580895
0.9999250221359904
0.9999264195599764
0.9999279925058571
0.9999297372299812
0.9999316495781857
0.9999337249957290
0.9999359585381824
0.9999383448832551
0.9999408783435200
0.9999435528800136
0.9999463621166776
0.9999492993556078
0.9999523575930673
0.9999555295362333
0.9999588076206347
0.9999621840282401
0.9999656507061486
0.9999691993858418
0.9999728216029500
0.9999765087174881
0.9999802519345086
0.9999840423251206
0.9999878708478314
0.9999917283701535
0.9999956056904308
0.9999994935598256
1.0000033827044175
1.0000072638473616
1.0000111277310515
1.0000149651392345
1.0000187669190250
1.0000225240027676
1.0000262274296936
1.0000298683673206
1.0000334381325442
1.0000369282123722
1.0000403302842491
1.0000436362359262
1.0000468381848264
1.0000499284968636
1.0000528998046625
1.0000557450251426
1.0000584573764206
1.0000610303939954
1.0000634579461738
1.0000657342487016
1.0000678538785635
1.0000698117869189
1.0000716033111474
1.0000732241859682
1.0000746705536150
1.0000759389730332
1.0000770264280840
1.0000779303347371
1.0000786485472279
1.0000791793631723
1.0000795215276206
1.0000796742360440
1.0000796371362493
1.0000794103292125
1.0000789943688273
1.0000783902605770
1.0000775994591293
1.0000766238648557
1.0000754658192901
1.0000741280995329
