1.0000821483984226
1.0000811154174001
1.0000798892778535
1.0000784729199241
1.0000768697378577
1.0000750835718963
1.0000731186991088
1.0000709798231733
1.0000686720631449
1.0000662009412311
1.0000635723696063
1.0000607926362921
1.0000578683901415
1.0000548066249586
1.0000516146627991
1.0000483001364828
1.0000448709713636
1.0000413353664002
1.0000377017745714
1.0000339788826864
1.0000301755906347
1.0000263009901253
1.0000223643429624
1.0000183750589196
1.0000143426732557
1.0000102768239336
1.0000061872285886
1.0000020836613042
0.9999979759292519
0.9999938738492510
0.9999897872243029
0.9999857258201592
0.9999816993419761
0.9999777174111113
0.9999737895421233
0.9999699251200201
0.9999661333778176
0.9999624233744610
0.9999588039731604
0.9999552838201932
0.9999518713242250
0.9999485746361978
0.9999454016298351
0.9999423598828059
0.9999394566585964
0.9999366988891386
0.9999340931582258
0.9999316456857622
0.9999293623128839
0.9999272484879832
0.9999253092536751
0.9999235492347325
0.9999219726270245
0.9999205831874800
0.9999193842251024
0.9999183785930551
0.9999175686818376
0.9999169564135721
0.9999165432374107
0.9999163301260747
0.9999163175735354
0.9999165055938404
0.9999168937210879
0.9999174810105536
0.9999182660409616
0.9999192469178969
0.9999204212783529
0.9999217862963986
0.9999233386899551
0.9999250747286614
0.9999269902428155
0.9999290806333690
0.9999313408829457
0.9999337655678635
0.9999363488711268
0.9999390845963624
0.9999419661826590
0.9999449867202828
0.9999481389672249
0.9999514153665422
0.9999548080644508
0.9999583089291308
0.9999619095701938
0.9999656013587668
0.9999693754481469
0.9999732227949755
0.9999771341808797
0.9999811002345338
0.9999851114540815
0.9999891582298731
0.9999932308674533
0.9999973196107532
1.0000014146654279
1.0000055062222821
1.0000095844807313
1.0000136396722374
1.0000176620836714
1.0000216420805359
1.0000255701300020
1.0000294368236979
1.0000332329002015
1.0000369492671786
1.0000405770231140
1.0000441074785893
1.0000475321770481
1.0000508429150063
1.0000540317616564
1.0000570910778175
1.0000600135341893
1.0000627921288632
1.0000654202040531
1.0000678914620005
1.0000701999800214
1.0000723402246550
1.0000743070648854
1.0000760957843986
1.0000777020928506
1.0000791221361194
1.0000803525055115
1.0000813902459083
1.0000822328628265
1.0000828783283817
1.0000833250861378
1.0000835720548298
1.0000836186309503
1.0000834646902022
1.0000831105877996
1.0000825571576288
1.0000818057102643
1.0000808580298464
1.0000797163698341
1.0000783834476334
1.0000768624381178
1.0000751569660544
1.0000732710974589
1.0000712093298967
1.0000689765817523
1.0000665781804927
1.0000640198499575
1.0000613076966967
1.0000584481953962
1.0000554481734230
1.0000523147945275
1.0000490555417416
1.0000456781995135
1.0000421908351191
1.0000386017794021
1.0000349196068772
1.0000311531152499
1.0000273113044054
1.0000234033549076
1.0000194386060712
1.0000154265336454
1.0000113767271743
1.0000072988670814
1.0000032027015358
0.9999990980231538
0.9999949946455934
0.9999909023800949
0.9999868310120259
0.9999827902774856
0.9999787898400246
0.9999748392675356
0.9999709480093731
0.9999671253737524
0.9999633805054839
0.9999597223640985
0.9999561597024130
0.9999527010455888
0.9999493546707320
0.9999461285870858
0.9999430305168625
0.9999400678767610
0.9999372477602146
0.9999345769204093
0.9999320617541172
0.9999297082863809
0.9999275221560866
0.9999255086024591
0.9999236724525152
0.9999220181095021
0.9999205495423497
0.9999192702761606
0.9999181833837641
0.9999172914783510
0.9999165967072082
0.9999161007465704
0.9999158047975983
0.9999157095834929
0.9999158153477551
0.9999161218535939
0.9999166283844828
0.9999173337458654
0.9999182362680072
0.9999193338099812
0.9999206237647825
0.9999221030655610
0.9999237681929526
0.9999256151834934
0.9999276396390977
0.9999298367375749
0.9999322012441628
0.9999347275240441
0.9999374095558222
0.9999402409459226
0.9999432149438806
0.9999463244584877
0.9999495620747467
0.9999529200716040
0.9999563904404140
0.9999599649040877
0.9999636349368837
0.9999673917847898
0.9999712264864538
0.9999751298946059
0.9999790926979250
0.9999831054432942
0.9999871585583965
0.9999912423745916
0.9999953471500211
0.9999994630928897
1.0000035803848615
1.0000076892045173
1.0000117797508190
1.0000158422665242
1.0000198670614922
1.0000238445358294
1.0000277652028167
1.0000316197115646
1.0000353988693422
1.0000390936635279
1.0000426952831278
1.0000461951398112
1.0000495848884117
1.0000528564468469
1.0000560020154086
1.0000590140953769
1.0000618855069192
1.0000646094062180
1.0000671793018043
1.0000695890700417
1.0000718329697378
1.0000739056558383
1.0000758021921774
1.0000775180632513
1.0000790491849858
1.0000803919144750
1.0000815430586665
1.0000824998819746
1.0000832601127996
1.0000838219489399
1.0000841840618857
1.0000843455999795
1.0000843061904414
1.0000840659402510
1.0000836254358840
1.0000829857419056
1.0000821483984226
1.0000811154174001
1.0000798892778535
1.0000784729199241
