1.0180482915044577
1.0178242368071797
1.0175584269514211
1.0172514455898602
1.0169039676068856
1.0165167580286147
1.0160906707775530
1.0156266472702353
1.0151257148560882
1.0145889850956713
1.0140176518764425
1.0134129893641948
1.0127763497883697
1.0121091610595652
1.0114129242176926
1.0106892107094716
1.0099396594942018
1.0091659739770913
1.0083699187697939
1.0075533162782699
1.0067180431186034
1.0058660263619734
1.0049992396106391
1.0041196989074939
1.0032294584825314
1.0023306063403794
1.0014252596939579
1.0005155602502640
0.9996036693552700
0.9986917630059644
0.9977820267386297
0.9968766504035557
0.9959778228375054
0.9950877264463712
0.9942085317116020
0.9933423916350819
0.9924914361382462
0.9916577664322591
0.9908434493770866
0.9900505118482407
0.9892809351308135
0.9885366493612010
0.9878195280375667
0.9871313826206386
0.9864739572468398
0.9858489235760131
0.9852578757961153
0.9847023258072047
0.9841836986068173
0.9837033278984363
0.9832624519441817
0.9828622096820894
0.9825036371274117
0.9821876640762706
0.9819151111287072
0.9816866870467443
0.9815029864614760
0.9813644879414921
0.9812715524330776
0.9812244220806975
0.9812232194342237
0.9812679470472757
0.9813584874688825
0.9814946036285197
0.9816759396123971
0.9819020218267270
0.9821722605416033
0.9824859518070714
0.9828422797310269
0.9832403191067193
0.9836790383759125
0.9841573029121611
0.9846738786072090
0.9852274357422400
0.9858165531245873
0.9864397224695672
0.9870953530063462
0.9877817762861522
0.9884972511707497
0.9892399689788637
0.9900080587681691
0.9907995927305808
0.9916125916788278
0.9924450306026926
0.9932948442738470
0.9941599328788459
0.9950381676606259
0.9959273965496893
0.9968254497671040
0.9977301453824408
0.9986392948108211
0.9995507082343352
1.0004621999342123
1.0013715935212455
1.0022767270531083
1.0031754580283099
1.0040656682476492
1.0049452685350901
1.0058122033110257
1.0066644550118837
1.0075000483509815
1.0083170544164208
1.0091135946026593
1.0098878443731552
1.0106380368522081
1.0113624662447576
1.0120594910834841
1.0127275373030784
1.0133651011420044
1.0139707518724586
1.0145431343595648
1.0150809714511189
1.0155830661994019
1.0160483039167447
1.0164756540666311
1.0168641719921878
1.0172130004839199
1.0175213711885243
1.0177886058605468
1.0180141174585511
1.0181974110873320
1.0183380847875474
1.0184358301739662
1.0184904329233231
1.0185017731125519
1.0184698254079438
1.0183946591055388
1.0182764380228135
1.0181154202414839
1.0179119577010007
1.0176664956420778
1.0173795718993812
1.0170518160422752
1.0166839483623509
1.0162767787062732
1.0158312051523457
1.0153482125290756
1.0148288707739268
1.0142743331304127
1.0136858341816615
1.0130646877186242
1.0124122844411774
1.0117300894905021
1.0110196398113049
1.0102825413426828
1.0095204660367405
1.0087351487044087
1.0079283836883537
1.0071020213633333
1.0062579644649177
1.0053981642480994
1.0045246164779906
1.0036393572555593
1.0027444586821421
1.0018420243673549
1.0009341847859230
1.0000230924899278
0.9991109171839879
0.9981998406719352
0.9972920516846447
0.9963897405997855
0.9954950940653818
0.9946102895402118
0.9937374897651844
0.9928788371809512
0.9920364483080776
0.9912124081071282
0.9904087643369879
0.9896275219306541
0.9888706374085323
0.9881400133499886
0.9874374929445169
0.9867648546443466
0.9861238069406575
0.9855159832857536
0.9849429371835769
0.9844061374708056
0.9839069638104725
0.9834467024195440
0.9830265420512397
0.9826475702520266
0.9823107699121886
0.9820170161276844
0.9817670733896428
0.9815615931163257
0.9814011115407303
0.9812860479652175
0.9812167033926380
0.9811932595414414
0.9812157782501807
0.9812842012746862
0.9813983504790315
0.9815579284192331
0.9817625193164651
0.9820115904144432
0.9823044937135542
0.9826404680723057
0.9830186416647670
0.9834380347808798
0.9838975629548550
0.9843960404053468
0.9849321837697299
0.9855046161136075
0.9861118711956479
0.9867523979669864
0.9874245652837763
0.9881266668109613
0.9888569260950285
0.9896135017833708
0.9903944929678946
0.9911979446307100
0.9920218531700615
0.9928641719851220
0.9937228170988922
0.9945956727991351
0.9954805972780993
0.9963754282526811
0.9972779885476389
0.9981860916255071
0.9990975470479249
1.0000101658542069
1.0009217658441014
1.0018301767528068
1.0027332453074564
1.0036288401553788
1.0045148566555451
1.0053892215256566
1.0062498973383509
1.0070948868609686
1.0079222372342520
1.0087300439862019
1.0095164548781301
1.0102796735806858
1.0110179631783087
1.0117296495011900
1.0124131242843599
1.0130668481540090
1.0136893534415790
1.0142792468265129
1.0148352118088515
1.0153560110131110
1.0158404883250551
1.0162875708631105
1.0166962707862581
1.0170656869402621
1.0173950063440955
1.0176835055183746
1.0179305516575254
1.0181356036472946
1.0182982129290645
1.0184180242122665
1.0184947760359946
1.0185283011807094
1.0185185269306933
1.0184654751876931
1.0183692624359331
1.0182300995584512
1.0180482915044577
1.0178242368071797
1.0175584269514211
1.0172514455898602
