1.0000000013463404
1.0000000013348824
1.0000000013206041
1.0000000013035459
1.0000000012837549
1.0000000012612835
1.0000000012361896
1.0000000012085370
1.0000000011783958
1.0000000011458408
1.0000000011109529
1.0000000010738186
1.0000000010345298
1.0000000009931835
1.0000000009498817
1.0000000009047310
1.0000000008578414
1.0000000008093275
1.0000000007593071
1.0000000007079008
1.0000000006552328
1.0000000006014291
1.0000000005466188
1.0000000004909326
1.0000000004345044
1.0000000003774694
1.0000000003199643
1.0000000002621265
1.0000000002040941
1.0000000001460045
1.0000000000879949
1.0000000000302010
0.9999999999727580
0.9999999999158014
0.9999999998594640
0.9999999998038775
0.9999999997491722
0.9999999996954756
0.9999999996429126
0.9999999995916047
0.9999999995416703
0.9999999994932243
0.9999999994463779
0.9999999994012394
0.9999999993579117
0.9999999993164939
0.9999999992770795
0.9999999992397579
0.9999999992046135
0.9999999991717242
0.9999999991411630
0.9999999991129971
0.9999999990872874
0.9999999990640885
0.9999999990434494
0.9999999990254124
0.9999999990100147
0.9999999989972860
0.9999999989872489
0.9999999989799193
0.9999999989753053
0.9999999989734103
0.9999999989742309
0.9999999989777557
0.9999999989839667
0.9999999989928400
0.9999999990043459
0.9999999990184487
0.9999999990351073
0.9999999990542725
0.9999999990758897
0.9999999990998983
0.9999999991262312
0.9999999991548154
0.9999999991855730
0.9999999992184200
0.9999999992532677
0.9999999992900227
0.9999999993285871
0.9999999993688580
0.9999999994107295
0.9999999994540907
0.9999999994988262
0.9999999995448188
0.9999999995919480
0.9999999996400921
0.9999999996891267
0.9999999997389249
0.9999999997893573
0.9999999998402926
0.9999999998915994
0.9999999999431441
0.9999999999947928
1.0000000000464113
1.0000000000978655
1.0000000001490215
1.0000000001997467
1.0000000002499092
1.0000000002993801
1.0000000003480303
1.0000000003957334
1.0000000004423655
1.0000000004878054
1.0000000005319356
1.0000000005746417
1.0000000006158127
1.0000000006553422
1.0000000006931273
1.0000000007290690
1.0000000007630727
1.0000000007950480
1.0000000008249101
1.0000000008525782
1.0000000008779766
1.0000000009010350
1.0000000009216903
1.0000000009398844
1.0000000009555645
1.0000000009686862
1.0000000009792107
1.0000000009871053
1.0000000009923451
1.0000000009949106
1.0000000009947900
1.0000000009919772
1.0000000009864722
1.0000000009782812
1.0000000009674177
1.0000000009539025
1.0000000009377625
1.0000000009190302
1.0000000008977445
1.0000000008739509
1.0000000008477012
1.0000000008190537
1.0000000007880723
1.0000000007548266
1.0000000007193923
1.0000000006818506
1.0000000006422891
1.0000000006007999
1.0000000005574792
1.0000000005124277
1.0000000004657514
1.0000000004175604
1.0000000003679677
1.0000000003170906
1.0000000002650495
1.0000000002119662
1.0000000001579648
1.0000000001031744
1.0000000000477256
0.9999999999917507
0.9999999999353831
0.9999999998787574
0.9999999998220087
0.9999999997652743
0.9999999997086914
0.9999999996523958
0.9999999995965231
0.9999999995412076
0.9999999994865842
0.9999999994327872
0.9999999993799473
0.9999999993281935
0.9999999992776516
0.9999999992284455
0.9999999991806972
0.9999999991345252
0.9999999990900449
0.9999999990473667
0.9999999990065978
0.9999999989678401
0.9999999989311911
0.9999999988967437
0.9999999988645869
0.9999999988348023
0.9999999988074663
0.9999999987826494
0.9999999987604162
0.9999999987408261
0.9999999987239323
0.9999999987097823
0.9999999986984166
0.9999999986898701
0.9999999986841713
0.9999999986813412
0.9999999986813936
0.9999999986843362
0.9999999986901699
0.9999999986988891
0.9999999987104822
0.9999999987249313
0.9999999987422105
0.9999999987622871
0.9999999987851216
0.9999999988106680
0.9999999988388728
0.9999999988696765
0.9999999989030146
0.9999999989388171
0.9999999989770084
0.9999999990175066
0.9999999990602247
0.9999999991050704
0.9999999991519469
0.9999999992007519
0.9999999992513791
0.9999999993037163
0.9999999993576487
0.9999999994130576
0.9999999994698202
0.9999999995278119
0.9999999995869058
0.9999999996469712
0.9999999997078747
0.9999999997694818
0.9999999998316564
0.9999999998942597
0.9999999999571522
1.0000000000201932
1.0000000000832416
1.0000000001461575
1.0000000002087999
1.0000000002710301
1.0000000003327101
1.0000000003937026
1.0000000004538714
1.0000000005130834
1.0000000005712069
1.0000000006281122
1.0000000006836729
1.0000000007377656
1.0000000007902703
1.0000000008410714
1.0000000008900569
1.0000000009371195
1.0000000009821552
1.0000000010250658
1.0000000010657579
1.0000000011041432
1.0000000011401384
1.0000000011736661
1.0000000012046533
1.0000000012330343
1.0000000012587495
1.0000000012817456
1.0000000013019752
1.0000000013193966
1.0000000013339760
1.0000000013456847
1.0000000013545021
1.0000000013604136
1.0000000013634123
1.0000000013634955
1.0000000013606689
1.0000000013549444
1.0000000013463404
1.0000000013348824
1.0000000013206041
1.0000000013035459
